#T (K)    alpha (10^(-5) K^(-1))
#P= 0.000000 GPa
    0.0       0.0000000000000
  100.0       0.7076426496475
  200.0       1.4566318581487
  300.0       1.9830037873818
  400.0       2.2966978132788
  500.0       2.5077502471254
  600.0       2.6667205261612
  700.0       2.7998428121137
  800.0       2.9198446685830
  900.0       3.0337833698564
 1000.0       3.1457812733333
 1100.0       3.2584775861686
 1200.0       3.3736853973149
 1300.0       3.4928010785987
 1400.0       3.6169521453017
 1500.0       3.7471458500535
 1600.0       3.8843509189426
 1700.0       4.0295174926141
 1800.0       4.1836528303136
 1900.0       4.3478233629668
 2000.0       4.5231945324669
 2100.0       4.7110843997589
 2200.0       4.9129702810630
 2300.0       5.1305239035329
 2400.0       5.3656310236264
 2500.0       5.6205139387233
 2600.0       5.8978473948835
 2700.0       6.2005300148410
 2800.0       6.5322664135606
 2900.0       6.8973083158236
 3000.0       7.3006101394193
 3100.0       7.7487094685044
 3200.0       8.2491583507434
 3300.0       8.8103978428422
 3400.0       9.4389701529762
 3500.0      10.1412224378829
 3600.0      10.9254690174679
 3700.0      11.7966412258241
 3800.0      12.7649205228995
 3900.0      13.8364514613342
 4000.0      15.0184070812850
 4100.0      16.3189774271512
 4200.0      17.7453515756662
 4300.0      19.3062334226583
 4400.0      21.0141998232045
 4500.0      22.8212404488705
 4600.0      24.9083093516958
 4700.0      26.7399877540513
 4800.0      30.1360940485420
 4900.0      28.5318588621301
 5000.0      13.4039476644826
 5100.0       3.6462625189425
 5200.0       4.5761239680717
 5300.0       4.6267875835110
 5400.0       4.3829115210501
 5500.0       4.2013568357671
 5600.0       4.0596663557085
 5700.0       4.0591779639141
 5800.0       3.9245654086415
 5900.0       3.7967833285351
 6000.0       5.5488496927095

#P= 1.000000 GPa
    0.0       0.0000000000000
  100.0       0.6626808047023
  200.0       1.3785184665113
  300.0       1.8899191497854
  400.0       2.1952827899321
  500.0       2.3998905331590
  600.0       2.5529632400948
  700.0       2.6802222104893
  800.0       2.7941721527941
  900.0       2.9017532123900
 1000.0       3.0069983281231
 1100.0       3.1124739358350
 1200.0       3.2199325080018
 1300.0       3.3306973680228
 1400.0       3.4458205855171
 1500.0       3.5662289938439
 1600.0       3.6927981804899
 1700.0       3.8263734691360
 1800.0       3.9678389459436
 1900.0       4.1181215099681
 2000.0       4.2782250646336
 2100.0       4.4492734628465
 2200.0       4.6325188583797
 2300.0       4.8293669146989
 2400.0       5.0413904210082
 2500.0       5.2704301987517
 2600.0       5.5186877670736
 2700.0       5.7885249321129
 2800.0       6.0829404447178
 2900.0       6.4053430914849
 3000.0       6.7596431947874
 3100.0       7.1510364123525
 3200.0       7.5852256896022
 3300.0       8.0696886736093
 3400.0       8.6130719957516
 3500.0       9.2239142262700
 3600.0       9.9098623493951
 3700.0      10.6770059096203
 3800.0      11.5347156386676
 3900.0      12.4894015148612
 4000.0      13.5499029987284
 4100.0      14.7240155840249
 4200.0      16.0200611624939
 4300.0      17.4473732051316
 4400.0      19.0190464912805
 4500.0      20.6982476549082
 4600.0      22.6404440618424
 4700.0      24.3810159643385
 4800.0      27.5293016602731
 4900.0      26.2803875774839
 5000.0      12.9393508793561
 5100.0       4.2624860187794
 5200.0       5.0779559832136
 5300.0       5.1176171480917
 5400.0       4.8838455106839
 5500.0       4.7149616844260
 5600.0       4.5733038708171
 5700.0       4.5586344872533
 5800.0       4.4241699790660
 5900.0       4.2981185832708
 6000.0       5.8927456968270

#P= 2.000000 GPa
    0.0       0.0000000000000
  100.0       0.6200822113494
  200.0       1.3045180753274
  300.0       1.8017255030510
  400.0       2.0992396376582
  500.0       2.2978306172823
  600.0       2.4454349394853
  700.0       2.5672796837678
  800.0       2.6756657671780
  900.0       2.7774147165634
 1000.0       2.8764812396732
 1100.0       2.9753719176657
 1200.0       3.0757765485069
 1300.0       3.1789579477322
 1400.0       3.2859086625309
 1500.0       3.3974833006723
 1600.0       3.5144755407821
 1700.0       3.6376444352582
 1800.0       3.7677730080556
 1900.0       3.9056705398238
 2000.0       4.0522061448006
 2100.0       4.2083457091717
 2200.0       4.3751561338278
 2300.0       4.5538268458852
 2400.0       4.7456786900600
 2500.0       4.9522489172132
 2600.0       5.1753636417018
 2700.0       5.4169570091342
 2800.0       5.6794872476406
 2900.0       5.9657075057172
 3000.0       6.2787437054855
 3100.0       6.6227475008077
 3200.0       7.0021751101414
 3300.0       7.4228785718323
 3400.0       7.8913875639101
 3500.0       8.4163896970333
 3600.0       9.0081508314730
 3700.0       9.6746091429092
 3800.0      10.4244384158810
 3900.0      11.2643574992593
 4000.0      12.2039182534385
 4100.0      13.2509187327712
 4200.0      14.4144130001991
 4300.0      15.7042174042928
 4400.0      17.1337234269864
 4500.0      18.6757436449515
 4600.0      20.4632168710213
 4700.0      22.0970227194432
 4800.0      24.9877446311425
 4900.0      24.0508308295090
 5000.0      12.4032564820705
 5100.0       4.7627804407941
 5200.0       5.4744787978194
 5300.0       5.5079479477754
 5400.0       5.2893110445583
 5500.0       5.1365264680967
 5600.0       4.9994899408627
 5700.0       4.9756110933344
 5800.0       4.8452344659916
 5900.0       4.7243240696964
 6000.0       6.1687392581095

#P= 3.000000 GPa
    0.0       0.0000000000000
  100.0       0.5796880893719
  200.0       1.2343504702645
  300.0       1.7180838833823
  400.0       2.0081907072375
  500.0       2.2011544585637
  600.0       2.3436774685966
  700.0       2.4605167479810
  800.0       2.5637746610345
  900.0       2.6601635603797
 1000.0       2.7535696261804
 1100.0       2.8464357265942
 1200.0       2.9404062834074
 1300.0       3.0366898721055
 1400.0       3.1362198100439
 1500.0       3.2397943236507
 1600.0       3.3481410513134
 1700.0       3.4619416075799
 1800.0       3.5818916186710
 1900.0       3.7087050175864
 2000.0       3.8431390091335
 2100.0       3.9860281118588
 2200.0       4.1382864898827
 2300.0       4.3009260454286
 2400.0       4.4750646946296
 2500.0       4.6619932365678
 2600.0       4.8632376759048
 2700.0       5.0803972595433
 2800.0       5.3154953715546
 2900.0       5.5707822272911
 3000.0       5.8487809428293
 3100.0       6.1528373148288
 3200.0       6.4864833344828
 3300.0       6.8543365041614
 3400.0       7.2614707936139
 3500.0       7.7144966036347
 3600.0       8.2215958542432
 3700.0       8.7923877244381
 3800.0       9.4383620357105
 3900.0      10.1670738054833
 4000.0      10.9880439437197
 4100.0      11.9092652904010
 4200.0      12.9401767553129
 4300.0      14.0909043823904
 4400.0      15.3749001964864
 4500.0      16.7730654874784
 4600.0      18.3986886221334
 4700.0      19.9123978450150
 4800.0      22.5393638996937
 4900.0      21.8691689212854
 5000.0      11.8048428030460
 5100.0       5.1458319645466
 5200.0       5.7650596392865
 5300.0       5.7969533282370
 5400.0       5.5981011599904
 5500.0       5.4645559172052
 5600.0       5.3365468502071
 5700.0       5.3083751750295
 5800.0       5.1859078556063
 5900.0       5.0734521295302
 6000.0       6.3758623125082

#P= 4.000000 GPa
    0.0       0.0000000000000
  100.0       0.5413523069537
  200.0       1.1677600283964
  300.0       1.6386854531033
  400.0       1.9217920720096
  500.0       2.1094832676737
  600.0       2.2472778867686
  700.0       2.3594802169519
  800.0       2.4580029829306
  900.0       2.5494588025659
 1000.0       2.6376636787507
 1100.0       2.7250116665060
 1200.0       2.8131016429296
 1300.0       2.9030900125447
 1400.0       2.9958702480777
 1500.0       3.0921851493468
 1600.0       3.1927012844404
 1700.0       3.2980416260696
 1800.0       3.4088284901159
 1900.0       3.5256911224515
 2000.0       3.6492936730838
 2100.0       3.7803617133898
 2200.0       3.9196837680800
 2300.0       4.0681263720524
 2400.0       4.2266393819383
 2500.0       4.3963146371643
 2600.0       4.5784347155841
 2700.0       4.7743316521042
 2800.0       4.9856859794216
 2900.0       5.2143468428378
 3000.0       5.4623706016408
 3100.0       5.7324822543667
 3200.0       6.0275047803341
 3300.0       6.3511286080445
 3400.0       6.7073335088914
 3500.0       7.1012635328641
 3600.0       7.5392887748497
 3700.0       8.0284860816107
 3800.0       8.5789497986841
 3900.0       9.2013551021781
 4000.0       9.9077748060324
 4100.0      10.7064166531434
 4200.0      11.6068214374339
 4300.0      12.6192399752945
 4400.0      13.7569496834588
 4500.0      15.0074102887086
 4600.0      16.4669933973321
 4700.0      17.8500184876899
 4800.0      20.2109276421015
 4900.0      19.7614553944797
 5000.0      11.1556799807218
 5100.0       5.4135767022760
 5200.0       5.9519068762369
 5300.0       5.9863927418589
 5400.0       5.8113457330341
 5500.0       5.6996978947877
 5600.0       5.5847350480907
 5700.0       5.5569355058822
 5800.0       5.4459185009838
 5900.0       5.3449925660381
 6000.0       6.5144201289746

#P= 5.000000 GPa
    0.0       0.0000000000000
  100.0       0.5049415054010
  200.0       1.1045123736067
  300.0       1.5632480358528
  400.0       1.8397296671920
  500.0       2.0224731607973
  600.0       2.1558600080556
  700.0       2.2637591936337
  800.0       2.3579036846365
  900.0       2.4448089754638
 1000.0       2.5282287948404
 1100.0       2.6105116780598
 1200.0       2.6932119613781
 1300.0       2.7774501643310
 1400.0       2.8640732553212
 1500.0       2.9537805083335
 1600.0       3.0471929557169
 1700.0       3.1448733548215
 1800.0       3.2473829432052
 1900.0       3.3552850797385
 2000.0       3.4691638708416
 2100.0       3.5896510471808
 2200.0       3.7174305660091
 2300.0       3.8532499465150
 2400.0       3.9979212724628
 2500.0       4.1523727281639
 2600.0       4.3176883687146
 2700.0       4.4949859214062
 2800.0       4.6856694479929
 2900.0       4.8912714490865
 3000.0       5.1134817762313
 3100.0       5.3545328328666
 3200.0       5.6167105266327
 3300.0       5.9029898817040
 3400.0       6.2165251516611
 3500.0       6.5613814573746
 3600.0       6.9425457528031
 3700.0       7.3654322206088
 3800.0       7.8377957532622
 3900.0       8.3674870004751
 4000.0       8.9665935681464
 4100.0       9.6474288700089
 4200.0      10.4213825515329
 4300.0      11.2984658148692
 4400.0      12.2916111368088
 4500.0      13.3933746230580
 4600.0      14.6857425064782
 4700.0      15.9305217095155
 4800.0      18.0271275679500
 4900.0      17.7529478682267
 5000.0      10.4695286290314
 5100.0       5.5714120113385
 5200.0       6.0402415863288
 5300.0       6.0807794396278
 5400.0       5.9326798506505
 5500.0       5.8449107362574
 5600.0       5.7464147887151
 5700.0       5.7231937967816
 5800.0       5.6267190945081
 5900.0       5.5400108888593
 6000.0       6.5860945373424

#P= 6.000000 GPa
    0.0       0.0000000000000
  100.0       0.4703322100476
  200.0       1.0443920479735
  300.0       1.4915148716511
  400.0       1.7617160994061
  500.0       1.9398100676064
  600.0       2.0690810696576
  700.0       2.1729815462730
  800.0       2.2630700316331
  900.0       2.3457710597070
 1000.0       2.4247815381998
 1100.0       2.5024040172742
 1200.0       2.5801598123488
 1300.0       2.6591302499054
 1400.0       2.7401255404393
 1500.0       2.8238105725526
 1600.0       2.9107561471087
 1700.0       3.0014839007713
 1800.0       3.0965026051654
 1900.0       3.1963114879872
 2000.0       3.3014307502324
 2100.0       3.4124174314262
 2200.0       3.5298654873897
 2300.0       3.6544198920007
 2400.0       3.7867812806122
 2500.0       3.9277434703231
 2600.0       4.0782271312784
 2700.0       4.2391760472561
 2800.0       4.4117707691170
 2900.0       4.5972899286198
 3000.0       4.7971328132192
 3100.0       5.0131441335787
 3200.0       5.2471840858347
 3300.0       5.5016806037438
 3400.0       5.7791572884766
 3500.0       6.0828590049427
 3600.0       6.4167401997180
 3700.0       6.7850008582279
 3800.0       7.1936728351702
 3900.0       7.6486902180887
 4000.0       8.1591090731943
 4100.0       8.7345472226932
 4200.0       9.3884853466664
 4300.0      10.1351311159199
 4400.0      10.9877833979468
 4500.0      11.9426230953355
 4600.0      13.0695567888112
 4700.0      14.1716896622580
 4800.0      16.0097714437387
 4900.0      15.8672641129644
 5000.0       9.7620359569056
 5100.0       5.6282655260673
 5200.0       6.0383502406603
 5300.0       6.0874444573751
 5400.0       5.9683224358064
 5500.0       5.9055521540124
 5600.0       5.8261400521979
 5700.0       5.8110383074984
 5800.0       5.7315816452760
 5900.0       5.6612431769945
 6000.0       6.5940106399129

#P= 7.000000 GPa
    0.0       0.0000000000000
  100.0       0.4374123447442
  200.0       0.9872014501080
  300.0       1.4232489154526
  400.0       1.6874887071376
  500.0       1.8612070977748
  600.0       1.9866287465264
  700.0       2.0868076003480
  800.0       2.1731329000785
  900.0       2.2519440588431
 1000.0       2.3268826021509
 1100.0       2.4002121139709
 1200.0       2.4734217813584
 1300.0       2.5475570391177
 1400.0       2.6234012892600
 1500.0       2.7015797389223
 1600.0       2.7826301594351
 1700.0       2.8670338285494
 1800.0       2.9552492016774
 1900.0       3.0477319166897
 2000.0       3.1449430566737
 2100.0       3.2473703147991
 2200.0       3.3555379630968
 2300.0       3.4700077533251
 2400.0       3.5913830243035
 2500.0       3.7203465115310
 2600.0       3.8576843184406
 2700.0       4.0041992695408
 2800.0       4.1608887191521
 2900.0       4.3288261827627
 3000.0       4.5091801927884
 3100.0       4.7034822418781
 3200.0       4.9132627050791
 3300.0       5.1405146115362
 3400.0       5.3872766526314
 3500.0       5.6561703348280
 3600.0       5.9503574376991
 3700.0       6.2731385990475
 3800.0       6.6292727089356
 3900.0       7.0232896824171
 4000.0       7.4621589161495
 4100.0       7.9531257379711
 4200.0       8.5059606225080
 4300.0       9.1330864917516
 4400.0       9.8514442740893
 4500.0      10.6637045057360
 4600.0      11.6297535895240
 4700.0      12.5879877609757
 4800.0      14.1771286933164
 4900.0      14.1256266324205
 5000.0       9.0503530494180
 5100.0       5.5965173850853
 5200.0       5.9575145877073
 5300.0       6.0164919880728
 5400.0       5.9270592609750
 5500.0       5.8893830109126
 5600.0       5.8306780890673
 5700.0       5.8263730255638
 5800.0       5.7656360753453
 5900.0       5.7131417089137
 6000.0       6.5427618309459

#P= 8.000000 GPa
    0.0       0.0000000000000
  100.0       0.4060779017834
  200.0       0.9327589856839
  300.0       1.3582329542039
  400.0       1.6168064307276
  500.0       1.7864010158394
  600.0       1.9082180872059
  700.0       2.0049274854968
  800.0       2.0877563757879
  900.0       2.1629623649484
 1000.0       2.2341357251598
 1100.0       2.3035037642561
 1200.0       2.3725251311900
 1300.0       2.4422168827346
 1400.0       2.5133333917565
 1500.0       2.5864704942157
 1600.0       2.6621351502927
 1700.0       2.7407689448806
 1800.0       2.8227981710785
 1900.0       2.9086296972617
 2000.0       2.9986768986364
 2100.0       3.0933772086299
 2200.0       3.1931859529418
 2300.0       3.2985947311183
 2400.0       3.4101317961152
 2500.0       3.5283852019401
 2600.0       3.6540277123562
 2700.0       3.7877461383468
 2800.0       3.9303885179352
 2900.0       4.0828613978579
 3000.0       4.2461466566867
 3100.0       4.4215239784741
 3200.0       4.6102612402145
 3300.0       4.8140076938914
 3400.0       5.0344243235969
 3500.0       5.2736432920744
 3600.0       5.5342261943061
 3700.0       5.8187893113930
 3800.0       6.1311300278091
 3900.0       6.4747537284550
 4000.0       6.8551092890232
 4100.0       7.2776997909184
 4200.0       7.7498961640094
 4300.0       8.2809992051639
 4400.0       8.8834262145217
 4500.0       9.5621427384602
 4600.0      10.3741687848484
 4700.0      11.1902905979710
 4800.0      12.5434693858573
 4900.0      12.5462520845130
 5000.0       8.3527061231126
 5100.0       5.4917862302458
 5200.0       5.8118269993422
 5300.0       5.8806514215105
 5400.0       5.8201328474406
 5500.0       5.8064866805814
 5600.0       5.7689537799932
 5700.0       5.7770807849939
 5800.0       5.7358502313220
 5900.0       5.7018685351454
 6000.0       6.4383916462513

#P= 9.000000 GPa
    0.0       0.0000000000000
  100.0       0.3762331696277
  200.0       0.8808969516855
  300.0       1.2962668004097
  400.0       1.5494483594193
  500.0       1.7151504159301
  600.0       1.8335876300067
  700.0       1.9270579542220
  800.0       2.0066338781297
  900.0       2.0784935481887
 1000.0       2.1461803970980
 1100.0       2.2118860641934
 1200.0       2.2770440519657
 1300.0       2.3426438295144
 1400.0       2.4094142081078
 1500.0       2.4779277806938
 1600.0       2.5486585097022
 1700.0       2.6220229716757
 1800.0       2.6984095854696
 1900.0       2.7781886303597
 2000.0       2.8617367302070
 2100.0       2.9494357594351
 2200.0       3.0416940577865
 2300.0       3.1389436042206
 2400.0       3.2416410523254
 2500.0       3.3502996993593
 2600.0       3.4655006553730
 2700.0       3.5878325567940
 2800.0       3.7180182481602
 2900.0       3.8568285162114
 3000.0       4.0050949404089
 3100.0       4.1638907513859
 3200.0       4.3342744799896
 3300.0       4.5176205766594
 3400.0       4.7152931997912
 3500.0       4.9290417273762
 3600.0       5.1609530640701
 3700.0       5.4131294683776
 3800.0       5.6886312184196
 3900.0       5.9901978974084
 4000.0       6.3221482180650
 4100.0       6.6887199708399
 4200.0       7.0955658957017
 4300.0       7.5497574613617
 4400.0       8.0606395521000
 4500.0       8.6308148084622
 4600.0       9.3063962249788
 4700.0       9.9858711246295
 4800.0      11.1188028159003
 4900.0      11.1439318226458
 5000.0       7.6879593756208
 5100.0       5.3326043044879
 5200.0       5.6179111268592
 5300.0       5.6950414905773
 5400.0       5.6610505649793
 5500.0       5.6691121427267
 5600.0       5.6519245038880
 5700.0       5.6729241629489
 5800.0       5.6509535162050
 5900.0       5.6352381315086
 6000.0       6.2883338471453

#P= 10.000000 GPa
    0.0       0.0000000000000
  100.0       0.3477899754990
  200.0       0.8314610518894
  300.0       1.2371657290175
  400.0       1.4852106151025
  500.0       1.6472338315175
  600.0       1.7624972837623
  700.0       1.8529397280892
  800.0       1.9294851223167
  900.0       1.9982343866845
 1000.0       2.0626877914766
 1100.0       2.1250032856066
 1200.0       2.1865915575401
 1300.0       2.2484162807450
 1400.0       2.3111860805170
 1500.0       2.3754490243123
 1600.0       2.4416548111949
 1700.0       2.5101942068753
 1800.0       2.5814239230692
 1900.0       2.6556870940869
 2000.0       2.7333177766810
 2100.0       2.8146636083540
 2200.0       2.9000851145967
 2300.0       2.9899596737277
 2400.0       3.0846955718901
 2500.0       3.1847356538979
 2600.0       3.2905798067372
 2700.0       3.4027417162985
 2800.0       3.5218407048175
 2900.0       3.6485326548316
 3000.0       3.7835258285303
 3100.0       3.9277257176975
 3200.0       4.0820216954392
 3300.0       4.2475660810746
 3400.0       4.4254879934952
 3500.0       4.6172331631967
 3600.0       4.8245167570293
 3700.0       5.0490408152348
 3800.0       5.2932908988438
 3900.0       5.5594430778760
 4000.0       5.8509469786852
 4100.0       6.1711114837795
 4200.0       6.5243330537083
 4300.0       6.9160770610913
 4400.0       7.3534619640818
 4500.0       7.8377924217507
 4600.0       8.4060809921814
 4700.0       8.9721284628562
 4800.0       9.9088075828797
 4900.0       9.9298194358037
 5000.0       7.0752116803531
 5100.0       5.1400180774340
 5200.0       5.3945777982268
 5300.0       5.4768706848309
 5400.0       5.4653300651583
 5500.0       5.4914560452152
 5600.0       5.4923973011502
 5700.0       5.5253931663337
 5800.0       5.5213110124330
 5900.0       5.5226142101442
 6000.0       6.1013151655662

#P= 11.000000 GPa
    0.0       0.0000000000000
  100.0       0.3206664325911
  200.0       0.7843084496931
  300.0       1.1807598689614
  400.0       1.4239052619986
  500.0       1.5824470310066
  600.0       1.6947265601585
  700.0       1.7823351839303
  800.0       1.8560531478886
  900.0       1.9219077243113
 1000.0       1.9833580311146
 1100.0       2.0425309401129
 1200.0       2.1008155586498
 1300.0       2.1591532146924
 1400.0       2.2182331358668
 1500.0       2.2785830436318
 1600.0       2.3406307438592
 1700.0       2.4047431737126
 1800.0       2.4712531058597
 1900.0       2.5404736477141
 2000.0       2.6127100974705
 2100.0       2.6882754781063
 2200.0       2.7674873476437
 2300.0       2.8506868006460
 2400.0       2.9382271222328
 2500.0       3.0304987203669
 2600.0       3.1279385673979
 2700.0       3.2309881288215
 2800.0       3.3401810189668
 2900.0       3.4560831853959
 3000.0       3.5793008620545
 3100.0       3.7105972662778
 3200.0       3.8507261207772
 3300.0       4.0006592926618
 3400.0       4.1613378386665
 3500.0       4.3339648840907
 3600.0       4.5199585639917
 3700.0       4.7207119467539
 3800.0       4.9382579952175
 3900.0       5.1743390301057
 4000.0       5.4317443705378
 4100.0       5.7130868627893
 4200.0       6.0218216542833
 4300.0       6.3622370973351
 4400.0       6.7398308163531
 4500.0       7.1551394624235
 4600.0       7.6381214060509
 4700.0       8.1159492489974
 4800.0       8.8970510635916
 4900.0       8.9080412934863
 5000.0       6.5336406397647
 5100.0       4.9371114730470
 5200.0       5.1624654101248
 5300.0       5.2451011208483
 5400.0       5.2502081445032
 5500.0       5.2894043679619
 5600.0       5.3048053581319
 5700.0       5.3475133454095
 5800.0       5.3587590267433
 5900.0       5.3747693924767
 6000.0       5.8872281798958

#P= 12.000000 GPa
    0.0       0.0000000000000
  100.0       0.2947866149777
  200.0       0.7393071293852
  300.0       1.1268918376828
  400.0       1.3653586652314
  500.0       1.5206020083087
  600.0       1.6300725781691
  700.0       1.7150255435460
  800.0       1.7861022021014
  900.0       1.8492597429955
 1000.0       1.9079170877171
 1100.0       1.9641729747705
 1200.0       2.0193954204984
 1300.0       2.0745077655321
 1400.0       2.1301788246871
 1500.0       2.1869210793005
 1600.0       2.2451403732111
 1700.0       2.3051850292945
 1800.0       2.3673652988972
 1900.0       2.4319691511220
 2000.0       2.4992776756626
 2100.0       2.5695694285631
 2200.0       2.6431341017200
 2300.0       2.7202698764764
 2400.0       2.8012930979051
 2500.0       2.8865488332021
 2600.0       2.9764097491360
 2700.0       3.0712701635241
 2800.0       3.1715888412533
 2900.0       3.2778485272341
 3000.0       3.3905767654431
 3100.0       3.5104216910398
 3200.0       3.6380228951473
 3300.0       3.7742031827673
 3400.0       3.9197531619850
 3500.0       4.0756804605566
 3600.0       4.2431647295589
 3700.0       4.4233559981935
 3800.0       4.6179278227343
 3900.0       4.8282922334663
 4000.0       5.0567189310300
 4100.0       5.3052919995468
 4200.0       5.5767668659047
 4300.0       5.8745382121309
 4400.0       6.2029107892430
 4500.0       6.5619644903258
 4600.0       6.9761707791121
 4700.0       7.3839390376245
 4800.0       8.0418726932465
 4900.0       8.0507961373624
 5000.0       6.0697928995688
 5100.0       4.7456831434982
 5200.0       4.9426145343517
 5300.0       5.0200764676935
 5400.0       5.0343428583466
 5500.0       5.0802580784536
 5600.0       5.1049645173989
 5700.0       5.1536313734802
 5800.0       5.1764162241912
 5900.0       5.2037194404891
 6000.0       5.6569840472977

#P= 13.000000 GPa
    0.0       0.0000000000000
  100.0       0.2700805126145
  200.0       0.6963347622925
  300.0       1.0754158525156
  400.0       1.3094105572860
  500.0       1.4615251040425
  600.0       1.5683479676734
  700.0       1.6508095412211
  800.0       1.7194158281186
  900.0       1.7800571488708
 1000.0       1.8361137681494
 1100.0       1.8896585062030
 1200.0       1.9420394292870
 1300.0       1.9941634398475
 1400.0       2.0466814158465
 1500.0       2.1000915706782
 1600.0       2.1547810058369
 1700.0       2.2110817255619
 1800.0       2.2692826629768
 1900.0       2.3296527047136
 2000.0       2.3924481459360
 2100.0       2.4579224921437
 2200.0       2.5263359144934
 2300.0       2.5979540284484
 2400.0       2.6730617542722
 2500.0       2.7519574834215
 2600.0       2.8349738255238
 2700.0       2.9224521489737
 2800.0       3.0147891982514
 2900.0       3.1124099184922
 3000.0       3.2157649775143
 3100.0       3.3254051276085
 3200.0       3.4418829762643
 3300.0       3.5658977444719
 3400.0       3.6981155876768
 3500.0       3.8393843473210
 3600.0       3.9906918306285
 3700.0       4.1529958480962
 3800.0       4.3276811167034
 3900.0       4.5159041827844
 4000.0       4.7195250424386
 4100.0       4.9402245806894
 4200.0       5.1802155944389
 4300.0       5.4422181546640
 4400.0       5.7296468159775
 4500.0       6.0423124450727
 4600.0       6.4003363377889
 4700.0       6.7516692697952
 4800.0       7.3104336374228
 4900.0       7.3222683143772
 5000.0       5.6688214195081
 5100.0       4.5692116398214
 5200.0       4.7422222770875
 5300.0       4.8142527229617
 5400.0       4.8337417891376
 5500.0       4.8814146397300
 5600.0       4.9096967127456
 5700.0       4.9592134744011
 5800.0       4.9884819545019
 5900.0       5.0225481258847
 6000.0       5.4223518873323

#P= 14.000000 GPa
    0.0       0.0000000000000
  100.0       0.2464828203750
  200.0       0.6552775690769
  300.0       1.0261970498136
  400.0       1.2559122915558
  500.0       1.4050554451035
  600.0       1.5093800057980
  700.0       1.5895016432939
  800.0       1.6557946137929
  900.0       1.7140856370859
 1000.0       1.7677177771554
 1100.0       1.8187394493334
 1200.0       1.8684802788568
 1300.0       1.9178316482204
 1400.0       1.9674291163015
 1500.0       2.0177572452252
 1600.0       2.0691873843571
 1700.0       2.1220354484864
 1800.0       2.1765747077763
 1900.0       2.2330536591216
 2000.0       2.2917096059230
 2100.0       2.3527734551643
 2200.0       2.4164790599161
 2300.0       2.4830667411258
 2400.0       2.5527881829546
 2500.0       2.6259115834050
 2600.0       2.7027249887724
 2700.0       2.7835301901033
 2800.0       2.8686766623294
 2900.0       2.9585248678344
 3000.0       3.0534758572448
 3100.0       3.1539984209933
 3200.0       3.2605626757624
 3300.0       3.3737702088231
 3400.0       3.4941894129601
 3500.0       3.6225353314073
 3600.0       3.7596370213028
 3700.0       3.9062998443549
 3800.0       4.0636743086471
 3900.0       4.2327189469518
 4000.0       4.4149663215170
 4100.0       4.6117843233221
 4200.0       4.8249688988694
 4300.0       5.0567151483620
 4400.0       5.3097583767980
 4500.0       5.5837795644967
 4600.0       5.8953825554979
 4700.0       6.2006638307009
 4800.0       6.6784893332133
 4900.0       6.6960500573061
 5000.0       5.3180218673801
 5100.0       4.4054995631941
 5200.0       4.5582970993948
 5300.0       4.6255808611469
 5400.0       4.6492146082186
 5500.0       4.6980502782136
 5600.0       4.7285557200243
 5700.0       4.7770076794922
 5800.0       4.8089404032666
 5900.0       4.8451130490069
 6000.0       5.1956871860009

#P= 15.000000 GPa
    0.0       0.0000000000000
  100.0       0.2239330759122
  200.0       0.6160301227370
  300.0       0.9791097947759
  400.0       1.2047259666660
  500.0       1.3510443294220
  600.0       1.4530090539288
  700.0       1.5309302394457
  800.0       1.5950546582401
  900.0       1.6511480899378
 1000.0       1.7025174778015
 1100.0       1.7511879805294
 1200.0       1.7984729739770
 1300.0       1.8452487739475
 1400.0       1.8921373703939
 1500.0       1.9396106645980
 1600.0       1.9880270759848
 1700.0       2.0376867293008
 1800.0       2.0888503489949
 1900.0       2.1417474548342
 2000.0       2.1966005400374
 2100.0       2.2536180744004
 2200.0       2.3130139964659
 2300.0       2.3750036146858
 2400.0       2.4398137415153
 2500.0       2.5076831721030
 2600.0       2.5788620087224
 2700.0       2.6536240307688
 2800.0       2.7322658686553
 2900.0       2.8151095899752
 3000.0       2.9025040324956
 3100.0       2.9948447017913
 3200.0       3.0925483209079
 3300.0       3.1961246833546
 3400.0       3.3060584180083
 3500.0       3.4229624974925
 3600.0       3.5475349659071
 3700.0       3.6804560518091
 3800.0       3.8226852376652
 3900.0       3.9750255424892
 4000.0       4.1387462280939
 4100.0       4.3149710718493
 4200.0       4.5051687809210
 4300.0       4.7111247090982
 4400.0       4.9350539025394
 4500.0       5.1765805904111
 4600.0       5.4494364431994
 4700.0       5.7167133966513
 4800.0       6.1276921905492
 4900.0       6.1524664387320
 5000.0       5.0079433894238
 5100.0       4.2528149667026
 5200.0       4.3883640802764
 5300.0       4.4514585313243
 5400.0       4.4783774976669
 5500.0       4.5279900725581
 5600.0       4.5601610019035
 5700.0       4.6075194866771
 5800.0       4.6414887518341
 5900.0       4.6788362207725
 6000.0       4.9865461173398

#P= 16.000000 GPa
    0.0       0.0000000000000
  100.0       0.2023745887589
  200.0       0.5784941063378
  300.0       0.9340376089588
  400.0       1.1557234245331
  500.0       1.2993538755285
  600.0       1.3990872331042
  700.0       1.4749366937094
  800.0       1.5370261849017
  900.0       1.5910624764031
 1000.0       1.6403177657274
 1100.0       1.6867949933695
 1200.0       1.7317926828827
 1300.0       1.7761728779815
 1400.0       1.8205459056201
 1500.0       1.8653715091776
 1600.0       1.9109969407292
 1700.0       1.9577085911288
 1800.0       2.0057549847468
 1900.0       2.0553504642319
 2000.0       2.1067027604553
 2100.0       2.1600029366915
 2200.0       2.2154452818884
 2300.0       2.2732249246332
 2400.0       2.3335470716758
 2500.0       2.3966234282328
 2600.0       2.4626756985988
 2700.0       2.5319460315930
 2800.0       2.6046959014079
 2900.0       2.6812063217610
 3000.0       2.7617834881067
 3100.0       2.8467704137617
 3200.0       2.9365218671880
 3300.0       3.0314829960037
 3400.0       3.1320722604093
 3500.0       3.2388057940780
 3600.0       3.3522784470384
 3700.0       3.4730741314436
 3800.0       3.6019914701782
 3900.0       3.7397090414779
 4000.0       3.8872829304850
 4100.0       4.0456449206194
 4200.0       4.2160058223892
 4300.0       4.3998250428093
 4400.0       4.5989139251574
 4500.0       4.8128952908026
 4600.0       5.0531210167728
 4700.0       5.2887090442981
 4800.0       5.6439098840583
 4900.0       5.6765595981971
 5000.0       4.7314066490257
 5100.0       4.1097593848032
 5200.0       4.2304643236817
 5300.0       4.2898239274992
 5400.0       4.3193470354562
 5500.0       4.3694366930476
 5600.0       4.4028414359533
 5700.0       4.4490854453493
 5800.0       4.4846050120181
 5900.0       4.5227667357779
 6000.0       4.7937867237419

#P= 17.000000 GPa
    0.0       0.0000000000000
  100.0       0.1817547144538
  200.0       0.5425779889091
  300.0       0.8908717898706
  400.0       1.1087858168721
  500.0       1.2498560892832
  600.0       1.3474772136581
  700.0       1.4213738677831
  800.0       1.4815520971606
  900.0       1.5336610801003
 1000.0       1.5809385835607
 1100.0       1.6253676627432
 1200.0       1.6682328575720
 1300.0       1.7103824369033
 1400.0       1.7524161341262
 1500.0       1.7947834403470
 1600.0       1.8378205246311
 1700.0       1.8818023014745
 1800.0       1.9269664429316
 1900.0       1.9735138413644
 2000.0       2.0216384126115
 2100.0       2.0715176537341
 2200.0       2.1233268301530
 2300.0       2.1772454880129
 2400.0       2.2334571406179
 2500.0       2.2921540892834
 2600.0       2.3535290524965
 2700.0       2.4178010301434
 2800.0       2.4851993308351
 2900.0       2.5559678236586
 3000.0       2.6303843297603
 3100.0       2.7087336876607
 3200.0       2.7913339582616
 3300.0       2.8785668906416
 3400.0       2.9707907121190
 3500.0       3.0684569928187
 3600.0       3.1720633238986
 3700.0       3.2821119878646
 3800.0       3.3992757940285
 3900.0       3.5241349341141
 4000.0       3.6575668940879
 4100.0       3.8003504204884
 4200.0       3.9534926304120
 4300.0       4.1181925651835
 4400.0       4.2959429026909
 4500.0       4.4863983520767
 4600.0       4.6989209822666
 4700.0       4.9078508911904
 4800.0       5.2160883150129
 4900.0       5.2567514798418
 5000.0       4.4828544626722
 5100.0       3.9751864310783
 5200.0       4.0830208079640
 5300.0       4.1390219261856
 5400.0       4.1706045536006
 5500.0       4.2209347916049
 5600.0       4.2552293825970
 5700.0       4.3003513208992
 5800.0       4.3370342181691
 5900.0       4.3757258882422
 6000.0       4.6151047944819

#P= 18.000000 GPa
    0.0       0.0000000000000
  100.0       0.1620243053040
  200.0       0.5081962431285
  300.0       0.8495108478647
  400.0       1.0638028389357
  500.0       1.2024322797843
  600.0       1.2980512440133
  700.0       1.3701055393510
  800.0       1.4284870258761
  900.0       1.4787884583512
 1000.0       1.5242137345699
 1100.0       1.5667283535152
 1200.0       1.6076033197105
 1300.0       1.6476732313026
 1400.0       1.6875292050112
 1500.0       1.7276111652305
 1600.0       1.7682449418512
 1700.0       1.8096957538817
 1800.0       1.8521909196754
 1900.0       1.8959202808752
 2000.0       1.9410647551770
 2100.0       1.9877906644311
 2200.0       2.0362556688810
 2300.0       2.0866265249572
 2400.0       2.1390681981906
 2500.0       2.1937544657883
 2600.0       2.2508545157764
 2700.0       2.3105673536455
 2800.0       2.3730925118397
 2900.0       2.4386467379645
 3000.0       2.5074764885531
 3100.0       2.5798249046384
 3200.0       2.6559736579041
 3300.0       2.7362494923477
 3400.0       2.8209717618006
 3500.0       2.9105191993138
 3600.0       3.0053215206941
 3700.0       3.1058169027875
 3800.0       3.2125605305456
 3900.0       3.3260598774906
 4000.0       3.4470492046203
 4100.0       3.5761814528917
 4200.0       3.7142978346368
 4300.0       3.8623887443241
 4400.0       4.0216956246898
 4500.0       4.1919233586398
 4600.0       4.3807556799992
 4700.0       4.5670713384812
 4800.0       4.8354493683291
 4900.0       4.8839530621546
 5000.0       4.2579179129741
 5100.0       3.8481408752405
 5200.0       3.9447450960315
 5300.0       3.9977041626783
 5400.0       4.0309047820141
 5500.0       4.0812878017962
 5600.0       4.1161976414750
 5700.0       4.1601976108086
 5800.0       4.1977326699891
 5900.0       4.2367276984874
 6000.0       4.4486326652113

#P= 19.000000 GPa
    0.0       0.0000000000000
  100.0       0.1431372932684
  200.0       0.4752688297793
  300.0       0.8098611168726
  400.0       1.0206718676450
  500.0       1.1569713633114
  600.0       1.2506902322758
  700.0       1.3210053012067
  800.0       1.3776965546448
  900.0       1.4263003980687
 1000.0       1.4699895313718
 1100.0       1.5107130011507
 1200.0       1.5497284909116
 1300.0       1.5878573133861
 1400.0       1.6256838814212
 1500.0       1.6636390144921
 1600.0       1.7020383431244
 1700.0       1.7411397935162
 1800.0       1.7811603257437
 1900.0       1.8222805054618
 2000.0       1.8646700722902
 2100.0       1.9084841617597
 2200.0       1.9538671242014
 2300.0       2.0009721891560
 2400.0       2.0499501226221
 2500.0       2.1009564533453
 2600.0       2.1541429340222
 2700.0       2.2096875459590
 2800.0       2.2677678915083
 2900.0       2.3285739789320
 3000.0       2.3923278836091
 3100.0       2.4592367746284
 3200.0       2.5295480231902
 3300.0       2.6035500335983
 3400.0       2.6815157757284
 3500.0       2.7637781477994
 3600.0       2.8507016561372
 3700.0       2.9426648651846
 3800.0       3.0401419784863
 3900.0       3.1435692631470
 4000.0       3.2535593843462
 4100.0       3.3706733774621
 4200.0       3.4956163067051
 4300.0       3.6292038122786
 4400.0       3.7724775536356
 4500.0       3.9252069178766
 4600.0       4.0936476733777
 4700.0       4.2606377699539
 4800.0       4.4949458185635
 4900.0       4.5509195835183
 5000.0       4.0531091223198
 5100.0       3.7278249160309
 5200.0       3.8145726265909
 5300.0       3.8647575228152
 5400.0       3.8992150112825
 5500.0       3.9495007268611
 5600.0       3.9848032335389
 5700.0       4.0276876394727
 5800.0       4.0658225814170
 5900.0       4.1049384500546
 6000.0       4.2928486352669

#P= 20.000000 GPa
    0.0       0.0000000000000
  100.0       0.1250509633783
  200.0       0.4437220710254
  300.0       0.7718351285554
  400.0       0.9792965294036
  500.0       1.1133693881635
  600.0       1.2052837002582
  700.0       1.2739559544561
  800.0       1.3290554536753
  900.0       1.3760629286928
 1000.0       1.4181236235222
 1100.0       1.4571701060614
 1200.0       1.4944459446987
 1300.0       1.5307614739133
 1400.0       1.5666950506969
 1500.0       1.6026683898337
 1600.0       1.6389881141635
 1700.0       1.6759058509658
 1800.0       1.7136294562595
 1900.0       1.7523305014691
 2000.0       1.7921696146116
 2100.0       1.8332918058984
 2200.0       1.8758294721198
 2300.0       1.9199237304276
 2400.0       1.9657141178127
 2500.0       2.0133387287589
 2600.0       2.0629352160203
 2700.0       2.1146629060612
 2800.0       2.1686798770809
 2900.0       2.2251536098163
 3000.0       2.2842865570285
 3100.0       2.3462513308144
 3200.0       2.4112713968007
 3300.0       2.4795953064917
 3400.0       2.5514649786448
 3500.0       2.6271694894460
 3600.0       2.7070148965470
 3700.0       2.7913446638506
 3800.0       2.8805436296699
 3900.0       2.9750057618432
 4000.0       3.0752435691780
 4100.0       3.1817291713186
 4200.0       3.2950659290124
 4300.0       3.4159301181010
 4400.0       3.5451964176805
 4500.0       3.6827023140864
 4600.0       3.8334855367281
 4700.0       3.9838482454437
 4800.0       4.1888513919429
 4900.0       4.2518155854691
 5000.0       3.8656101148692
 5100.0       3.6135578329235
 5200.0       3.6916110616484
 5300.0       3.7392513655687
 5400.0       3.7746694753262
 5500.0       3.8247374922807
 5600.0       3.8602515873216
 5700.0       3.9020319978059
 5800.0       3.9405597507026
 5900.0       3.9796480831398
 6000.0       4.1464946349640

#P= 21.000000 GPa
    0.0       0.0000000000000
  100.0       0.1077252770601
  200.0       0.4134864965644
  300.0       0.7353503255309
  400.0       0.9395863750153
  500.0       1.0715291748629
  600.0       1.1617294323270
  700.0       1.2288486332946
  800.0       1.2824465930293
  900.0       1.3279518310608
 1000.0       1.3684842116113
 1100.0       1.4059592256755
 1200.0       1.4416055611055
 1300.0       1.4762257273217
 1400.0       1.5103917577696
 1500.0       1.5445163527553
 1600.0       1.5788984484910
 1700.0       1.6137842840543
 1800.0       1.6493734507456
 1900.0       1.6858287252389
 2000.0       1.7233036963593
 2100.0       1.7619338717042
 2200.0       1.8018409584957
 2300.0       1.8431556447443
 2400.0       1.8860078667921
 2500.0       1.9305202961512
 2600.0       1.9768171667926
 2700.0       2.0250437511042
 2800.0       2.0753387705018
 2900.0       2.1278531274698
 3000.0       2.1827681390163
 3100.0       2.2402318538235
 3200.0       2.3004422851889
 3300.0       2.3636174584185
 3400.0       2.4299720448909
 3500.0       2.4997542593790
 3600.0       2.5732303105203
 3700.0       2.6506992357438
 3800.0       2.7324868461344
 3900.0       2.8189437265009
 4000.0       2.9104923223452
 4100.0       3.0075506346361
 4200.0       3.1106220388443
 4300.0       3.2202680784641
 4400.0       3.3372388908604
 4500.0       3.4614360615477
 4600.0       3.5968460388048
 4700.0       3.7328116749378
 4800.0       3.9124669744852
 4900.0       3.9818839379182
 5000.0       3.6931165159411
 5100.0       3.5047588860624
 5200.0       3.5751089795695
 5300.0       3.6204042106432
 5400.0       3.6565362385728
 5500.0       3.7062884024604
 5600.0       3.7418652555854
 5700.0       3.7825551802061
 5800.0       3.8213050612915
 5900.0       3.8602456067832
 6000.0       4.0085171954472

#P= 22.000000 GPa
    0.0       0.0000000000000
  100.0       0.0911224589876
  200.0       0.3844965124692
  300.0       0.7003291765152
  400.0       0.9014564920317
  500.0       1.0313612826548
  600.0       1.1199323227151
  700.0       1.1855808710050
  800.0       1.2377607455849
  900.0       1.2818521831857
 1000.0       1.3209493559202
 1100.0       1.3569492531622
 1200.0       1.3910680947687
 1300.0       1.4241021368313
 1400.0       1.4566164505547
 1500.0       1.4890139381045
 1600.0       1.5215891436059
 1700.0       1.5545828970742
 1800.0       1.5881852839201
 1900.0       1.6225536747732
 2000.0       1.6578349234352
 2100.0       1.6941545467539
 2200.0       1.7316264928530
 2300.0       1.7703720613134
 2400.0       1.8105112398710
 2500.0       1.8521552419721
 2600.0       1.8954147775937
 2700.0       1.9404243240227
 2800.0       1.9873044303314
 2900.0       2.0361927582130
 3000.0       2.0872516311543
 3100.0       2.1406077317199
 3200.0       2.1964376178668
 3300.0       2.2549334086093
 3400.0       2.3162845934919
 3500.0       2.3807091273426
 3600.0       2.4484319328002
 3700.0       2.5197233746604
 3800.0       2.5948530248247
 3900.0       2.6741342552088
 4000.0       2.7579260454542
 4100.0       2.8465808785707
 4200.0       2.9405394060125
 4300.0       3.0402628940915
 4400.0       3.1463866248060
 4500.0       3.2588917118151
 4600.0       3.3808547635647
 4700.0       3.5042836412645
 4800.0       3.6619011869663
 4900.0       3.7372096169487
 5000.0       3.5337259707337
 5100.0       3.4009283316958
 5200.0       3.4644262993934
 5300.0       3.5075482281924
 5400.0       3.5441880889394
 5500.0       3.5935456854340
 5600.0       3.6290619293804
 5700.0       3.6686777021134
 5800.0       3.7075100506731
 5900.0       3.7462038522088
 6000.0       3.8780285327699

#P= 23.000000 GPa
    0.0       0.0000000000000
  100.0       0.0752071787008
  200.0       0.3566906017100
  300.0       0.6666987141792
  400.0       0.8648290320355
  500.0       0.9927828610850
  600.0       1.0798024068262
  700.0       1.1440563915753
  800.0       1.1948966715165
  900.0       1.2376574280576
 1000.0       1.2754050913009
 1100.0       1.3100183666681
 1200.0       1.3427048411771
 1300.0       1.3742539852272
 1400.0       1.4052225567133
 1500.0       1.4360053614013
 1600.0       1.4668941939314
 1700.0       1.4981237718405
 1800.0       1.5298751982542
 1900.0       1.5623021819686
 2000.0       1.5955450048101
 2100.0       1.6297200007842
 2200.0       1.6649349446328
 2300.0       1.7013024218361
 2400.0       1.7389333493050
 2500.0       1.7779293168594
 2600.0       1.8183891590209
 2700.0       1.8604377272942
 2800.0       1.9041795152445
 2900.0       1.9497408695768
 3000.0       1.9972681273108
 3100.0       2.0468677950908
 3200.0       2.0987008953061
 3300.0       2.1529331380554
 3400.0       2.2097372419039
 3500.0       2.2693003359403
 3600.0       2.3318164007239
 3700.0       2.3975291816127
 3800.0       2.4666588268205
 3900.0       2.5394956608391
 4000.0       2.6163304862682
 4100.0       2.6974796254561
 4200.0       2.7833168174200
 4300.0       2.8742215091687
 4400.0       2.9707493736182
 4500.0       3.0729348978827
 4600.0       3.1830759408412
 4700.0       3.2955341662958
 4800.0       3.4339082623828
 4900.0       3.5145429484768
 5000.0       3.3858520258892
 5100.0       3.3016305689733
 5200.0       3.3590119469304
 5300.0       3.4001124220729
 5400.0       3.4370864758151
 5500.0       3.4859850353250
 5600.0       3.5213396362025
 5700.0       3.5598992155147
 5800.0       3.5986962686924
 5900.0       3.6370616044600
 6000.0       3.7542739719306

#P= 24.000000 GPa
    0.0       0.0000000000000
  100.0       0.0599462511018
  200.0       0.3300115954611
  300.0       0.6343926998846
  400.0       0.8296314672042
  500.0       0.9557145019032
  600.0       1.0412548092894
  700.0       1.1041856014106
  800.0       1.1537612796394
  900.0       1.1952679621883
 1000.0       1.2317441478587
 1100.0       1.2650536046560
 1200.0       1.2963967261034
 1300.0       1.3265543835806
 1400.0       1.3560739756854
 1500.0       1.3853466242721
 1600.0       1.4146602560667
 1700.0       1.4442427696339
 1800.0       1.4742681536561
 1900.0       1.5048872327621
 2000.0       1.5362340335148
 2100.0       1.5684159485043
 2200.0       1.6015362010615
 2300.0       1.6356997900294
 2400.0       1.6710087227408
 2500.0       1.7075567559937
 2600.0       1.7454321012844
 2700.0       1.7847510563759
 2800.0       1.8256045980000
 2900.0       1.8681078063987
 3000.0       1.9123951794879
 3100.0       1.9585533962080
 3200.0       2.0067324611639
 3300.0       2.0570730075723
 3400.0       2.1097349462885
 3500.0       2.1648778221826
 3600.0       2.2226701024392
 3700.0       2.2833315526657
 3800.0       2.3470429358461
 3900.0       2.4140704249996
 4000.0       2.4846539401122
 4100.0       2.5590727910742
 4200.0       2.6376482708012
 4300.0       2.7206965493570
 4400.0       2.8086894933166
 4500.0       2.9017382443824
 4600.0       3.0014473116612
 4700.0       3.1042480001808
 4800.0       3.2257527416042
 4900.0       3.3111657936662
 5000.0       3.2481623337672
 5100.0       3.2064845547793
 5200.0       3.2583901328753
 5300.0       3.2976031959797
 5400.0       3.3347638379671
 5500.0       3.3831513197340
 5600.0       3.4182609136122
 5700.0       3.4557823529485
 5800.0       3.4944455300133
 5900.0       3.5324159540262
 6000.0       3.6366031363900

#P= 25.000000 GPa
    0.0       0.0000000000000
  100.0       0.0453086175829
  200.0       0.3044062572404
  300.0       0.6033478632125
  400.0       0.7957938006406
  500.0       0.9200810192855
  600.0       1.0042102293938
  700.0       1.0658869259962
  800.0       1.1142673017262
  900.0       1.1545892576683
 1000.0       1.1898666487403
 1100.0       1.2219509326572
 1200.0       1.2520332115308
 1300.0       1.2808841353172
 1400.0       1.3090448474905
 1500.0       1.3369045348353
 1600.0       1.3647455993500
 1700.0       1.3927881033920
 1800.0       1.4212025208453
 1900.0       1.4501368715513
 2000.0       1.4797176400819
 2100.0       1.5100452788872
 2200.0       1.5412197104390
 2300.0       1.5733381756694
 2400.0       1.6064945075291
 2500.0       1.6407768394469
 2600.0       1.6762633796891
 2700.0       1.7130618779164
 2800.0       1.7512531972419
 2900.0       1.7909416000716
 3000.0       1.8322512699340
 3100.0       1.8752516697192
 3200.0       1.9200832802486
 3300.0       1.9668653407260
 3400.0       2.0157451963648
 3500.0       2.0668621160414
 3600.0       2.1203574655056
 3700.0       2.1764363867065
 3800.0       2.2352403359951
 3900.0       2.2970201057441
 4000.0       2.3619688147465
 4100.0       2.4303353459250
 4200.0       2.5024009146019
 4300.0       2.5784180432245
 4400.0       2.6588059792456
 4500.0       2.7437264296536
 4600.0       2.8341912417077
 4700.0       2.9284639172566
 4800.0       3.0351180376796
 4900.0       3.1247793755462
 5000.0       3.1195304047981
 5100.0       3.1151577625162
 5200.0       3.1621433433860
 5300.0       3.1995909035359
 5400.0       3.2368146003645
 5500.0       3.2846466834543
 5600.0       3.3194411417071
 5700.0       3.3559442226131
 5800.0       3.3943912074100
 5900.0       3.4319104958066
 6000.0       3.5244571004422

#P= 26.000000 GPa
    0.0       0.0000000000000
  100.0       0.0312650408541
  200.0       0.2798234247521
  300.0       0.5735034848583
  400.0       0.7632498963804
  500.0       0.8858129436552
  600.0       0.9685972743519
  700.0       1.0290832615255
  800.0       1.0763308706141
  900.0       1.1155327340157
 1000.0       1.1496811858429
 1100.0       1.1806138066129
 1200.0       1.2095098412639
 1300.0       1.2371322915612
 1400.0       1.2640192134530
 1500.0       1.2905560278456
 1600.0       1.3170178095750
 1700.0       1.3436192101598
 1800.0       1.3705296173022
 1900.0       1.3978923768939
 2000.0       1.4258256557144
 2100.0       1.4544268739282
 2200.0       1.4837918848370
 2300.0       1.5140101099110
 2400.0       1.5451686973860
 2500.0       1.5773512264077
 2600.0       1.6106267751054
 2700.0       1.6450951635704
 2800.0       1.6808289230795
 2900.0       1.7179224669105
 3000.0       1.7564910488973
 3100.0       1.7965894799445
 3200.0       1.8383487336603
 3300.0       1.8818714469867
 3400.0       1.9272917060961
 3500.0       1.9747337523657
 3600.0       2.0243132403794
 3700.0       2.0762247518435
 3800.0       2.1305745746427
 3900.0       2.1876014549747
 4000.0       2.2474575729914
 4100.0       2.3103684063349
 4200.0       2.3765774564943
 4300.0       2.4462893219604
 4400.0       2.5198706390473
 4500.0       2.5975395466737
 4600.0       2.6797877076490
 4700.0       2.7664845144271
 4800.0       2.8600362093605
 4900.0       2.9534384002548
 5000.0       2.9989862552800
 5100.0       3.0273575653198
 5200.0       3.0699107633605
 5300.0       3.1056961497552
 5400.0       3.1428817242369
 5500.0       3.1901232466145
 5600.0       3.2245411381271
 5700.0       3.2600466230238
 5800.0       3.2982089967471
 5900.0       3.3352305333358
 6000.0       3.4173471584032

#P= 27.000000 GPa
    0.0       0.0000000000000
  100.0       0.0177879508687
  200.0       0.2562150123214
  300.0       0.5448029022270
  400.0       0.7319400356872
  500.0       0.8528475433460
  600.0       0.9343469776730
  700.0       0.9937000654187
  800.0       1.0398733578697
  900.0       1.0780180297524
 1000.0       1.1111030571712
 1100.0       1.1409500673721
 1200.0       1.1687286134994
 1300.0       1.1951969079197
 1400.0       1.2208897486228
 1500.0       1.2461856926523
 1600.0       1.2713535873956
 1700.0       1.2966067328086
 1800.0       1.3221121937712
 1900.0       1.3480061499084
 2000.0       1.3744013369105
 2100.0       1.4013939998484
 2200.0       1.4290748541247
 2300.0       1.4575247004427
 2400.0       1.4868274040835
 2500.0       1.5170621471086
 2600.0       1.5482881492759
 2700.0       1.5805995051913
 2800.0       1.6140619635264
 2900.0       1.6487600273589
 3000.0       1.6848011631051
 3100.0       1.7222286742246
 3200.0       1.7611639252359
 3300.0       1.8016955267412
 3400.0       1.8439461840986
 3500.0       1.8880267357239
 3600.0       1.9340315124460
 3700.0       1.9821441619864
 3800.0       2.0324434587837
 3900.0       2.0851542508700
 4000.0       2.1403989903471
 4100.0       2.1983765677819
 4200.0       2.2593052882222
 4300.0       2.3233437623893
 4400.0       2.3908177586050
 4500.0       2.4619963079539
 4600.0       2.5369107312609
 4700.0       2.6168622026863
 4800.0       2.6988076771747
 4900.0       2.7954788373886
 5000.0       2.8857090330982
 5100.0       2.9428141271319
 5200.0       2.9813747177670
 5300.0       3.0155924810475
 5400.0       3.0526441324264
 5500.0       3.0992725224100
 5600.0       3.1332651484639
 5700.0       3.1677879661167
 5800.0       3.2056097085774
 5900.0       3.2420978566177
 6000.0       3.3148458464676

#P= 28.000000 GPa
    0.0       0.0000000000000
  100.0       0.0048512084934
  200.0       0.2335370077693
  300.0       0.5171952939534
  400.0       0.7018076720247
  500.0       0.8211225487614
  600.0       0.9013926850199
  700.0       0.9596675656053
  800.0       1.0048243001227
  900.0       1.0419705418745
 1000.0       1.0740505935258
 1100.0       1.1028727009011
 1200.0       1.1295994562492
 1300.0       1.1549843206316
 1400.0       1.1795553529770
 1500.0       1.2036849106880
 1600.0       1.2276394984845
 1700.0       1.2516314255924
 1800.0       1.2758220639757
 1900.0       1.3003412551881
 2000.0       1.3253004306819
 2100.0       1.3507932138481
 2200.0       1.3769038343196
 2300.0       1.4037064539362
 2400.0       1.4312837518480
 2500.0       1.4597095111705
 2600.0       1.4890331035274
 2700.0       1.5193454124828
 2800.0       1.5507058479740
 2900.0       1.5831893595384
 3000.0       1.6168971623645
 3100.0       1.6518625649150
 3200.0       1.6881980392794
 3300.0       1.7259801631832
 3400.0       1.7653220167247
 3500.0       1.8063223499965
 3600.0       1.8490576040457
 3700.0       1.8937004689720
 3800.0       1.9403088857310
 3900.0       1.9890923915703
 4000.0       2.0401503793358
 4100.0       2.0936584834537
 4200.0       2.1498126557720
 4300.0       2.2087334334887
 4400.0       2.2707117294071
 4500.0       2.3360617698066
 4600.0       2.4044161325911
 4700.0       2.4783304261612
 4800.0       2.5499773119508
 4900.0       2.6494698490326
 5000.0       2.7789780742924
 5100.0       2.8613030762009
 5200.0       2.8962452670394
 5300.0       2.9289853248282
 5400.0       2.9658296559757
 5500.0       3.0118149105021
 5600.0       3.0453456512576
 5700.0       3.0789068322594
 5800.0       3.1163334704115
 5900.0       3.1522581714492
 6000.0       3.2165871611291

#P= 29.000000 GPa
    0.0       0.0000000000000
  100.0      -0.0075695330526
  200.0       0.2117469658024
  300.0       0.4906300009972
  400.0       0.6727971925303
  500.0       0.7905786438778
  600.0       0.8696737146212
  700.0       0.9269242427120
  800.0       0.9711169274037
  900.0       1.0073169998120
 1000.0       1.0384462737330
 1100.0       1.0663023421661
 1200.0       1.0920403649443
 1300.0       1.1164054577433
 1400.0       1.1399200569990
 1500.0       1.1629534995152
 1600.0       1.1857715561474
 1700.0       1.2085817582077
 1800.0       1.2315391961092
 1900.0       1.2547715415598
 2000.0       1.2783897485441
 2100.0       1.3024822652594
 2200.0       1.3271262836850
 2300.0       1.3523940996365
 2400.0       1.3783661355005
 2500.0       1.4051090164663
 2600.0       1.4326647130890
 2700.0       1.4611227639684
 2800.0       1.4905355050905
 2900.0       1.5209685744957
 3000.0       1.5525195255125
 3100.0       1.5852124513733
 3200.0       1.6191508525103
 3300.0       1.6544016409936
 3400.0       1.6910699940346
 3500.0       1.7292427963126
 3600.0       1.7689823762064
 3700.0       1.8104508008679
 3800.0       1.8536883682129
 3900.0       1.8988924950774
 4000.0       1.9461396222045
 4100.0       1.9955902435352
 4200.0       2.0474157275463
 4300.0       2.1017102858696
 4400.0       2.1587283735550
 4500.0       2.2188319472255
 4600.0       2.2812976422977
 4700.0       2.3497938560546
 4800.0       2.4122788028339
 4900.0       2.5141738383405
 5000.0       2.6781785766028
 5100.0       2.7826056402177
 5200.0       2.8142775459248
 5300.0       2.8456142904308
 5400.0       2.8821823254034
 5500.0       2.9275140685065
 5600.0       2.9605413163701
 5700.0       2.9931609800428
 5800.0       3.0301558767418
 5900.0       3.0654866817719
 6000.0       3.1222279820623

#P= 30.000000 GPa
    0.0       0.0000000000000
  100.0      -0.0194972554507
  200.0       0.1908044460615
  300.0       0.4650590289823
  400.0       0.6448578001507
  500.0       0.7611640533713
  600.0       0.8391351602971
  700.0       0.8954092159492
  800.0       0.9386853925569
  900.0       0.9739883922422
 1000.0       1.0042206948972
 1100.0       1.0311668588466
 1200.0       1.0559719434048
 1300.0       1.0793750328730
 1400.0       1.1018951831183
 1500.0       1.1239006511509
 1600.0       1.1456522072965
 1700.0       1.1673520313536
 1800.0       1.1891523893446
 1900.0       1.2111812534826
 2000.0       1.2335459907904
 2100.0       1.2563281900948
 2200.0       1.2796019845687
 2300.0       1.3034391381966
 2400.0       1.3279157565043
 2500.0       1.3530907701561
 2600.0       1.3790024841497
 2700.0       1.4057388338897
 2800.0       1.4333443494921
 2900.0       1.4618767732032
 3000.0       1.4914314609955
 3100.0       1.5220239530571
 3200.0       1.5537490777580
 3300.0       1.5866661557017
 3400.0       1.6208737460786
 3500.0       1.6564468987417
 3600.0       1.6934364280413
 3700.0       1.7319962350081
 3800.0       1.7721494666949
 3900.0       1.8140843487549
 4000.0       1.8578565733060
 4100.0       1.9036152664598
 4200.0       1.9515087238116
 4300.0       2.0016096750299
 4400.0       2.0541418639694
 4500.0       2.1095080039443
 4600.0       2.1666765209189
 4700.0       2.2302910805448
 4800.0       2.2846095898757
 4900.0       2.3885205059266
 5000.0       2.5827626095749
 5100.0       2.7065398864448
 5200.0       2.7352416358429
 5300.0       2.7652464152216
 5400.0       2.8014855513917
 5500.0       2.8461420383723
 5600.0       2.8786440400179
 5700.0       2.9103385276965
 5800.0       2.9468625338178
 5900.0       2.9815846645945
 6000.0       3.0314809061113

#P= 31.000000 GPa
    0.0       0.0000000000000
  100.0      -0.0309538901303
  200.0       0.1706725001898
  300.0       0.4404399875662
  400.0       0.6179434536295
  500.0       0.7328278114094
  600.0       0.8097210864953
  700.0       0.8650632873696
  800.0       0.9074692634824
  900.0       0.9419246165360
 1000.0       0.9713093720872
 1100.0       0.9973947042797
 1200.0       1.0213180698253
 1300.0       1.0438148338951
 1400.0       1.0654013455110
 1500.0       1.0864403027323
 1600.0       1.1071878923414
 1700.0       1.1278437910111
 1800.0       1.1485606817000
 1900.0       1.1694631263723
 2000.0       1.1906526539557
 2100.0       1.2122077336151
 2200.0       1.2342019252641
 2300.0       1.2567046266827
 2400.0       1.2797853450098
 2500.0       1.3034980236310
 2600.0       1.3278804911655
 2700.0       1.3530168436194
 2800.0       1.3789424303477
 2900.0       1.4057113879665
 3000.0       1.4334166074309
 3100.0       1.4620651160593
 3200.0       1.4917436964176
 3300.0       1.5225064927583
 3400.0       1.5544455653660
 3500.0       1.5876249164655
 3600.0       1.6220865154173
 3700.0       1.6579764225389
 3800.0       1.6953024631536
 3900.0       1.7342461892146
 4000.0       1.7748441182198
 4100.0       1.8172360490991
 4200.0       1.8615510376958
 4300.0       1.9078411983050
 4400.0       1.9563079419231
 4500.0       2.0073845396995
 4600.0       2.0597768629307
 4700.0       2.1189788281358
 4800.0       2.1660068992589
 4900.0       2.2715712049244
 5000.0       2.4922572565624
 5100.0       2.6329332902371
 5200.0       2.6589360567004
 5300.0       2.6876768302206
 5400.0       2.7235324309461
 5500.0       2.7675090839426
 5600.0       2.7994572097708
 5700.0       2.8302449822134
 5800.0       2.8662729714687
 5900.0       2.9003631935318
 6000.0       2.9440801672276

#P= 32.000000 GPa
    0.0       0.0000000000000
  100.0      -0.0419600526110
  200.0       0.1513154317380
  300.0       0.4167303216387
  400.0       0.5920069212921
  500.0       0.7055194881412
  600.0       0.7813799375936
  700.0       0.8358351173140
  800.0       0.8774153800916
  900.0       0.9110663538783
 1000.0       0.9396473045491
 1100.0       0.9649180459234
 1200.0       0.9880107141145
 1300.0       1.0096551296686
 1400.0       1.0303615550117
 1500.0       1.0504890551862
 1600.0       1.0702915512386
 1700.0       1.0899687895661
 1800.0       1.1096700786146
 1900.0       1.1295146225842
 2000.0       1.1496010900558
 2100.0       1.1700081701931
 2200.0       1.1908074422235
 2300.0       1.2120623469602
 2400.0       1.2338380649627
 2500.0       1.2561874584873
 2600.0       1.2791464192463
 2700.0       1.3027926751826
 2800.0       1.3271550603642
 2900.0       1.3522867625304
 3000.0       1.3782769978093
 3100.0       1.4051231487125
 3200.0       1.4329073523459
 3300.0       1.4616791291395
 3400.0       1.4915240390198
 3500.0       1.5224957706317
 3600.0       1.5546298908595
 3700.0       1.5880655624198
 3800.0       1.6227958377278
 3900.0       1.6589979673576
 4000.0       1.6966912589872
 4100.0       1.7360067582141
 4200.0       1.7770586638726
 4300.0       1.8198790556558
 4400.0       1.8646523268257
 4500.0       1.9118379007798
 4600.0       1.9599116307570
 4700.0       2.0151150409218
 4800.0       2.0556226936470
 4900.0       2.1625067570378
 5000.0       2.4062427834693
 5100.0       2.5616303923592
 5200.0       2.5851815493596
 5300.0       2.6127136852532
 5400.0       2.6481472628384
 5500.0       2.6914333640007
 5600.0       2.7228080823731
 5700.0       2.7527093209769
 5800.0       2.7882112245558
 5900.0       2.8216603275584
 6000.0       2.8597967135442

#P= 33.000000 GPa
    0.0       0.0000000000000
  100.0      -0.0525351233222
  200.0       0.1326991713294
  300.0       0.3938897755541
  400.0       0.5670057991129
  500.0       0.6791960633955
  600.0       0.7540668361077
  700.0       0.8076748531307
  800.0       0.8484684222712
  900.0       0.8813550116954
 1000.0       0.9091752657621
 1100.0       0.9336783331509
 1200.0       0.9559872748187
 1300.0       0.9768261418865
 1400.0       0.9967011764194
 1500.0       1.0159701613111
 1600.0       1.0348861081974
 1700.0       1.0536441913959
 1800.0       1.0723896352140
 1900.0       1.0912394854819
 2000.0       1.1102927310402
 2100.0       1.1296263027891
 2200.0       1.1493063332182
 2300.0       1.1693923017780
 2400.0       1.1899484650694
 2500.0       1.2110272167184
 2600.0       1.2326585757143
 2700.0       1.2549146409425
 2800.0       1.2778220869676
 2900.0       1.3014328566675
 3000.0       1.3258302451883
 3100.0       1.3510028508228
 3200.0       1.3770319554397
 3300.0       1.4039618705922
 3400.0       1.4318702019990
 3500.0       1.4608035900731
 3600.0       1.4907920790040
 3700.0       1.5219682120345
 3800.0       1.5543113649932
 3900.0       1.5879963647496
 4000.0       1.6230275729428
 4100.0       1.6595269718413
 4200.0       1.6975974232397
 4300.0       1.7372528889102
 4400.0       1.7786634925021
 4500.0       1.8223118444164
 4600.0       1.8664718170008
 4700.0       1.9180417632186
 4800.0       1.9527103689077
 4900.0       2.0606051198666
 5000.0       2.3243473638268
 5100.0       2.4924926506598
 5200.0       2.5138115879924
 5300.0       2.5401900429431
 5400.0       2.5751657206493
 5500.0       2.6177533265196
 5600.0       2.6485413609543
 5700.0       2.6775693467793
 5800.0       2.7125275910520
 5900.0       2.7453250810770
 6000.0       2.7784015563161

#P= 34.000000 GPa
    0.0       0.0000000000000
  100.0      -0.0626977293446
  200.0       0.1147925836618
  300.0       0.3718827973595
  400.0       0.5429013369599
  500.0       0.6538143837434
  600.0       0.7277340760760
  700.0       0.7805321433744
  800.0       0.8205774398432
  900.0       0.8527406220939
 1000.0       0.8798416068747
 1100.0       0.9036174114381
 1200.0       0.9251840077929
 1300.0       0.9452612367807
 1400.0       0.9643538909399
 1500.0       0.9828163069595
 1600.0       1.0008969821556
 1700.0       1.0187885676470
 1800.0       1.0366341439628
 1900.0       1.0545515572863
 2000.0       1.0726373618508
 2100.0       1.0909632639254
 2200.0       1.1095927168671
 2300.0       1.1285843524262
 2400.0       1.1480023094811
 2500.0       1.1678941823964
 2600.0       1.1882844016672
 2700.0       1.2092431617997
 2800.0       1.2307968922693
 2900.0       1.2529928980186
 3000.0       1.2759075401089
 3100.0       1.2995254318655
 3200.0       1.3239275067303
 3300.0       1.3491510809846
 3400.0       1.3752656801676
 3500.0       1.4023148336422
 3600.0       1.4303233360913
 3700.0       1.4594155512012
 3800.0       1.4895604056475
 3900.0       1.5209310657523
 4000.0       1.5535183768936
 4100.0       1.5874355689637
 4200.0       1.6227769795538
 4300.0       1.6595408284868
 4400.0       1.6978831872433
 4500.0       1.7383095256765
 4600.0       1.7789158830989
 4700.0       1.8271739426313
 4800.0       1.8566106107031
 4900.0       1.9652274837886
 5000.0       2.2462418900697
 5100.0       2.4253921694672
 5200.0       2.4446773048212
 5300.0       2.4699531965951
 5400.0       2.5044379115860
 5500.0       2.5463249108334
 5600.0       2.5765106877845
 5700.0       2.6046836103830
 5800.0       2.6390810043245
 5900.0       2.6712135568957
 6000.0       2.6997304539170

#P= 35.000000 GPa
    0.0       0.0000000000000
  100.0      -0.0724651243838
  200.0       0.0975652638506
  300.0       0.3506726353966
  400.0       0.5196530013714
  500.0       0.6293319080550
  600.0       0.7023389832548
  700.0       0.7543649217497
  800.0       0.7936987529466
  900.0       0.8251740511647
 1000.0       0.8515915776150
 1100.0       0.8746777814543
 1200.0       0.8955433410967
 1300.0       0.9149037816516
 1400.0       0.9332588843705
 1500.0       0.9509593132404
 1600.0       0.9682512094850
 1700.0       0.9853267626771
 1800.0       1.0023288102851
 1900.0       1.0193711743615
 2000.0       1.0365467906503
 2100.0       1.0539252362132
 2200.0       1.0715699406667
 2300.0       1.0895392076669
 2400.0       1.1078920499032
 2500.0       1.1266721082791
 2600.0       1.1459015008370
 2700.0       1.1656512281470
 2800.0       1.1859440011084
 2900.0       1.2068204520938
 3000.0       1.2283535597993
 3100.0       1.2505273671499
 3200.0       1.2734197901565
 3300.0       1.2970590139866
 3400.0       1.3215107164515
 3500.0       1.3468167879210
 3600.0       1.3729955148356
 3700.0       1.4001626372231
 3800.0       1.4282806099222
 3900.0       1.4575206687751
 4000.0       1.4878604449603
 4100.0       1.5194062890451
 4200.0       1.5522456433413
 4300.0       1.5863626798470
 4400.0       1.6219006580762
 4500.0       1.6593860011496
 4600.0       1.6967604872704
 4700.0       1.7419908856148
 4800.0       1.7667365600962
 4900.0       1.8758083430590
 5000.0       2.1716321606466
 5100.0       2.3602117119774
 5200.0       2.3776439220456
 5300.0       2.4018626555685
 5400.0       2.4358298768588
 5500.0       2.4770141362908
 5600.0       2.5065860195946
 5700.0       2.5339210316020
 5800.0       2.5677415401038
 5900.0       2.5992046292935
 6000.0       2.6235959229848

#P= 36.000000 GPa
    0.0       0.0000000000000
  100.0      -0.0818538184620
  200.0       0.0809886984203
  300.0       0.3302263232490
  400.0       0.4972265468185
  500.0       0.6057134281085
  600.0       0.6778435315160
  700.0       0.7291301868957
  800.0       0.7677848172713
  900.0       0.7986055908365
 1000.0       0.8243758605564
 1100.0       0.8468113902847
 1200.0       0.8670147880463
 1300.0       0.8856966640862
 1400.0       0.9033534515939
 1500.0       0.9203341060018
 1600.0       0.9368843756943
 1700.0       0.9531937616995
 1800.0       0.9694014744185
 1900.0       0.9856190127832
 2000.0       1.0019376157832
 2100.0       1.0184280252132
 2200.0       1.0351515642344
 2300.0       1.0521616828557
 2400.0       1.0695149740214
 2500.0       1.0872532241707
 2600.0       1.1053995446508
 2700.0       1.1240213853452
 2800.0       1.1431355991241
 2900.0       1.1627798047190
 3000.0       1.1830269525761
 3100.0       1.2038588375553
 3200.0       1.2253468391443
 3300.0       1.2475129117745
 3400.0       1.2704227304744
 3500.0       1.2941151951059
 3600.0       1.3185994356770
 3700.0       1.3439859084220
 3800.0       1.3702331816197
 3900.0       1.3975092431493
 4000.0       1.4257787867826
 4100.0       1.4551434757044
 4200.0       1.4856854654593
 4300.0       1.5173759765524
 4400.0       1.5503460240603
 4500.0       1.5851417521642
 4600.0       1.6195719663186
 4700.0       1.6620275829843
 4800.0       1.6825653221147
 4900.0       1.7918451653249
 5000.0       2.1002546712431
 5100.0       2.2968444357679
 5200.0       2.3125875661307
 5300.0       2.3357917676130
 5400.0       2.3692188136838
 5500.0       2.4096981429860
 5600.0       2.4386483848075
 5700.0       2.4651607895063
 5800.0       2.4983918946754
 5900.0       2.5291836112995
 6000.0       2.5498321652540

#P= 37.000000 GPa
    0.0       0.0000000000000
  100.0      -0.0908797537318
  200.0       0.0650361870109
  300.0       0.3105128109925
  400.0       0.4755873046648
  500.0       0.5829204570481
  600.0       0.6542064396394
  700.0       0.7047857271153
  800.0       0.7427944059734
  900.0       0.7729950022798
 1000.0       0.7981514619727
 1100.0       0.8199692177308
 1200.0       0.8395442538592
 1300.0       0.8575835846371
 1400.0       0.8745821727794
 1500.0       0.8908860710688
 1600.0       0.9067372457586
 1700.0       0.9223229688373
 1800.0       0.9377806747581
 1900.0       0.9532218343946
 2000.0       0.9687375999366
 2100.0       0.9843949797228
 2200.0       1.0002521654472
 2300.0       1.0163605660964
 2400.0       1.0327764140646
 2500.0       1.0495418777403
 2600.0       1.0666757495873
 2700.0       1.0842412397926
 2800.0       1.1022525959365
 2900.0       1.1207477902778
 3000.0       1.1397983382060
 3100.0       1.1593795577501
 3200.0       1.1795586277394
 3300.0       1.2003551418818
 3400.0       1.2218350510288
 3500.0       1.2440306549462
 3600.0       1.2669431201739
 3700.0       1.2906815308606
 3800.0       1.3152007662582
 3900.0       1.3406631926960
 4000.0       1.3670225978209
 4100.0       1.3943790217052
 4200.0       1.4228088897476
 4300.0       1.4522704310495
 4400.0       1.4828855316373
 4500.0       1.5152174834682
 4600.0       1.5469611081283
 4700.0       1.5868671129669
 4800.0       1.6036289885629
 4900.0       1.7128897209473
 5000.0       2.0318727097575
 5100.0       2.2351923531091
 5200.0       2.2493952646910
 5300.0       2.2716245289905
 5400.0       2.3044916003391
 5500.0       2.3442659898394
 5600.0       2.3725876359843
 5700.0       2.3982926766326
 5800.0       2.4309246414491
 5900.0       2.4610416336874
 6000.0       2.4783048283450

#P= 38.000000 GPa
    0.0       0.0000000000000
  100.0      -0.0995574166310
  200.0       0.0496817599067
  300.0       0.2915007895379
  400.0       0.4547016444411
  500.0       0.5609190615906
  600.0       0.6313943113919
  700.0       0.6812973979606
  800.0       0.7186896120157
  900.0       0.7482989325053
 1000.0       0.7728711728560
 1100.0       0.7941028855232
 1200.0       0.8130846877627
 1300.0       0.8305185369555
 1400.0       0.8468954595986
 1500.0       0.8625587090904
 1600.0       0.8777483018508
 1700.0       0.8926510419405
 1800.0       0.9074042869092
 1900.0       0.9221168721597
 2000.0       0.9368767549324
 2100.0       0.9517488943808
 2200.0       0.9667904859019
 2300.0       0.9820537636952
 2400.0       0.9975932575778
 2500.0       1.0134468904576
 2600.0       1.0296306187791
 2700.0       1.0462058706605
 2800.0       1.0631878212063
 2900.0       1.0806123279337
 3000.0       1.0985452206591
 3100.0       1.1169583844783
 3200.0       1.1359175843836
 3300.0       1.1554422268364
 3400.0       1.1755936614576
 3500.0       1.1963972548496
 3600.0       1.2178506823938
 3700.0       1.2400634451382
 3800.0       1.2629844932437
 3900.0       1.2867688280797
 4000.0       1.3113637572717
 4100.0       1.3368692531382
 4200.0       1.3633543419026
 4300.0       1.3907648257186
 4400.0       1.4192173467080
 4500.0       1.4492890029391
 4600.0       1.4785768092945
 4700.0       1.5161349078949
 4800.0       1.5295090466106
 4900.0       1.6385401113786
 5000.0       1.9662732970716
 5100.0       2.1751650304310
 5200.0       2.1879632521491
 5300.0       2.2092547358118
 5400.0       2.2415443746167
 5500.0       2.2806152583006
 5600.0       2.3083028363738
 5700.0       2.3332154597162
 5800.0       2.3652402974529
 5900.0       2.3946795917745
 6000.0       2.4088884525109

#P= 39.000000 GPa
    0.0       0.0000000000000
  100.0      -0.1079013751519
  200.0       0.0349014172217
  300.0       0.2731633428529
  400.0       0.4345410054289
  500.0       0.5396780026059
  600.0       0.6093718861584
  700.0       0.6586261496152
  800.0       0.6954295188568
  900.0       0.7244767190298
 1000.0       0.7484961902223
 1100.0       0.7691737801231
 1200.0       0.7875931784212
 1300.0       0.8044524776554
 1400.0       0.8202398982584
 1500.0       0.8352974981817
 1600.0       0.8498645972542
 1700.0       0.8641254417278
 1800.0       0.8782144382369
 1900.0       0.8922387709758
 2000.0       0.9062851048594
 2100.0       0.9204188129426
 2200.0       0.9346967103578
 2300.0       0.9491676022720
 2400.0       0.9638831875053
 2500.0       0.9788793912155
 2600.0       0.9941718224000
 2700.0       1.0098226290299
 2800.0       1.0258433598293
 2900.0       1.0422655280112
 3000.0       1.0591523937424
 3100.0       1.0764751156154
 3200.0       1.0943000126831
 3300.0       1.1126408116622
 3400.0       1.1315540957362
 3500.0       1.1510620925470
 3600.0       1.1711623252293
 3700.0       1.1919616619856
 3800.0       1.2134005027133
 3900.0       1.2356300230728
 4000.0       1.2585949095484
 4100.0       1.2823926696506
 4200.0       1.3070831025499
 4300.0       1.3326038325230
 4400.0       1.3590680569765
 4500.0       1.3870628401158
 4600.0       1.4141022754827
 4700.0       1.4494932593760
 4800.0       1.4598289062892
 4900.0       1.5684358760368
 5000.0       1.9032638262322
 5100.0       2.1166790234617
 5200.0       2.1281964491428
 5300.0       2.1485844883857
 5400.0       2.1802822552785
 5500.0       2.2186515236454
 5600.0       2.2457006736599
 5700.0       2.2698357772538
 5800.0       2.3012472277393
 5900.0       2.3300068756459
 6000.0       2.3414626059901

#P= 40.000000 GPa
    0.0       0.0000000000000
  100.0      -0.1159245572390
  200.0       0.0206719405215
  300.0       0.2554720690138
  400.0       0.4150738858765
  500.0       0.5191640234367
  600.0       0.5881057591232
  700.0       0.6367396607453
  800.0       0.6729823554220
  900.0       0.7014946083037
 1000.0       0.7249878350642
 1100.0       0.7451380386066
 1200.0       0.7630232730772
 1300.0       0.7793392372475
 1400.0       0.7945712464509
 1500.0       0.8090581543066
 1600.0       0.8230369382707
 1700.0       0.8366900838458
 1800.0       0.8501508150916
 1900.0       0.8635263332284
 2000.0       0.8769032450589
 2100.0       0.8903441286272
 2200.0       0.9039028108152
 2300.0       0.9176268936891
 2400.0       0.9315669697797
 2500.0       0.9457596271196
 2600.0       0.9602194551620
 2700.0       0.9750042996517
 2800.0       0.9901230807090
 2900.0       1.0056055454428
 3000.0       1.0215152051643
 3100.0       1.0378227724050
 3200.0       1.0545894344117
 3300.0       1.0718246120900
 3400.0       1.0895828542450
 3500.0       1.1078870165021
 3600.0       1.1267318515042
 3700.0       1.1462175959876
 3800.0       1.1662795430988
 3900.0       1.1870684951000
 4000.0       1.2085269742207
 4100.0       1.2307457101821
 4200.0       1.2537771873147
 4300.0       1.2775552338692
 4400.0       1.3021897761175
 4500.0       1.3282727168951
 4600.0       1.3532500395571
 4700.0       1.3866371686672
 4800.0       1.3942499766077
 4900.0       1.5022522369476
 5000.0       1.8426700844059
 5100.0       2.0596570928725
 5200.0       2.0700070860578
 5300.0       2.0895239119140
 5400.0       2.1206173839689
 5500.0       2.1582874733241
 5600.0       2.1846959773575
 5700.0       2.2080670965941
 5800.0       2.2388601069089
 5900.0       2.2669403524111
 6000.0       2.2759151908607

