# T (K)      B_S (GPa)
# P = 0.000000 (GPa)
    1.0     178.3108915422721
  100.0     177.8828393603526
  200.0     176.2531086072598
  300.0     174.2973799220193
  400.0     172.0866839818223
  500.0     169.8209206623551
  600.0     167.4837547022888
  700.0     165.1245723491266
  800.0     162.7462475926958
  900.0     160.3617015605834
 1000.0     157.9753833729490
 1100.0     155.5927447967288
 1200.0     153.2171307262871
 1300.0     150.8518761393191
 1400.0     148.5003997349760
 1500.0     146.1649893388424
 1600.0     143.8491075082743
 1700.0     141.5555036843010
 1800.0     139.2872020105441
 1900.0     137.0478937820254
 2000.0     134.8406572857357
 2100.0     132.6694290030996
 2200.0     130.5385987805487
 2300.0     128.4527957674328
 2400.0     126.4175402724273
 2500.0     124.4365495365776
 2600.0     122.5169242968899
 2700.0     120.6705380385391
 2800.0     118.8923761345228
 2900.0     117.2104216060160
 3000.0     115.6171759363230
 3100.0     114.1278860587033
 3200.0     112.7740186644154
 3300.0     111.5262192954896
 3400.0     110.4364689422709
 3500.0     109.3742797163655
 3600.0     108.4147575587503
 3700.0     107.3519575249990
 3800.0     106.2385722429539
 3900.0     104.9314446204053
 4000.0     103.1486751014874
 4100.0     101.1785300554579
 4200.0      98.5337664249024
 4300.0      95.2048264153880
 4400.0      90.7801908379602
 4500.0      86.8461744915870
 4600.0      76.5987163256450
 4700.0     120.5016932613927
 4800.0      33.0368002144049
 4900.0      10.7725994691421
 5000.0      13.2674609133361
 5100.0      13.0486974263916
 5200.0      13.3102514741748
 5300.0      13.6920181832982
 5400.0      22.0681059933879
 5500.0      14.4095750851566
 5600.0       8.3611844299938
 5700.0      16.2282015817702
 5800.0      13.4019067598429
 5900.0      15.6042164955554
 6000.0      16.6105762924195
# P = 1.000000 (GPa)
    1.0     182.3400891135095
  100.0     181.9037579724543
  200.0     180.2681765506395
  300.0     178.3028977483814
  400.0     176.0879697901117
  500.0     173.8158287025757
  600.0     171.4722001104317
  700.0     169.1049646723780
  800.0     166.7172833309462
  900.0     164.3217596987611
 1000.0     161.9227859108426
 1100.0     159.5256126080374
 1200.0     157.1334992857537
 1300.0     154.7495875591863
 1400.0     152.3770864878773
 1500.0     150.0181314793958
 1600.0     147.6759282810521
 1700.0     145.3529898994514
 1800.0     143.0520484867363
 1900.0     140.7764923617096
 2000.0     138.5290594195467
 2100.0     136.3132731008955
 2200.0     134.1330682350687
 2300.0     131.9925767936569
 2400.0     129.8967028289772
 2500.0     127.8486220420015
 2600.0     125.8545455202750
 2700.0     123.9252712473811
 2800.0     122.0554118826884
 2900.0     120.2706154545414
 3000.0     118.5629796819960
 3100.0     116.9461101813841
 3200.0     115.4466616168719
 3300.0     114.0433489242778
 3400.0     112.8102646766945
 3500.0     111.6647834751992
 3600.0     110.6703071268430
 3700.0     109.7108971454534
 3800.0     108.7566305053623
 3900.0     107.7808967980775
 4000.0     106.4757708452509
 4100.0     105.0936326753285
 4200.0     103.1313206551365
 4300.0     100.6623066899014
 4400.0      97.2631786475274
 4500.0      93.9760797213357
 4600.0      85.3849176698718
 4700.0     110.8466574553831
 4800.0      42.8348605254456
 4900.0      10.6827929217659
 5000.0      15.2315503095328
 5100.0      15.4984789107697
 5200.0      16.1706823753611
 5300.0      16.2603082807468
 5400.0      19.8782281866320
 5500.0      16.6940043095373
 5600.0      24.8600753316195
 5700.0      18.1029721946358
 5800.0       6.0373382436810
 5900.0      17.5839563329703
 6000.0      18.3516229438546
# P = 2.000000 (GPa)
    1.0     186.3693048737411
  100.0     185.9254526233713
  200.0     184.2852595853164
  300.0     182.3117157099586
  400.0     180.0935437364174
  500.0     177.8161892141061
  600.0     175.4672800271978
  700.0     173.0933216632160
  800.0     170.6977152182582
  900.0     168.2927758036109
 1000.0     165.8828362250141
 1100.0     163.4729901742993
 1200.0     161.0663622305707
 1300.0     158.6659551179113
 1400.0     156.2748145372325
 1500.0     153.8949065211734
 1600.0     151.5292061880549
 1700.0     149.1800229010419
 1800.0     146.8498540255233
 1900.0     144.5417693695185
 2000.0     142.2582563214131
 2100.0     140.0024514087405
 2200.0     137.7779050610454
 2300.0     135.5882992601024
 2400.0     133.4380253717922
 2500.0     131.3298116271359
 2600.0     129.2690925288823
 2700.0     127.2657156809192
 2800.0     125.3140837943941
 2900.0     123.4378028242701
 3000.0     121.6287920280301
 3100.0     119.8989345787105
 3200.0     118.2722015524420
 3300.0     116.7276172903955
 3400.0     115.3319581853882
 3500.0     114.0245183628003
 3600.0     112.8959165899921
 3700.0     111.8860649795159
 3800.0     110.9521236117362
 3900.0     110.1242475754655
 4000.0     109.1137197344813
 4100.0     108.1519935807978
 4200.0     106.7554415925186
 4300.0     105.0468012304514
 4400.0     102.6213958360782
 4500.0     100.1531318691404
 4600.0      93.2689744224862
 4700.0     109.8173172473983
 4800.0      54.0927798245493
 4900.0       9.1115656514268
 5000.0      17.5552807146666
 5100.0      18.6348441473800
 5200.0      19.7586063241935
 5300.0      19.5644898226196
 5400.0      22.4427115844596
 5500.0      19.6785655198148
 5600.0      24.4076386938022
 5700.0      20.6665152253620
 5800.0      30.5055920763066
 5900.0      20.1746749973465
 6000.0      20.6836858458587
# P = 3.000000 (GPa)
    1.0     190.3985324928289
  100.0     189.9478843255225
  200.0     188.3042441968189
  300.0     186.3236483817853
  400.0     184.1031955901430
  500.0     181.8216937421918
  600.0     179.4686548250268
  700.0     177.0892162109363
  800.0     174.6870378829105
  900.0     172.2741459195288
 1000.0     169.8548289902797
 1100.0     167.4340165373325
 1200.0     165.0147645618811
 1300.0     162.5999121626254
 1400.0     160.1923244237904
 1500.0     157.7938595644571
 1600.0     155.4072835095614
 1700.0     153.0347104631847
 1800.0     150.6784209182752
 1900.0     148.3412435446994
 2000.0     146.0253826358160
 2100.0     143.7337122003900
 2200.0     141.4693854578187
 2300.0     139.2356948871968
 2400.0     137.0366246459931
 2500.0     134.8744695674924
 2600.0     132.7540536856136
 2700.0     130.6844027373698
 2800.0     128.6597378239447
 2900.0     126.7018816437938
 3000.0     124.8027564336578
 3100.0     122.9727114332890
 3200.0     121.2335698714210
 3300.0     119.5645846433075
 3400.0     118.0274077165509
 3500.0     116.5629988193783
 3600.0     115.2567727479474
 3700.0     114.0833011058394
 3800.0     113.0409269405407
 3900.0     112.1923728006514
 4000.0     111.2880014448144
 4100.0     110.5506405096227
 4200.0     109.5400688910193
 4300.0     108.4082595552222
 4400.0     106.7923929080892
 4500.0     105.1402142322755
 4600.0      99.8511436923112
 4700.0     111.6373259640520
 4800.0      65.7113671754475
 4900.0       4.7258834465060
 5000.0      20.0417915810638
 5100.0      22.4883343943951
 5200.0      24.0598726504915
 5300.0      23.6124309812278
 5400.0      26.1366810436218
 5500.0      23.3907443938209
 5600.0      27.1656527185421
 5700.0      23.9438811925507
 5800.0      29.0914650953151
 5900.0      23.4072602059850
 6000.0      23.6382003044240
# P = 4.000000 (GPa)
    1.0     194.4277724125794
  100.0     193.9710177620147
  200.0     192.3250585983194
  300.0     190.3385488613397
  400.0     188.1167043818922
  500.0     185.8320895665561
  600.0     183.4759949643916
  700.0     181.0922531051702
  800.0     178.6847691514848
  900.0     176.2653079293461
 1000.0     173.8381014664064
 1100.0     171.4079570659938
 1200.0     168.9778227285353
 1300.0     166.5504006090901
 1400.0     164.1284321549711
 1500.0     161.7136475860721
 1600.0     159.3086139646377
 1700.0     156.9152986101481
 1800.0     154.5357869484556
 1900.0     152.1726454090164
 2000.0     149.8278996743763
 2100.0     147.5041056275281
 2200.0     145.2041450806421
 2300.0     142.9309670665436
 2400.0     140.6881465622598
 2500.0     138.4776549463573
 2600.0     136.3037705326976
 2700.0     134.1747571451698
 2800.0     132.0848127673168
 2900.0     130.0541330312287
 3000.0     128.0746969689754
 3100.0     126.1556141914099
 3200.0     124.3168261141883
 3300.0     122.5379856775025
 3400.0     120.8761822643165
 3500.0     119.2747353548758
 3600.0     117.8126198486581
 3700.0     116.4624530296891
 3800.0     115.2327913236479
 3900.0     114.2244888333098
 4000.0     113.2551935228224
 4100.0     112.5478354314261
 4200.0     111.7175899691389
 4300.0     110.9345997705518
 4400.0     109.8915543842938
 4500.0     108.9156082951549
 4600.0     104.9776387791603
 4700.0     114.1545322491964
 4800.0      76.4736520141060
 4900.0      -4.4222793152968
 5000.0      22.4498316396409
 5100.0      27.0680586473347
 5200.0      29.0275472008113
 5300.0      28.3725767329222
 5400.0      30.6315172279925
 5500.0      27.8292275150522
 5600.0      31.0135286604157
 5700.0      27.9426586280400
 5800.0      32.1098675740796
 5900.0      27.3010621881484
 6000.0      27.2498970020453
# P = 5.000000 (GPa)
    1.0     198.4570179017884
  100.0     197.9948319188935
  200.0     196.3475977652349
  300.0     194.3562745274264
  400.0     192.1338995442345
  500.0     189.8471413440688
  600.0     187.4889935345968
  700.0     185.1020636710020
  800.0     182.6904779963166
  900.0     180.2657412869845
 1000.0     177.8320586645955
 1100.0     175.3940954230173
 1200.0     172.9547025074224
 1300.0     170.5165047828387
 1400.0     168.0820783681553
 1500.0     165.6530407875216
 1600.0     163.2318171725699
 1700.0     160.8201992814479
 1800.0     158.4201053379975
 1900.0     156.0339162576619
 2000.0     153.6634448788107
 2100.0     151.3110155616469
 2200.0     148.9792067077365
 2300.0     146.6706897492510
 2400.0     144.3887006298326
 2500.0     142.1349223414238
 2600.0     139.9131430402618
 2700.0     137.7309947107470
 2800.0     135.5826769795545
 2900.0     133.4869088063781
 3000.0     131.4358412829632
 3100.0     129.4374593775012
 3200.0     127.5101401763216
 3300.0     125.6339635529815
 3400.0     123.8620446822877
 3500.0     122.1401257533875
 3600.0     120.5411204839455
 3700.0     119.0381650517996
 3800.0     117.6375198386108
 3900.0     116.4300709804551
 4000.0     115.2726087661008
 4100.0     114.4241101115200
 4200.0     113.5750181202260
 4300.0     112.9061630910635
 4400.0     112.1701071555220
 4500.0     111.6436376742645
 4600.0     108.7281053670855
 4700.0     116.4364367329034
 4800.0      85.4821783007703
 4900.0     -20.9875626461254
 5000.0      24.5406500485791
 5100.0      32.3248001247403
 5200.0      34.5750256570157
 5300.0      33.7622659014243
 5400.0      35.7893068502505
 5500.0      32.9425820684981
 5600.0      35.6203914388952
 5700.0      32.6312168960634
 5800.0      36.3594216909724
 5900.0      31.8432454667815
 6000.0      31.5344448154198
# P = 6.000000 (GPa)
    1.0     202.4862780053494
  100.0     202.0192914145763
  200.0     200.3717881454119
  300.0     198.3767016456974
  400.0     196.1546090309594
  500.0     193.8666305254432
  600.0     191.5073896727066
  700.0     189.1183211741466
  800.0     186.7037590450644
  900.0     184.2749742779723
 1000.0     181.8361290044906
 1100.0     179.3917617952219
 1200.0     176.9446704013292
 1300.0     174.4973461146040
 1400.0     172.0522401309118
 1500.0     169.6109136073911
 1600.0     167.1755833467099
 1700.0     164.7479427060137
 1800.0     162.3297565358466
 1900.0     159.9231871482457
 2000.0     157.5298934390023
 2100.0     155.1519957756694
 2200.0     152.7918248750014
 2300.0     150.4517721278595
 2400.0     148.1347857115283
 2500.0     145.8423022677783
 2600.0     143.5776982480559
 2700.0     141.3480056175918
 2800.0     139.1474784361041
 2900.0     136.9935256695877
 3000.0     134.8785010073829
 3100.0     132.8094376802214
 3200.0     130.8032690717731
 3300.0     128.8406741034440
 3400.0     126.9711912072582
 3500.0     125.1429086442120
 3600.0     123.4234452710825
 3700.0     121.7866892872388
 3800.0     120.2368756519946
 3900.0     118.8579007009170
 4000.0     117.5130379280831
 4100.0     116.4449287514069
 4200.0     115.4131049172345
 4300.0     114.6463360615367
 4400.0     113.9613189256104
 4500.0     113.6231368056455
 4600.0     111.3679069609828
 4700.0     118.1522631791763
 4800.0      92.3954554497582
 4900.0     -48.1492585048054
 5000.0      26.1900183701005
 5100.0      38.1372302117395
 5200.0      40.5785760081476
 5300.0      39.6523231526386
 5400.0      41.4855404714327
 5500.0      38.6243688481196
 5600.0      40.8291558714228
 5700.0      37.9276143000430
 5800.0      41.3544113803631
 5900.0      36.9752843136080
 6000.0      36.4615707457361
# P = 7.000000 (GPa)
    1.0     206.5155539112042
  100.0     206.0443575016640
  200.0     204.3975651207386
  300.0     202.3997035927397
  400.0     200.1786619317130
  500.0     197.8903400129765
  600.0     195.5309257534690
  700.0     193.1407060154815
  800.0     190.7242414260118
  900.0     188.2925613839473
 1000.0     185.8497929184312
 1100.0     183.4003671568109
 1200.0     180.9470168177465
 1300.0     178.4921173405775
 1400.0     176.0380333411252
 1500.0     173.5862040962244
 1600.0     171.1387387567453
 1700.0     168.6971942064143
 1800.0     166.2631812336307
 1900.0     163.8387252541156
 2000.0     161.4253301981424
 2100.0     159.0248854522792
 2200.0     156.6395307354975
 2300.0     154.2714448146605
 2400.0     151.9232652661626
 2500.0     149.5962484355371
 2600.0     147.2933859531094
 2700.0     145.0211933523604
 2800.0     142.7740327902507
 2900.0     140.5680796123129
 3000.0     138.3959316793976
 3100.0     136.2638124527291
 3200.0     134.1873799120483
 3300.0     132.1479406668311
 3400.0     130.1917589980870
 3500.0     128.2693503009230
 3600.0     126.4434925243618
 3700.0     124.6890082194937
 3800.0     123.0085557036095
 3900.0     121.4798522930326
 4000.0     119.9731557392184
 4100.0     118.7135034454883
 4200.0     117.4725732349706
 4300.0     116.4779918350208
 4400.0     115.6265342917611
 4500.0     115.2261405593422
 4600.0     113.2809529060011
 4700.0     119.3328041812690
 4800.0      97.3858632867032
 4900.0     -88.7652232893396
 5000.0      27.5266152621091
 5100.0      44.3326176774854
 5200.0      46.8897095072427
 5300.0      45.8847116525978
 5400.0      47.5810881707758
 5500.0      44.7265168970675
 5600.0      46.5047095901322
 5700.0      43.7052178088975
 5800.0      46.8860158439587
 5900.0      42.5937056631036
 6000.0      41.9386315174868
# P = 8.000000 (GPa)
    1.0     210.5448255113848
  100.0     210.0700200909058
  200.0     208.4248309563966
  300.0     206.4251626676969
  400.0     204.2059150241964
  500.0     201.9180818272611
  600.0     199.5593511459167
  700.0     197.1689368706568
  800.0     194.7515741939016
  900.0     192.3180847650640
 1000.0     189.8725716833344
 1100.0     187.4193546198803
 1200.0     184.9610904179241
 1300.0     182.5000872539750
 1400.0     180.0385842096342
 1500.0     177.5779559701258
 1600.0     175.1201827580926
 1700.0     172.6666978566080
 1800.0     170.2190204627546
 1900.0     167.7789790726420
 2000.0     165.3479445964441
 2100.0     162.9276841273470
 2200.0     160.5200995838878
 2300.0     158.1271282299791
 2400.0     155.7512621100579
 2500.0     153.3935314344435
 2600.0     151.0565959455754
 2700.0     148.7464856670184
 2800.0     146.4577181035046
 2900.0     144.2053184368648
 3000.0     141.9821853082938
 3100.0     139.7938090022074
 3200.0     137.6547047807315
 3300.0     135.5468678832342
 3400.0     133.5135656918760
 3500.0     131.5076283821187
 3600.0     129.5875820897768
 3700.0     127.7291717141122
 3800.0     125.9337973249137
 3900.0     124.2738338015951
 4000.0     122.6261201565127
 4100.0     121.1999058854501
 4200.0     119.7802982332953
 4300.0     118.5768466496689
 4400.0     117.4892052249264
 4500.0     116.8414978681186
 4600.0     114.8992071040604
 4700.0     120.2269455891953
 4800.0     100.9436620462133
 4900.0    -143.5125446523944
 5000.0      28.9564613654370
 5100.0      50.7273272318095
 5200.0      53.3551299065385
 5300.0      52.2964221211813
 5400.0      53.9257254681199
 5500.0      51.0835658249248
 5600.0      52.5082678606527
 5700.0      49.8115276159972
 5800.0      52.7971723883864
 5900.0      48.5641955750778
 6000.0      47.8176712373635
# P = 9.000000 (GPa)
    1.0     214.5741178661852
  100.0     214.0962482754051
  200.0     212.4535421298744
  300.0     210.4529621510707
  400.0     208.2362124009589
  500.0     205.9496733698105
  600.0     203.5924469937781
  700.0     201.2027272622288
  800.0     198.7854247300500
  900.0     196.3511662736357
 1000.0     193.9040152931388
 1100.0     191.4481893662531
 1200.0     188.9862988875604
 1300.0     186.5205617070844
 1400.0     184.0531164719433
 1500.0     181.5852784875697
 1600.0     179.1189028141854
 1700.0     176.6553240054406
 1800.0     174.1959496583732
 1900.0     171.7424587413486
 2000.0     169.2961531727790
 2100.0     166.8585502364997
 2200.0     164.4314401172511
 2300.0     162.0166040284938
 2400.0     159.6162217354377
 2500.0     157.2312407171239
 2600.0     154.8640482001938
 2700.0     152.5201973564610
 2800.0     150.1943769695805
 2900.0     147.9005572059978
 3000.0     145.6319571850582
 3100.0     143.3934324665319
 3200.0     141.1984259484506
 3300.0     139.0296932543984
 3400.0     136.9277070623655
 3500.0     134.8476323829098
 3600.0     132.8439608835614
 3700.0     130.8935575736026
 3800.0     128.9968344964011
 3900.0     127.2212895962861
 4000.0     125.4500719871131
 4100.0     123.8784867205561
 4200.0     122.3038615589395
 4300.0     120.9201549188999
 4400.0     119.6311475890449
 4500.0     118.7370358093591
 4600.0     116.6359312414384
 4700.0     121.1930919671060
 4800.0     103.6740355380123
 4900.0    -208.6453925151628
 5000.0      30.9624719056603
 5100.0      57.1651513079737
 5200.0      59.8401010393591
 5300.0      58.7435619699532
 5400.0      60.3742024843766
 5500.0      57.5386598325149
 5600.0      58.7006823093085
 5700.0      56.0917591016607
 5800.0      58.9435776618373
 5900.0      54.7423190319135
 6000.0      53.9245495382437
# P = 10.000000 (GPa)
    1.0     218.6034170962409
  100.0     218.1230098062837
  200.0     216.4836226245314
  300.0     214.4830046914595
  400.0     212.2694287361209
  500.0     209.9849334943355
  600.0     207.6299965842636
  700.0     205.2418158534149
  800.0     202.8254963535777
  900.0     200.3914372704890
 1000.0     197.9436920124043
 1100.0     195.4863842705647
 1200.0     193.0220764157475
 1300.0     190.5528918373575
 1400.0     188.0808941788168
 1500.0     185.6073439052930
 1600.0     183.1339536316718
 1700.0     180.6620231477587
 1800.0     178.1927968498871
 1900.0     175.7278875876009
 2000.0     173.2684092667807
 2100.0     170.8158210039678
 2200.0     168.3717196126715
 2300.0     165.9376777801196
 2400.0     163.5157800208546
 2500.0     161.1067795274674
 2600.0     158.7127835373261
 2700.0     156.3389839314228
 2800.0     153.9802856165927
 2900.0     151.6496136307462
 3000.0     149.3405358681771
 3100.0     147.0573457373313
 3200.0     144.8125277797163
 3300.0     142.5895911544893
 3400.0     140.4263967066153
 3500.0     138.2804401667738
 3600.0     136.2024977509785
 3700.0     134.1705397776796
 3800.0     132.1841405830866
 3900.0     130.3065349030576
 4000.0     128.4268172251142
 4100.0     126.7276409727792
 4200.0     125.0178513092894
 4300.0     123.4776696326523
 4400.0     122.0144787088485
 4500.0     120.9113611720143
 4600.0     118.6626514137423
 4700.0     122.5477754614710
 4800.0     106.1575500633407
 4900.0    -275.9979479962848
 5000.0      33.8106850452695
 5100.0      63.5423951767593
 5200.0      66.2504527714549
 5300.0      65.1216991834283
 5400.0      66.8070623662162
 5500.0      63.9655279615700
 5600.0      64.9561671499633
 5700.0      62.4102352574997
 5800.0      65.1933657905470
 5900.0      60.9938900340185
 6000.0      60.0949145740365
# P = 11.000000 (GPa)
    1.0     222.6327135000078
  100.0     222.1502892523664
  200.0     220.5150014718291
  300.0     218.5151878297205
  400.0     216.3054332741763
  500.0     214.0236966055771
  600.0     211.6717968008243
  700.0     209.2859710660996
  800.0     206.8714895497285
  900.0     204.4385591415913
 1000.0     201.9912204025913
 1100.0     199.5334950520451
 1200.0     197.0678959640833
 1300.0     194.5964864895136
 1400.0     192.1212488380150
 1500.0     189.6433662736137
 1600.0     187.1644953387519
 1700.0     184.6857935580391
 1800.0     182.2084677281557
 1900.0     179.7339751920534
 2000.0     177.2633627393036
 2100.0     174.7979456404188
 2200.0     172.3391588379856
 2300.0     169.8884939493648
 2400.0     167.4477774501121
 2500.0     165.0176918186550
 2600.0     162.6001512363123
 2700.0     160.1999020044250
 2800.0     157.8120653082263
 2900.0     155.4486905092903
 3000.0     153.1036744646200
 3100.0     150.7807998300520
 3200.0     148.4916294946474
 3300.0     146.2205055051862
 3400.0     144.0027823758530
 3500.0     141.7982941541655
 3600.0     139.6543111586129
 3700.0     137.5499658218114
 3800.0     135.4841826707123
 3900.0     133.5161530965303
 4000.0     131.5408911221163
 4100.0     129.7293390629428
 4200.0     127.9011866837418
 4300.0     126.2243360726758
 4400.0     124.6098698848150
 4500.0     123.3263317127432
 4600.0     120.9485202712293
 4700.0     124.2887445528428
 4800.0     108.7460521649794
 4900.0    -337.4435136675671
 5000.0      37.4158906677343
 5100.0      69.8196963894392
 5200.0      72.5494306538472
 5300.0      71.3803138997233
 5400.0      73.1504846112426
 5500.0      70.2842802441743
 5600.0      71.1790074620554
 5700.0      68.6664704119954
 5800.0      71.4383051504794
 5900.0      67.2111326815617
 6000.0      66.2014120148596
# P = 12.000000 (GPa)
    1.0     226.6620262030562
  100.0     226.1780539581300
  200.0     224.5476306641691
  300.0     222.5494160982061
  400.0     220.3440917609047
  500.0     218.0658131688875
  600.0     215.7176612005540
  700.0     213.3349546393900
  800.0     210.9231271501710
  900.0     208.4922102665003
 1000.0     206.0462141032808
 1100.0     203.5890786822673
 1200.0     201.1232651538663
 1300.0     198.6507856339520
 1400.0     196.1735329318818
 1500.0     193.6926538482359
 1600.0     191.2096857531508
 1700.0     188.7257455985674
 1800.0     186.2419320306090
 1900.0     183.7596025591325
 2000.0     181.2797278662378
 2100.0     178.8034935985322
 2200.0     176.3322232123315
 2300.0     173.8672396631935
 2400.0     171.4102399454647
 2500.0     168.9618299390891
 2600.0     166.5236404200522
 2700.0     164.1001701824214
 2800.0     161.6867174398179
 2900.0     159.2944154293663
 3000.0     156.9175574279344
 3100.0     154.5595023742588
 3200.0     152.2309386770984
 3300.0     149.9170210143611
 3400.0     147.6507862390826
 3500.0     145.3943141493177
 3600.0     143.1916293348500
 3700.0     141.0230045746916
 3800.0     138.8868851488979
 3900.0     136.8386526175039
 4000.0     134.7791069379553
 4100.0     132.8681739323229
 4200.0     130.9361493385397
 4300.0     129.1393911441648
 4400.0     127.3929706136750
 4500.0     125.9519995010192
 4600.0     123.4641857489098
 4700.0     126.3391999779633
 4800.0     111.4997251991937
 4900.0    -388.6948004596675
 5000.0      41.5150927899246
 5100.0      76.0170509349406
 5200.0      78.7624798160761
 5300.0      77.5307400243148
 5400.0      79.3912206591448
 5500.0      76.4709221150381
 5600.0      77.3185561678089
 5700.0      74.8055408936845
 5800.0      77.6073774614323
 5900.0      73.3236861074112
 6000.0      72.1663700566200
# P = 13.000000 (GPa)
    1.0     230.6913414030246
  100.0     230.2062950112121
  200.0     228.5814514626757
  300.0     226.5855963215844
  400.0     224.3853004507987
  500.0     222.1111373641391
  600.0     219.7674050600675
  700.0     217.3885476982962
  800.0     214.9801654998604
  900.0     212.5520911405974
 1000.0     210.1083249701015
 1100.0     207.6527278005047
 1200.0     205.1877283500985
 1300.0     202.7152644499083
 1400.0     200.2371525976588
 1500.0     197.7545140629047
 1600.0     195.2687804108357
 1700.0     192.7810203107662
 1800.0     190.2922440863595
 1900.0     187.8037181709282
 2000.0     185.3163325840013
 2100.0     182.8311483305355
 2200.0     180.3494091005164
 2300.0     177.8722861933627
 2400.0     175.4013748928955
 2500.0     172.9371232541075
 2600.0     170.4810680533183
 2700.0     168.0373305177118
 2800.0     165.6013989400672
 2900.0     163.1837146464822
 3000.0     160.7787916954108
 3100.0     158.3896184498613
 3200.0     156.0261590675887
 3300.0     153.6743576144086
 3400.0     151.3650167963160
 3500.0     149.0624471647489
 3600.0     146.8076013573103
 3700.0     144.5819046070984
 3800.0     142.3834408518545
 3900.0     140.2639900650460
 4000.0     138.1300436847864
 4100.0     136.1311067125412
 4200.0     134.1076444430704
 4300.0     132.2053335955273
 4400.0     130.3434099271145
 4500.0     128.7641083334318
 4600.0     126.1837522489093
 4700.0     128.6480912987468
 4800.0     114.4299966468248
 4900.0    -431.8883335863425
 5000.0      45.9373779732958
 5100.0      82.1500266399099
 5200.0      84.9139604915553
 5300.0      83.6088048836024
 5400.0      85.5641334140554
 5500.0      82.5565012723001
 5600.0      83.3789738363404
 5700.0      80.8236606076458
 5800.0      83.6782401650797
 5900.0      79.3049900723495
 6000.0      77.9629901914778
# P = 14.000000 (GPa)
    1.0     234.7206615997126
  100.0     234.2349865066921
  200.0     232.6164105729561
  300.0     230.6236429069108
  400.0     228.4289410743384
  500.0     226.1595187464049
  600.0     223.8208515006041
  700.0     221.4465489376668
  800.0     219.0423465571886
  900.0     216.6179139585220
 1000.0     214.1772298306594
 1100.0     211.7240785378260
 1200.0     209.2608476130331
 1300.0     206.7894273330595
 1400.0     204.3115611342677
 1500.0     201.8283264457000
 1600.0     199.3410924899183
 1700.0     196.8508353905531
 1800.0     194.3585251294374
 1900.0     191.8653314153186
 2000.0     189.3720559502430
 2100.0     186.8797002834516
 2200.0     184.3893649003246
 2300.0     181.9021436664527
 2400.0     179.4194690377879
 2500.0     176.9417608023397
 2600.0     174.4703422273132
 2700.0     172.0090606026329
 2800.0     169.5536499907207
 2900.0     167.1137215095155
 3000.0     164.6841988307269
 3100.0     162.2677247079142
 3200.0     159.8734516326632
 3300.0     157.4881675943304
 3400.0     155.1406285032438
 3500.0     152.7972733532770
 3600.0     150.4961383129408
 3700.0     148.2198200761017
 3800.0     145.9661214670675
 3900.0     143.7834103914715
 4000.0     141.5837677352529
 4100.0     139.5067506939655
 4200.0     137.4027702413010
 4300.0     135.4073333485610
 4400.0     133.4439586986171
 4500.0     131.7424463685597
 4600.0     129.0852906986443
 4700.0     131.1777431986822
 4800.0     117.5353971184248
 4900.0    -475.9207565549710
 5000.0      50.5416036196105
 5100.0      88.2261255488676
 5200.0      91.0046643859382
 5300.0      89.6216384244724
 5400.0      91.6746658248493
 5500.0      88.5658784185919
 5600.0      89.3812090276344
 5700.0      86.7526219391407
 5800.0      89.6773661535667
 5900.0      85.1744306665146
 6000.0      83.6100709063672
# P = 15.000000 (GPa)
    1.0     238.7499907782120
  100.0     238.2641061482556
  200.0     236.6524545527497
  300.0     234.6634789545732
  400.0     232.4749063291966
  500.0     230.2108303913357
  600.0     227.8778497085103
  700.0     225.5087646967769
  800.0     223.1094503510915
  900.0     220.6894157704482
 1000.0     218.2526154215302
 1100.0     215.8027714266415
 1200.0     213.3422203239784
 1300.0     210.8728145544539
 1400.0     208.3962258185995
 1500.0     205.9135047153227
 1600.0     203.4259329727020
 1700.0     200.9344527010243
 1800.0     198.4399576748852
 1900.0     195.9435134966960
 2000.0     193.4459028732250
 2100.0     190.9480070199334
 2200.0     188.4508458736523
 2300.0     185.9553988515491
 2400.0     183.4630048356890
 2500.0     180.9740042134887
 2600.0     178.4895584833982
 2700.0     176.0133046148119
 2800.0     173.5410789081410
 2900.0     171.0819163213302
 3000.0     168.6309805810825
 3100.0     166.1905687538326
 3200.0     163.7692965944050
 3300.0     161.3545922962352
 3400.0     158.9733036162148
 3500.0     156.5939330077885
 3600.0     154.2518504527475
 3700.0     151.9306990394136
 3800.0     149.6281064277750
 3900.0     147.3892254251176
 4000.0     145.1315891937093
 4100.0     142.9852640522095
 4200.0     140.8102989897306
 4300.0     138.7325553131000
 4400.0     136.6799830206251
 4500.0     134.8700253903255
 4600.0     132.1499095601982
 4700.0     133.8996422261122
 4800.0     120.8073136827826
 4900.0    -535.9312811180690
 5000.0      55.2164439717331
 5100.0      94.2516071680081
 5200.0      97.0352963819620
 5300.0      95.5730836955187
 5400.0      97.7195196748932
 5500.0      94.5051771149722
 5600.0      95.3217809838180
 5700.0      92.6052197702365
 5800.0      95.6148488112307
 5900.0      90.9608437109665
 6000.0      89.1510800492388
# P = 16.000000 (GPa)
    1.0     242.7793224953126
  100.0     242.2936374155787
  200.0     240.6895354782649
  300.0     238.7050292816826
  400.0     236.5231122432195
  500.0     234.2649520286964
  600.0     231.9382450948441
  700.0     229.5750113630289
  800.0     227.1812592233020
  900.0     224.7663390889691
 1000.0     222.3341866903554
 1100.0     219.8884589549991
 1200.0     217.4314593456807
 1300.0     214.9649842306996
 1400.0     212.4906624418693
 1500.0     210.0094935880188
 1600.0     207.5227122933993
 1700.0     205.0311772478856
 1800.0     202.5357602744596
 1900.0     200.0374304964980
 2000.0     197.5369179422543
 2100.0     195.0350154071459
 2200.0     192.5326731151198
 2300.0     190.0307760562955
 2400.0     187.5305471899984
 2500.0     185.0322753240715
 2600.0     182.5370063502375
 2700.0     180.0480909516495
 2800.0     177.5615893076663
 2900.0     175.0859010276259
 3000.0     172.6164645452916
 3100.0     170.1553519027341
 3200.0     167.7104804986866
 3300.0     165.2700368530775
 3400.0     162.8591471849754
 3500.0     160.4481013983028
 3600.0     158.0698489023710
 3700.0     155.7091205078941
 3800.0     153.3633675125970
 3900.0     151.0746803107006
 4000.0     148.7658619325962
 4100.0     146.5579953448114
 4200.0     144.3204558108478
 4300.0     142.1699314089975
 4400.0     140.0387856503127
 4500.0     138.1323587739920
 4600.0     135.3614806693166
 4700.0     136.7914905298063
 4800.0     124.2339264768993
 4900.0    -639.1667098576485
 5000.0      59.8786571619874
 5100.0     100.2315714116697
 5200.0     103.0067428441087
 5300.0     101.4663490408584
 5400.0     103.6966239633821
 5500.0     100.3794238598244
 5600.0     101.1974066646252
 5700.0      98.3878949350788
 5800.0     101.4845799683774
 5900.0      96.6721991503360
 6000.0      94.6061900890541
# P = 17.000000 (GPa)
    1.0     246.8086569464662
  100.0     246.3235627057423
  200.0     244.7276081429063
  300.0     242.7482169696064
  400.0     240.5734505743872
  500.0     238.3217623694243
  600.0     236.0018891592385
  700.0     233.6451156251696
  800.0     231.2575597353876
  900.0     228.8484451217340
 1000.0     226.4216672580765
 1100.0     223.9808279581069
 1200.0     221.5282022839519
 1300.0     219.0655396336538
 1400.0     216.5944120814892
 1500.0     214.1157842223042
 1600.0     211.6308380740810
 1700.0     209.1403739328003
 1800.0     206.6452163041528
 1900.0     204.1462751457125
 2000.0     201.6442018631518
 2100.0     199.1397586047077
 2200.0     196.6337633917093
 2300.0     194.1270667921007
 2400.0     191.6207683618827
 2500.0     189.1151244363772
 2600.0     186.6110276191593
 2700.0     184.1116499102074
 2800.0     181.6132011305112
 2900.0     179.1235110938039
 3000.0     176.6383111391216
 3100.0     174.1593565235145
 3200.0     171.6941007229783
 3300.0     169.2313317978118
 3400.0     166.7945216557809
 3500.0     164.3558159792019
 3600.0     161.9458285087798
 3700.0     159.5502231640277
 3800.0     157.1664396374573
 3900.0     154.8337465649774
 4000.0     152.4798429696426
 4100.0     150.2174106869518
 4200.0     147.9247163219251
 4300.0     145.7098011129340
 4400.0     143.5094342045823
 4500.0     141.5169603229345
 4600.0     138.7058946706810
 4700.0     139.8355038495753
 4800.0     127.8024059763964
 4900.0    -854.7129916417476
 5000.0      64.4651241703050
 5100.0     106.1701645679219
 5200.0     108.9200215941821
 5300.0     107.3042035908779
 5400.0     109.6048653262839
 5500.0     106.1928444610742
 5600.0     107.0059236070477
 5700.0     104.1060408085067
 5800.0     107.2823566612889
 5900.0     102.3143511948936
 6000.0      99.9898953657343
# P = 18.000000 (GPa)
    1.0     250.8379988503470
  100.0     250.3538657155908
  200.0     248.7666286771875
  300.0     246.7929690960162
  400.0     244.6258330733475
  500.0     242.3811482479186
  600.0     240.0686493880389
  700.0     237.7189081903510
  800.0     235.3381717404515
  900.0     232.9355111271973
 1000.0     230.5148018164723
 1100.0     228.0795892598091
 1200.0     225.6321197479009
 1300.0     223.1740950055209
 1400.0     220.7070328003890
 1500.0     218.2318873731013
 1600.0     215.7497606925973
 1700.0     213.2614318427962
 1800.0     210.7676636918548
 1900.0     208.2692974837761
 2000.0     205.7669487318144
 2100.0     203.2613094474980
 2200.0     200.7531136513061
 2300.0     198.2431557212774
 2400.0     195.7324434402446
 2500.0     193.2211861998067
 2600.0     190.7101612744280
 2700.0     188.2023425403175
 2800.0     185.6941004957389
 2900.0     183.1927574919283
 3000.0     180.6942818803621
 3100.0     178.2001920992010
 3200.0     175.7174719213617
 3300.0     173.2354514471437
 3400.0     170.7762424961759
 3500.0     168.3134587733187
 3600.0     165.8757292848925
 3700.0     163.4496645446997
 3800.0     161.0324883664851
 3900.0     158.6609921628935
 4000.0     156.2674908651430
 4100.0     153.9568342603152
 4200.0     151.6155630181352
 4300.0     149.3437282600062
 4400.0     147.0823476788953
 4500.0     145.0130814631532
 4600.0     142.1709468217451
 4700.0     143.0170277796705
 4800.0     131.4999523510184
 4900.0   -1483.0014352294759
 5000.0      68.9241631594448
 5100.0     112.0707100123702
 5200.0     114.7762410043018
 5300.0     113.0890442459541
 5400.0     115.4438571289706
 5500.0     111.9489625431600
 5600.0     112.7461189471122
 5700.0     109.7641919778743
 5800.0     113.0053836909902
 5900.0     107.8922850040713
 6000.0     105.3137977805847
# P = 19.000000 (GPa)
    1.0     254.8673466942591
  100.0     254.3845294748360
  200.0     252.8065570005792
  300.0     250.8392233660037
  400.0     248.6801811954284
  500.0     246.4430019827731
  600.0     244.1383925333119
  700.0     241.7962307643872
  800.0     239.4229065746077
  900.0     237.0273196394366
 1000.0     234.6133377086574
 1100.0     232.1844512292990
 1200.0     229.7428828110238
 1300.0     227.2902718200777
 1400.0     224.8281212379244
 1500.0     222.3573431497971
 1600.0     219.8789843131669
 1700.0     217.3937863056208
 1800.0     214.9024658598073
 1900.0     212.4058028338792
 2000.0     209.9043752655390
 2100.0     207.3988121258142
 2200.0     204.8897785709839
 2300.0     202.3780153915897
 2400.0     199.8644390706979
 2500.0     197.3491977631944
 2600.0     194.8330154738510
 2700.0     192.3186480662196
 2800.0     189.8026362110057
 2900.0     187.2918009211112
 3000.0     184.7823575419520
 3100.0     182.2756395695406
 3200.0     179.7781268880598
 3300.0     177.2797865382368
 3400.0     174.8012552404660
 3500.0     172.3177583187345
 3600.0     169.8560059227665
 3700.0     167.4033372033270
 3800.0     164.9571016855695
 3900.0     162.5515973216031
 4000.0     160.1233539640415
 4100.0     157.7702121714950
 4200.0     155.3863046042408
 4300.0     153.0642834455135
 4400.0     150.7491805921759
 4500.0     148.6114918226481
 4600.0     145.7456288140173
 4700.0     146.3243570788003
 4800.0     135.3144615131866
 4900.0  -11229.6217704372430
 5000.0      73.2078609989760
 5100.0     117.9359023299069
 5200.0     120.5765835903110
 5300.0     118.8229510328579
 5400.0     121.2137753396755
 5500.0     117.6507818075628
 5600.0     118.4175417665246
 5700.0     115.3661257251816
 5800.0     118.6520263281951
 5900.0     113.4102091303870
 6000.0     110.5871352778145
# P = 20.000000 (GPa)
    1.0     258.8966946222664
  100.0     258.4155350228663
  200.0     256.8473544022613
  300.0     254.8869203644186
  400.0     252.7364128150328
  500.0     250.5072209018348
  600.0     248.2109874262418
  700.0     245.8769487384635
  800.0     243.5115865733830
  900.0     241.1236671154045
 1000.0     238.7170340596170
 1100.0     236.2951474064142
 1200.0     233.8601838650159
 1300.0     231.4137439412591
 1400.0     228.9572997522895
 1500.0     226.4917227465239
 1600.0     224.0180221418894
 1700.0     221.5368946326196
 1800.0     219.0490176191450
 1900.0     216.5551387422799
 2000.0     214.0557497793122
 2100.0     211.5514709351609
 2200.0     209.0428903199372
 2300.0     206.5306619929794
 2400.0     204.0156681310703
 2500.0     201.4980033649893
 2600.0     198.9783063995184
 2700.0     196.4591515450484
 2800.0     193.9372367606996
 2900.0     191.4189313157529
 3000.0     188.9006902972026
 3100.0     186.3836289954101
 3200.0     183.8738482377845
 3300.0     181.3617908193837
 3400.0     178.8668833912080
 3500.0     176.3657488355426
 3600.0     173.8832665900037
 3700.0     171.4077208620407
 3800.0     168.9362277260085
 3900.0     166.5010581111925
 4000.0     164.0426493518379
 4100.0     161.6521761613991
 4200.0     159.2309133387504
 4300.0     156.8647902220221
 4400.0     154.5025032174971
 4500.0     152.3040865729934
 4600.0     149.4199578728946
 4700.0     149.7501081979870
 4800.0     139.2311462939970
 4900.0    1811.3219608253428
 5000.0      77.2665626994776
 5100.0     123.7679318855605
 5200.0     126.3222749535223
 5300.0     124.5077596637770
 5400.0     126.9152573313575
 5500.0     123.3008657479133
 5600.0     124.0202971149598
 5700.0     120.9150727386856
 5800.0     124.2215723657361
 5900.0     118.8717041043746
 6000.0     115.8172556806153
# P = 21.000000 (GPa)
    1.0     262.9260463031238
  100.0     262.4468755440293
  200.0     260.8889785799115
  300.0     258.9359976870956
  400.0     256.7944480927011
  500.0     254.5737085594523
  600.0     252.2863240576198
  700.0     249.9609148325118
  800.0     247.6040485886419
  900.0     245.2243620363467
 1000.0     242.8256850142609
 1100.0     240.4114317681400
 1200.0     237.9837415061876
 1300.0     235.5441873466107
 1400.0     233.0941974363222
 1500.0     230.6346235237563
 1600.0     228.1664168264312
 1700.0     225.6902608954781
 1800.0     223.2067850685711
 1900.0     220.7166722802638
 2000.0     218.2204091125800
 2100.0     215.7185458517417
 2200.0     213.2116058679764
 2300.0     210.7002034271555
 2400.0     208.1851602065572
 2500.0     205.6665114154871
 2600.0     203.1448447878297
 2700.0     200.6225436853281
 2800.0     198.0964676208924
 2900.0     195.5725969209229
 3000.0     193.0475377409074
 3100.0     190.5222944844068
 3200.0     188.0025317478760
 3300.0     185.4792279392671
 3400.0     182.9706256153803
 3500.0     180.4546414510364
 3600.0     177.9545986118147
 3700.0     175.4594100232637
 3800.0     172.9662531591070
 3900.0     170.5054043369230
 4000.0     168.0208004965051
 4100.0     165.5978274301322
 4200.0     163.1440293011700
 4300.0     160.7392278298624
 4400.0     158.3356434519632
 4500.0     156.0836022172143
 4600.0     153.1853042264427
 4700.0     153.2877551758700
 4800.0     143.2330397045704
 4900.0     846.6716590877123
 5000.0      81.0985726436717
 5100.0     129.5672686023236
 5200.0     132.0146175561712
 5300.0     130.1451535899475
 5400.0     132.5493151816859
 5500.0     128.9013908911952
 5600.0     129.5549972605614
 5700.0     126.4137102252107
 5800.0     129.7140071189989
 5900.0     124.2797921247527
 6000.0     121.0099613634457
# P = 22.000000 (GPa)
    1.0     266.9554012600103
  100.0     266.4785299838660
  200.0     264.9313953670180
  300.0     262.9863954117480
  400.0     260.8542118597016
  500.0     258.6423751924813
  600.0     256.3642959507905
  700.0     254.0479953849096
  800.0     251.7001345211012
  900.0     249.3292161003770
 1000.0     246.9390811753206
 1100.0     244.5330622127720
 1200.0     242.1132810904064
 1300.0     239.6812820463381
 1400.0     237.2384721084153
 1500.0     234.7856563803462
 1600.0     232.3237459867478
 1700.0     229.8534191432493
 1800.0     227.3752363629065
 1900.0     224.8898426125274
 2000.0     222.3977160278446
 2100.0     219.8993202479450
 2200.0     217.3951563107310
 2300.0     214.8857922121788
 2400.0     212.3719718095981
 2500.0     209.8536972706554
 2600.0     207.3314961254466
 2700.0     204.8076123832284
 2800.0     202.2790095941580
 2900.0     199.7513184594545
 3000.0     197.2213208786139
 3100.0     194.6898790522048
 3200.0     192.1622868099311
 3300.0     189.6300089519285
 3400.0     187.1101800675032
 3500.0     184.5819733478156
 3600.0     182.0671770671201
 3700.0     179.5554198109221
 3800.0     177.0438671262930
 3900.0     174.5609048242680
 4000.0     172.0539343672874
 4100.0     169.6026537549261
 4200.0     167.1207202029721
 4300.0     164.6822930172652
 4400.0     162.2426250394028
 4500.0     159.9433729843778
 4600.0     157.0342069971472
 4700.0     156.9304731947910
 4800.0     147.3072310146714
 4900.0     572.6760204531911
 5000.0      84.7680040527336
 5100.0     135.3297253438970
 5200.0     137.6548411532182
 5300.0     135.7357882798781
 5400.0     138.1175105759448
 5500.0     134.4542079865429
 5600.0     135.0226127296344
 5700.0     131.8643485976456
 5800.0     135.1300126928363
 5900.0     129.6371125732601
 6000.0     126.1698219697663
# P = 23.000000 (GPa)
    1.0     270.9847590369427
  100.0     270.5104828388097
  200.0     268.9745709738003
  300.0     267.0380591037053
  400.0     264.9156353099442
  500.0     262.7131306497141
  600.0     260.4447930275806
  700.0     258.1380634015688
  800.0     255.7996912413372
  900.0     253.4380681312119
 1000.0     251.0570147923419
 1100.0     248.6598073807913
 1200.0     246.2485445824400
 1300.0     243.8247551814278
 1400.0     241.3898016173832
 1500.0     238.9444571044025
 1600.0     236.4896153961800
 1700.0     234.0259075024498
 1800.0     231.5538648822042
 1900.0     229.0741071105770
 2000.0     226.5870579243768
 2100.0     224.0931430118152
 2200.0     221.5928312945607
 2300.0     219.0866303495284
 2400.0     216.5752304688120
 2500.0     214.0586209257490
 2600.0     211.5372323261132
 2700.0     209.0132145598367
 2800.0     206.4836150862294
 2900.0     203.9537499663342
 3000.0     201.4205461552478
 3100.0     198.8847516097947
 3200.0     196.3513384167887
 3300.0     193.8121785536377
 3400.0     191.2834440787936
 3500.0     188.7454124382430
 3600.0     186.2185045429799
 3700.0     183.6929976705650
 3800.0     181.1660039184717
 3900.0     178.6643073948620
 4000.0     176.1382941390682
 4100.0     173.6626972839603
 4200.0     171.1566022078866
 4300.0     168.6889718776807
 4400.0     166.2181401795374
 4500.0     163.8774181108419
 4600.0     160.9602327269060
 4700.0     160.6706126579171
 4800.0     151.4446281749011
 4900.0     449.5598491526205
 5000.0      88.3443668709533
 5100.0     141.0508442191647
 5200.0     143.2441638689887
 5300.0     141.2788899658993
 5400.0     143.6233380000567
 5500.0     139.9590280739043
 5600.0     140.4251196864388
 5700.0     137.2687245247816
 5800.0     140.4706853417921
 5900.0     134.9458772320501
 6000.0     131.3005056754996
# P = 24.000000 (GPa)
    1.0     275.0141204713204
  100.0     274.5427289265830
  200.0     273.0184683950823
  300.0     271.0909395917186
  400.0     268.9786566618609
  500.0     266.7858919841509
  600.0     264.5277094052494
  700.0     262.2309925083165
  800.0     259.9025790949516
  900.0     257.5507529669124
 1000.0     255.1792913395086
 1100.0     252.7914502896213
 1200.0     250.3892881490447
 1300.0     247.9743309311561
 1400.0     245.5478735107631
 1500.0     243.1106837526139
 1600.0     240.6636308530489
 1700.0     238.2073094246965
 1800.0     235.7422161282068
 1900.0     233.2689312672813
 2000.0     230.7878715632434
 2100.0     228.2993934931910
 2200.0     225.8039440956785
 2300.0     223.3019790356164
 2400.0     220.7941360164645
 2500.0     218.2803819079075
 2600.0     215.7610981345241
 2700.0     213.2382881909495
 2800.0     210.7091325572995
 2900.0     208.1786204295760
 3000.0     205.6438533184762
 3100.0     203.1054304408270
 3200.0     200.5680626770617
 3300.0     198.0239842373933
 3400.0     195.4884681718122
 3500.0     192.9428399949773
 3600.0     190.4062597875074
 3700.0     187.8695712461071
 3800.0     185.3299283343998
 3900.0     182.8125045630710
 4000.0     180.2706211264900
 4100.0     177.7742639307923
 4200.0     175.2476290052867
 4300.0     172.7549795951789
 4400.0     170.2572030729097
 4500.0     167.8803187357435
 4600.0     164.9578764227133
 4700.0     164.5000022522943
 4800.0     155.6407855967180
 4900.0     382.0263313376994
 5000.0      91.8888306649439
 5100.0     146.7272178012738
 5200.0     148.7838421763338
 5300.0     146.7738850607969
 5400.0     149.0705627892616
 5500.0     145.4137879470038
 5600.0     145.7665772092785
 5700.0     142.6255909441367
 5800.0     145.7390610404096
 5900.0     140.2075056664440
 6000.0     136.4047131465906
# P = 25.000000 (GPa)
    1.0     279.0434819643127
  100.0     278.5752505996826
  200.0     277.0630601684418
  300.0     275.1449812272896
  400.0     273.0432064803844
  500.0     270.8605792291502
  600.0     268.6129464137507
  700.0     266.3266717635370
  800.0     264.0086705075603
  900.0     261.6671071209362
 1000.0     259.3057335564883
 1100.0     256.9277859784844
 1200.0     254.5352898614440
 1300.0     252.1297395452621
 1400.0     249.7123921023912
 1500.0     247.2840144930598
 1600.0     244.8454414651695
 1700.0     242.3972336413835
 1800.0     239.9398421350547
 1900.0     237.4738530818067
 2000.0     234.9996272894898
 2100.0     232.5174826858927
 2200.0     230.0278484687655
 2300.0     227.5311335688847
 2400.0     225.0279132284485
 2500.0     222.5181478995485
 2600.0     220.0021635583119
 2700.0     217.4818422025019
 2800.0     214.9544744545559
 2900.0     212.4247535579281
 3000.0     209.8899471002900
 3100.0     207.3505182281306
 3200.0     204.8109257372194
 3300.0     202.2637580552158
 3400.0     199.7234356871483
 3500.0     197.1723029946094
 3600.0     194.6282842784866
 3700.0     192.0828333547737
 3800.0     189.5330668495004
 3900.0     187.0027507820625
 4000.0     184.4478501083979
 4100.0     181.9340142116848
 4200.0     179.3902046452329
 4300.0     176.8762059595735
 4400.0     174.3555501123078
 4500.0     171.9471548807705
 4600.0     169.0219629542360
 4700.0     168.4114989773564
 4800.0     159.8926561502796
 4900.0     340.1549099361274
 5000.0      95.4025289799531
 5100.0     152.3582965418360
 5200.0     154.2751918782621
 5300.0     152.2207250301093
 5400.0     154.4625962239670
 5500.0     150.8169999316360
 5600.0     151.0509953454983
 5700.0     147.9324031983328
 5800.0     150.9407208885394
 5900.0     145.4201932929375
 6000.0     141.4800170747770
# P = 26.000000 (GPa)
    1.0     283.0728465619934
  100.0     282.6080341566274
  200.0     281.1083150513466
  300.0     279.2001364289849
  400.0     277.1092193952060
  500.0     274.9371133422182
  600.0     272.7004152415904
  700.0     270.4249935677079
  800.0     268.1178336255755
  900.0     265.7869765009642
 1000.0     263.4361783898086
 1100.0     261.0686234309868
 1200.0     258.6863279486788
 1300.0     256.2907322852020
 1400.0     253.8830884319991
 1500.0     251.4641502734251
 1600.0     249.0347097997740
 1700.0     246.5952883878130
 1800.0     244.1463350064679
 1900.0     241.6884178248660
 2000.0     239.2218219290079
 2100.0     236.7468698501962
 2200.0     234.2639536300833
 2300.0     231.7734413415766
 2400.0     229.2758478936532
 2500.0     226.7711404330677
 2600.0     224.2595827323638
 2700.0     221.7429378028100
 2800.0     219.2186330853546
 2900.0     216.6910557554555
 3000.0     214.1576273598631
 3100.0     211.6187050638597
 3200.0     209.0785058081620
 3300.0     206.5299600438391
 3400.0     203.9866811160000
 3500.0     201.4319825897506
 3600.0     198.8826097677358
 3700.0     196.3306307638215
 3800.0     193.7730961833273
 3900.0     191.2324644796832
 4000.0     188.6672125170994
 4100.0     186.1389224743096
 4200.0     183.5809739353850
 4300.0     181.0490868447109
 4400.0     178.5091305396215
 4500.0     176.0735297856475
 4600.0     173.1480173907322
 4700.0     172.3985903420134
 4800.0     164.1973030465419
 4900.0     312.2307525726761
 5000.0      98.8677894090552
 5100.0     157.9454848825031
 5200.0     159.7195967721112
 5300.0     157.6204136715120
 5400.0     159.8018728732810
 5500.0     156.1680258472914
 5600.0     156.2818727009624
 5700.0     153.1873098384179
 5800.0     156.0808224019094
 5900.0     150.5816319486132
 6000.0     146.5195409481938
# P = 27.000000 (GPa)
    1.0     287.1022154460217
  100.0     286.6410699976221
  200.0     285.1542007801581
  300.0     283.2563651144959
  400.0     281.1766446143681
  500.0     279.0154211009825
  600.0     276.7900302127111
  700.0     274.5258500486588
  800.0     272.2299370226261
  900.0     269.9102229855080
 1000.0     267.5704650829827
 1100.0     265.2137797583442
 1200.0     262.8421837892403
 1300.0     260.4570755669165
 1400.0     258.0597042977258
 1500.0     255.6507960379244
 1600.0     253.2310983311083
 1700.0     250.8011162401534
 1800.0     248.3613106487506
 1900.0     245.9121755549097
 2000.0     243.4539792378530
 2100.0     240.9870319055840
 2200.0     238.5116957938750
 2300.0     236.0282784266404
 2400.0     233.5372594238102
 2500.0     231.0386252389138
 2600.0     228.5325581132079
 2700.0     226.0207211992278
 2800.0     223.5006624342076
 2900.0     220.9764984225430
 3000.0     218.4457845329776
 3100.0     215.9087952470142
 3200.0     213.3694963994369
 3300.0     210.8211773156463
 3400.0     208.2766504299013
 3500.0     205.7201797821711
 3600.0     203.1674111668000
 3700.0     200.6109469260044
 3800.0     198.0478461076374
 3900.0     195.4992930586081
 4000.0     192.9261460157282
 4100.0     190.3861762799981
 4200.0     187.8169136865995
 4300.0     185.2702650186686
 4400.0     182.7143222149809
 4500.0     180.2554665962720
 4600.0     177.3317219373362
 4700.0     176.4557762620615
 4800.0     168.5517061811865
 4900.0     292.7566373345807
 5000.0     102.2641466537688
 5100.0     163.4900482735600
 5200.0     165.1185326739098
 5300.0     162.9745728090859
 5400.0     165.0897898939613
 5500.0     161.4681400942696
 5600.0     161.4615412186129
 5700.0     158.3896657256850
 5800.0     161.1636564261186
 5900.0     155.6901849528020
 6000.0     151.5175757082615
# P = 28.000000 (GPa)
    1.0     291.1315829802239
  100.0     290.6743487819601
  200.0     289.2006897826181
  300.0     287.3136244454104
  400.0     285.2454316057664
  500.0     283.0954382211975
  600.0     280.8817047827493
  700.0     278.6291386023414
  800.0     276.3448654210221
  900.0     274.0367207871269
 1000.0     271.7084304714331
 1100.0     269.3630752252878
 1200.0     267.0026550238525
 1300.0     264.6285536973716
 1400.0     262.2419934981028
 1500.0     259.8436644849791
 1600.0     257.4342948662682
 1700.0     255.0143964266518
 1800.0     252.5843908334014
 1900.0     250.1447122413396
 2000.0     247.6956505534651
 2100.0     245.2374830980382
 2200.0     242.7705282341896
 2300.0     240.2950437663372
 2400.0     237.8115185661013
 2500.0     235.3199124609433
 2600.0     232.8203278382497
 2700.0     230.3143666528308
 2800.0     227.7996805515575
 2900.0     225.2801099280337
 3000.0     222.7533655000598
 3100.0     220.2196487510917
 3200.0     217.6826720948998
 3300.0     215.1360632815249
 3400.0     212.5919072877125
 3500.0     210.0353284541546
 3600.0     207.4809877494170
 3700.0     204.9219492346144
 3800.0     202.3553174311454
 3900.0     199.8010601600143
 4000.0     197.2222934600937
 4100.0     194.6732076395615
 4200.0     192.0952243246202
 4300.0     189.5367158686887
 4400.0     186.9678388145753
 4500.0     184.4892902971499
 4600.0     181.5693446347519
 4700.0     180.5780232243648
 4800.0     172.9528483419995
 4900.0     278.8431198057815
 5000.0     105.5714356244727
 5100.0     168.9934495645788
 5200.0     170.4732777081182
 5300.0     168.2846852066480
 5400.0     170.3279125462361
 5500.0     166.7189603944654
 5600.0     166.5913949740963
 5700.0     163.5410240585631
 5800.0     166.1915983515048
 5900.0     160.7456623652203
 6000.0     156.4703665908663
# P = 29.000000 (GPa)
    1.0     295.1609519239297
  100.0     294.7078555234679
  200.0     293.2477600229638
  300.0     291.3718681872127
  400.0     289.3155194698888
  500.0     287.1770978221948
  600.0     284.9753583167035
  700.0     282.7347699601756
  800.0     280.4625182516220
  900.0     278.1663339177337
 1000.0     275.8499190357195
 1100.0     273.5163406393953
 1200.0     271.1675604388214
 1300.0     268.8049588120411
 1400.0     266.4297091665173
 1500.0     264.0424915209535
 1600.0     261.6440277074683
 1700.0     259.2348106825461
 1800.0     256.8152103025655
 1900.0     254.3856497837216
 2000.0     251.9464188623024
 2100.0     249.4977622884641
 2200.0     247.0399421889157
 2300.0     244.5732093940926
 2400.0     242.0980368867816
 2500.0     239.6143452186623
 2600.0     237.1221888245118
 2700.0     234.6231039057458
 2800.0     232.1148516585142
 2900.0     229.6009916998749
 3000.0     227.0794049727472
 3100.0     224.5502014243612
 3200.0     222.0168757044842
 3300.0     219.4733654985349
 3400.0     216.9310992365775
 3500.0     214.3759841805818
 3600.0     211.8217606093506
 3700.0     209.2619276586609
 3800.0     206.6936602206396
 3900.0     204.1357714244599
 4000.0     201.5534639252641
 4100.0     198.9976649319619
 4200.0     196.4133269977370
 4300.0     193.8456519925620
 4400.0     191.2666091868986
 4500.0     188.7717046101766
 4600.0     185.8573294518624
 4700.0     184.7609358252751
 4800.0     177.3977566788154
 4900.0     268.8247264335735
 5000.0     108.7785202223302
 5100.0     174.4565561231308
 5200.0     175.7853537670565
 5300.0     173.5522243158544
 5400.0     175.5176244349071
 5500.0     171.9222971849246
 5600.0     171.6727851788638
 5700.0     168.6431370094482
 5800.0     171.1662056851145
 5900.0     165.7497399714305
 6000.0     161.3783874984966
# P = 30.000000 (GPa)
    1.0     299.1903248494365
  100.0     298.7415798732861
  200.0     297.2953865861050
  300.0     295.4310537708280
  400.0     293.3868494247722
  500.0     291.2603299696229
  600.0     289.0709161506337
  700.0     286.8426495326378
  800.0     284.5827805597635
  900.0     282.2989296583700
 1000.0     279.9947995002507
 1100.0     277.6734237424579
 1200.0     275.3367270391838
 1300.0     272.9860789133839
 1400.0     270.6226186487552
 1500.0     268.2470393252505
 1600.0     265.8600286356510
 1700.0     263.4620414631327
 1800.0     261.0534300330633
 1900.0     258.6346314218910
 2000.0     256.2058910912988
 2100.0     253.7674215961552
 2200.0     251.3194639593314
 2300.0     248.8622578681787
 2400.0     246.3962427273979
 2500.0     243.9213024785887
 2600.0     241.4374636876615
 2700.0     238.9462173161291
 2800.0     236.4453855302631
 2900.0     233.9382981092195
 3000.0     231.4229788031577
 3100.0     228.8994628154527
 3200.0     226.3710324876863
 3300.0     223.8319317589221
 3400.0     221.2929717116839
 3500.0     218.7407719365974
 3600.0     216.1882486489854
 3700.0     213.6292983329701
 3800.0     211.0611438883780
 3900.0     208.5015446293968
 4000.0     205.9176386280939
 4100.0     203.3573539796506
 4200.0     200.7688720986918
 4300.0     198.1944946924967
 4400.0     195.6078818250072
 4500.0     193.0996389311536
 4600.0     190.1925213286914
 4700.0     189.0004170233867
 4800.0     181.8837652986186
 4900.0     261.6412027696951
 5000.0     111.8762064491622
 5100.0     179.8802621113229
 5200.0     181.0560733278376
 5300.0     178.7785111136290
 5400.0     180.6606073623427
 5500.0     177.0795965364500
 5600.0     176.7072712415944
 5700.0     173.6977538697916
 5800.0     176.0888642640829
 5900.0     170.7043335527659
 6000.0     166.2438416603975
# P = 31.000000 (GPa)
    1.0     303.2197000511179
  100.0     302.7755182199417
  200.0     301.3435395395208
  300.0     299.4911470657667
  400.0     297.4593806606306
  500.0     295.3450739390134
  600.0     293.1682994701554
  700.0     290.9526851434418
  800.0     288.7055422645255
  900.0     286.4344006801513
 1000.0     284.1429464089230
 1100.0     281.8341668336868
 1200.0     279.5099742253745
 1300.0     277.1717162061994
 1400.0     274.8205262531911
 1500.0     272.4570739843298
 1600.0     270.0820184378867
 1700.0     267.6957888961273
 1800.0     265.2987481879343
 1900.0     262.8913117852580
 2000.0     260.4736761326250
 2100.0     258.0460367422816
 2200.0     255.6086362601998
 2300.0     253.1616914389260
 2400.0     250.7055929896243
 2500.0     248.2402002061643
 2600.0     245.7655380192772
 2700.0     243.2830345569965
 2800.0     240.7905465653662
 2900.0     238.2912242742861
 3000.0     235.7832182004822
 3100.0     233.2665029668851
 3200.0     230.7441414342570
 3300.0     228.2106842982263
 3400.0     225.6763509563422
 3500.0     223.1284324453081
 3600.0     220.5790851183010
 3700.0     218.0225835239256
 3800.0     215.4561632795802
 3900.0     212.8966558771442
 4000.0     210.3129749014525
 4100.0     207.7502357046674
 4200.0     205.1596809578862
 4300.0     202.5808615272234
 4400.0     199.9890880185952
 4500.0     197.4702733564393
 4600.0     194.5719730531941
 4700.0     193.2927372640597
 4800.0     186.4084253816724
 4900.0     256.5834243201765
 5000.0     114.8534407440832
 5100.0     185.2653907053268
 5200.0     186.2868224474977
 5300.0     183.9648782235424
 5400.0     185.7584447961499
 5500.0     182.1923391636029
 5600.0     181.6963853688592
 5700.0     178.7064710664170
 5800.0     180.9613142199682
 5900.0     175.6110991342196
 6000.0     171.0686520413723
# P = 32.000000 (GPa)
    1.0     307.2490745100428
  100.0     306.8096598829052
  200.0     305.3921947429031
  300.0     303.5521090995688
  400.0     301.5330670873250
  500.0     299.4312717343096
  600.0     297.2674372854221
  700.0     295.0648033165505
  800.0     292.8307213768772
  900.0     290.5726402167937
 1000.0     288.2942201925276
 1100.0     285.9984163993121
 1200.0     283.6871345858966
 1300.0     281.3617038717385
 1400.0     279.0232280941026
 1500.0     276.6723571612426
 1600.0     274.3097335035885
 1700.0     271.9357922365004
 1800.0     269.5508777241066
 1900.0     267.1553480243737
 2000.0     264.7494011330712
 2100.0     262.3332223282038
 2200.0     259.9070473987399
 2300.0     257.4710491752588
 2400.0     255.0255757723579
 2500.0     252.5704959190779
 2600.0     250.1058347902156
 2700.0     247.6329039296751
 2800.0     245.1496366997608
 2900.0     242.6590190602054
 3000.0     240.1593291243442
 3100.0     237.6504475640268
 3200.0     235.1352519484677
 3300.0     232.6085956264205
 3400.0     230.0801291122982
 3500.0     227.5377818756133
 3600.0     224.9929925406555
 3700.0     222.4403948902520
 3800.0     219.8772478698809
 3900.0     217.3194934562089
 4000.0     214.7377295001198
 4100.0     212.1744309442608
 4200.0     209.5837234613155
 4300.0     207.0025654780151
 4400.0     204.4078434010590
 4500.0     201.8810573722656
 4600.0     198.9929803175005
 4700.0     197.6345274595907
 4800.0     190.9694765114972
 4900.0     253.1596089443273
 5000.0     117.6974093792038
 5100.0     190.6128230933665
 5200.0     191.4790225064533
 5300.0     189.1125378068132
 5400.0     190.8128976676960
 5500.0     187.2617857494527
 5600.0     186.6418293499503
 5700.0     183.6707012875910
 5800.0     185.7852120237899
 5900.0     180.4717490327655
 6000.0     175.8546736855101
# P = 33.000000 (GPa)
    1.0     311.2784474663892
  100.0     310.8439923611426
  200.0     309.4413312787483
  300.0     307.6139021582136
  400.0     305.6078631981886
  500.0     303.5188752880537
  600.0     301.3682692055609
  700.0     299.1789193547987
  800.0     296.9582195195379
  900.0     294.7135293981056
 1000.0     292.4484934106111
 1100.0     290.1660445401222
 1200.0     287.8680648445480
 1300.0     285.5558601055892
 1400.0     283.2305125766341
 1500.0     280.8926699164105
 1600.0     278.5429579343634
 1700.0     276.1818016091992
 1800.0     273.8095118725269
 1900.0     271.4264155495128
 2000.0     269.0327337588768
 2100.0     266.6286318367729
 2200.0     264.2142938211173
 2300.0     261.7898824023490
 2400.0     259.3557173147786
 2500.0     256.9116879890603
 2600.0     254.4577835790780
 2700.0     251.9952060221224
 2800.0     249.5219976692825
 2900.0     247.0409918239856
 3000.0     244.5505521798672
 3100.0     242.0504640921453
 3200.0     239.5434749363122
 3300.0     237.0247162649805
 3400.0     234.5032776485162
 3500.0     231.9676971598802
 3600.0     229.4287688703801
 3700.0     226.8814483653115
 3800.0     224.3229944075579
 3900.0     221.7685532265627
 4000.0     219.1902845372892
 4100.0     216.6282009591657
 4200.0     214.0391146997601
 4300.0     211.4575871923214
 4400.0     208.8619649030184
 4500.0     206.3296127577308
 4600.0     203.4530509853548
 4700.0     202.0226336481953
 4800.0     195.5648697799636
 4900.0     251.0156037873937
 5000.0     120.3917886045061
 5100.0     195.9235168871135
 5200.0     196.6340049304732
 5300.0     194.2228154688882
 5400.0     195.8256305041173
 5500.0     192.2892451882186
 5600.0     191.5453444346583
 5700.0     188.5916902718146
 5800.0     190.5625988284668
 5900.0     185.2876794373114
 6000.0     180.6028324768672
# P = 34.000000 (GPa)
    1.0     315.3078219697616
  100.0     314.8785046258728
  200.0     313.4909296020127
  300.0     311.6764956023818
  400.0     309.6837240233152
  500.0     307.6078262154601
  600.0     305.4707264385011
  700.0     303.2949469935884
  800.0     301.0879415486830
  900.0     298.8569651421874
 1000.0     296.6056575365087
 1100.0     294.3369174396121
 1200.0     292.0526040746790
 1300.0     289.7540057886711
 1400.0     287.4421991203782
 1500.0     285.1178264935102
 1600.0     282.7814740774061
 1700.0     280.4335526513053
 1800.0     278.0743587134975
 1900.0     275.7042327725823
 2000.0     273.3233660185263
 2100.0     270.9318930960271
 2200.0     268.5299735626828
 2300.0     266.1177618765740
 2400.0     263.6955798777024
 2500.0     261.2632897554775
 2600.0     258.8208355024564
 2700.0     256.3693646541996
 2800.0     253.9070280284166
 2900.0     251.4364868560830
 3000.0     248.9561501041693
 3100.0     246.4657655297524
 3200.0     243.9679849044182
 3300.0     241.4581549475145
 3400.0     238.9448267897757
 3500.0     236.4171509463567
 3600.0     233.8853066640712
 3700.0     231.3445320153340
 3800.0     228.7921063408332
 3900.0     226.2424440757464
 4000.0     223.6691488402404
 4100.0     221.1099182721151
 4200.0     218.5241161318886
 4300.0     215.9440508621767
 4400.0     213.3494144372658
 4500.0     210.8137159804823
 4600.0     207.9499060481126
 4700.0     206.4541628004989
 4800.0     200.1927357713094
 4900.0     249.8913173299015
 5000.0     122.9145433932986
 5100.0     201.1984920199400
 5200.0     201.7531349321059
 5300.0     199.2970113727327
 5400.0     200.7982053492315
 5500.0     197.2761001981702
 5600.0     196.4085290446671
 5700.0     193.4708190978432
 5800.0     195.2953186870610
 5900.0     190.0601387892071
 6000.0     185.3145555386542
# P = 35.000000 (GPa)
    1.0     319.3371983636945
  100.0     318.9131891502275
  200.0     317.5409678731494
  300.0     315.7398567528096
  400.0     313.7606052956474
  500.0     311.6980664395040
  600.0     309.5747477210188
  700.0     307.4128262691419
  800.0     305.2198059813869
  900.0     303.0028547033407
 1000.0     300.7655942438930
 1100.0     298.5108957147288
 1200.0     296.2406077440514
 1300.0     293.9560010434581
 1400.0     291.6581294154561
 1500.0     289.3476200338476
 1600.0     287.0250460252612
 1700.0     284.6908005446249
 1800.0     282.3451877620589
 1900.0     279.9885278804186
 2000.0     277.6209752236318
 2100.0     275.2426462148205
 2200.0     272.8537154146646
 2300.0     270.4543157958126
 2400.0     268.0447364889453
 2500.0     265.6248191137246
 2600.0     263.1944838976902
 2700.0     260.7548608750193
 2800.0     258.3041566101230
 2900.0     255.8448517742673
 3000.0     253.3754307164182
 3100.0     250.8956458530442
 3200.0     248.4080165631013
 3300.0     245.9080572434069
 3400.0     243.4038504601193
 3500.0     240.8851629422300
 3600.0     238.3615588543885
 3700.0     235.8285067639989
 3800.0     233.2833747304311
 3900.0     230.7398494349054
 4000.0     228.1729098825296
 4100.0     225.6180749876517
 4200.0     223.0371008652426
 4300.0     220.4601996622398
 4400.0     217.8683155155797
 4500.0     215.3313384614262
 4600.0     212.4814182783161
 4700.0     210.9264533185619
 4800.0     204.8513108377979
 4900.0     249.5930036944766
 5000.0     125.2389763698029
 5100.0     206.4388095662241
 5200.0     206.8377636147299
 5300.0     204.3364127421152
 5400.0     205.7322546720538
 5500.0     202.2237064535350
 5600.0     201.2330018114748
 5700.0     198.3094650518572
 5800.0     199.9852022287852
 5900.0     194.7906271843866
 6000.0     189.9905922786002
# P = 36.000000 (GPa)
    1.0     323.3665757992060
  100.0     322.9480399075825
  200.0     321.5914242991583
  300.0     319.8039543152582
  400.0     317.8384731208114
  500.0     315.7895544760948
  600.0     313.6802741467194
  700.0     311.5324859087459
  800.0     309.3537262735824
  900.0     307.1510982902653
 1000.0     304.9282022415308
 1100.0     302.6878732680749
 1200.0     300.4319527780299
 1300.0     298.1616895742364
 1400.0     295.8781148652237
 1500.0     293.5818497499473
 1600.0     291.2734684599190
 1700.0     288.9533457345701
 1800.0     286.6217601789347
 1900.0     284.2790111580720
 2000.0     281.9252482763349
 2100.0     279.5605927706424
 2200.0     277.1851986329802
 2300.0     274.7991692457139
 2400.0     272.4027619264091
 2500.0     269.9958213669660
 2600.0     267.5782769288146
 2700.0     265.1511925445177
 2800.0     262.7128128285004
 2900.0     260.2654706849343
 3000.0     257.8077668816009
 3100.0     255.3394328896477
 3200.0     252.8628138390892
 3300.0     250.3736080544365
 3400.0     247.8795083978049
 3500.0     245.3708319336995
 3600.0     242.8565257956867
 3700.0     240.3323126946495
 3800.0     237.7956610052173
 3900.0     235.2595604987921
 4000.0     232.7002521998714
 4100.0     230.1512575835135
 4200.0     227.5765513121655
 4300.0     225.0044132476601
 4400.0     222.4169155789984
 4500.0     219.8805770650574
 4600.0     217.0456191195046
 4700.0     215.4370640225304
 4800.0     209.5389355546819
 4900.0     249.9733128807526
 5000.0     127.3328155306131
 5100.0     211.6455409704811
 5200.0     211.8892269608594
 5300.0     209.3423335182034
 5400.0     210.6293530510492
 5500.0     207.1334527858155
 5600.0     206.0203783148406
 5700.0     203.1089957702306
 5800.0     204.6340730066971
 5900.0     199.4805718945034
 6000.0     194.6318219129358
# P = 37.000000 (GPa)
    1.0     327.3959549527145
  100.0     326.9830496774980
  200.0     325.6422802407967
  300.0     323.8687572804091
  400.0     321.9172878533016
  500.0     319.8822370840992
  600.0     317.7872415512178
  700.0     315.6538510187789
  800.0     313.4896354924878
  900.0     311.3016188832081
 1000.0     309.0933852013689
 1100.0     306.8677337590543
 1200.0     304.6264958878456
 1300.0     302.3709097895000
 1400.0     300.1019936844808
 1500.0     297.8203654295784
 1600.0     295.5265640319111
 1700.0     293.2209594809278
 1800.0     290.9038150547491
 1900.0     288.5754184774634
 2000.0     286.2359319047800
 2100.0     283.8854483244931
 2200.0     281.5240843157707
 2300.0     279.1519423806066
 2400.0     276.7692628128282
 2500.0     274.3759099730706
 2600.0     271.9717809782435
 2700.0     269.5578575549591
 2800.0     267.1324558377779
 2900.0     264.6978024133084
 3000.0     262.2525821393436
 3100.0     259.7964653784074
 3200.0     257.3316531021412
 3300.0     254.8540563976144
 3400.0     252.3710153784358
 3500.0     249.8732934879233
 3600.0     247.3692701223711
 3700.0     244.8549604595307
 3800.0     242.3279072503332
 3900.0     239.8004356950343
 4000.0     237.2499516828672
 4100.0     234.7081391336698
 4200.0     232.1410718966851
 4300.0     229.5751618600060
 4400.0     226.9935810695521
 4500.0     224.4596705902445
 4600.0     221.6406857381064
 4700.0     219.9837298552712
 4800.0     214.2540710985923
 4900.0     250.9182071533581
 5000.0     129.1566926752248
 5100.0     216.8197764405760
 5200.0     216.9088516616883
 5300.0     214.3160801188800
 5400.0     215.4910254814968
 5500.0     212.0067255162801
 5600.0     210.7722046610927
 5700.0     207.8708409208656
 5800.0     209.2436898959006
 5900.0     204.1313756417081
 6000.0     199.2394797657916
# P = 38.000000 (GPa)
    1.0     331.4253349830227
  100.0     331.0182098547660
  200.0     329.6935179524868
  300.0     327.9342354728673
  400.0     325.9970096401915
  500.0     323.9760669082946
  600.0     321.8956049925571
  700.0     319.7768640985877
  800.0     317.6274568358949
  900.0     315.4543206583830
 1000.0     313.2610253138578
 1100.0     311.0503546554303
 1200.0     308.8241213920490
 1300.0     306.5835461163227
 1400.0     304.3296351840277
 1500.0     302.0629869910059
 1600.0     299.7841248633489
 1700.0     297.4934198348831
 1800.0     295.1911363253881
 1900.0     292.8775368617144
 2000.0     290.5527615403182
 2100.0     288.2168945427450
 2200.0     285.8700383293867
 2300.0     283.5122998907003
 2400.0     281.1439075983560
 2500.0     278.7646979984881
 2600.0     276.3745422750422
 2700.0     273.9743765597030
 2800.0     271.5626130301537
 2900.0     269.1413436835068
 3000.0     266.7092994071068
 3100.0     264.2661097413170
 3200.0     261.8138747177023
 3300.0     259.3487348582235
 3400.0     256.8776194484399
 3500.0     254.3917137824192
 3600.0     251.8989146441690
 3700.0     249.3955223429339
 3800.0     246.8791264190481
 3900.0     244.3613796050462
 4000.0     241.8208505326604
 4100.0     239.2875041631413
 4200.0     236.7293411774833
 4300.0     234.1710234054222
 4400.0     231.5968067175360
 4500.0     229.0669873449982
 4600.0     226.2649028467376
 4700.0     224.5643580017646
 4800.0     218.9952822887735
 4900.0     252.3378644105223
 5000.0     130.6620065127518
 5100.0     221.9626133318782
 5200.0     221.8979453964013
 5300.0     219.2589367303705
 5400.0     220.3187928306166
 5500.0     216.8449365228821
 5600.0     215.4900042099354
 5700.0     212.5964131689724
 5800.0     213.8157773300225
 5900.0     208.7444895016224
 6000.0     203.8148444787420
# P = 39.000000 (GPa)
    1.0     335.4547128765727
  100.0     335.0535108967395
  200.0     333.7451200435225
  300.0     332.0003630715453
  400.0     330.0776054275645
  500.0     328.0710084438324
  600.0     326.0053082198011
  700.0     323.9014552223827
  800.0     321.7671032802428
  900.0     319.6091132204446
 1000.0     317.4310368837740
 1100.0     315.2356449494819
 1200.0     313.0247148166344
 1300.0     310.7994556431707
 1400.0     308.5608691042871
 1500.0     306.3095339798521
 1600.0     304.0459809244200
 1700.0     301.7705635307032
 1800.0     299.4835245488555
 1900.0     297.1851148419113
 2000.0     294.8754554001693
 2100.0     292.5546461092810
 2200.0     290.2227907634242
 2300.0     287.8799491974997
 2400.0     285.5263368798210
 2500.0     283.1617747273689
 2600.0     280.7861353737320
 2700.0     278.4003374129281
 2800.0     276.0028330658753
 2900.0     273.5955722101136
 3000.0     271.1773489521637
 3100.0     268.7477816560865
 3200.0     266.3088974824800
 3300.0     263.8569822089797
 3400.0     261.3985792342336
 3500.0     258.9253069635431
 3600.0     256.4446486980325
 3700.0     253.9531369774449
 3800.0     251.4483624389638
 3900.0     248.9413655590644
 4000.0     246.4118722222287
 4100.0     243.8882074438993
 4200.0     241.3401090006535
 4300.0     238.7906729095098
 4400.0     236.2251611107398
 4500.0     233.7010015576388
 4600.0     230.9166796100094
 4700.0     229.1769969378680
 4800.0     223.7612064229787
 4900.0     254.1603444844817
 5000.0     131.7871031338395
 5100.0     227.0751532619715
 5200.0     226.8578106195235
 5300.0     224.1721839442778
 5400.0     225.1141735962353
 5500.0     221.6494686906672
 5600.0     220.1752924036221
 5700.0     217.2871617011567
 5800.0     218.3520335428329
 5900.0     213.3213792745074
 6000.0     208.3591044481794
# P = 40.000000 (GPa)
    1.0     339.4840890767879
  100.0     339.0889467295028
  200.0     337.7970680057917
  300.0     336.0671112388249
  400.0     334.1590386156154
  500.0     332.1670184198535
  600.0     330.1162968508795
  700.0     328.0275712966315
  800.0     325.9085197931822
  900.0     323.7659292786955
 1000.0     321.6033365201103
 1100.0     319.4234873542473
 1200.0     317.2281402113800
 1300.0     315.0185023053500
 1400.0     312.7955600281321
 1500.0     310.5598787864398
 1600.0     308.3119711467985
 1700.0     306.0521857584758
 1800.0     303.7807475423103
 1900.0     301.4979137673914
 2000.0     299.2037995059404
 2100.0     296.8984879327186
 2200.0     294.5820555203823
 2300.0     292.2545552072290
 2400.0     289.9161866076449
 2500.0     287.5667812991534
 2600.0     285.2062230282331
 2700.0     282.8353435579991
 2800.0     280.4526473486311
 2900.0     278.0599800409366
 3000.0     275.6562136167382
 3100.0     273.2409662211985
 3200.0     270.8161289984490
 3300.0     268.3781344950488
 3400.0     265.9331940135594
 3500.0     263.4733739614528
 3600.0     261.0057345293872
 3700.0     258.5269691762165
 3800.0     256.0347061399154
 3900.0     253.5394636974069
 4000.0     251.0220349360603
 4100.0     248.5091507129584
 4200.0     245.9722014030342
 4300.0     243.4328660187912
 4400.0     240.8773338575645
 4500.0     238.3602774840705
 4600.0     235.5945218468772
 4700.0     233.8198417587329
 4800.0     228.5505991110510
 4900.0     256.3276095633294
 5000.0     132.4530382783481
 5100.0     232.1585290989309
 5200.0     231.7897304591727
 5300.0     229.0570921958613
 5400.0     229.8786440648537
 5500.0     226.4216995432159
 5600.0     224.8295689699058
 5700.0     221.9444897223341
 5800.0     222.8541208116146
 5900.0     217.8635374457144
 6000.0     212.8734232980172
