# T (K)      B_T_P (GPa)
# P = 0.000000 (GPa)
    1.0     178.3092857233426
  100.0     177.7368115703617
  200.0     175.6927376793693
  300.0     172.9922116050233
  400.0     170.0451132333026
  500.0     166.9883204978101
  600.0     163.8691869334820
  700.0     160.7069475837089
  800.0     157.5105949609270
  900.0     154.2847806411394
 1000.0     151.0321201352415
 1100.0     147.7540925722033
 1200.0     144.4516073827304
 1300.0     141.1252011444483
 1400.0     137.7751370217255
 1500.0     134.4015737813445
 1600.0     131.0045265082176
 1700.0     127.5839432542634
 1800.0     124.1397293776462
 1900.0     120.6717101192058
 2000.0     117.1797287466171
 2100.0     113.6635832845403
 2200.0     110.1230232853193
 2300.0     106.5577763745368
 2400.0     102.9676011489738
 2500.0      99.3522509952408
 2600.0      95.7114230646356
 2700.0      92.0447624330357
 2800.0      88.3520677668522
 2900.0      84.6328685348765
 3000.0      80.8870002990896
 3100.0      77.1141207395662
 3200.0      73.3136942898113
 3300.0      69.4874809943874
 3400.0      65.6416218279216
 3500.0      61.7819747985377
 3600.0      57.9249501084244
 3700.0      54.0557007553475
 3800.0      50.2327826830979
 3900.0      46.4121818757267
 4000.0      42.6542150327386
 4100.0      38.9558089029269
 4200.0      35.3824014542151
 4300.0      31.8579185027775
 4400.0      28.4238356509377
 4500.0      25.1712480405404
 4600.0      22.2951372185489
 4700.0      19.3745127371803
 4800.0      16.6064998160582
 4900.0      14.4785172892443
 5000.0      13.5719352017622
 5100.0      12.9323330812622
 5200.0      12.5877534394094
 5300.0      13.2566709709936
 5400.0      14.0040421180311
 5500.0      14.0806743552093
 5600.0      15.5637368740863
 5700.0      15.8892757330905
 5800.0      15.0350189098390
 5900.0      15.3325504836976
 6000.0      16.3182531878119
# P = 1.000000 (GPa)
    1.0     182.3386507433322
  100.0     181.7702951261032
  200.0     179.7453360141948
  300.0     177.0673183885393
  400.0     174.1424601316028
  500.0     171.1075806426732
  600.0     168.0102907667176
  700.0     164.8699324451539
  800.0     161.6955972276868
  900.0     158.4919526421538
 1000.0     155.2616510559503
 1100.0     152.0061729839915
 1200.0     148.7264477950073
 1300.0     145.4230056419869
 1400.0     142.0961176457287
 1500.0     138.7459507158808
 1600.0     135.3725179884674
 1700.0     131.9757700282650
 1800.0     128.5556057850632
 1900.0     125.1118758830837
 2000.0     121.6444042801500
 2100.0     118.1529959288355
 2200.0     114.6374045737607
 2300.0     111.0973696840617
 2400.0     107.5326308157052
 2500.0     103.9429628981373
 2600.0     100.3280581600026
 2700.0      96.6875564805625
 2800.0      93.0212724886536
 2900.0      89.3287344147088
 3000.0      85.6097722961119
 3100.0      81.8640650034205
 3200.0      78.0911154454238
 3300.0      74.2907269399362
 3400.0      70.4623422236579
 3500.0      66.6099405915270
 3600.0      62.7415177583788
 3700.0      58.8596922512280
 3800.0      54.9882610164443
 3900.0      51.1179406407368
 4000.0      47.2801191282324
 4100.0      43.4810432332979
 4200.0      39.7638974843503
 4300.0      36.0917405276923
 4400.0      32.4913867446958
 4500.0      29.0278280612183
 4600.0      25.8439306792279
 4700.0      22.6567706148635
 4800.0      19.6058280187281
 4900.0      17.0498855874466
 5000.0      15.7780606693123
 5100.0      15.2194299761904
 5200.0      14.9458184139803
 5300.0      15.4387344110582
 5400.0      15.9970909718832
 5500.0      16.0561409301008
 5600.0      17.2132032254012
 5700.0      17.4819934540428
 5800.0      16.8164842678234
 5900.0      17.0680273047183
 6000.0      17.8537371647544
# P = 2.000000 (GPa)
    1.0     186.3680202244113
  100.0     185.8037785961190
  200.0     183.7979368674834
  300.0     181.1424342229951
  400.0     178.2398042208392
  500.0     175.2268552363315
  600.0     172.1513874923125
  700.0     169.0329231919842
  800.0     165.8805940859802
  900.0     162.6991248979039
 1000.0     159.4911843089599
 1100.0     156.2582585405907
 1200.0     153.0012835527799
 1300.0     149.7208054843103
 1400.0     146.4170979997726
 1500.0     143.0903207167591
 1600.0     139.7405028543097
 1700.0     136.3675927452545
 1800.0     132.9714899287661
 1900.0     129.5520357993564
 2000.0     126.1090824953200
 2100.0     122.6424084518222
 2200.0     119.1517886422105
 2300.0     115.6369605495747
 2400.0     112.0976618571801
 2500.0     108.5336810920399
 2600.0     104.9446899606412
 2700.0     101.3303560223507
 2800.0      97.6904724256386
 2900.0      94.0245982269760
 3000.0      90.3325443009724
 3100.0      86.6139936742243
 3200.0      82.8684682254208
 3300.0      79.0957302088039
 3400.0      75.2952361512790
 3500.0      71.4669602703010
 3600.0      67.6110007098346
 3700.0      63.7328202450004
 3800.0      59.8426158041037
 3900.0      55.9451446528806
 4000.0      52.0567718519187
 4100.0      48.1874645156704
 4200.0      44.3652524091649
 4300.0      40.5784216557349
 4400.0      36.8446984666880
 4500.0      33.2094182825240
 4600.0      29.7739718259254
 4700.0      26.3607133789046
 4800.0      23.0652926156472
 4900.0      20.1435359253228
 5000.0      18.5501495111675
 5100.0      18.0324498146365
 5200.0      17.7934865084826
 5300.0      18.1175063039409
 5400.0      18.4958929491695
 5500.0      18.5181525596417
 5600.0      19.3792259173642
 5700.0      19.5788086992106
 5800.0      19.0529120808642
 5900.0      19.2464201858675
 6000.0      19.8421458835655
# P = 3.000000 (GPa)
    1.0     190.3973887424416
  100.0     189.8372611575683
  200.0     187.8505307728537
  300.0     185.2175457716219
  400.0     182.3371575061805
  500.0     179.3461204263037
  600.0     176.2924921643166
  700.0     173.1959130988300
  800.0     170.0655964770958
  900.0     166.9063024778023
 1000.0     163.7207101149062
 1100.0     160.5103346316757
 1200.0     157.2761251930415
 1300.0     154.0186117104342
 1400.0     150.7380837057344
 1500.0     147.4347052995292
 1600.0     144.1084957405013
 1700.0     140.7594132897310
 1800.0     137.3873658112987
 1900.0     133.9922037484358
 2000.0     130.5737496678608
 2100.0     127.1318246663688
 2200.0     123.6661758077217
 2300.0     120.1765466737869
 2400.0     116.6626934478844
 2500.0     113.1243856472717
 2600.0     109.5613125828007
 2700.0     105.9731487538754
 2800.0     102.3596814181818
 2900.0      98.7204600095600
 3000.0      95.0553171017935
 3100.0      91.3639282307447
 3200.0      87.6458158943866
 3300.0      83.9007592838461
 3400.0      80.1282082328923
 3500.0      76.3281358876637
 3600.0      72.4998832424216
 3700.0      68.6431729267081
 3800.0      64.7601570365284
 3900.0      60.8577574398136
 4000.0      56.9461843562351
 4100.0      53.0354389441450
 4200.0      49.1439330969165
 4300.0      45.2741459366944
 4400.0      41.4389035386357
 4500.0      37.6693652519971
 4600.0      34.0348788946831
 4700.0      30.4346570807102
 4800.0      26.9323751609991
 4900.0      23.7036707157822
 5000.0      21.8307065466215
 5100.0      21.3196371280792
 5200.0      21.0839424520236
 5300.0      21.2468566821335
 5400.0      21.4547867144865
 5500.0      21.4239758339827
 5600.0      22.0176670860965
 5700.0      22.1377538609086
 5800.0      21.7074293040205
 5900.0      21.8327094479173
 6000.0      22.2486018807977
# P = 4.000000 (GPa)
    1.0     194.4267576030200
  100.0     193.8707403241119
  200.0     191.9031364601439
  300.0     189.2926582664302
  400.0     186.4345013783238
  500.0     183.4653862512241
  600.0     180.4335975757695
  700.0     177.3589031357670
  800.0     174.2505965666932
  900.0     171.1134750967648
 1000.0     167.9502380681852
 1100.0     164.7624205390551
 1200.0     161.5509627989518
 1300.0     158.3164155586185
 1400.0     155.0590614012647
 1500.0     151.7790739487164
 1600.0     148.4764838249370
 1700.0     145.1512410917140
 1800.0     141.8032520331221
 1900.0     138.4323641279312
 2000.0     135.0384289482289
 2100.0     131.6212323885597
 2200.0     128.1805545929456
 2300.0     124.7161360846747
 2400.0     121.2277251596998
 2500.0     117.7150981904128
 2600.0     114.1779525579794
 2700.0     110.6159455012064
 2800.0     107.0288846852251
 2900.0     103.4163273144236
 3000.0      99.7780912264120
 3100.0      96.1138576324077
 3200.0      92.4231599772334
 3300.0      88.7057860526420
 3400.0      84.9611748718591
 3500.0      81.1893091285221
 3600.0      77.3895334278897
 3700.0      73.5616209306572
 3800.0      69.7052104732782
 3900.0      65.8197425291680
 4000.0      61.9103677935962
 4100.0      57.9853327127894
 4200.0      54.0574064158391
 4300.0      50.1350974202655
 4400.0      46.2291346820612
 4500.0      42.3610155170991
 4600.0      38.5762701216645
 4700.0      34.8269177723960
 4800.0      31.1545572090290
 4900.0      27.6744923721999
 5000.0      25.5622365934469
 5100.0      25.0292364486522
 5200.0      24.7703709736379
 5300.0      24.7806555789284
 5400.0      24.8281109335803
 5500.0      24.7308773452387
 5600.0      25.0843888666132
 5700.0      25.1168613320042
 5800.0      24.7431628923077
 5900.0      24.7918754102575
 6000.0      25.0382276939636
# P = 5.000000 (GPa)
    1.0     198.4561208760464
  100.0     197.9042258224492
  200.0     195.9557335702120
  300.0     193.3677681573497
  400.0     190.5318482708834
  500.0     187.5846534907054
  600.0     184.5746944561228
  700.0     181.5218905900242
  800.0     178.4355968608044
  900.0     175.3206462505191
 1000.0     172.1797719878561
 1100.0     169.0145054028501
 1200.0     165.8257993586843
 1300.0     162.6142178355334
 1400.0     159.3800489338332
 1500.0     156.1234557732864
 1600.0     152.8444720005648
 1700.0     149.5430613993517
 1800.0     146.2191304605680
 1900.0     142.8725296133295
 2000.0     139.5030988443188
 2100.0     136.1106512730880
 2200.0     132.6949449987180
 2300.0     129.2557293126534
 2400.0     125.7927589525223
 2500.0     122.3058104555414
 2600.0     118.7945787236722
 2700.0     115.2587373639503
 2800.0     111.6980906351905
 2900.0     108.1121876632656
 3000.0     104.5008608793280
 3100.0     100.8637926737639
 3200.0      97.2005134043872
 3300.0      93.5108094562528
 3400.0      89.7941415226385
 3500.0      86.0504744194878
 3600.0      82.2791760140400
 3700.0      78.4800014665971
 3800.0      74.6525925270332
 3900.0      70.7963234660993
 4000.0      66.9113333164222
 4100.0      62.9975120156809
 4200.0      59.0631392341707
 4300.0      55.1174601561495
 4400.0      51.1705246185813
 4500.0      47.2377156252787
 4600.0      43.3477637427877
 4700.0      39.4858115053303
 4800.0      35.6793203138332
 4900.0      32.0002033076053
 5000.0      29.6872444702531
 5100.0      29.1094923080091
 5200.0      28.8059568024546
 5300.0      28.6727730268467
 5400.0      28.5702042712946
 5500.0      28.3961236848554
 5600.0      28.5352533941914
 5700.0      28.4741635047976
 5800.0      28.1232397998247
 5900.0      28.0888983940240
 6000.0      28.1761458601977
# P = 6.000000 (GPa)
    1.0     202.4854883787822
  100.0     201.9377121647801
  200.0     200.0083292476633
  300.0     197.4428810320752
  400.0     194.6291988397390
  500.0     191.7039241608982
  600.0     188.7157962507039
  700.0     185.6848804651468
  800.0     182.6205962344224
  900.0     179.5278221434426
 1000.0     176.4093006531002
 1100.0     173.2665840786263
 1200.0     170.1006395879090
 1300.0     166.9120209187274
 1400.0     163.7010266891513
 1500.0     160.4678306513981
 1600.0     157.2124619400214
 1700.0     153.9348879089643
 1800.0     150.6350111201016
 1900.0     147.3126946067529
 2000.0     143.9677748486432
 2100.0     140.6000603177513
 2200.0     137.2093222800785
 2300.0     133.7953143119623
 2400.0     130.3577894676694
 2500.0     126.8965194452101
 2600.0     123.4112131540110
 2700.0     119.9015398021962
 2800.0     116.3672937879847
 2900.0     112.8080487398937
 3000.0     109.2236339269030
 3100.0     105.6137224142077
 3200.0     101.9778629305291
 3300.0      98.3158317392250
 3400.0      94.6271083875662
 3500.0      90.9116443777401
 3600.0      87.1688199125246
 3700.0      83.3983854918761
 3800.0      79.5999933835964
 3900.0      75.7730240427306
 4000.0      71.9176128826824
 4100.0      68.0326867553619
 4200.0      64.1185984201396
 4300.0      60.1774181940623
 4400.0      56.2182060697618
 4500.0      52.2528121239762
 4600.0      48.2989779941186
 4700.0      44.3596543314134
 4800.0      40.4541460296350
 4900.0      36.6250059352078
 5000.0      34.1482349952021
 5100.0      33.5086492376286
 5200.0      33.1438846673009
 5300.0      32.8770790589333
 5400.0      32.6354053930918
 5500.0      32.3769814440457
 5600.0      32.3261228041883
 5700.0      32.1676927708831
 5800.0      31.8107869823070
 5900.0      31.6887587189849
 6000.0      31.6274789165036
# P = 7.000000 (GPa)
    1.0     206.5148619777834
  100.0     205.9711887111099
  200.0     204.0609352887111
  300.0     201.5179947184816
  400.0     198.7265443238057
  500.0     195.8231885645241
  600.0     192.8569021714736
  700.0     189.8478662521310
  800.0     186.8055972666444
  900.0     183.7349966827285
 1000.0     180.6388295596550
 1100.0     177.5186648758751
 1200.0     174.3754777369233
 1300.0     171.2098244263718
 1400.0     168.0220098833175
 1500.0     164.8122071572909
 1600.0     161.5804547468634
 1700.0     158.3267089388846
 1800.0     155.0508906403589
 1900.0     151.7528538001552
 2000.0     148.4324465783822
 2100.0     145.0894765009487
 2200.0     141.7237098711702
 2300.0     138.3349119449979
 2400.0     134.9228232891444
 2500.0     131.4872332015008
 2600.0     128.0278424153560
 2700.0     124.5443321678997
 2800.0     121.0364966363394
 2900.0     117.5039159836809
 3000.0     113.9464027687877
 3100.0     110.3636538719859
 3200.0     106.7552128683006
 3300.0     103.1208615317714
 3400.0      99.4600767587675
 3500.0      95.7728141491645
 3600.0      92.0584603213469
 3700.0      88.3167724518207
 3800.0      84.5473950441375
 3900.0      80.7497234744623
 4000.0      76.9238864722025
 4100.0      73.0688337877495
 4200.0      69.1849450526939
 4300.0      65.2711783387415
 4400.0      61.3273117571895
 4500.0      57.3596515606731
 4600.0      53.3795311116784
 4700.0      49.3967623023550
 4800.0      45.4265159105612
 4900.0      41.4931026681616
 5000.0      38.8877129867269
 5100.0      38.1749517693970
 5200.0      37.7373392972986
 5300.0      37.3474437079421
 5400.0      36.9780529642449
 5500.0      36.6307172141387
 5600.0      36.4128592318921
 5700.0      36.1554815228701
 5800.0      35.7689313941883
 5900.0      35.5564367056577
 6000.0      35.3573494002412
# P = 8.000000 (GPa)
    1.0     210.5442222290606
  100.0     210.0046725505078
  200.0     208.1135265291818
  300.0     205.5931085585203
  400.0     202.8238944916527
  500.0     199.9424548347389
  600.0     196.9980018171173
  700.0     194.0108596693279
  800.0     190.9905983445394
  900.0     187.9421674244626
 1000.0     184.8683594547224
 1100.0     181.7707501520623
 1200.0     178.6503145063346
 1300.0     175.5076292910410
 1400.0     172.3429909324773
 1500.0     169.1565840592525
 1600.0     165.9484395021958
 1700.0     162.7185346613814
 1800.0     159.4667766965983
 1900.0     156.1930228222741
 2000.0     152.8971209111806
 2100.0     149.5788869108615
 2200.0     146.2380974586877
 2300.0     142.8744888811582
 2400.0     139.4878511337010
 2500.0     136.0779423936341
 2600.0     132.6444731998221
 2700.0     129.1871304098273
 2800.0     125.7057045752963
 2900.0     122.1997807543502
 3000.0     118.6691779091931
 3100.0     115.1135844792668
 3200.0     111.5325613555881
 3300.0     107.9258845641411
 3400.0     104.2930441503304
 3500.0     100.6339803774409
 3600.0      96.9481009897344
 3700.0      93.2351581420396
 3800.0      89.4947949535059
 3900.0      85.7264210599515
 4000.0      81.9301579048096
 4100.0      78.1049676345221
 4200.0      74.2512258367973
 4300.0      70.3678810690189
 4400.0      66.4545874345335
 4500.0      62.5115804828296
 4600.0      58.5390413314939
 4700.0      54.5454514698829
 4800.0      50.5439115107936
 4900.0      46.5486959196451
 5000.0      43.8481832632019
 5100.0      43.0566444350334
 5200.0      42.5395054214414
 5300.0      42.0377370067217
 5400.0      41.5524856498705
 5500.0      41.1145975866057
 5600.0      40.7513248124360
 5700.0      40.3955621529713
 5800.0      39.9607999904001
 5900.0      39.6569126742579
 6000.0      39.3308798485123
# P = 9.000000 (GPa)
    1.0     214.5735948218330
  100.0     214.0381588055396
  200.0     212.1661286398861
  300.0     209.6682171997294
  400.0     206.9212372923721
  500.0     204.0617251893655
  600.0     201.1391032933104
  700.0     198.1738502328396
  800.0     195.1755949714868
  900.0     192.1493427298743
 1000.0     189.0978906953571
 1100.0     186.0228325662062
 1200.0     182.9251540207442
 1300.0     179.8054341620445
 1400.0     176.6639754001948
 1500.0     173.5009573286237
 1600.0     170.3164335571055
 1700.0     167.1103534663093
 1800.0     163.8826517786097
 1900.0     160.6331794551223
 2000.0     157.3617975062776
 2100.0     154.0683004957025
 2200.0     150.7524776886451
 2300.0     147.4140887971654
 2400.0     144.0528841744109
 2500.0     140.6686535980374
 2600.0     137.2611064495801
 2700.0     133.8299276833613
 2800.0     130.3749072303506
 2900.0     126.8956430185578
 3000.0     123.3919469962585
 3100.0     119.8635161670319
 3200.0     116.3099086181569
 3300.0     112.7309069051439
 3400.0     109.1260119317891
 3500.0     105.4951535288330
 3600.0     101.8377417788646
 3700.0      98.1535393883271
 3800.0      94.4421976558708
 3900.0      90.7031230916826
 4000.0      86.9364278842056
 4100.0      83.1411085955867
 4200.0      79.3175013879242
 4300.0      75.4645948727286
 4400.0      71.5820394974759
 4500.0      67.6700659493037
 4600.0      63.7276107965916
 4700.0      59.7540378857242
 4800.0      55.7538143844950
 4900.0      51.7359881028418
 5000.0      48.9721506429790
 5100.0      48.1019717662380
 5200.0      47.5035677687890
 5300.0      46.9018289881278
 5400.0      46.3130421152737
 5500.0      45.7858891527394
 5600.0      45.2973816811673
 5700.0      44.8459670533066
 5800.0      44.3495197259272
 5900.0      43.9551669451630
 6000.0      43.5131927984239
# P = 10.000000 (GPa)
    1.0     218.6029664356376
  100.0     218.0716401454218
  200.0     216.2187314897974
  300.0     213.7433295358380
  400.0     211.0185845935841
  500.0     208.1809925028113
  600.0     205.2802046380601
  700.0     202.3368354838514
  800.0     199.3605981081058
  900.0     196.3565166461139
 1000.0     193.3274160256293
 1100.0     190.2749111225030
 1200.0     187.1999924929212
 1300.0     184.1032359707596
 1400.0     180.9849523096484
 1500.0     177.8453384137851
 1600.0     174.6844152529094
 1700.0     171.5021820104156
 1800.0     168.2985349568984
 1900.0     165.0733505034107
 2000.0     161.8264693417397
 2100.0     158.5577151952815
 2200.0     155.2668646847695
 2300.0     151.9536737107662
 2400.0     148.6179167366158
 2500.0     145.2593660627836
 2600.0     141.8777358614691
 2700.0     138.4727183812736
 2800.0     135.0441138461570
 2900.0     131.5915086929015
 3000.0     128.1147229493826
 3100.0     124.6134452255649
 3200.0     121.0872625710769
 3300.0     117.5359341947385
 3400.0     113.9589790413266
 3500.0     110.3563236500935
 3600.0     106.7273830469641
 3700.0     103.0719278463466
 3800.0      99.3895986421120
 3900.0      95.6798235629879
 4000.0      91.9427011027177
 4100.0      88.1772413524943
 4200.0      84.3837796954192
 4300.0      80.5613122874099
 4400.0      76.7094937989804
 4500.0      72.8285414572857
 4600.0      68.9174244048363
 4700.0      64.9755602703603
 4800.0      61.0037443752990
 4900.0      56.9991816309258
 5000.0      54.2021199444137
 5100.0      53.2591782947473
 5200.0      52.5827110683318
 5300.0      51.8935896850296
 5400.0      51.2140610256844
 5500.0      50.6018585039419
 5600.0      50.0068919733130
 5700.0      49.4647286161635
 5800.0      48.8982175555711
 5900.0      48.4161798386303
 6000.0      47.8694107871406
# P = 11.000000 (GPa)
    1.0     222.6323279274016
  100.0     222.1051249305524
  200.0     220.2713267332560
  300.0     217.8184431082574
  400.0     215.1159358436491
  500.0     212.3002567202429
  600.0     209.4213052968269
  700.0     206.4998267807725
  800.0     203.5455992786952
  900.0     200.5636905774903
 1000.0     197.5569501258249
 1100.0     194.5269986197700
 1200.0     191.4748300995216
 1300.0     188.4010382825086
 1400.0     185.3059376963863
 1500.0     182.1897082376265
 1600.0     179.0524126908715
 1700.0     175.8940028322001
 1800.0     172.7144158503892
 1900.0     169.5135113379134
 2000.0     166.2911452132649
 2100.0     163.0471249706380
 2200.0     159.7812437179450
 2300.0     156.4932636237671
 2400.0     153.1829469528516
 2500.0     149.8500783218312
 2600.0     146.4943731529182
 2700.0     143.1155192024625
 2800.0     139.7133168262613
 2900.0     136.2873705073599
 3000.0     132.8374933870549
 3100.0     129.3633813878414
 3200.0     125.8646146006629
 3300.0     122.3409660310873
 3400.0     118.7919466749256
 3500.0     115.2174962568321
 3600.0     111.6170266964697
 3700.0     107.9903124872783
 3800.0     104.3369949070117
 3900.0     100.6565244255337
 4000.0      96.9489742098970
 4100.0      93.2133819993714
 4200.0      89.4500603524823
 4300.0      85.6580327600535
 4400.0      81.8369472128451
 4500.0      77.9870195157502
 4600.0      74.1072313967513
 4700.0      70.1970098971656
 4800.0      66.2571094570408
 4900.0      62.2846246575840
 5000.0      59.4805994165013
 5100.0      58.4765085522938
 5200.0      57.7301200491018
 5300.0      56.9668891302685
 5400.0      56.2098810463257
 5500.0      55.5197722315769
 5600.0      54.8357178241193
 5700.0      54.2098792337443
 5800.0      53.5700204342061
 5900.0      53.0049316749692
 6000.0      52.3646563518173
# P = 12.000000 (GPa)
    1.0     226.6616989304480
  100.0     226.1386031493926
  200.0     224.3239255537061
  300.0     221.8935574805132
  400.0     219.2132801463157
  500.0     216.4195239104584
  600.0     213.5624097070148
  700.0     210.6628168710637
  800.0     207.7305953903453
  900.0     204.7708629008430
 1000.0     201.7864793990440
 1100.0     198.7790817100629
 1200.0     195.7496677767604
 1300.0     192.6988406400333
 1400.0     189.6269210990932
 1500.0     186.5340894997468
 1600.0     183.4204002774368
 1700.0     180.2858297616228
 1800.0     177.1302954834314
 1900.0     173.9536728489835
 2000.0     170.7558125608423
 2100.0     167.5365425380580
 2200.0     164.2956303979177
 2300.0     161.0328559177816
 2400.0     157.7479790166726
 2500.0     154.4407875031812
 2600.0     151.1109991142480
 2700.0     147.7583137167699
 2800.0     144.3825219542812
 2900.0     140.9832333826135
 3000.0     137.5602656763630
 3100.0     134.1133118589430
 3200.0     130.6419605007828
 3300.0     127.1459828396810
 3400.0     123.6249127892698
 3500.0     120.0786584058803
 3600.0     116.5066669497858
 3700.0     112.9086969635270
 3800.0     109.2844016727791
 3900.0     105.6332269479565
 4000.0     101.9552448455039
 4100.0      98.2495188546209
 4200.0      94.5163393996885
 4300.0      90.7547485861927
 4400.0      86.9644039530683
 4500.0      83.1454926932482
 4600.0      79.2970370780654
 4700.0      75.4184585988529
 4800.0      71.5104867413906
 4900.0      67.5702883073294
 5000.0      64.7643321793090
 5100.0      63.7069211666153
 5200.0      62.9000086439727
 5300.0      62.0756263706318
 5400.0      61.2548408424412
 5500.0      60.4968969270231
 5600.0      59.7397213688534
 5700.0      59.0394512982720
 5800.0      58.3280553167216
 5900.0      57.6864027744771
 6000.0      56.9640520296126
# P = 13.000000 (GPa)
    1.0     230.6910661162151
  100.0     230.1720873183296
  200.0     228.3765253952575
  300.0     225.9686695905581
  400.0     223.3106297284265
  500.0     220.5387955058703
  600.0     217.7035142933800
  700.0     214.8258040618998
  800.0     211.9155996535958
  900.0     208.9780367911642
 1000.0     206.0160064313226
 1100.0     203.0311570849062
 1200.0     200.0245076969993
 1300.0     196.9966452521813
 1400.0     193.9479002231827
 1500.0     190.8784650332302
 1600.0     187.7883853343629
 1700.0     184.6776492640232
 1800.0     181.5461765496256
 1900.0     178.3938371961694
 2000.0     175.2204941600260
 2100.0     172.0259508537048
 2200.0     168.8100141402727
 2300.0     165.5724447851209
 2400.0     162.3130121807850
 2500.0     159.0314978784424
 2600.0     155.7276306479131
 2700.0     152.4011111149127
 2800.0     149.0517263912629
 2900.0     145.6791016059086
 3000.0     142.2830370919620
 3100.0     138.8632403510759
 3200.0     135.4193100039690
 3300.0     131.9510114642565
 3400.0     128.4578820273588
 3500.0     124.9398299551152
 3600.0     121.3963120673208
 3700.0     117.8270812589908
 3800.0     114.2318041924327
 3900.0     110.6099284092702
 4000.0     106.9615194420469
 4100.0     103.2856580658680
 4200.0      99.5826143636797
 4300.0      95.8514662023593
 4400.0      92.0918537193798
 4500.0      88.3039728361305
 4600.0      84.4868422487525
 4700.0      80.6399053983698
 4800.0      76.7638682336604
 4900.0      72.8559583719459
 5000.0      70.0480835845827
 5100.0      68.9372725014481
 5200.0      68.0704304445097
 5300.0      67.1874586131214
 5400.0      66.3088838270879
 5500.0      65.4919032022794
 5600.0      64.6748506529994
 5700.0      63.9114772019697
 5800.0      63.1354491579947
 5900.0      62.4255734574535
 6000.0      61.6327203576710
# P = 14.000000 (GPa)
    1.0     234.7204324427658
  100.0     234.2055720390209
  200.0     232.4291264638832
  300.0     230.0437789311094
  400.0     227.4079767597214
  500.0     224.6580611162451
  600.0     221.8446125540823
  700.0     218.9887917586051
  800.0     216.1005974901204
  900.0     213.1852091432701
 1000.0     210.2455369441831
 1100.0     207.2832395242238
 1200.0     204.2993452267704
 1300.0     201.2944495055112
 1400.0     198.2688848413177
 1500.0     195.2228407776377
 1600.0     192.1563822388474
 1700.0     189.0694744175778
 1800.0     185.9620555583989
 1900.0     182.8340042877392
 2000.0     179.6851622929636
 2100.0     176.5153649623910
 2200.0     173.3243976021955
 2300.0     170.1120337367809
 2400.0     166.8780426478612
 2500.0     163.6222127119494
 2600.0     160.3442622952141
 2700.0     157.0439056761139
 2800.0     153.7209299659792
 2900.0     150.3749608446438
 3000.0     147.0058081395709
 3100.0     143.6131765687239
 3200.0     140.1966597500886
 3300.0     136.7560397828726
 3400.0     133.2908463830978
 3500.0     129.8009998108055
 3600.0     126.2859509972791
 3700.0     122.7454658885160
 3800.0     119.1792060525589
 3900.0     115.5866269196464
 4000.0     111.9677917492684
 4100.0     108.3217944777141
 4200.0     104.6488940455208
 4300.0     100.9481856518068
 4400.0      97.2193123943550
 4500.0      93.4624486076899
 4600.0      89.6766556753710
 4700.0      85.8613567939159
 4800.0      82.0172448802356
 4900.0      78.1416247095782
 5000.0      75.3318410105420
 5100.0      74.1676247211153
 5200.0      73.2408521020627
 5300.0      72.2993031663119
 5400.0      71.3628804742183
 5500.0      70.4871329342958
 5600.0      69.6121840907790
 5700.0      68.7903153023131
 5800.0      67.9568791311426
 5900.0      67.1875547422133
 6000.0      66.3357838731505
# P = 15.000000 (GPa)
    1.0     238.7498023126567
  100.0     238.2390545069417
  200.0     236.4817259930817
  300.0     234.1188898320629
  400.0     231.5053186642870
  500.0     228.7773255939555
  600.0     225.9857142801706
  700.0     223.1517806308225
  800.0     220.2855980867046
  900.0     217.3923843911025
 1000.0     214.4750675322002
 1100.0     211.5353272878148
 1200.0     208.5741850267431
 1300.0     205.5922544897995
 1400.0     202.5898649610067
 1500.0     199.5672186179176
 1600.0     196.5243633999179
 1700.0     193.4613005469651
 1800.0     190.3779407695108
 1900.0     187.2741638299649
 2000.0     184.1498349969801
 2100.0     181.0047794255297
 2200.0     177.8387842719657
 2300.0     174.6516210494506
 2400.0     171.4430745983437
 2500.0     168.2129211037442
 2600.0     164.9608932417643
 2700.0     161.6867007574650
 2800.0     158.3901370525579
 2900.0     155.0708295667331
 3000.0     151.7285809787400
 3100.0     148.3631065585177
 3200.0     144.9740096893703
 3300.0     141.5610636174297
 3400.0     138.1238149144606
 3500.0     134.6621669346581
 3600.0     131.1755953569935
 3700.0     127.6638517671258
 3800.0     124.1266031058948
 3900.0     120.5633268489822
 4000.0     116.9740661873042
 4100.0     113.3579348465628
 4200.0     109.7151769138049
 4300.0     106.0448999084752
 4400.0     102.3467691299227
 4500.0      98.6209286774043
 4600.0      94.8664602116665
 4700.0      91.0828100108544
 4800.0      87.2706221368407
 4900.0      83.4272950070047
 5000.0      80.6155958534293
 5100.0      79.3979839430959
 5200.0      78.4112723153245
 5300.0      77.4111514866450
 5400.0      76.4168760050345
 5500.0      75.4823615996748
 5600.0      74.5495196982257
 5700.0      73.6691262816410
 5800.0      72.7783833686615
 5900.0      71.9508610960316
 6000.0      71.0440413323481
# P = 16.000000 (GPa)
    1.0     242.7791696847748
  100.0     242.2725368943296
  200.0     240.5343243719499
  300.0     238.1940039023909
  400.0     235.6026708429662
  500.0     232.8965935395132
  600.0     230.1268172582311
  700.0     227.3147706093977
  800.0     224.4706003524410
  900.0     221.5995587008092
 1000.0     218.7045962927173
 1100.0     215.7874085177600
 1200.0     212.8490234150727
 1300.0     209.8900541226002
 1400.0     206.9108462459793
 1500.0     203.9115929594436
 1600.0     200.8923563798074
 1700.0     197.8531197227450
 1800.0     194.7938214198175
 1900.0     191.7143297973536
 2000.0     188.6145129622503
 2100.0     185.4941887372195
 2200.0     182.3531678185337
 2300.0     179.1912156613183
 2400.0     176.0081048196379
 2500.0     172.8036324271199
 2600.0     169.5775313328923
 2700.0     166.3294993929557
 2800.0     163.0593445304866
 2900.0     159.7666886542941
 3000.0     156.4513535500502
 3100.0     153.1130382154505
 3200.0     149.7513595977135
 3300.0     146.3660885383589
 3400.0     142.9567793579246
 3500.0     139.5233371843292
 3600.0     136.0652348534556
 3700.0     132.5822368773231
 3800.0     129.0740077278538
 3900.0     125.5400298135098
 4000.0     121.9803382322524
 4100.0     118.3940697658138
 4200.0     114.7814502716502
 4300.0     111.1416170727415
 4400.0     107.4742208631974
 4500.0     103.7794080391274
 4600.0     100.0562663720998
 4700.0      96.3042632611821
 4800.0      92.5240035237046
 4900.0      88.7129577856103
 5000.0      85.8993511920191
 5100.0      84.6283397603476
 5200.0      83.5816921119990
 5300.0      82.5229942109534
 5400.0      81.4708691885018
 5500.0      80.4775925139169
 5600.0      79.4868580188270
 5700.0      78.5479410121015
 5800.0      77.5998899763841
 5900.0      76.7141687239182
 6000.0      75.7522801006585
# P = 17.000000 (GPa)
    1.0     246.8085351297227
  100.0     246.3060194044234
  200.0     244.5869223401860
  300.0     242.2691175299327
  400.0     239.7000191024146
  500.0     237.0158620768346
  600.0     234.2679178551293
  700.0     231.4777627421954
  800.0     228.6555960648828
  900.0     225.8067312089544
 1000.0     222.9341239939944
 1100.0     220.0394872508220
 1200.0     217.1238582728884
 1300.0     214.1878578438357
 1400.0     211.2318310401336
 1500.0     208.2559699268775
 1600.0     205.2603481239347
 1700.0     202.2449445664072
 1800.0     199.2096982540919
 1900.0     196.1544945869337
 2000.0     193.0791825516454
 2100.0     189.9836061223771
 2200.0     186.8675494175800
 2300.0     183.7308031012690
 2400.0     180.5731377065717
 2500.0     177.3943453181208
 2600.0     174.1941561677581
 2700.0     170.9722940750901
 2800.0     167.7285443739887
 2900.0     164.4625578592851
 3000.0     161.1741257675057
 3100.0     157.8629711434702
 3200.0     154.5287110126934
 3300.0     151.1711171378637
 3400.0     147.7897501260047
 3500.0     144.3845059317500
 3600.0     140.9548788019917
 3700.0     137.5006203943276
 3800.0     134.0214084054333
 3900.0     130.5167318691827
 4000.0     126.9866078613611
 4100.0     123.4302055646972
 4200.0     119.8477315357680
 4300.0     116.2383339436932
 4400.0     112.6016799553306
 4500.0     108.9378827622639
 4600.0     105.2460719257800
 4700.0     101.5257137249745
 4800.0      97.7773835747693
 4900.0      93.9986260591273
 5000.0      91.1831068566867
 5100.0      89.8586942993332
 5200.0      88.7521140974330
 5300.0      87.6348372635214
 5400.0      86.5248592914975
 5500.0      85.4728288193460
 5600.0      84.4241958569136
 5700.0      83.4267535089153
 5800.0      82.4214024276526
 5900.0      81.4774744368079
 6000.0      80.4605162180363
# P = 18.000000 (GPa)
    1.0     250.8379037182871
  100.0     250.3395027698373
  200.0     248.6395199034402
  300.0     246.3442277409430
  400.0     243.7973639589319
  500.0     241.1351297857699
  600.0     238.4090213487708
  700.0     235.6407522370004
  800.0     232.8405983203213
  900.0     230.0139053326360
 1000.0     227.1636565100914
 1100.0     224.2915725672512
 1200.0     221.3986993408214
 1300.0     218.4856661230492
 1400.0     215.5528110182465
 1500.0     212.6003474307361
 1600.0     209.6283323806075
 1700.0     206.6367680801891
 1800.0     203.6255819461474
 1900.0     200.5946558484081
 2000.0     197.5438605498248
 2100.0     194.4730198942435
 2200.0     191.3819342095524
 2300.0     188.2703888347606
 2400.0     185.1381675749309
 2500.0     181.9850567930542
 2600.0     178.8107900005881
 2700.0     175.6150872689026
 2800.0     172.3977471990013
 2900.0     169.1584169950764
 3000.0     165.8969005382799
 3100.0     162.6129013347067
 3200.0     159.3060581016151
 3300.0     155.9761367156168
 3400.0     152.6227166533835
 3500.0     149.2456779321596
 3600.0     145.8445188631153
 3700.0     142.4190103438734
 3800.0     138.9688093613782
 3900.0     135.4934328186273
 4000.0     131.9928842836858
 4100.0     128.4663470799214
 4200.0     124.9140111768726
 4300.0     121.3350509111446
 4400.0     117.7291290866174
 4500.0     114.0963615716410
 4600.0     110.4358799111917
 4700.0     106.7471589744491
 4800.0     103.0307602874962
 4900.0      99.2842941257344
 5000.0      96.4668649812403
 5100.0      95.0890520963329
 5200.0      93.9225392630941
 5300.0      92.7466851444132
 5400.0      91.5788530485652
 5500.0      90.4680583287864
 5600.0      89.3615274087307
 5700.0      88.3055685382674
 5800.0      87.2429105712634
 5900.0      86.2407810736204
 6000.0      85.1687605213426
# P = 19.000000 (GPa)
    1.0     254.8672742707130
  100.0     254.3729863480480
  200.0     252.6921189004993
  300.0     250.4193377509010
  400.0     247.8947110572515
  500.0     245.2543964383540
  600.0     242.5501261628644
  700.0     239.8037364610982
  800.0     237.0256005677835
  900.0     234.2210787278207
 1000.0     231.3931883004926
 1100.0     228.5436551939617
 1200.0     225.6735393918924
 1300.0     222.7834644979409
 1400.0     219.8737906909349
 1500.0     216.9447219121190
 1600.0     213.9963235487656
 1700.0     211.0285936153124
 1800.0     208.0414665007095
 1900.0     205.0348191489154
 2000.0     202.0085353451091
 2100.0     198.9624326134826
 2200.0     195.8963153601108
 2300.0     192.8099819749594
 2400.0     189.7032044417514
 2500.0     186.5757653722052
 2600.0     183.4274195153883
 2700.0     180.2578879030447
 2800.0     177.0669585260298
 2900.0     173.8542821742146
 3000.0     170.6196699450810
 3100.0     167.3628335644551
 3200.0     164.0834079336713
 3300.0     160.7811681157558
 3400.0     157.4556819261806
 3500.0     154.1068419352231
 3600.0     150.7341638906872
 3700.0     147.3373902679988
 3800.0     143.9162113634842
 3900.0     140.4701316615447
 4000.0     136.9991499065506
 4100.0     133.5024821646406
 4200.0     129.9802857347691
 4300.0     126.4317696007449
 4400.0     122.8565890375402
 4500.0     119.2548386395762
 4600.0     115.6256861538486
 4700.0     111.9686122375496
 4800.0     108.2841368060815
 4900.0     104.5699606750718
 5000.0     101.7506210505366
 5100.0     100.3193994712661
 5200.0      99.0929605458688
 5300.0      97.8585308217337
 5400.0      96.6328482449815
 5500.0      95.4632867651693
 5600.0      94.2988704996834
 5700.0      93.1843770640262
 5800.0      92.0644200863176
 5900.0      91.0040862524426
 6000.0      89.8769978334005
# P = 20.000000 (GPa)
    1.0     258.8966412423300
  100.0     258.4064667477519
  200.0     256.7447200717471
  300.0     254.4944506362107
  400.0     251.9920594802515
  500.0     249.3736623937218
  600.0     246.6912252512211
  700.0     243.9667273226090
  800.0     241.2105992219394
  900.0     238.4282523863772
 1000.0     235.6227123803123
 1100.0     232.7957341349320
 1200.0     229.9483757990198
 1300.0     227.0812683561781
 1400.0     224.1947756644352
 1500.0     221.2890959908399
 1600.0     218.3643146133211
 1700.0     215.4204146395886
 1800.0     212.4573386826673
 1900.0     209.4749876100904
 2000.0     206.4732026341112
 2100.0     203.4518431635464
 2200.0     200.4107059880156
 2300.0     197.3495692537341
 2400.0     194.2682292241932
 2500.0     191.1664786626026
 2600.0     188.0440491941824
 2700.0     184.9006838872792
 2800.0     181.7361624651225
 2900.0     178.5501446090852
 3000.0     175.3424411156900
 3100.0     172.1127638828423
 3200.0     168.8607615451813
 3300.0     165.5861909692881
 3400.0     162.2886512315588
 3500.0     158.9680141937704
 3600.0     155.6238000829919
 3700.0     152.2557760652745
 3800.0     148.8636133516712
 3900.0     145.4468338546467
 4000.0     142.0054301913992
 4100.0     138.5386214488468
 4200.0     135.0465688932425
 4300.0     131.5284864606900
 4400.0     127.9840431909387
 4500.0     124.4133166839970
 4600.0     120.8154959578464
 4700.0     117.1900669756961
 4800.0     113.5375192184406
 4900.0     109.8556291054475
 5000.0     107.0343717791960
 5100.0     105.5497583730253
 5200.0     104.2633783532621
 5300.0     102.9703748025026
 5400.0     101.6868446296682
 5500.0     100.4585199541581
 5600.0      99.2362074175542
 5700.0      98.0631924687103
 5800.0      96.8859319498217
 5900.0      95.7673923529174
 6000.0      94.5852336062052
# P = 21.000000 (GPa)
    1.0     262.9260085969043
  100.0     262.4399520874034
  200.0     260.7973190900354
  300.0     258.5695644453588
  400.0     256.0894074003049
  500.0     253.4929295641114
  600.0     250.8323245529131
  700.0     248.1297163923587
  800.0     245.3955985739550
  900.0     242.6354278873769
 1000.0     239.8522429113607
 1100.0     237.0478150321287
 1200.0     234.2232145497449
 1300.0     231.3790769515136
 1400.0     228.5157586262673
 1500.0     225.6334739346792
 1600.0     222.7323019682259
 1700.0     219.8122374605781
 1800.0     216.8732198019090
 1900.0     213.9151449628238
 2000.0     210.9378767921116
 2100.0     207.9412593362933
 2200.0     204.9250892257088
 2300.0     201.8891607212641
 2400.0     198.8332640213693
 2500.0     195.7571912706967
 2600.0     192.6606884317464
 2700.0     189.5434769742995
 2800.0     186.4053630162422
 2900.0     183.2460119192756
 3000.0     180.0652126041198
 3100.0     176.8626974135580
 3200.0     173.6381079967580
 3300.0     170.3912175162537
 3400.0     167.1216155018659
 3500.0     163.8291823267362
 3600.0     160.5134449369070
 3700.0     157.1741629978910
 3800.0     153.8110127693215
 3900.0     150.4235359421407
 4000.0     147.0116967966883
 4100.0     143.5747584894735
 4200.0     140.1128458092715
 4300.0     136.6252017378695
 4400.0     133.1114949360699
 4500.0     129.5717964172209
 4600.0     126.0053008094057
 4700.0     122.4115107896835
 4800.0     118.7908992747256
 4900.0     115.1412976340063
 5000.0     112.3181322752906
 5100.0     110.7801078589335
 5200.0     109.4338029735951
 5300.0     108.0822225516196
 5400.0     106.7408395638410
 5500.0     105.4537453674960
 5600.0     104.1735454104302
 5700.0     102.9420060266011
 5800.0     101.7074351872670
 5900.0     100.5306915297407
 6000.0      99.2934789713820
# P = 22.000000 (GPa)
    1.0     266.9553761349212
  100.0     266.4734356650574
  200.0     264.8499183057067
  300.0     262.6446771835275
  400.0     260.1867544574209
  500.0     257.6121991216881
  600.0     254.9734273591919
  700.0     252.2927048903806
  800.0     249.5806001649754
  900.0     246.8425980547850
 1000.0     244.0817775801991
 1100.0     241.2998984127530
 1200.0     238.4980542190631
 1300.0     235.6768761241221
 1400.0     232.8367383889837
 1500.0     229.9778524331296
 1600.0     227.1002896781538
 1700.0     224.2040651184652
 1800.0     221.2891064393746
 1900.0     218.3553086254508
 2000.0     215.4025560781994
 2100.0     212.4306700301476
 2200.0     209.4394680698872
 2300.0     206.4287512825643
 2400.0     203.3982977663440
 2500.0     200.3478985666217
 2600.0     197.2773169632451
 2700.0     194.1862746339456
 2800.0     191.0745694435387
 2900.0     187.9418729061729
 3000.0     184.7879879457859
 3100.0     181.6126308264842
 3200.0     178.4154602330005
 3300.0     175.1962456470603
 3400.0     171.9545857394429
 3500.0     168.6903521230997
 3600.0     165.4030865776181
 3700.0     162.0925446538173
 3800.0     158.7584142581997
 3900.0     155.4002362273902
 4000.0     152.0179709191641
 4100.0     148.6108965611767
 4200.0     145.1791220393242
 4300.0     141.7219212739818
 4400.0     138.2389514452418
 4500.0     134.7302711039578
 4600.0     131.1951050784034
 4700.0     127.6329673027047
 4800.0     124.0442765618223
 4900.0     120.4269652401013
 5000.0     117.6018863248036
 5100.0     116.0104647515146
 5200.0     114.6042256713586
 5300.0     113.1940660220108
 5400.0     111.7948301507353
 5500.0     110.4489770144297
 5600.0     109.1108800576288
 5700.0     107.8208220984130
 5800.0     106.5289498943270
 5900.0     105.2939997320466
 6000.0     104.0017183382984
# P = 23.000000 (GPa)
    1.0     270.9847436603872
  100.0     270.5069157205256
  200.0     268.9025188160171
  300.0     266.7197899893938
  400.0     264.2841007338544
  500.0     261.7314661416150
  600.0     259.1145310534516
  700.0     256.4556960202067
  800.0     253.7656006526321
  900.0     251.0497717751024
 1000.0     248.3113078577563
 1100.0     245.5519831714271
 1200.0     242.7728931787355
 1300.0     239.9746796998189
 1400.0     237.1577200497426
 1500.0     234.3222296235430
 1600.0     231.4682843914639
 1700.0     228.5958852988329
 1800.0     225.7049852205695
 1900.0     222.7954794708629
 2000.0     219.8672314484024
 2100.0     216.9200827866645
 2200.0     213.9538540507416
 2300.0     210.9683393035333
 2400.0     207.9633251493127
 2500.0     204.9386127250906
 2600.0     201.8939423191913
 2700.0     198.8290708150722
 2800.0     195.7437741248943
 2900.0     192.6377388151212
 3000.0     189.5107555639934
 3100.0     186.3625570996363
 3200.0     183.1928047400953
 3300.0     180.0012646330019
 3400.0     176.7875516145430
 3500.0     173.5515215921917
 3600.0     170.2927279743823
 3700.0     167.0109351559223
 3800.0     163.7058150276952
 3900.0     160.3769393658167
 4000.0     157.0242429914118
 4100.0     153.6470332052516
 4200.0     150.2454021801018
 4300.0     146.8186366336483
 4400.0     143.3664092110750
 4500.0     139.8887500088336
 4600.0     136.3849138575046
 4700.0     132.8544139365448
 4800.0     129.2976548907752
 4900.0     125.7126330235820
 5000.0     122.8856397193980
 5100.0     121.2408215945224
 5200.0     119.7746498688669
 5300.0     118.3059152747164
 5400.0     116.8488281517008
 5500.0     115.4442107902146
 5600.0     114.0482219298066
 5700.0     112.6996331939315
 5800.0     111.3504566242585
 5900.0     110.0573041147303
 6000.0     108.7099583542919
# P = 24.000000 (GPa)
    1.0     275.0141122563941
  100.0     274.5404002544058
  200.0     272.9551167331002
  300.0     270.7949046525655
  400.0     268.3814496678630
  500.0     265.8507326779498
  600.0     263.2556339204272
  700.0     260.6186863114646
  800.0     257.9505981389239
  900.0     255.2569469508684
 1000.0     252.5408332241907
 1100.0     249.8040691492193
 1200.0     247.0477283624228
 1300.0     244.2724845048682
 1400.0     241.4787029301909
 1500.0     238.6666053306849
 1600.0     235.8362714634625
 1700.0     232.9877047845760
 1800.0     230.1208673254281
 1900.0     227.2356373508219
 2000.0     224.3319023638621
 2100.0     221.4094960302442
 2200.0     218.4682421045973
 2300.0     215.5079299971621
 2400.0     212.5283589877022
 2500.0     209.5293235243106
 2600.0     206.5105803332398
 2700.0     203.4718670182072
 2800.0     200.4129797915049
 2900.0     197.3336043767212
 3000.0     194.2335310421176
 3100.0     191.1124912334323
 3200.0     187.9701572957503
 3300.0     184.8062948068667
 3400.0     181.6205185894410
 3500.0     178.4126899636823
 3600.0     175.1823708235173
 3700.0     171.9293165859475
 3800.0     168.6532173213765
 3900.0     165.3536366639507
 4000.0     162.0305191355518
 4100.0     158.6831709306051
 4200.0     155.3116814262491
 4300.0     151.9153543444161
 4400.0     148.4938604503418
 4500.0     145.0472274825395
 4600.0     141.5747248235840
 4700.0     138.0758715991631
 4800.0     134.5510330330812
 4900.0     130.9982995562845
 5000.0     128.1693977664691
 5100.0     126.4711732170361
 5200.0     124.9450640613240
 5300.0     123.4177557500925
 5400.0     121.9028183926806
 5500.0     120.4394363828185
 5600.0     118.9855602799605
 5700.0     117.5784479186617
 5800.0     116.1719674592420
 5900.0     114.8206084856280
 6000.0     113.4181951859611
# P = 25.000000 (GPa)
    1.0     279.0434785555340
  100.0     278.5738842610409
  200.0     277.0077161277596
  300.0     274.8700153909038
  400.0     272.4787970694818
  500.0     269.9700013109799
  600.0     267.3967360799609
  700.0     264.7816753578478
  800.0     262.1355972717709
  900.0     259.4641212990202
 1000.0     256.7703600110583
 1100.0     254.0561519782149
 1200.0     251.3225651775822
 1300.0     248.5702868079708
 1400.0     245.7996842489913
 1500.0     243.0109798407996
 1600.0     240.2042571124593
 1700.0     237.3795331246793
 1800.0     234.5367462877884
 1900.0     231.6758005699563
 2000.0     228.7965731671898
 2100.0     225.8989062653438
 2200.0     222.9826230082181
 2300.0     220.0475178020131
 2400.0     217.0933911873711
 2500.0     214.1200325530922
 2600.0     211.1272094359750
 2700.0     208.1146657094116
 2800.0     205.0821835334763
 2900.0     202.0294658843449
 3000.0     198.9563043394468
 3100.0     195.8624266718150
 3200.0     192.7475094391252
 3300.0     189.6113210127650
 3400.0     186.4534857865728
 3500.0     183.2738576942229
 3600.0     180.0720130979760
 3700.0     176.8476991967835
 3800.0     173.6006168232215
 3900.0     170.3303406988741
 4000.0     167.0367855496286
 4100.0     163.7193077044721
 4200.0     160.3779571790934
 4300.0     157.0120719158006
 4400.0     153.6213136898965
 4500.0     150.2057037044016
 4600.0     146.7645249473532
 4700.0     143.2973145288520
 4800.0     139.8044173373410
 4900.0     136.2839689499990
 5000.0     133.4531483547981
 5100.0     131.7015269765208
 5200.0     130.1154943255825
 5300.0     128.5296037490444
 5400.0     126.9568159944371
 5500.0     125.4346726830916
 5600.0     123.9228949028277
 5700.0     122.4572603984714
 5800.0     120.9934752833190
 5900.0     119.5839103531691
 6000.0     118.1264383475116
# P = 26.000000 (GPa)
    1.0     283.0728458206077
  100.0     282.6073661830090
  200.0     281.0603163876667
  300.0     278.9451234687728
  400.0     276.5761404213382
  500.0     274.0892696956604
  600.0     271.5378358780225
  700.0     268.9446632555335
  800.0     266.3205998494704
  900.0     263.6712949674398
 1000.0     260.9998920664495
 1100.0     258.3082293353205
 1200.0     255.5974058306046
 1300.0     252.8680904105709
 1400.0     250.1206668568983
 1500.0     247.3553560744299
 1600.0     244.5722494501274
 1700.0     241.7713592650060
 1800.0     238.9526258023289
 1900.0     236.1159693978510
 2000.0     233.2612468778935
 2100.0     230.3883218133695
 2200.0     227.4970062291220
 2300.0     224.5871088984618
 2400.0     221.6584240198873
 2500.0     218.7107442761229
 2600.0     215.7438386285542
 2700.0     212.7574554372928
 2800.0     209.7513876002567
 2900.0     206.7253302422660
 3000.0     203.6790733588507
 3100.0     200.6123524784607
 3200.0     197.5248570973749
 3300.0     194.4163399056019
 3400.0     191.2864540958523
 3500.0     188.1350292452476
 3600.0     184.9616547235362
 3700.0     181.7660893196894
 3800.0     178.5480227059186
 3900.0     175.3070369324558
 4000.0     172.0430630630451
 4100.0     168.7554449678418
 4200.0     165.4442368951196
 4300.0     162.1087904871608
 4400.0     158.7487745131639
 4500.0     155.3641825419098
 4600.0     151.9543390282163
 4700.0     148.5187686035929
 4800.0     145.0577911319312
 4900.0     141.5696346767720
 5000.0     138.7369117656415
 5100.0     136.9318832754247
 5200.0     135.2859098388585
 5300.0     133.6414482457373
 5400.0     132.0108067156933
 5500.0     130.4298982769200
 5600.0     128.8602345621881
 5700.0     127.3360721115255
 5800.0     125.8149877777044
 5900.0     124.3472228097668
 6000.0     122.8346747472514
# P = 27.000000 (GPa)
    1.0     287.1022154378848
  100.0     286.6408480886960
  200.0     285.1129145264781
  300.0     283.0202350614458
  400.0     280.6734855358167
  500.0     278.2085331674403
  600.0     275.6789358373715
  700.0     273.1076515036780
  800.0     270.5056021022675
  900.0     267.8784671996895
 1000.0     265.2294248598882
 1100.0     262.5603074211477
 1200.0     259.8722477162349
 1300.0     257.1658939679051
 1400.0     254.4416476910468
 1500.0     251.6997325598755
 1600.0     248.9402417510375
 1700.0     246.1631793584240
 1800.0     243.3685087114426
 1900.0     240.5561318378028
 2000.0     237.7259228266335
 2100.0     234.8777369441839
 2200.0     232.0113920593850
 2300.0     229.1267028503815
 2400.0     226.2234538399498
 2500.0     223.3014557793098
 2600.0     220.3604723444911
 2700.0     217.4002542728523
 2800.0     214.4205905385294
 2900.0     211.4211953643633
 3000.0     208.4018470178317
 3100.0     205.3622858688414
 3200.0     202.3022054685180
 3300.0     199.2213703775440
 3400.0     196.1194181824996
 3500.0     192.9961980260552
 3600.0     189.8512951261185
 3700.0     186.6844717679799
 3800.0     183.4954233972260
 3900.0     180.2837411400930
 4000.0     177.0493312361642
 4100.0     173.7915876926183
 4200.0     170.5105166328425
 4300.0     167.2055050907229
 4400.0     163.8762234964855
 4500.0     160.5226605579959
 4600.0     157.1441393640704
 4700.0     153.7402221245633
 4800.0     150.3111695719687
 4900.0     146.8553057310069
 5000.0     144.0206603026874
 5100.0     142.1622352735463
 5200.0     140.4563347351235
 5300.0     138.7532950509067
 5400.0     137.0648039986785
 5500.0     135.4251301871789
 5600.0     133.7975696308878
 5700.0     132.2148886660964
 5800.0     130.6364902435086
 5900.0     129.1105210745269
 6000.0     127.5429147498756
# P = 28.000000 (GPa)
    1.0     291.1315819636436
  100.0     290.6743318484831
  200.0     289.1655106017739
  300.0     287.0953494578207
  400.0     284.7708366979673
  500.0     282.3277993918841
  600.0     279.8200381672806
  700.0     277.2706412773775
  800.0     274.6905996943682
  900.0     272.0856409018741
 1000.0     269.4589545400625
 1100.0     266.8123906025335
 1200.0     264.1470866546148
 1300.0     261.4636950583192
 1400.0     258.7626297549774
 1500.0     256.0441085380702
 1600.0     253.3082277042954
 1700.0     250.5550017288865
 1800.0     247.7843911276224
 1900.0     244.9962899531666
 2000.0     242.1905968442483
 2100.0     239.3671504000125
 2200.0     236.5257742126745
 2300.0     233.6662853247864
 2400.0     230.7884838399357
 2500.0     227.8921683001830
 2600.0     224.9771028842732
 2700.0     222.0430531632170
 2800.0     219.0897981120534
 2900.0     216.1170559071153
 3000.0     213.1246148263082
 3100.0     210.1122205598489
 3200.0     207.0795581759586
 3300.0     204.0264005783658
 3400.0     200.9523872079282
 3500.0     197.8573631895563
 3600.0     194.7409356442491
 3700.0     191.6028577940170
 3800.0     188.4428204668375
 3900.0     185.2604423794303
 4000.0     182.0556044538028
 4100.0     178.8277212466272
 4200.0     175.5767952374820
 4300.0     172.3022240078555
 4400.0     169.0036824785871
 4500.0     165.6811370201245
 4600.0     162.3339492610197
 4700.0     158.9616667927304
 4800.0     155.5645545008376
 4900.0     152.1409700831396
 5000.0     149.3044185972541
 5100.0     147.3925908171955
 5200.0     145.6267562702652
 5300.0     143.8651395522972
 5400.0     142.1187943538620
 5500.0     140.4203614744135
 5600.0     138.7349087648373
 5700.0     137.0936961803542
 5800.0     135.4580051435431
 5900.0     133.8738283873561
 6000.0     132.2511561759314
# P = 29.000000 (GPa)
    1.0     295.1609483378332
  100.0     294.7078132416212
  200.0     293.2181094047628
  300.0     291.1704632708099
  400.0     288.8681887778201
  500.0     286.4470715975348
  600.0     283.9611422883838
  700.0     281.4336310681471
  800.0     278.8756002584161
  900.0     276.2928156540810
 1000.0     273.6884816102512
 1100.0     271.0644755944405
 1200.0     268.4219192126070
 1300.0     265.7614978667128
 1400.0     263.0836131768340
 1500.0     260.3884855395440
 1600.0     257.6762152018239
 1700.0     254.9468260929407
 1800.0     252.2002704885032
 1900.0     249.4364531075850
 2000.0     246.6552695890180
 2100.0     243.8565627480915
 2200.0     241.0401575434586
 2300.0     238.2058754060135
 2400.0     235.3535180959837
 2500.0     232.4828804090000
 2600.0     229.5937378539049
 2700.0     226.6858480480053
 2800.0     223.7590053985748
 2900.0     220.8129190762735
 3000.0     217.8473901357169
 3100.0     214.8621504392223
 3200.0     211.8569071595774
 3300.0     208.8314225825634
 3400.0     205.7853545808043
 3500.0     202.7185377344594
 3600.0     199.6305791802571
 3700.0     196.5212410264914
 3800.0     193.3902256886049
 3900.0     190.2371457147204
 4000.0     187.0618795229022
 4100.0     183.8638577350954
 4200.0     180.6430737123975
 4300.0     177.3989396645878
 4400.0     174.1311341344971
 4500.0     170.8396145551447
 4600.0     167.5237542964664
 4700.0     164.1831198945184
 4800.0     160.8179282595081
 4900.0     157.4266404549750
 5000.0     154.5881729846986
 5100.0     152.6229482717696
 5200.0     150.7971765846971
 5300.0     148.9769856216896
 5400.0     147.1727935617329
 5500.0     145.4155901266068
 5600.0     143.6722477220869
 5700.0     141.9725134686548
 5800.0     140.2795153244136
 5900.0     138.6371302501941
 6000.0     136.9593958502017
# P = 30.000000 (GPa)
    1.0     299.1903173030278
  100.0     298.7412922773859
  200.0     297.2707118372161
  300.0     295.2455750856076
  400.0     292.9655341463964
  500.0     290.5663393872060
  600.0     288.1022451152059
  700.0     285.5966190625298
  800.0     283.0606026786259
  900.0     280.4999889149748
 1000.0     277.9180097769034
 1100.0     275.3165583786720
 1200.0     272.6967553556937
 1300.0     270.0593034904419
 1400.0     267.4045946816213
 1500.0     264.7328619207443
 1600.0     262.0442068555510
 1700.0     259.3386506147659
 1800.0     256.6161487853535
 1900.0     253.8766217334016
 2000.0     251.1199424423666
 2100.0     248.3459741462149
 2200.0     245.5545465011342
 2300.0     242.7454701748292
 2400.0     239.9185508135559
 2500.0     237.0735913691006
 2600.0     234.2103652660692
 2700.0     231.3286427991632
 2800.0     228.4282075583568
 2900.0     225.5087863940912
 3000.0     222.5701666857209
 3100.0     219.6120801403613
 3200.0     216.6342543874949
 3300.0     213.6364445369508
 3400.0     210.6183208429608
 3500.0     207.5797033842462
 3600.0     204.5202218997944
 3700.0     201.4396242319755
 3800.0     198.3376276454055
 3900.0     195.2138442881351
 4000.0     192.0681471142018
 4100.0     188.8999981207945
 4200.0     185.7093521151881
 4300.0     182.4956584921449
 4400.0     179.2585908552182
 4500.0     175.9980941195429
 4600.0     172.7135646361750
 4700.0     169.4045750391600
 4800.0     166.0713091465537
 4900.0     162.7123065930418
 5000.0     159.8719290744925
 5100.0     157.8532999486214
 5200.0     155.9675994278558
 5300.0     154.0888316624188
 5400.0     152.2267835447434
 5500.0     150.4108246188398
 5600.0     148.6095814620636
 5700.0     146.8513253063709
 5800.0     145.1010230791769
 5900.0     143.4004389156744
 6000.0     141.6676326097782
# P = 31.000000 (GPa)
    1.0     303.2196873136232
  100.0     302.7747753021878
  200.0     301.3233123914490
  300.0     299.3206878661516
  400.0     297.0628785872877
  500.0     294.6856031897572
  600.0     292.2433463020666
  700.0     289.7596070362888
  800.0     287.2456007184163
  900.0     284.7071601051751
 1000.0     282.1475401118839
 1100.0     279.5686408992028
 1200.0     276.9715977844053
 1300.0     274.3571083434217
 1400.0     271.7255763843809
 1500.0     269.0772369394506
 1600.0     266.4121985021366
 1700.0     263.7304748893142
 1800.0     261.0320290683285
 1900.0     258.3167875153559
 2000.0     255.5846154213708
 2100.0     252.8353843204038
 2200.0     250.0689297826311
 2300.0     247.2850557441374
 2400.0     244.4835796017279
 2500.0     241.6643033685098
 2600.0     238.8269943292088
 2700.0     235.9714390952667
 2800.0     233.0974111646469
 2900.0     230.2046518220924
 3000.0     227.2929349588160
 3100.0     224.3620094589745
 3200.0     221.4116062023011
 3300.0     218.4414736580072
 3400.0     215.4512906602462
 3500.0     212.4408715941307
 3600.0     209.4098623458754
 3700.0     206.3580118367632
 3800.0     203.2850233392472
 3900.0     200.1905439059680
 4000.0     197.0744232193545
 4100.0     193.9361359496107
 4200.0     190.7756318602186
 4300.0     187.5923765932746
 4400.0     184.3860463114698
 4500.0     181.1565693221036
 4600.0     177.9033699088763
 4700.0     174.6260220950185
 4800.0     171.3246879657466
 4900.0     167.9979729884691
 5000.0     165.1556824500686
 5100.0     163.0836521331048
 5200.0     161.1380222307869
 5300.0     159.2006741310031
 5400.0     157.2807798434178
 5500.0     155.4060497019009
 5600.0     153.5469227900630
 5700.0     151.7301393000450
 5800.0     149.9225332475416
 5900.0     148.1637431223955
 6000.0     146.3758771884904
# P = 32.000000 (GPa)
    1.0     307.2490555001869
  100.0     306.8082612125849
  200.0     305.3759105933556
  300.0     303.3958003096147
  400.0     301.1602256640346
  500.0     298.8048677949548
  600.0     296.3844471185928
  700.0     293.9225990455812
  800.0     291.4305996883955
  900.0     288.9143351499724
 1000.0     286.3770723795274
 1100.0     283.8207249351194
 1200.0     281.2464372704217
 1300.0     278.6549117481392
 1400.0     276.0465591990336
 1500.0     273.4216127164904
 1600.0     270.7801858611167
 1700.0     268.1222975424086
 1800.0     265.4479139888994
 1900.0     262.7569489843182
 2000.0     260.0492893607035
 2100.0     257.3247949562222
 2200.0     254.5833092566152
 2300.0     251.8246415114837
 2400.0     249.0486096595311
 2500.0     246.2550135041411
 2600.0     243.4436299956457
 2700.0     240.6142358203874
 2800.0     237.7666181730334
 2900.0     234.9005124934532
 3000.0     232.0157037865363
 3100.0     229.1119439305804
 3200.0     226.1889570685196
 3300.0     223.2464995895332
 3400.0     220.2842550193021
 3500.0     217.3020441238605
 3600.0     214.2995063833196
 3700.0     211.2763963810633
 3800.0     208.2324280818346
 3900.0     205.1672446495769
 4000.0     202.0806978244130
 4100.0     198.9722727443387
 4200.0     195.8419107935777
 4300.0     192.6890924506220
 4400.0     189.5134994166723
 4500.0     186.3150465206820
 4600.0     183.0931763583388
 4700.0     179.8474762325171
 4800.0     176.5780684096145
 4900.0     173.2836466183653
 5000.0     170.4394423348966
 5100.0     168.3140104132428
 5200.0     166.3084420600638
 5300.0     164.3125203741854
 5400.0     162.3347688270042
 5500.0     160.4012822588489
 5600.0     158.4842576806830
 5700.0     156.6089518664249
 5800.0     154.7440373095448
 5900.0     152.9270465558239
 6000.0     151.0841123911288
# P = 33.000000 (GPa)
    1.0     311.2784212428846
  100.0     310.8417467314085
  200.0     309.4285082918961
  300.0     307.4709107960774
  400.0     305.2575745632993
  500.0     302.9241370287055
  600.0     300.5255479217576
  700.0     298.0855889758122
  800.0     295.6156019098871
  900.0     293.1215130872401
 1000.0     290.6066042789967
 1100.0     288.0728074520827
 1200.0     285.5212754718634
 1300.0     282.9527145184759
 1400.0     280.3675413650286
 1500.0     277.7659909990254
 1600.0     275.1481712050871
 1700.0     272.5141190308514
 1800.0     269.8637970735651
 1900.0     267.1971109720914
 2000.0     264.5139655877042
 2100.0     261.8142133069274
 2200.0     259.0976919200442
 2300.0     256.3642346578415
 2400.0     253.6136441954977
 2500.0     250.8457236014156
 2600.0     248.0602635298005
 2700.0     245.2570310752023
 2800.0     242.4358228771861
 2900.0     239.5963746057789
 3000.0     236.7384776891915
 3100.0     233.8618807608543
 3200.0     230.9663057118387
 3300.0     228.0515228665979
 3400.0     225.1172214340714
 3500.0     222.1632093331949
 3600.0     219.1891453795611
 3700.0     216.1947824500483
 3800.0     213.1798297043698
 3900.0     210.1439457533650
 4000.0     207.0869661684820
 4100.0     204.0084109283418
 4200.0     200.9081865437789
 4300.0     197.7858095304128
 4400.0     194.6409548325568
 4500.0     191.4735287438750
 4600.0     188.2829808653367
 4700.0     185.0689265539062
 4800.0     181.8314461673091
 4900.0     178.5693111296559
 5000.0     175.7231965335761
 5100.0     173.5443652531579
 5200.0     171.4788626110983
 5300.0     169.4243682219535
 5400.0     167.3887706254895
 5500.0     165.3965153682659
 5600.0     163.4215946064783
 5700.0     161.4877660832365
 5800.0     159.5655535357963
 5900.0     157.6903522670536
 6000.0     155.7923552290989
# P = 34.000000 (GPa)
    1.0     315.3077877234598
  100.0     314.8752296847919
  200.0     313.4811075726373
  300.0     311.5460214763077
  400.0     309.3549216240122
  500.0     307.0434069280959
  600.0     304.6666503395609
  700.0     302.2485748153071
  800.0     299.8006046292111
  900.0     297.3286846014963
 1000.0     294.8361304574522
 1100.0     292.3248883435922
 1200.0     289.7961144789718
 1300.0     287.2505176797905
 1400.0     284.6885210214559
 1500.0     282.1103683535674
 1600.0     279.5161614211585
 1700.0     276.9059414318712
 1800.0     274.2796736874442
 1900.0     271.6372766433820
 2000.0     268.9786404507300
 2100.0     266.3036284435782
 2200.0     263.6120794491274
 2300.0     260.9038265021255
 2400.0     258.1786775750693
 2500.0     255.4364340969061
 2600.0     252.6768924698610
 2700.0     249.8998259924383
 2800.0     247.1050273337174
 2900.0     244.2922421100420
 3000.0     241.4612524954621
 3100.0     238.6118088838870
 3200.0     235.7436518808969
 3300.0     232.8565480821011
 3400.0     229.9501930617406
 3500.0     227.0243814956695
 3600.0     224.0787858417646
 3700.0     221.1131686531649
 3800.0     218.1272296141032
 3900.0     215.1206514120560
 4000.0     212.0932395352598
 4100.0     209.0445470264114
 4200.0     205.9744665035209
 4300.0     202.8825274160898
 4400.0     199.7684093538143
 4500.0     196.6320014309039
 4600.0     193.4727916774654
 4700.0     190.2903777875947
 4800.0     187.0848245880717
 4900.0     183.8549746117238
 5000.0     181.0069486878429
 5100.0     178.7747164839139
 5200.0     176.6492879338517
 5300.0     174.5362134184952
 5400.0     172.4427611339310
 5500.0     170.3917437659386
 5600.0     168.3589382398396
 5700.0     166.3665758061336
 5800.0     164.3870597850202
 5900.0     162.4536566824503
 6000.0     160.5005956444349
# P = 35.000000 (GPa)
    1.0     319.3371554094904
  100.0     318.9087111040569
  200.0     317.5337075672284
  300.0     315.6211334456347
  400.0     313.4522670102138
  500.0     311.1626745666062
  600.0     308.8077550959736
  700.0     306.4115623898462
  800.0     303.9856011041164
  900.0     301.5358542046548
 1000.0     299.0656561785194
 1100.0     296.5769683404858
 1200.0     294.0709536328095
 1300.0     291.5483215305992
 1400.0     289.0095024920500
 1500.0     286.4547434994331
 1600.0     283.8841551200066
 1700.0     281.2977660019036
 1800.0     278.6955506398058
 1900.0     276.0774397880180
 2000.0     273.4433138410764
 2100.0     270.7930374868224
 2200.0     268.1264667558545
 2300.0     265.4434153211270
 2400.0     262.7437071859974
 2500.0     260.0271450635092
 2600.0     257.2935224987573
 2700.0     254.5426248988343
 2800.0     251.7742316737467
 2900.0     248.9881070412213
 3000.0     246.1840249055144
 3100.0     243.3617407556879
 3200.0     240.5210035749613
 3300.0     237.6615767911648
 3400.0     234.7831569973339
 3500.0     231.8855503689746
 3600.0     228.9684298794261
 3700.0     226.0315514587907
 3800.0     223.0746323933427
 3900.0     220.0973485461928
 4000.0     217.0995121724067
 4100.0     214.0806849944415
 4200.0     211.0407462181668
 4300.0     207.9792431947050
 4400.0     204.8958651886237
 4500.0     201.7904792052105
 4600.0     198.6625975334185
 4700.0     195.5118267938635
 4800.0     192.3382058331306
 4900.0     189.1406476865872
 5000.0     186.2907055741354
 5100.0     184.0050715278339
 5200.0     181.8197090585840
 5300.0     179.6480571789797
 5400.0     177.4967532641961
 5500.0     175.3869704996172
 5600.0     173.2962716251788
 5700.0     171.2453901561641
 5800.0     169.2085673357369
 5900.0     167.2169634073104
 6000.0     165.2088318206855
# P = 36.000000 (GPa)
    1.0     323.3665235677054
  100.0     322.9421931951567
  200.0     321.5863065657989
  300.0     319.6962465032346
  400.0     317.5496144343421
  500.0     315.2819426813063
  600.0     312.9488577643194
  700.0     310.5745524976347
  800.0     308.1705962828201
  900.0     305.7430271724563
 1000.0     303.2951888999284
 1100.0     300.8290480620863
 1200.0     298.3457896367973
 1300.0     295.8461247239775
 1400.0     293.3304846568707
 1500.0     290.7991180489134
 1600.0     288.2521443379468
 1700.0     285.6895906126803
 1800.0     283.1114317741802
 1900.0     280.5176010831030
 2000.0     277.9079874365573
 2100.0     275.2824523154190
 2200.0     272.6408490439628
 2300.0     269.9830036659195
 2400.0     267.3087363372246
 2500.0     264.6178565594644
 2600.0     261.9101542690645
 2700.0     259.1854201025919
 2800.0     256.4434335146543
 2900.0     253.6839665106314
 3000.0     250.9067948808054
 3100.0     248.1116733485774
 3200.0     245.2983558220214
 3300.0     242.4666038158632
 3400.0     239.6161220827308
 3500.0     236.7467186393267
 3600.0     233.8580719575408
 3700.0     230.9499354109186
 3800.0     228.0220342976674
 3900.0     225.0740467008459
 4000.0     222.1057799930702
 4100.0     219.1168250955042
 4200.0     216.1070213742226
 4300.0     213.0759610757556
 4400.0     210.0233203202990
 4500.0     206.9489578000165
 4600.0     203.8524023290033
 4700.0     200.7332774850562
 4800.0     197.5915809271261
 4900.0     194.4263142238404
 5000.0     191.5744625199851
 5100.0     189.2354263664950
 5200.0     186.9901300266449
 5300.0     184.7599002401168
 5400.0     182.5507495883470
 5500.0     180.3822075020246
 5600.0     178.2336071604955
 5700.0     176.1242038849528
 5800.0     174.0300792247532
 5900.0     171.9802654987703
 6000.0     169.9170725443369
# P = 37.000000 (GPa)
    1.0     327.3958929822695
  100.0     326.9756766227256
  200.0     325.6389051929110
  300.0     323.7713594429406
  400.0     321.6469631298951
  500.0     319.4012093907762
  600.0     317.0899580575706
  700.0     314.7375433602203
  800.0     312.3555991930697
  900.0     309.9502033235443
 1000.0     307.5247226366980
 1100.0     305.0811301367864
 1200.0     302.6206256621254
 1300.0     300.1439269821001
 1400.0     297.6514643735793
 1500.0     295.1434952797703
 1600.0     292.6201323188687
 1700.0     290.0814142512966
 1800.0     287.5273157049012
 1900.0     284.9577646762895
 2000.0     282.3726611938625
 2100.0     279.7718680309840
 2200.0     277.1552304082199
 2300.0     274.5225932230044
 2400.0     271.8737688295562
 2500.0     269.2085681421224
 2600.0     266.5267872653001
 2700.0     263.8282145011927
 2800.0     261.1126365015358
 2900.0     258.3798307811942
 3000.0     255.6295646384579
 3100.0     252.8616024172776
 3200.0     250.0757029083600
 3300.0     247.2716243020546
 3400.0     244.4490895767723
 3500.0     241.6078888296297
 3600.0     238.7477136744996
 3700.0     235.8683225858924
 3800.0     232.9694329207209
 3900.0     230.0507520738641
 4000.0     227.1120549122950
 4100.0     224.1529582398469
 4200.0     221.1732999215055
 4300.0     218.1726769958373
 4400.0     215.1507714939057
 4500.0     212.1074344510595
 4600.0     209.0422106217386
 4700.0     205.9547281171471
 4800.0     202.8449601905045
 4900.0     199.7119806304109
 5000.0     196.8582168508404
 5100.0     194.4657805769725
 5200.0     192.1605518403605
 5300.0     189.8717479588756
 5400.0     187.6047421986342
 5500.0     185.3774348214707
 5600.0     183.1709467886940
 5700.0     181.0030205785642
 5800.0     178.8515878603081
 5900.0     176.7435703653123
 6000.0     174.6253131815156
# P = 38.000000 (GPa)
    1.0     331.4252629136978
  100.0     331.0091604750246
  200.0     329.6915043003813
  300.0     327.8464719239624
  400.0     325.7443114133096
  500.0     323.5204722999026
  600.0     321.2310599612419
  700.0     318.9005324213708
  800.0     316.5406028697174
  900.0     314.1573796237815
 1000.0     311.7542524879457
 1100.0     309.3332151176762
 1200.0     306.8954668400241
 1300.0     304.4417301497799
 1400.0     301.9724482672062
 1500.0     299.4878735683879
 1600.0     296.9881217029698
 1700.0     294.4732375088429
 1800.0     291.9431981042493
 1900.0     289.3979289325784
 2000.0     286.8373317392939
 2100.0     284.2612794202029
 2200.0     281.6696154391494
 2300.0     279.0621833942794
 2400.0     276.4388020313189
 2500.0     273.7992813877046
 2600.0     271.1434192005103
 2700.0     268.4710124169902
 2800.0     265.7818470226360
 2900.0     263.0756967856460
 3000.0     260.3523374939810
 3100.0     257.6115325547925
 3200.0     254.8530509437099
 3300.0     252.0766512422688
 3400.0     249.2820579604171
 3500.0     246.4690579855567
 3600.0     243.6373574267676
 3700.0     240.7867085623236
 3800.0     237.9168334131538
 3900.0     235.0274532924825
 4000.0     232.1183317008632
 4100.0     229.1890966810990
 4200.0     226.2395807787177
 4300.0     223.2693925525143
 4400.0     220.2782313506542
 4500.0     217.2659124699774
 4600.0     214.2320179165459
 4700.0     211.1761804079685
 4800.0     208.0983442141745
 4900.0     204.9976506441535
 5000.0     202.1419696107697
 5100.0     199.6961357690787
 5200.0     197.3309737487690
 5300.0     194.9835934023423
 5400.0     192.6587350129448
 5500.0     190.3726649294223
 5600.0     188.1082834786582
 5700.0     185.8818271107650
 5800.0     183.6730977314325
 5900.0     181.5068772616851
 6000.0     179.3335532298869
# P = 39.000000 (GPa)
    1.0     335.4546304419820
  100.0     335.0426424876285
  200.0     333.7441043094798
  300.0     331.9215850615149
  400.0     329.8416591545239
  500.0     327.6397376375738
  600.0     325.3721621128097
  700.0     323.0635201125623
  800.0     320.7256026800678
  900.0     318.3645532532042
 1000.0     315.9837778655705
 1100.0     313.5852991345558
 1200.0     311.1703077007718
 1300.0     308.7395336639063
 1400.0     306.2934353284235
 1500.0     303.8322507939243
 1600.0     301.3561117785761
 1700.0     298.8650620695956
 1800.0     296.3590788507409
 1900.0     293.8380939338378
 2000.0     291.3020011277073
 2100.0     288.7506876504501
 2200.0     286.1840027009588
 2300.0     283.6017731036919
 2400.0     281.0038353293396
 2500.0     278.3899931155377
 2600.0     275.7600493033800
 2700.0     273.1138085667163
 2800.0     270.4510515781286
 2900.0     267.7715609446482
 3000.0     265.0751126850065
 3100.0     262.3614684639371
 3200.0     259.6304056013743
 3300.0     256.8816795813403
 3400.0     254.1150264654001
 3500.0     251.3302253314454
 3600.0     248.5269962715025
 3700.0     245.7050905786164
 3800.0     242.8642364790620
 3900.0     240.0041498802505
 4000.0     237.1246009283588
 4100.0     234.2252376176195
 4200.0     231.3058604594238
 4300.0     228.3661117292360
 4400.0     225.4056852390595
 4500.0     222.4243934449692
 4600.0     219.4218237850744
 4700.0     216.3976302850854
 4800.0     213.3517198117514
 4900.0     210.2833180556067
 5000.0     207.4257241910269
 5100.0     204.9264871015282
 5200.0     202.5013958061198
 5300.0     200.0954403088134
 5400.0     197.7127316779919
 5500.0     195.3678948710877
 5600.0     193.0456241558815
 5700.0     190.7606423039271
 5800.0     188.4946072015254
 5900.0     186.2701804409988
 6000.0     184.0417916669377
# P = 40.000000 (GPa)
    1.0     339.4839960989912
  100.0     339.0761237698227
  200.0     337.7967038851474
  300.0     335.9966976593154
  400.0     333.9390063194095
  500.0     331.7590081166633
  600.0     329.5132626831294
  700.0     327.2265086800804
  800.0     324.9106014319714
  900.0     322.5717245987811
 1000.0     320.2133049547078
 1100.0     317.8373806371942
 1200.0     315.4451448879782
 1300.0     313.0373368900720
 1400.0     310.6144177846286
 1500.0     308.1766275698226
 1600.0     305.7240997211759
 1700.0     303.2568866269184
 1800.0     300.7749587029294
 1900.0     298.2782593519364
 2000.0     295.7666761235444
 2100.0     293.2401018099008
 2200.0     290.6983861128659
 2300.0     288.1413624041517
 2400.0     285.5688675738579
 2500.0     282.9806999939241
 2600.0     280.3766809765954
 2700.0     277.7566033887787
 2800.0     275.1202520463371
 2900.0     272.4674244025481
 3000.0     269.7978855288889
 3100.0     267.1114010106225
 3200.0     264.4077559295912
 3300.0     261.6867036712262
 3400.0     258.9479946848215
 3500.0     256.1913947665162
 3600.0     253.4166376102685
 3700.0     250.6234744673655
 3800.0     247.8116400030066
 3900.0     244.9808542477464
 4000.0     242.1308724087099
 4100.0     239.2613739595135
 4200.0     236.3721374833527
 4300.0     233.4628317042032
 4400.0     230.5331372411138
 4500.0     227.5828709634222
 4600.0     224.6116305382467
 4700.0     221.6190792787646
 4800.0     218.6050972295695
 4900.0     215.5689853185180
 5000.0     212.7094844579557
 5100.0     210.1568434278653
 5200.0     207.6718162619432
 5300.0     205.2072856011711
 5400.0     202.7667254799431
 5500.0     200.3631262021460
 5600.0     197.9829590228373
 5700.0     195.6394585799973
 5800.0     193.3161159523118
 5900.0     191.0334844007970
 6000.0     188.7500348200346
