# T (K)      C_P (J K^-1 mol^-1)
# P = 0.000000 (GPa)
    1.0       1.0000090058065
  100.0      15.9185801096219
  200.0      34.4683559624416
  300.0      40.1284704635314
  400.0      44.6254170531525
  500.0      46.5633252360834
  600.0      48.0460994006859
  700.0      49.0172366795264
  800.0      49.7998104879870
  900.0      50.4444066735955
 1000.0      51.0217390432637
 1100.0      51.5588634886208
 1200.0      52.0806036021603
 1300.0      52.6025216742494
 1400.0      53.1339840592362
 1500.0      53.6875850642160
 1600.0      54.2693299329743
 1700.0      54.8877056449707
 1800.0      55.5508791510403
 1900.0      56.2652228307697
 2000.0      57.0405571879681
 2100.0      57.8860883633082
 2200.0      58.8117142264094
 2300.0      59.8290901585965
 2400.0      60.9502312238013
 2500.0      62.1952079941287
 2600.0      63.5825292443757
 2700.0      65.1226527016730
 2800.0      66.8674093932953
 2900.0      68.8161553426957
 3000.0      71.0332237439331
 3100.0      73.5659560186886
 3200.0      76.4484425770779
 3300.0      79.8007188519830
 3400.0      83.6026680092034
 3500.0      88.0169105628260
 3600.0      93.0211501811472
 3700.0      98.6853679499750
 3800.0     105.1394096242188
 3900.0     112.2108374471884
 4000.0     120.2156743897869
 4100.0     128.7138535371634
 4200.0     138.2115151841290
 4300.0     147.9760282128329
 4400.0     158.1969193958867
 4500.0     167.0635375895000
 4600.0     184.8584102432692
 4700.0     163.9899945384709
 4800.0     316.4400727870005
 4900.0    -376.2571899898915
 5000.0   -1217.2788731686003
 5100.0     226.7770174103384
 5200.0      58.4900623309486
 5300.0     110.0671915840849
 5400.0       9.2927647771350
 5500.0     140.5803432631088
 5600.0      -3.9307911660895
 5700.0     169.0988827458023
 5800.0     -26.1931481419390
 5900.0     178.6630646384337
 6000.0     410.4350591380653
# P = 1.000000 (GPa)
    1.0       1.0000078884546
  100.0      15.8853660955371
  200.0      34.4266498386837
  300.0      40.0853682195943
  400.0      44.5744293186241
  500.0      46.5015278520644
  600.0      47.9706087718480
  700.0      48.9258862362306
  800.0      49.6904115391089
  900.0      50.3147817517962
 1000.0      50.8694962216825
 1100.0      51.3814321095724
 1200.0      51.8750983592483
 1300.0      52.3657089775981
 1400.0      52.8622568404481
 1500.0      53.3768307122588
 1600.0      53.9149026383480
 1700.0      54.4843066702974
 1800.0      55.0924275178286
 1900.0      55.7447544639287
 2000.0      56.4500238236386
 2100.0      57.2161579395952
 2200.0      58.0515286610315
 2300.0      58.9659576109532
 2400.0      59.9692699100537
 2500.0      61.0787910352342
 2600.0      62.3096354504694
 2700.0      63.6683862828566
 2800.0      65.2013949289072
 2900.0      66.9019672424444
 3000.0      68.8260985986594
 3100.0      71.0105168018192
 3200.0      73.4754091396565
 3300.0      76.3292214356334
 3400.0      79.5634373446962
 3500.0      83.3542755722263
 3600.0      87.6788751265221
 3700.0      92.6407544025916
 3800.0      98.3446729838311
 3900.0     104.6963724621674
 4000.0     111.9927723923627
 4100.0     119.8938484494607
 4200.0     128.8296945060726
 4300.0     138.3108150864634
 4400.0     148.5119295338988
 4500.0     157.9671621960077
 4600.0     174.2081148108166
 4700.0     162.3907720491033
 4800.0     275.4125377177552
 4900.0    -208.4717101447397
 5000.0    -809.2360576461940
 5100.0     173.3596334529788
 5200.0      58.8429740628240
 5300.0      94.8088250774468
 5400.0      23.7102315156349
 5500.0     115.9813734901843
 5600.0      14.8657209913867
 5700.0     137.5291351550938
 5800.0      -2.4473008780447
 5900.0     145.7301260847236
 6000.0     316.6958693152672
# P = 2.000000 (GPa)
    1.0       1.0000068930782
  100.0      15.8531354800631
  200.0      34.3864693104327
  300.0      40.0443552496255
  400.0      44.5263430408568
  500.0      46.4436213623612
  600.0      47.9001704891493
  700.0      48.8409236689002
  800.0      49.5889321068499
  900.0      50.1948199872519
 1000.0      50.7289036481050
 1100.0      51.2179343992881
 1200.0      51.6861381467707
 1300.0      52.1484315837681
 1400.0      52.6134989706275
 1500.0      53.0929812021476
 1600.0      53.5919004626912
 1700.0      54.1175449370166
 1800.0      54.6766481235744
 1900.0      55.2739648894401
 2000.0      55.9173276285333
 2100.0      56.6136076991338
 2200.0      57.3699277560459
 2300.0      58.1946196281140
 2400.0      59.0957492150650
 2500.0      60.0884452053254
 2600.0      61.1851363198441
 2700.0      62.3893565198444
 2800.0      63.7432090758411
 2900.0      65.2353584083324
 3000.0      66.9155049707499
 3100.0      68.8122304368616
 3200.0      70.9362208197264
 3300.0      73.3819509481318
 3400.0      76.1250992968639
 3500.0      79.3357743941928
 3600.0      83.0079024692514
 3700.0      87.2649515384790
 3800.0      92.2045523320459
 3900.0      97.7724038519846
 4000.0     104.2615319748047
 4100.0     111.4015040246003
 4200.0     119.5924716248840
 4300.0     128.5025711534834
 4400.0     138.3253414091911
 4500.0     147.8979965791595
 4600.0     162.9303695822503
 4700.0     157.2758162440476
 4800.0     243.7173281158953
 4900.0     -97.8143505202987
 5000.0    -532.3690950374707
 5100.0     137.4112172322998
 5200.0      59.6817397425438
 5300.0      84.7710108691806
 5400.0      34.3848483426176
 5500.0      99.1226275690661
 5600.0      28.7876287149288
 5700.0     115.3350238901785
 5800.0      15.2592248958531
 5900.0     122.2032198592735
 6000.0     248.3460413656842
# P = 3.000000 (GPa)
    1.0       1.0000060071748
  100.0      15.8222167407826
  200.0      34.3481596813945
  300.0      40.0056015388952
  400.0      44.4811715958568
  500.0      46.3894582454067
  600.0      47.8344852462259
  700.0      48.7618945097498
  800.0      49.4947429029194
  900.0      50.0836998077158
 1000.0      50.5989261070090
 1100.0      51.0670643758869
 1200.0      51.5121070145899
 1300.0      51.9487177371595
 1400.0      52.3853141966387
 1500.0      52.8331530816494
 1600.0      53.2968829650049
 1700.0      53.7833180659534
 1800.0      54.2986350850846
 1900.0      54.8469888468692
 2000.0      55.4354528158361
 2100.0      56.0700309765959
 2200.0      56.7568164104783
 2300.0      57.5029214982002
 2400.0      58.3149952417138
 2500.0      59.2063763833232
 2600.0      60.1873544269703
 2700.0      61.2590883161159
 2800.0      62.4602589671938
 2900.0      63.7760079388028
 3000.0      65.2511744260066
 3100.0      66.9081103073562
 3200.0      68.7504654389209
 3300.0      70.8622310562779
 3400.0      73.2081769471777
 3500.0      75.9398023527338
 3600.0      79.0340409702202
 3700.0      82.6207384354423
 3800.0      86.8152291790175
 3900.0      91.5860583357557
 4000.0      97.2240244966120
 4100.0     103.5049300175121
 4200.0     110.8198694367683
 4300.0     118.9362515362947
 4400.0     128.0765894778158
 4500.0     137.3310918611583
 4600.0     151.2133837008407
 4700.0     149.4883241336340
 4800.0     217.8795261217501
 4900.0     -27.7116160294504
 5000.0    -347.4686951148578
 5100.0     113.7672557782550
 5200.0      60.8364627711784
 5300.0      78.4508839132005
 5400.0      42.3409344369690
 5500.0      87.8939607556216
 5600.0      39.1328913061579
 5700.0     100.0745320605640
 5800.0      28.4730324812595
 5900.0     105.7335177366594
 6000.0     199.1335697714121
# P = 4.000000 (GPa)
    1.0       1.0000052194954
  100.0      15.7924990318866
  200.0      34.3116108377191
  300.0      39.9690195204296
  400.0      44.4388133304005
  500.0      46.3388677316098
  600.0      47.7732737447328
  700.0      48.6883832328143
  800.0      49.4072781233783
  900.0      49.9806891687669
 1000.0      50.4786326345299
 1100.0      50.9276776741238
 1200.0      51.3516047969456
 1300.0      51.7648521750920
 1400.0      52.1756352821827
 1500.0      52.5948639422578
 1600.0      53.0268661464944
 1700.0      53.4780657075418
 1800.0      53.9541632554205
 1900.0      54.4588016121753
 2000.0      54.9984162920829
 2100.0      55.5782883683750
 2200.0      56.2036651913340
 2300.0      56.8806596317118
 2400.0      57.6147581064364
 2500.0      58.4178394872440
 2600.0      59.2984668039967
 2700.0      60.2559296533479
 2800.0      61.3261518247922
 2900.0      62.4915581600299
 3000.0      63.7931636755751
 3100.0      65.2485485971200
 3200.0      66.8560237134795
 3300.0      68.6916939713943
 3400.0      70.7122076816174
 3500.0      73.0558825796086
 3600.0      75.6855003921428
 3700.0      78.7089110446983
 3800.0      82.2253603416465
 3900.0      86.2265477428029
 4000.0      91.0182793545007
 4100.0      96.4045760000594
 4200.0     102.7737979555632
 4300.0     109.9527225834800
 4400.0     118.1894647230815
 4500.0     126.7740030054779
 4600.0     139.4366557959169
 4700.0     139.9517630020745
 4800.0     195.8680734589173
 4900.0      14.1533989235726
 5000.0    -226.1834835061027
 5100.0      98.6133850155462
 5200.0      62.1338595841543
 5300.0      74.6895566109497
 5400.0      48.2988854184956
 5500.0      80.6682176976708
 5600.0      46.8453899141509
 5700.0      89.8519101654115
 5800.0      38.3456169296273
 5900.0      94.4765176414181
 6000.0     164.1733132635458
# P = 5.000000 (GPa)
    1.0       1.0000045200205
  100.0      15.7638210012234
  200.0      34.2766122179021
  300.0      39.9343884751953
  400.0      44.3990174016582
  500.0      46.2915659177659
  600.0      47.7162067418077
  700.0      48.6199858178959
  800.0      49.3260233598232
  900.0      49.8851270030833
 1000.0      50.3671987319662
 1100.0      50.7987542117820
 1200.0      51.2033816077856
 1300.0      51.5953399741849
 1400.0      51.9826569775851
 1500.0      52.3759439312957
 1600.0      52.7792745332424
 1700.0      53.1987191408748
 1800.0      53.6395731540461
 1900.0      54.1050657816099
 2000.0      54.6010813595059
 2100.0      55.1322907348370
 2200.0      55.7032361121258
 2300.0      56.3192084077837
 2400.0      56.9847459002634
 2500.0      57.7105159833084
 2600.0      58.5036795020507
 2700.0      59.3620615106030
 2800.0      60.3192998797637
 2900.0      61.3557627486723
 3000.0      62.5094010640174
 3100.0      63.7940515213399
 3200.0      65.2040162462907
 3300.0      66.8092868958980
 3400.0      68.5604975768190
 3500.0      70.5862039629853
 3600.0      72.8385570414469
 3700.0      75.4108204575102
 3800.0      78.3815680670064
 3900.0      81.7201358606477
 4000.0      85.7213282690537
 4100.0      90.2287500592063
 4200.0      95.6416734380093
 4300.0     101.8176124396789
 4400.0     109.0209567025157
 4500.0     116.6899065397179
 4600.0     128.0387828647153
 4700.0     129.5591547066404
 4800.0     176.6136025336642
 4900.0      36.8620614130078
 5000.0    -148.2717675036235
 5100.0      89.1651956667717
 5200.0      63.4107844218342
 5300.0      72.6026657704038
 5400.0      52.7527747187268
 5500.0      76.2000702286993
 5600.0      52.5963261953779
 5700.0      83.2043952531924
 5800.0      45.7189649939215
 5900.0      86.9912872636257
 6000.0     139.6793284864920
# P = 6.000000 (GPa)
    1.0       1.0000038996699
  100.0      15.7360402912259
  200.0      34.2429772706159
  300.0      39.9015098072736
  400.0      44.3615453836339
  500.0      46.2472607016480
  600.0      47.6629239032922
  700.0      48.5562684906732
  800.0      49.2504627736984
  900.0      49.7963982045213
 1000.0      50.2638789659327
 1100.0      50.6793804012160
 1200.0      51.0663376654265
 1300.0      51.4388469088183
 1400.0      51.8047842729157
 1500.0      52.1745052885297
 1600.0      52.5518472957791
 1700.0      52.9425991036107
 1800.0      53.3517088905361
 1900.0      53.7820408984652
 2000.0      54.2390163116374
 2100.0      54.7268023779792
 2200.0      55.2493453649034
 2300.0      55.8112415374617
 2400.0      56.4162582438768
 2500.0      57.0740512457646
 2600.0      57.7906357640126
 2700.0      58.5626867302910
 2800.0      59.4219143025188
 2900.0      60.3471491173172
 3000.0      61.3738329210610
 3100.0      62.5128725165837
 3200.0      63.7554836919976
 3300.0      65.1668741292016
 3400.0      66.6932361262351
 3500.0      68.4556121355587
 3600.0      70.3983724962841
 3700.0      72.6041199932493
 3800.0      75.1363891468127
 3900.0      77.9494062013949
 4000.0      81.3077859825687
 4100.0      85.0354911935251
 4200.0      89.5351087364750
 4300.0      94.7093618978810
 4400.0     100.8348024905982
 4500.0     107.4507314251505
 4600.0     117.4258292050383
 4700.0     119.0929777673280
 4800.0     159.6358654755606
 4900.0      47.0378424466004
 5000.0     -99.4665041734451
 5100.0      83.4237084804450
 5200.0      64.5296740792028
 5300.0      71.5298867880157
 5400.0      56.0375888291251
 5500.0      73.5495674627294
 5600.0      56.8554570067451
 5700.0      79.0147856055159
 5800.0      51.1999853749310
 5900.0      82.1616576899070
 6000.0     122.7462056202976
# P = 7.000000 (GPa)
    1.0       1.0000033505260
  100.0      15.7090312680003
  200.0      34.2105406357466
  300.0      39.8702057930485
  400.0      44.3261837245955
  500.0      46.2056898082932
  600.0      47.6130995210321
  700.0      48.4968291771647
  800.0      49.1801047380599
  900.0      49.7139110159581
 1000.0      50.1679675283271
 1100.0      50.5687255547891
 1200.0      50.9394815422013
 1300.0      51.2941900796949
 1400.0      51.6406133615733
 1500.0      51.9888667088601
 1600.0      52.3426077640110
 1700.0      52.7073735205998
 1800.0      53.0878001555661
 1900.0      53.4864720309048
 2000.0      53.9084023485572
 2100.0      54.3573156331065
 2200.0      54.8366724630170
 2300.0      55.3504952553466
 2400.0      55.9019001098888
 2500.0      56.4996899421906
 2600.0      57.1489391152736
 2700.0      57.8454325054372
 2800.0      58.6192167437845
 2900.0      59.4480006692926
 3000.0      60.3651349051130
 3100.0      61.3791904484819
 3200.0      62.4790652443074
 3300.0      63.7260688847354
 3400.0      65.0631626192522
 3500.0      66.6054868756457
 3600.0      68.2916583955167
 3700.0      70.1963189895700
 3800.0      72.3719766860914
 3900.0      74.7619070303959
 4000.0      77.6099219539866
 4100.0      80.7227524066187
 4200.0      84.4644472278885
 4300.0      88.7226068359151
 4400.0      93.7955287321358
 4500.0      99.3167903557362
 4600.0     107.9170044719906
 4700.0     109.1770990071111
 4800.0     144.7710263373380
 4900.0      49.4382377889033
 5000.0     -69.8410272112492
 5100.0      79.9886399906071
 5200.0      65.3920945626721
 5300.0      70.9970438942945
 5400.0      58.3849888935272
 5500.0      72.0238957613733
 5600.0      59.9514915244108
 5700.0      76.4439642607208
 5800.0      55.2237732518265
 5900.0      79.1347137205294
 6000.0     111.1711879903931
# P = 8.000000 (GPa)
    1.0       1.0000028653473
  100.0      15.6826831714990
  200.0      34.1791555768463
  300.0      39.8403176711995
  400.0      44.2927406389457
  500.0      46.1666170254165
  600.0      47.5664407996550
  700.0      48.4413064307194
  800.0      49.1145075168609
  900.0      49.6371292534284
 1000.0      50.0788210283405
 1100.0      50.4660215663001
 1200.0      50.8219037362212
 1300.0      51.1603053471096
 1400.0      51.4888832632024
 1500.0      51.8175504586438
 1600.0      52.1498111173017
 1700.0      52.4909774867604
 1800.0      52.8454409586858
 1900.0      53.2155244077565
 2000.0      53.6058945579293
 2100.0      54.0199252569310
 2200.0      54.4606409789684
 2300.0      54.9315789232270
 2400.0      55.4353372325103
 2500.0      55.9799788396623
 2600.0      56.5697945384309
 2700.0      57.1998865873872
 2800.0      57.8988421919436
 2900.0      58.6435904855266
 3000.0      59.4656940762884
 3100.0      60.3718577127702
 3200.0      61.3492368572131
 3300.0      62.4559085347550
 3400.0      63.6325495213356
 3500.0      64.9894444583643
 3600.0      66.4610929227376
 3700.0      68.1160000571835
 3800.0      69.9984020286454
 3900.0      72.0437487899773
 4000.0      74.4806249455794
 4100.0      77.1033462588071
 4200.0      80.2507102970075
 4300.0      83.7851253742086
 4400.0      87.9594424787826
 4500.0      92.4389545169145
 4600.0      99.7218800407685
 4700.0     100.2588739539253
 4800.0     131.9865454489457
 4900.0      47.4079138662584
 5000.0     -52.5775585275707
 5100.0      77.9145549904235
 5200.0      65.9475890576895
 5300.0      70.6856458843113
 5400.0      59.9668705873359
 5500.0      71.1317845495175
 5600.0      62.1211153050731
 5700.0      74.8781564652970
 5800.0      58.1057056250173
 5900.0      77.2723948067121
 6000.0     103.3097649437480
# P = 9.000000 (GPa)
    1.0       1.0000024375989
  100.0      15.6569248278297
  200.0      34.1487108980141
  300.0      39.8117091763880
  400.0      44.2610449645098
  500.0      46.1298295248650
  600.0      47.5226834596974
  700.0      48.3893744943651
  800.0      49.0532734657419
  900.0      49.5655717525396
 1000.0      49.9958618437706
 1100.0      50.3705779918090
 1200.0      50.7127880371196
 1300.0      51.0362263824517
 1400.0      51.3484621411961
 1500.0      51.6592334423943
 1600.0      51.9719025272249
 1700.0      52.2916053998537
 1800.0      52.6225022342565
 1900.0      52.9667078360904
 2000.0      53.3286017152893
 2100.0      53.7112250407970
 2200.0      54.1172642167728
 2300.0      54.5498502667059
 2400.0      55.0111227079987
 2500.0      55.5085253682655
 2600.0      56.0457031926730
 2700.0      56.6172312779196
 2800.0      57.2503784664342
 2900.0      57.9215854237455
 3000.0      58.6608587259250
 3100.0      59.4733933691366
 3200.0      60.3450624278579
 3300.0      61.3311861649155
 3400.0      62.3709115860963
 3500.0      63.5704262624676
 3600.0      64.8612705533720
 3700.0      66.3071854252401
 3800.0      67.9460932983281
 3900.0      69.7078350169002
 4000.0      71.8094136658360
 4100.0      74.0365974598928
 4200.0      76.7099000655310
 4300.0      79.6741257257371
 4400.0      83.1514950955631
 4500.0      86.7954009972133
 4600.0      92.9360529050148
 4700.0      92.6173168007662
 4800.0     121.2690378595038
 4900.0      43.2297307462155
 5000.0     -43.0540045066129
 5100.0      76.5983002361981
 5200.0      66.1963725929457
 5300.0      70.4061588165700
 5400.0      60.9266887962040
 5500.0      70.5461721286203
 5600.0      63.5465171834865
 5700.0      73.8865911442324
 5800.0      60.0825545411536
 5900.0      76.1126318829839
 6000.0      97.9584024923440
# P = 10.000000 (GPa)
    1.0       1.0000020615484
  100.0      15.6317419272094
  200.0      34.1191597925748
  300.0      39.7842914617866
  400.0      44.2309611277292
  500.0      46.0951430165409
  600.0      47.4815907305154
  700.0      48.3407397218637
  800.0      48.9960440591547
  900.0      49.4988052864894
 1000.0      49.9185701210037
 1100.0      50.2817772527747
 1200.0      50.6114023965494
 1300.0      50.9210895590224
 1400.0      51.2183390413676
 1500.0      51.5127270650452
 1600.0      51.8075031204560
 1700.0      52.1076435172579
 1800.0      52.4171084757071
 1900.0      52.7378475253409
 2000.0      53.0739651678175
 2100.0      53.4282547604316
 2200.0      53.8030953469083
 2300.0      54.2012604960925
 2400.0      54.6245467157825
 2500.0      55.0798411235222
 2600.0      55.5702316570481
 2700.0      56.0899235110737
 2800.0      56.6649915618746
 2900.0      57.2715944356698
 3000.0      57.9383518540826
 3100.0      58.6692420264520
 3200.0      59.4492277287928
 3300.0      60.3312055727086
 3400.0      61.2534091269849
 3500.0      62.3184351705048
 3600.0      63.4558372180599
 3700.0      64.7254998404314
 3800.0      66.1604190702889
 3900.0      67.6866045318839
 4000.0      69.5117808631701
 4100.0      71.4160889701242
 4200.0      73.7062126035266
 4300.0      76.2147792688519
 4400.0      79.1419246618272
 4500.0      82.1356587191510
 4600.0      87.4001883324606
 4700.0      86.3346881466270
 4800.0     112.5692442299907
 4900.0      38.4007756166027
 5000.0     -38.1770852893026
 5100.0      75.6894860953147
 5200.0      66.1859137693062
 5300.0      70.0729421494667
 5400.0      61.3994060706881
 5500.0      70.0720739570505
 5600.0      64.3819076740529
 5700.0      73.1862603448479
 5800.0      61.3431568509659
 5900.0      75.3371705872893
 6000.0      94.2590967113633
# P = 11.000000 (GPa)
    1.0       1.0000017318806
  100.0      15.6071255900176
  200.0      34.0904675842102
  300.0      39.7579951822408
  400.0      44.2023810113936
  500.0      46.0624054577997
  600.0      47.4429603950493
  700.0      48.2951435537636
  800.0      48.9424976907339
  900.0      49.4364396666368
 1000.0      49.8464780099107
 1100.0      50.1990634869618
 1200.0      50.5170894701674
 1300.0      50.8141237242782
 1400.0      51.0976081110780
 1500.0      51.3769762119148
 1600.0      51.6553821428631
 1700.0      51.9376594707080
 1800.0      52.2276028532190
 1900.0      52.5270063798407
 2000.0      52.8397548624671
 2100.0      53.1684166387332
 2200.0      53.5151045526730
 2300.0      53.8823192918233
 2400.0      54.2715281694878
 2500.0      54.6891597694519
 2600.0      55.1378530960088
 2700.0      55.6115090407392
 2800.0      56.1351240512964
 2900.0      56.6847653002550
 3000.0      57.2878063469486
 3100.0      57.9471991455671
 3200.0      58.6473001907158
 3300.0      59.4388319742583
 3400.0      60.2596238308911
 3500.0      61.2090194064014
 3600.0      62.2153477915116
 3700.0      63.3353204720215
 3800.0      64.5980329055546
 3900.0      65.9269154834096
 4000.0      67.5220368156648
 4100.0      69.1601635101130
 4200.0      71.1369160830469
 4300.0      73.2766665547306
 4400.0      75.7633161190504
 4500.0      78.2426089718449
 4600.0      82.8253567110034
 4700.0      81.1747586365692
 4800.0     105.6323692501475
 4900.0      33.8234949685531
 5000.0     -35.9004128164356
 5100.0      75.0187250177308
 5200.0      66.0029461343598
 5300.0      69.6803312511769
 5400.0      61.5218745796859
 5500.0      69.6179524639048
 5600.0      64.7702333397232
 5700.0      72.6115567487561
 5800.0      62.0496306227005
 5900.0      74.7440233900405
 6000.0      91.6214637375186
# P = 12.000000 (GPa)
    1.0       1.0000014438814
  100.0      15.5830663677027
  200.0      34.0626013452584
  300.0      39.7327561656589
  400.0      44.1752058521072
  500.0      46.0314799804052
  600.0      47.4066127589489
  700.0      48.2523575957515
  800.0      48.8923503267061
  900.0      49.3781274827218
 1000.0      49.7791659663216
 1100.0      50.1219366089636
 1200.0      50.4292583550749
 1300.0      50.7146358833302
 1400.0      50.9854589772508
 1500.0      51.2510377151353
 1600.0      51.5144408380819
 1700.0      51.7803822989586
 1800.0      52.0525079715898
 1900.0      52.3324823640504
 2000.0      52.6239996237312
 2100.0      52.9294239203314
 2200.0      53.2506634077296
 2300.0      53.5899543507607
 2400.0      53.9485173196315
 2500.0      54.3323840314822
 2600.0      54.7437767659739
 2700.0      55.1764162731626
 2800.0      55.6543197900122
 2900.0      56.1535452894138
 3000.0      56.7003758298895
 3100.0      57.2969231195125
 3200.0      57.9271507933429
 3300.0      58.6397716385655
 3400.0      59.3726354070298
 3500.0      60.2220515824443
 3600.0      61.1157658319313
 3700.0      62.1077879785528
 3800.0      63.2240724460243
 3900.0      64.3865092601234
 4000.0      65.7884756595229
 4100.0      67.2051766642822
 4200.0      68.9230078808843
 4300.0      70.7608951626940
 4400.0      72.8904368139678
 4500.0      74.9571869925492
 4600.0      78.9998811211893
 4700.0      76.8869455360375
 4800.0     100.0096206166763
 4900.0      29.7830470971656
 5000.0     -34.9575888239920
 5100.0      74.5278834952184
 5200.0      65.7579711409986
 5300.0      69.2805555277457
 5400.0      61.4363156097646
 5500.0      69.1701488425397
 5600.0      64.8519989912464
 5700.0      72.0876268989682
 5800.0      62.3506090371504
 5900.0      74.2232933515190
 6000.0      89.6590688892791
# P = 13.000000 (GPa)
    1.0       1.0000011933137
  100.0      15.5595543802580
  200.0      34.0355297690783
  300.0      39.7085149791286
  400.0      44.1493450281703
  500.0      46.0022412980443
  600.0      47.3723836293216
  700.0      48.2121742757843
  800.0      48.8453453648913
  900.0      49.3235562289120
 1000.0      49.7162583653024
 1100.0      50.0499487794607
 1200.0      50.3473801839555
 1300.0      50.6220029374322
 1400.0      50.8811654361843
 1500.0      51.1340650390018
 1600.0      51.3836994931059
 1700.0      51.6346779926959
 1800.0      51.8905128659950
 1900.0      52.1527642653791
 2000.0      52.4249506887518
 2100.0      52.7092712652468
 2200.0      53.0074455542788
 2300.0      53.3214943356802
 2400.0      53.6524310899905
 2500.0      54.0059188109261
 2600.0      54.3838760306769
 2700.0      54.7798529514070
 2800.0      55.2169913580070
 2900.0      55.6714637852444
 3000.0      56.1685386372838
 3100.0      56.7096185040890
 3200.0      57.2784739072186
 3300.0      57.9219780736148
 3400.0      58.5782916346975
 3500.0      59.3408381701709
 3600.0      60.1372886308624
 3700.0      61.0193074527600
 3800.0      62.0102717898044
 3900.0      63.0313599291094
 4000.0      64.2698682833929
 4100.0      65.5009739851985
 4200.0      67.0028269524300
 4300.0      68.5912079662634
 4400.0      70.4280189400756
 4500.0      72.1602370738701
 4600.0      75.7674786285960
 4700.0      73.2905287166643
 4800.0      95.3671025894971
 4900.0      26.3034258852598
 5000.0     -34.6698860124111
 5100.0      74.1456453615414
 5200.0      65.5041139807577
 5300.0      68.9182195091443
 5400.0      61.2697186051423
 5500.0      68.7651698996441
 5600.0      64.7679225066386
 5700.0      71.6073190593922
 5800.0      62.3883725594914
 5900.0      73.7358738063695
 6000.0      88.1375709424267
# P = 14.000000 (GPa)
    1.0       1.0000009762974
  100.0      15.5365794140460
  200.0      34.0092230538407
  300.0      39.6852165758405
  400.0      44.1247150498303
  500.0      45.9745744431485
  600.0      47.3401230872412
  700.0      48.1744042954155
  800.0      48.8012489903141
  900.0      49.2724420734703
 1000.0      49.6574151060561
 1100.0      49.9826959298223
 1200.0      50.2709785229595
 1300.0      50.5356660968945
 1400.0      50.7840753639359
 1500.0      51.0253003005552
 1600.0      51.2622808666404
 1700.0      51.4995308271843
 1800.0      51.7404507133605
 1900.0      51.9865048490581
 2000.0      52.2410619527746
 2100.0      52.5061776840915
 2200.0      52.7834063915425
 2300.0      53.0745918307817
 2400.0      53.3805544153003
 2500.0      53.7066644303920
 2600.0      54.0545501603190
 2700.0      54.4176550630240
 2800.0      54.8183597216421
 2900.0      55.2329397224378
 3000.0      55.6858180957647
 3100.0      56.1778009161088
 3200.0      56.6925358557276
 3300.0      57.2752446804733
 3400.0      57.8646196872175
 3500.0      58.5513737937202
 3600.0      59.2634432435156
 3700.0      60.0504141348363
 3800.0      60.9334898523798
 3900.0      61.8338371204991
 4000.0      62.9330143901160
 4100.0      64.0074595379074
 4200.0      65.3276587912894
 4300.0      66.7080175845746
 4400.0      68.3024263896553
 4500.0      69.7608044738566
 4600.0      73.0110625476503
 4700.0      70.2502792282608
 4800.0      91.4690500591755
 4900.0      23.3720615218431
 5000.0     -34.6325304717760
 5100.0      73.8117056419566
 5200.0      65.2434662947019
 5300.0      68.5785170984971
 5400.0      61.0640352448021
 5500.0      68.4048761391324
 5600.0      64.6142337055225
 5700.0      71.1910549405267
 5800.0      62.2955758914108
 5900.0      73.2943920309480
 6000.0      86.9323072384241
# P = 15.000000 (GPa)
    1.0       1.0000007893852
  100.0      15.5141307353841
  200.0      33.9836527177333
  300.0      39.6628097456946
  400.0      44.1012389672129
  500.0      45.9483740387865
  600.0      47.3096939564591
  700.0      48.1388745151199
  800.0      48.7598480501707
  900.0      49.2245268633686
 1000.0      49.6023271767558
 1100.0      49.9198113247424
 1200.0      50.1996220666988
 1300.0      50.4551213338009
 1400.0      50.6936016495636
 1500.0      50.9240626143474
 1600.0      51.1493974864116
 1700.0      51.3740341274387
 1800.0      51.6012759630149
 1900.0      51.8325038670966
 2000.0      52.0709580538652
 2100.0      52.3185631781529
 2200.0      52.5767383628509
 2300.0      52.8471666391717
 2400.0      53.1305153733153
 2500.0      53.4318868207598
 2600.0      53.7526630161366
 2700.0      54.0862336510467
 2800.0      54.4542493758159
 2900.0      54.8331871479176
 3000.0      55.2466795723003
 3100.0      55.6950180011969
 3200.0      56.1618717588100
 3300.0      56.6909278577190
 3400.0      57.2215067710217
 3500.0      57.8418457883122
 3600.0      58.4803811037541
 3700.0      59.1848524032938
 3800.0      59.9745948024906
 3900.0      60.7712811332777
 4000.0      61.7509108608615
 4100.0      62.6923100830346
 4200.0      63.8585326112945
 4300.0      65.0640982285393
 4400.0      66.4560242300971
 4500.0      67.6884000136296
 4600.0      70.6412930961029
 4700.0      67.6632630648391
 4800.0      88.1447971135169
 4900.0      20.9602739181566
 5000.0     -34.5981037008877
 5100.0      73.4890831266156
 5200.0      64.9772296517728
 5300.0      68.2484316099472
 5400.0      60.8346925785928
 5500.0      68.0656756058077
 5600.0      64.4185662761295
 5700.0      70.8159723463225
 5800.0      62.1370969250847
 5900.0      72.9054439318819
 6000.0      85.9746454250055
# P = 16.000000 (GPa)
    1.0       1.0000006294219
  100.0      15.4921915078257
  200.0      33.9587865347569
  300.0      39.6412446798372
  400.0      44.0788449622202
  500.0      45.9235430398617
  600.0      47.2809703926216
  700.0      48.1054265669626
  800.0      48.7209478801426
  900.0      49.1795749683403
 1000.0      49.5507130870918
 1100.0      49.8609620995118
 1200.0      50.1329196304659
 1300.0      50.3799117494027
 1400.0      50.6092138936049
 1500.0      50.8297385740144
 1600.0      51.0443411226105
 1700.0      51.2573739658888
 1800.0      51.4720526645345
 1900.0      51.6896904127266
 2000.0      51.9134090423779
 2100.0      52.1450244342329
 2200.0      52.3858335070140
 2300.0      52.6373841277128
 2400.0      52.9002133342696
 2500.0      53.1791818016670
 2600.0      53.4754736588112
 2700.0      53.7824268007979
 2800.0      54.1210622869571
 2900.0      54.4680542030112
 3000.0      54.8463286095054
 3100.0      55.2557818140153
 3200.0      55.6800890267023
 3300.0      56.1616141673436
 3400.0      56.6403743798038
 3500.0      57.2022874557210
 3600.0      57.7764407040030
 3700.0      58.4089761094978
 3800.0      59.1176041130602
 3900.0      59.8248526248511
 4000.0      60.7013668006363
 4100.0      61.5291734423471
 4200.0      62.5639795819903
 4300.0      63.6216456820797
 4400.0      64.8430440334212
 4500.0      65.8876439716863
 4600.0      68.5890504176607
 4700.0      65.4497870960868
 4800.0      85.2685577933491
 4900.0      19.0321542009731
 5000.0     -34.4168219457367
 5100.0      73.1552322394429
 5200.0      64.7065411512276
 5300.0      67.9199285104110
 5400.0      60.5921382373788
 5500.0      67.7325251388499
 5600.0      64.1972904083121
 5700.0      70.4588199600982
 5800.0      61.9368960850774
 5900.0      72.5435500595934
 6000.0      85.1757819445076
# P = 17.000000 (GPa)
    1.0       1.0000004935678
  100.0      15.4707399803743
  200.0      33.9345880197226
  300.0      39.6204704742039
  400.0      44.0574633614760
  500.0      45.8999900626384
  600.0      47.2538357092871
  700.0      48.0739148314935
  800.0      48.6843702563347
  900.0      49.1373715701893
 1000.0      49.5023161084524
 1100.0      49.8058450727682
 1200.0      50.0705160021294
 1300.0      50.3096237799000
 1400.0      50.5304317546484
 1500.0      50.7417740617143
 1600.0      50.9464732609527
 1700.0      51.1488165484505
 1800.0      51.3519410517829
 1900.0      51.5571030867417
 2000.0      51.7673168741289
 2100.0      51.9843077173950
 2200.0      52.2092619173067
 2300.0      52.4436153652312
 2400.0      52.6877870155804
 2500.0      52.9464329538121
 2600.0      53.2205549062522
 2700.0      53.5034774510390
 2800.0      53.8156364687335
 2900.0      54.1339212777694
 3000.0      54.4806418755514
 3100.0      54.8553133676085
 3200.0      55.2417234628047
 3300.0      55.6810045688359
 3400.0      56.1138730689373
 3500.0      56.6242166931556
 3600.0      57.1417905844441
 3700.0      57.7113107486720
 3800.0      58.3491206038161
 3900.0      58.9788129408067
 4000.0      59.7659618840876
 4100.0      60.4962629860736
 4200.0      61.4182808470207
 4300.0      62.3500574309365
 4400.0      63.4268082288164
 4500.0      64.3144827867319
 4600.0      66.8000264712559
 4700.0      63.5473104204551
 4800.0      82.7461636252013
 4900.0      17.5494375626728
 5000.0     -34.0005172531454
 5100.0      72.7967241981588
 5200.0      64.4324378697967
 5300.0      67.5881610145068
 5400.0      60.3435159147727
 5500.0      67.3960836852494
 5600.0      63.9616235422400
 5700.0      70.1047618524490
 5800.0      61.7114984914343
 5900.0      72.1905304348441
 6000.0      84.4688393979196
# P = 18.000000 (GPa)
    1.0       1.0000003792571
  100.0      15.4497554954040
  200.0      33.9110228290671
  300.0      39.6004394614005
  400.0      44.0370290863919
  500.0      45.8776298278614
  600.0      47.2281811036417
  700.0      48.0442045173168
  800.0      48.6499511469662
  900.0      49.0977194608881
 1000.0      49.4569017922334
 1100.0      49.7541840687407
 1200.0      50.0120879792934
 1300.0      50.2438808987903
 1400.0      50.4568197509857
 1500.0      50.6596667354024
 1600.0      50.8552169818290
 1700.0      51.0477011065325
 1800.0      51.2401849558687
 1900.0      51.4338783902282
 2000.0      51.6316982036451
 2100.0      51.8352917276793
 2200.0      52.0457477905339
 2300.0      52.2644064185406
 2400.0      52.4915877632699
 2500.0      52.7317597786243
 2600.0      52.9857716343413
 2700.0      53.2469534674962
 2800.0      53.5351940318452
 2900.0      53.8276343521155
 3000.0      54.1459939395944
 3100.0      54.4894930845688
 3200.0      54.8420430202694
 3300.0      55.2436468365142
 3400.0      55.6357874011590
 3500.0      56.1004093355686
 3600.0      56.5680426669122
 3700.0      57.0821658648313
 3800.0      57.6578882947213
 3900.0      58.2199784217489
 4000.0      58.9293383853579
 4100.0      59.5754851700159
 4200.0      60.4001974834462
 4300.0      61.2242050629055
 4400.0      62.1775298627284
 4500.0      62.9334581680870
 4600.0      65.2311325900339
 4700.0      61.9060498277723
 4800.0      80.5060424365874
 4900.0      16.4742594079521
 5000.0     -33.3003194109823
 5100.0      72.4059360537463
 5200.0      64.1558458764017
 5300.0      67.2503215464570
 5400.0      60.0937327294361
 5500.0      67.0506818494980
 5600.0      63.7193570660561
 5700.0      69.7444422968248
 5800.0      61.4724230924739
 5900.0      71.8347166776549
 6000.0      83.8084738436113
# P = 19.000000 (GPa)
    1.0       1.0000002841618
  100.0      15.4292186323568
  200.0      33.8880589720019
  300.0      39.5811077103390
  400.0      44.0174821296124
  500.0      45.8563835365267
  600.0      47.2039062597132
  700.0      48.0161716098388
  800.0      48.6175398131249
  900.0      49.0604371357624
 1000.0      49.4142550887962
 1100.0      49.7057264149006
 1200.0      49.9573404358184
 1300.0      50.1823404781086
 1400.0      50.3879822780412
 1500.0      50.5829614781062
 1600.0      50.7700499554747
 1700.0      50.9534301854110
 1800.0      51.1361025821433
 1900.0      51.3192389856767
 2000.0      51.5056694515263
 2100.0      51.6969704213754
 2200.0      51.8941507214537
 2300.0      52.0984617619572
 2400.0      52.3101444580095
 2500.0      52.5334920928629
 2600.0      52.7692307210167
 2700.0      53.0107018687972
 2800.0      53.2772962150990
 2900.0      53.5464108090540
 3000.0      53.8392273018662
 3100.0      54.1547162532914
 3200.0      54.4769272672006
 3300.0      54.8448570111366
 3400.0      55.2007064095019
 3500.0      55.6246903663885
 3600.0      56.0481080614581
 3700.0      56.5132941176592
 3800.0      57.0343844211332
 3900.0      57.5372856549504
 4000.0      58.1786248295184
 4100.0      58.7517479560448
 4200.0      59.4921279295819
 4300.0      60.2233615896986
 4400.0      61.0707608305481
 4500.0      61.7153917638058
 4600.0      63.8482387529694
 4700.0      60.4853394497054
 4800.0      78.4933570611462
 4900.0      15.7704388065834
 5000.0     -32.2926048375203
 5100.0      71.9790172311062
 5200.0      63.8775918073459
 5300.0      66.9049145959993
 5400.0      59.8461735372339
 5500.0      66.6930553387684
 5600.0      63.4759202829636
 5700.0      69.3721149311699
 5800.0      61.2277550341905
 5900.0      71.4687559677728
 6000.0      83.1640025426379
# P = 20.000000 (GPa)
    1.0       1.0000002061824
  100.0      15.4091111166740
  200.0      33.8656666989531
  300.0      39.5624345141525
  400.0      43.9987668710761
  500.0      45.8361783805767
  600.0      47.1809190223827
  700.0      47.9897023115936
  800.0      48.5869975570308
  900.0      49.0253579795682
 1000.0      49.3741789412719
 1100.0      49.6602410767647
 1200.0      49.9060033069349
 1300.0      50.1246901777684
 1400.0      50.3235593876114
 1500.0      50.5112443068583
 1600.0      50.6904986379715
 1700.0      50.8654624197610
 1800.0      51.0390778486297
 1900.0      51.2124840318394
 2000.0      51.3884340001678
 2100.0      51.5684421465081
 2200.0      51.7534470772431
 2300.0      51.9446219807159
 2400.0      52.1421439267758
 2500.0      52.3501453340264
 2600.0      52.5692477802712
 2700.0      52.7928184034772
 2800.0      53.0397803075393
 2900.0      53.2878011262219
 3000.0      53.5575663255148
 3100.0      53.8478207271420
 3200.0      54.1427965153514
 3300.0      54.4805264799583
 3400.0      54.8039770945641
 3500.0      55.1917247064193
 3600.0      55.5758490293196
 3700.0      55.9977151107108
 3800.0      56.4705148989690
 3900.0      56.9213775430770
 4000.0      57.5030243485052
 4100.0      58.0124391229900
 4200.0      58.6793719864409
 4300.0      59.3303309733074
 4400.0      60.0863620398206
 4500.0      60.6362728091670
 4600.0      62.6243483743223
 4700.0      59.2481678086223
 4800.0      76.6743389154367
 4900.0      15.3941527584695
 5000.0     -30.9720999839174
 5100.0      71.5145094629280
 5200.0      63.5983929410185
 5300.0      66.5512872738543
 5400.0      59.6031712405427
 5500.0      66.3215167787179
 5600.0      63.2351089492338
 5700.0      68.9844543008204
 5800.0      60.9831924478005
 5900.0      71.0881959935250
 6000.0      82.5147771858061
# P = 21.000000 (GPa)
    1.0       1.0000001434100
  100.0      15.3894157403351
  200.0      33.8438182084817
  300.0      39.5443819878043
  400.0      43.9808317601639
  500.0      45.8169471005273
  600.0      47.1591348187586
  700.0      47.9646919570147
  800.0      48.5581964232057
  900.0      48.9923292140446
 1000.0      49.3364929521951
 1100.0      49.6175164176474
 1200.0      49.8578298554224
 1300.0      50.0706447020875
 1400.0      50.2632224578518
 1500.0      50.4441382538282
 1600.0      50.6161322018584
 1700.0      50.7833071634936
 1800.0      50.9485529528411
 1900.0      51.1129800287447
 2000.0      51.2792742284343
 2100.0      51.4488941926820
 2200.0      51.6227170245468
 2300.0      51.8018484753274
 2400.0      51.9864119229701
 2500.0      52.1803939922504
 2600.0      52.3843229621006
 2700.0      52.5916091259532
 2800.0      52.8207305927092
 2900.0      53.0496430938206
 3000.0      53.2985547082536
 3100.0      53.5660348252310
 3200.0      53.8364974747207
 3300.0      54.1470881673989
 3400.0      54.4415398844875
 3500.0      54.7968726383351
 3600.0      55.1460114773596
 3700.0      55.5293638313979
 3800.0      55.9593704438831
 3900.0      56.3643376865426
 4000.0      56.8933390659112
 4100.0      57.3469896686978
 4200.0      57.9496689645958
 4300.0      58.5307734419828
 4400.0      59.2075993781113
 4500.0      59.6763307151656
 4600.0      61.5373197039928
 4700.0      58.1631674742775
 4800.0      75.0341558302610
 4900.0      15.2490281791464
 5000.0     -29.4190298762687
 5100.0      71.0166091532221
 5200.0      63.3189092483892
 5300.0      66.1893722602638
 5400.0      59.3663278315647
 5500.0      65.9354087253010
 5600.0      62.9995659639986
 5700.0      68.5797192094285
 5800.0      60.7427304480169
 5900.0      70.6905270329295
 6000.0      81.8470797589722
# P = 22.000000 (GPa)
    1.0       1.0000000941172
  100.0      15.3701162767047
  200.0      33.8224874926568
  300.0      39.5269149193049
  400.0      43.9636289949563
  500.0      45.7986280305846
  600.0      47.1384756972584
  700.0      47.9410435123605
  800.0      48.5310185423589
  900.0      48.9612108418083
 1000.0      49.3010318551880
 1100.0      49.5773575673371
 1200.0      49.8125939776865
 1300.0      50.0199432537423
 1400.0      50.2066720064531
 1500.0      50.3812993763449
 1600.0      50.5465587955499
 1700.0      50.7065194881101
 1800.0      50.8640207256382
 1900.0      51.0201534429486
 2000.0      51.1775418531624
 2100.0      51.3375926178098
 2200.0      51.5011326842535
 2300.0      51.6692085625327
 2400.0      51.8418947258856
 2500.0      52.0230504436098
 2600.0      52.2131185033683
 2700.0      52.4055654556867
 2800.0      52.6184472064785
 2900.0      52.8300150953479
 3000.0      53.0600294079627
 3100.0      53.3069077129986
 3200.0      53.5552630475496
 3300.0      53.8414082342127
 3400.0      54.1098372632108
 3500.0      54.4361163379031
 3600.0      54.7539967156721
 3700.0      55.1030390610527
 3800.0      55.4949934943014
 3900.0      55.8593363307453
 4000.0      56.3417939017093
 4100.0      56.7464076881091
 4200.0      57.2926511951139
 4300.0      57.8127553413566
 4400.0      58.4205463063207
 4500.0      58.8192228759750
 4600.0      60.5687248216351
 4700.0      57.2050537155988
 4800.0      73.5600866353506
 4900.0      15.2409959507381
 5000.0     -27.7854419890678
 5100.0      70.5037043353302
 5200.0      63.0399028034369
 5300.0      65.8214219363680
 5400.0      59.1361779834811
 5500.0      65.5349062241512
 5600.0      62.7711106796684
 5700.0      68.1572498762797
 5800.0      60.5091870483422
 5900.0      70.2745704883710
 6000.0      81.1520443576541
# P = 23.000000 (GPa)
    1.0       1.0000000567433
  100.0      15.3511971179053
  200.0      33.8016499726375
  300.0      39.5100004541649
  400.0      43.9471146684130
  500.0      45.7811643656050
  600.0      47.1188690987422
  700.0      47.9186671021656
  800.0      48.5053556903789
  900.0      48.9318743495099
 1000.0      49.2676431964382
 1100.0      49.5395856220060
 1200.0      49.7700888924414
 1300.0      49.9723475390115
 1400.0      50.1536332093029
 1500.0      50.3224141660798
 1600.0      50.4814215965099
 1700.0      50.6346929390688
 1800.0      50.7850214415087
 1900.0      50.9334843113180
 2000.0      51.0826485178124
 2100.0      51.2338748659341
 2200.0      51.3879476885004
 2300.0      51.5458607084764
 2400.0      51.7076466821007
 2500.0      51.8770497489528
 2600.0      52.0544379747924
 2700.0      52.2333405717317
 2800.0      52.4314152424264
 2900.0      52.6272111349006
 3000.0      52.8400696828847
 3100.0      53.0682730741463
 3200.0      53.2966537452175
 3300.0      53.5607259436048
 3400.0      53.8057594837747
 3500.0      54.1059228419990
 3600.0      54.3958183484360
 3700.0      54.7142092459217
 3800.0      55.0722210304994
 3900.0      55.4005347821033
 4000.0      55.8416515396605
 4100.0      56.2030577295241
 4200.0      56.6995297460664
 4300.0      57.1661151213171
 4400.0      57.7135446750451
 4500.0      58.0515065021182
 4600.0      59.7027291750104
 4700.0      56.3543916823080
 4800.0      72.2389733281367
 4900.0      15.3002297325630
 5000.0     -26.1874256398987
 5100.0      69.9925809185532
 5200.0      62.7621213447994
 5300.0      65.4529855793496
 5400.0      58.9099492646609
 5500.0      65.1247139537632
 5600.0      62.5497390947432
 5700.0      67.7176732496599
 5800.0      60.2844706614245
 5900.0      69.8400140066446
 6000.0      80.4242141009235
# P = 24.000000 (GPa)
    1.0       1.0000000298709
  100.0      15.3326411736470
  200.0      33.7812801880540
  300.0      39.4936068800310
  400.0      43.9312473509572
  500.0      45.7645025116843
  600.0      47.1002474943988
  700.0      47.8974799007892
  800.0      48.4811088992907
  900.0      48.9042010441788
 1000.0      49.2361857185779
 1100.0      49.5040364843829
 1200.0      49.7301252390953
 1300.0      49.9276389232899
 1400.0      50.1038540946844
 1500.0      50.2671961886807
 1600.0      50.4203947814294
 1700.0      50.5674571698314
 1800.0      50.7111364438480
 1900.0      50.8524997827283
 2000.0      50.9940616596912
 2100.0      51.1371410736171
 2200.0      51.2824867067729
 2300.0      51.4310464226396
 2400.0      51.5828160836130
 2500.0      51.7414354381456
 2600.0      51.9072075218049
 2700.0      52.0737284916932
 2800.0      52.2582820932868
 2900.0      52.4397109476436
 3000.0      52.6369683432584
 3100.0      52.8482127352292
 3200.0      53.0585097584581
 3300.0      53.3026132799192
 3400.0      53.5265649755135
 3500.0      53.8032026706992
 3600.0      54.0679825819371
 3700.0      54.3589175087021
 3800.0      54.6865849954048
 3900.0      54.9828361411849
 4000.0      55.3871512905866
 4100.0      55.7103502787940
 4200.0      56.1627714899971
 4300.0      56.5822841247258
 4400.0      57.0766531372415
 4500.0      57.3618674699360
 4600.0      58.9259197303567
 4700.0      55.5969463024490
 4800.0      71.0514151698027
 4900.0      15.3938961466458
 5000.0     -24.6946790987384
 5100.0      69.4951324895244
 5200.0      62.4861782227267
 5300.0      65.0885974456493
 5400.0      58.6845146443318
 5500.0      64.7128422838030
 5600.0      62.3315274503618
 5700.0      67.2680575953842
 5800.0      60.0674506611282
 5900.0      69.3883563544100
 6000.0      79.6610034094707
# P = 25.000000 (GPa)
    1.0       1.0000000122159
  100.0      15.3144312895610
  200.0      33.7613530173911
  300.0      39.4777033437637
  400.0      43.9159870016605
  500.0      45.7485916358689
  600.0      47.0825477905269
  700.0      47.8774060848441
  800.0      48.4581863138631
  900.0      48.8780801968063
 1000.0      49.2065294119625
 1100.0      49.4705601731036
 1200.0      49.6925291391251
 1300.0      49.8856152028565
 1400.0      50.0571041970537
 1500.0      50.2153834807765
 1600.0      50.3631807458972
 1700.0      50.5044739270732
 1800.0      50.6419838074900
 1900.0      50.7767703012028
 2000.0      50.9112964705692
 2100.0      51.0468464353557
 2200.0      51.1841390428461
 2300.0      51.3240800260204
 2400.0      51.4666336093788
 2500.0      51.6153461658165
 2600.0      51.7704626397665
 2700.0      51.9256479146437
 2800.0      52.0978355367113
 2900.0      52.2661586616302
 3000.0      52.4492034278152
 3100.0      52.6450219161656
 3200.0      52.8389153911626
 3300.0      53.0649205989095
 3400.0      53.2698337331482
 3500.0      53.5252387815290
 3600.0      53.7674212034076
 3700.0      54.0337125777233
 3800.0      54.3341733019907
 3900.0      54.6018309633428
 4000.0      54.9732808436185
 4100.0      55.2626034974908
 4200.0      55.6759279323476
 4300.0      56.0538600174048
 4400.0      56.5014824025570
 4500.0      56.7406971324376
 4600.0      58.2269226214590
 4700.0      54.9209795097759
 4800.0      69.9784024002971
 4900.0      15.5204654346079
 5000.0     -23.2991405118144
 5100.0      69.0141701627092
 5200.0      62.2125140419069
 5300.0      64.7313745624002
 5400.0      58.4576794296125
 5500.0      64.3055098100438
 5600.0      62.1128734587396
 5700.0      66.8175811882030
 5800.0      59.8530612712966
 5900.0      68.9278545804866
 6000.0      78.8744720420230
# P = 26.000000 (GPa)
    1.0       1.0000000026191
  100.0      15.2965514165054
  200.0      33.7418450039773
  300.0      39.4622609853464
  400.0      43.9012963043590
  500.0      45.7333848157330
  600.0      47.0657125112383
  700.0      47.8583746868141
  800.0      48.4365012145985
  900.0      48.8534090754859
 1000.0      49.1785555712331
 1100.0      49.4390186934350
 1200.0      49.6571389457336
 1300.0      49.8460905039346
 1400.0      50.0131731104803
 1500.0      50.1667364930068
 1600.0      50.3095054810831
 1700.0      50.4454337408577
 1800.0      50.5772159806245
 1900.0      50.7059040416534
 2000.0      50.8339111777487
 2100.0      50.9624963762618
 2200.0      51.0923503505931
 2300.0      51.2243400937221
 2400.0      51.3584045500756
 2500.0      51.4980044507249
 2600.0      51.6433334021088
 2700.0      51.7881276618007
 2800.0      51.9489891905780
 2900.0      52.1053392569748
 3000.0      52.2754157472790
 3100.0      52.4571803808775
 3200.0      52.6361674587906
 3300.0      52.8457402887786
 3400.0      53.0334291645058
 3500.0      53.2696293339082
 3600.0      53.4914410786506
 3700.0      53.7355601410176
 3800.0      54.0115731306274
 3900.0      54.2536653328165
 4000.0      54.5956849973607
 4100.0      54.8548989343245
 4200.0      55.2334016794986
 4300.0      55.5745255047407
 4400.0      55.9807867367798
 4500.0      56.1798109208353
 4600.0      57.5961610647660
 4700.0      54.3164591390399
 4800.0      69.0041303632871
 4900.0      15.6797965937283
 5000.0     -21.9787041244322
 5100.0      68.5470288552149
 5200.0      61.9414185253782
 5300.0      64.3816678868916
 5400.0      58.2288596823035
 5500.0      63.9067162015830
 5600.0      61.8912638779945
 5700.0      66.3732225315192
 5800.0      59.6371631265177
 5900.0      68.4672191448717
 6000.0      78.0875659075891
# P = 27.000000 (GPa)
    1.0       1.0000000000283
  100.0      15.2789865157143
  200.0      33.7227342842401
  300.0      39.4472530422124
  400.0      43.8871411557240
  500.0      45.7188392939690
  600.0      47.0496874949339
  700.0      47.8403187924067
  800.0      48.4159733033311
  900.0      48.8300943778706
 1000.0      49.1521548894535
 1100.0      49.4092827023602
 1200.0      49.6238049648277
 1300.0      49.8088951226558
 1400.0      49.9718678787873
 1500.0      50.1210338358922
 1600.0      50.2591171811826
 1700.0      50.3900546372152
 1800.0      50.5165156573763
 1900.0      50.6395416735402
 2000.0      50.7615035989997
 2100.0      50.8836409141839
 2200.0      51.0066172287041
 2300.0      51.1312621410808
 2400.0      51.2574989850442
 2500.0      51.3887082705517
 2600.0      51.5250347506714
 2700.0      51.6602918779486
 2800.0      51.8107664896361
 2900.0      51.9561632324866
 3000.0      52.1143884025022
 3100.0      52.2833294094066
 3200.0      52.4487502218076
 3300.0      52.6433750910314
 3400.0      52.8154556303877
 3500.0      53.0342485680830
 3600.0      53.2376642299252
 3700.0      53.4617883104135
 3800.0      53.7157873965399
 3900.0      53.9349649104567
 4000.0      54.2505719687416
 4100.0      54.4829481320880
 4200.0      54.8303605442721
 4300.0      55.1387933015638
 4400.0      55.5083588877864
 4500.0      55.6721745314791
 4600.0      57.0254610705061
 4700.0      53.7748003574746
 4800.0      68.1154252428092
 4900.0      15.8712493443679
 5000.0     -20.7157087407080
 5100.0      68.0913999926033
 5200.0      61.6731321868029
 5300.0      64.0388351639845
 5400.0      57.9990338424605
 5500.0      63.5164437921401
 5600.0      61.6664789991797
 5700.0      65.9389318264312
 5800.0      59.4169596178106
 5900.0      68.0130782941030
 6000.0      77.3182680511675
# P = 28.000000 (GPa)
    1.0       1.0000000034918
  100.0      15.2617224925806
  200.0      33.7040005158814
  300.0      39.4326549223760
  400.0      43.8734897572152
  500.0      45.7049143012020
  600.0      47.0344217280261
  700.0      47.8231764943860
  800.0      48.3965301272356
  900.0      48.8080501351918
 1000.0      49.1272243779127
 1100.0      49.3812320214788
 1200.0      49.5923904744183
 1300.0      49.7738740051735
 1400.0      49.9330094351297
 1500.0      50.0780703793505
 1600.0      50.2117861658557
 1700.0      50.3380791404251
 1800.0      50.4595906691774
 1900.0      50.5773542516176
 2000.0      50.6937075804162
 2100.0      50.8098705976593
 2200.0      50.9264796977279
 2300.0      51.0443334353644
 2400.0      51.1633463462442
 2500.0      51.2868208972151
 2600.0      51.4148567127088
 2700.0      51.5413505570889
 2800.0      51.6822869249143
 2900.0      51.8176496264391
 3000.0      51.9650302503240
 3100.0      52.1222522055495
 3200.0      52.2753078278515
 3300.0      52.4563120969636
 3400.0      52.6142258928980
 3500.0      52.8172121673897
 3600.0      53.0039833765568
 3700.0      53.2100402314124
 3800.0      53.4441752353425
 3900.0      53.6427731480261
 4000.0      53.9346127040586
 4100.0      54.1430197044305
 4200.0      54.4625925740421
 4300.0      54.7419171913861
 4400.0      55.0788298290297
 4500.0      55.2117126238453
 4600.0      56.5078970661102
 4700.0      53.2883568797563
 4800.0      67.3021399161106
 4900.0      16.0914928492624
 5000.0     -19.4979735934284
 5100.0      67.6455952821446
 5200.0      61.4078084087374
 5300.0      63.7023264109948
 5400.0      57.7692010399667
 5500.0      63.1337479831831
 5600.0      61.4397988214582
 5700.0      65.5141890574188
 5800.0      59.1926374008289
 5900.0      67.5685856237176
 6000.0      76.5785382021331
# P = 29.000000 (GPa)
    1.0       1.0000000121496
  100.0      15.2447461452627
  200.0      33.6856246861416
  300.0      39.4184433876562
  400.0      43.8603120223351
  500.0      45.6915717448240
  600.0      47.0198686398422
  700.0      47.8068922873165
  800.0      48.3781040675890
  900.0      48.7871944338913
 1000.0      49.1036680095853
 1100.0      49.3547573256886
 1200.0      49.5627712018035
 1300.0      49.7408823503091
 1400.0      49.8964309021328
 1500.0      50.0376586250269
 1600.0      50.1673032808498
 1700.0      50.2892696422216
 1800.0      50.4061715158020
 1900.0      50.5190418545508
 2000.0      50.6301888083302
 2100.0      50.7408107350644
 2200.0      50.8515176853360
 2300.0      50.9630883835448
 2400.0      51.0754287503728
 2500.0      51.1917635189247
 2600.0      51.3121556910991
 2700.0      51.4305894058062
 2800.0      51.5627561944933
 2900.0      51.6889143929971
 3000.0      51.8263590811244
 3100.0      51.9728570351509
 3200.0      52.1146255711635
 3300.0      52.2831990006973
 3400.0      52.4282355595261
 3500.0      52.6168430300102
 3600.0      52.7885282165567
 3700.0      52.9782317318379
 3800.0      53.1944023849144
 3900.0      53.3744866982034
 4000.0      53.6448841205553
 4100.0      53.8318417992614
 4200.0      54.1264185043595
 4300.0      54.3797678765329
 4400.0      54.6875369416845
 4500.0      54.7931924612877
 4600.0      56.0374682401312
 4700.0      52.8505911997596
 4800.0      66.5559321670560
 4900.0      16.3346740623151
 5000.0     -18.3228162624987
 5100.0      67.2089023822986
 5200.0      61.1456661195113
 5300.0      63.3717407536429
 5400.0      57.5401047819239
 5500.0      62.7579643044299
 5600.0      61.2123235451973
 5700.0      65.0979029563717
 5800.0      58.9657611305639
 5900.0      67.1329781315045
 6000.0      75.8676736398558
# P = 30.000000 (GPa)
    1.0       1.0000000252228
  100.0      15.2280450624368
  200.0      33.6675890023118
  300.0      39.4045967589099
  400.0      43.8475802786125
  500.0      45.6787773919901
  600.0      47.0059857504944
  700.0      47.7914130928091
  800.0      48.3606305763727
  900.0      48.7674512251389
 1000.0      49.0813993029502
 1100.0      49.3297591971857
 1200.0      49.5348297232774
 1300.0      49.7097844033842
 1400.0      49.8619794518058
 1500.0      49.9996288888670
 1600.0      50.1254749962313
 1700.0      50.2434050696930
 1800.0      50.3560114042395
 1900.0      50.4643314670134
 2000.0      50.5706412894246
 2100.0      50.6761164228127
 2200.0      50.7813491561274
 2300.0      50.8871029941936
 2400.0      50.9932732966895
 2500.0      51.1030095065641
 2600.0      51.2163485721727
 2700.0      51.3273614238189
 2800.0      51.4514548072927
 2900.0      51.5691600855960
 3000.0      51.6974898023662
 3100.0      51.8341607215471
 3200.0      51.9656123504527
 3300.0      52.1228245115902
 3400.0      52.2561395753739
 3500.0      52.4316456718189
 3600.0      52.5896327867814
 3700.0      52.7645109940449
 3800.0      52.9644040005280
 3900.0      53.1278005236849
 4000.0      53.3788149918762
 4100.0      53.5465374476555
 4200.0      53.8186228188520
 4300.0      54.0487303035117
 4400.0      54.3304307316444
 4500.0      54.4120588931064
 4600.0      55.6090041990897
 4700.0      52.4558602379149
 4800.0      65.8696040277121
 4900.0      16.5957953372462
 5000.0     -17.1895586547909
 5100.0      66.7813847656977
 5200.0      60.8868392198025
 5300.0      63.0469920496115
 5400.0      57.3123235788830
 5500.0      62.3885346148999
 5600.0      60.9850177955901
 5700.0      64.6892370692107
 5800.0      58.7375673658988
 5900.0      66.7053530926416
 6000.0      75.1815656913498
# P = 31.000000 (GPa)
    1.0       1.0000000420075
  100.0      15.2116075756396
  200.0      33.6498768594661
  300.0      39.3910951337906
  400.0      43.8352691024792
  500.0      45.6664987088984
  600.0      46.9927319086779
  700.0      47.7766887066780
  800.0      48.3440505619919
  900.0      48.7487529563836
 1000.0      49.0603384420726
 1100.0      49.3061422744505
 1200.0      49.5084558309611
 1300.0      49.6804563201395
 1400.0      49.8295176984649
 1500.0      49.9638230019213
 1600.0      50.0861197175606
 1700.0      50.2002821220138
 1800.0      50.3088870955084
 1900.0      50.4129727395356
 2000.0      50.5147810635590
 2100.0      50.6154719647986
 2200.0      50.7156261050301
 2300.0      50.8159905966880
 2400.0      50.9164474788888
 2500.0      51.0200792298473
 2600.0      51.1269058724135
 2700.0      51.2310801345180
 2800.0      51.3477300364215
 2900.0      51.4576647985188
 3000.0      51.5776236937772
 3100.0      51.7052778557497
 3200.0      51.8272867397850
 3300.0      51.9741010808033
 3400.0      52.0967311759597
 3500.0      52.2602811674411
 3600.0      52.4058132050493
 3700.0      52.5672278335775
 3800.0      52.7523446364733
 3900.0      52.9006746894018
 4000.0      53.1341330831559
 4100.0      53.2845710892649
 4200.0      53.5363767030038
 4300.0      53.7456386991386
 4400.0      54.0039679230242
 4500.0      54.0643478509690
 4600.0      55.2180024024520
 4700.0      52.0992947459475
 4800.0      65.2369197462937
 4900.0      16.8706973677762
 5000.0     -16.0972493817670
 5100.0      66.3630265588884
 5200.0      60.6314720375922
 5300.0      62.7281504161825
 5400.0      57.0860919193301
 5500.0      62.0254827004920
 5600.0      60.7584494488005
 5700.0      64.2876345222704
 5800.0      58.5091587775875
 5900.0      66.2849287773987
 6000.0      74.5167567902359
# P = 32.000000 (GPa)
    1.0       1.0000000618712
  100.0      15.1954227345680
  200.0      33.6324726939025
  300.0      39.3779196536454
  400.0      43.8233540438376
  500.0      45.6547047292588
  600.0      46.9800692633257
  700.0      47.7626744451139
  800.0      48.3283110667786
  900.0      48.7310350237597
 1000.0      49.0404081622893
 1100.0      49.2838176720700
 1200.0      49.4835504273473
 1300.0      49.6527868533432
 1400.0      49.7989156222726
 1500.0      49.9300915334182
 1600.0      50.0490704397430
 1700.0      50.1597182221142
 1800.0      50.2645930462319
 1900.0      50.3647314042607
 2000.0      50.4623469939337
 2100.0      50.5585908046265
 2200.0      50.6540314632258
 2300.0      50.7493949482974
 2400.0      50.8445551636759
 2500.0      50.9425382553851
 2600.0      51.0433468055086
 2700.0      51.1412092000910
 2800.0      51.2509892939991
 2900.0      51.3537750410917
 3000.0      51.4660390027907
 3100.0      51.5854072254308
 3200.0      51.6987640144974
 3300.0      51.8360500605183
 3400.0      51.9489275697989
 3500.0      52.1015499907658
 3600.0      52.2357398929778
 3700.0      52.3849096633281
 3800.0      52.5565907540682
 3900.0      52.6912957556880
 4000.0      52.9088226123502
 4100.0      53.0437015182852
 4200.0      53.2771827647181
 4300.0      53.4677123247394
 4400.0      53.7050363020327
 4500.0      53.7466057637429
 4600.0      54.8605254657561
 4700.0      51.7767007334219
 4800.0      64.6524007862544
 4900.0      17.1559844371524
 5000.0     -15.0447977871590
 5100.0      65.9537817359591
 5200.0      60.3797012529565
 5300.0      62.4152176493930
 5400.0      56.8616714605902
 5500.0      61.6688817010012
 5600.0      60.5329446514925
 5700.0      63.8931389505627
 5800.0      58.2811124543715
 5900.0      65.8713395221210
 6000.0      73.8705889287749
# P = 33.000000 (GPa)
    1.0       1.0000000842445
  100.0      15.1794802022837
  200.0      33.6153617553460
  300.0      39.3650525567617
  400.0      43.8118126091450
  500.0      45.6433677810012
  600.0      46.9679638434563
  700.0      47.7493279709362
  800.0      48.3133599678130
  900.0      48.7142356886320
 1000.0      49.0215380888301
 1100.0      49.2627069355309
 1200.0      49.4600226180508
 1300.0      49.6266686572254
 1400.0      49.7700503462182
 1500.0      49.8982979214011
 1600.0      50.0141781420304
 1700.0      50.1215442027278
 1800.0      50.2229352518846
 1900.0      50.3193909656485
 2000.0      50.4131030755699
 2100.0      50.5052123335114
 2200.0      50.5962708181081
 2300.0      50.6869878579563
 2400.0      50.7772366062270
 2500.0      50.8699910721428
 2600.0      50.9652305103638
 2700.0      51.0572595889376
 2800.0      51.1606954201981
 2900.0      51.2568991765028
 3000.0      51.3620798340965
 3100.0      51.4738234771927
 3200.0      51.5792449653354
 3300.0      51.7077898082705
 3400.0      51.8117526296985
 3500.0      51.9543743136361
 3600.0      52.0782224427625
 3700.0      52.2162388979453
 3800.0      52.3756829059232
 3900.0      52.4980476337017
 4000.0      52.7010914004691
 4100.0      52.8219426871574
 4200.0      53.0388314164161
 4300.0      53.2124977264257
 4400.0      53.4309013707410
 4500.0      53.4557968681063
 4600.0      54.5331271933814
 4700.0      51.4844462868905
 4800.0      64.1111365187384
 4900.0      17.4492567110239
 5000.0     -14.0305352800752
 5100.0      65.5535748696007
 5200.0      60.1316163389673
 5300.0      62.1082204570051
 5400.0      56.6392655707532
 5500.0      61.3187958797046
 5600.0      60.3087990151263
 5700.0      63.5058282794435
 5800.0      58.0538082775092
 5900.0      65.4647083956847
 6000.0      73.2418555859682
# P = 34.000000 (GPa)
    1.0       1.0000001086123
  100.0      15.1637702460024
  200.0      33.5985301948121
  300.0      39.3524774165782
  400.0      43.8006239481554
  500.0      45.6324612632061
  600.0      46.9563819897142
  700.0      47.7366083400010
  800.0      48.2991493592619
  900.0      48.6983006333603
 1000.0      49.0036655161253
 1100.0      49.2427346966177
 1200.0      49.4377838174686
 1300.0      49.6020012404590
 1400.0      49.7428118436687
 1500.0      49.8683207425876
 1600.0      49.9813019901372
 1700.0      50.0855987526181
 1800.0      50.1837345446339
 1900.0      50.2767572394239
 2000.0      50.3668343933358
 2100.0      50.4550921893649
 2200.0      50.5420712489845
 2300.0      50.6284707550324
 2400.0      50.7141661688541
 2500.0      50.8020737844958
 2600.0      50.8921512987131
 2700.0      50.9787865756202
 2800.0      51.0763616599450
 2900.0      51.1664986312458
 3000.0      51.2651480029415
 3100.0      51.3698702682660
 3200.0      51.4680083853358
 3300.0      51.5885230256755
 3400.0      51.6843260771979
 3500.0      51.8177836935566
 3600.0      51.9321918346608
 3700.0      52.0600328078400
 3800.0      52.2083150609997
 3900.0      52.3194886186360
 4000.0      52.5093421709450
 4100.0      52.6175277679720
 4200.0      52.8193632200465
 4300.0      52.9778240787131
 4400.0      53.1791474881083
 4500.0      53.1892472399286
 4600.0      54.2327846596402
 4700.0      51.2193535598635
 4800.0      63.6088055464978
 4900.0      17.7487766877623
 5000.0     -13.0519409532429
 5100.0      65.1621846757245
 5200.0      59.8873043823784
 5300.0      61.8071529439858
 5400.0      56.4190518780291
 5500.0      60.9752828107792
 5600.0      60.0862465065711
 5700.0      63.1257905774560
 5800.0      57.8275528774308
 5900.0      65.0651453884530
 6000.0      72.6303754920584
# P = 35.000000 (GPa)
    1.0       1.0000001345105
  100.0      15.1482837037144
  200.0      33.5819650214184
  300.0      39.3401785854900
  400.0      43.7897678944310
  500.0      45.6219598909211
  600.0      46.9452931334301
  700.0      47.7244796943563
  800.0      48.2856367586995
  900.0      48.6831779808318
 1000.0      48.9867279258623
 1100.0      49.2238288291951
 1200.0      49.4167537718284
 1300.0      49.5786967719928
 1400.0      49.7170993993120
 1500.0      49.8400419315090
 1600.0      49.9503081036134
 1700.0      50.0517342213873
 1800.0      50.1468319651155
 1900.0      50.2366519975796
 2000.0      50.3233367510945
 2100.0      50.4080029578994
 2200.0      50.4911851810064
 2300.0      50.5735748992707
 2400.0      50.6550422878516
 2500.0      50.7384491312157
 2600.0      50.8237391346904
 2700.0      50.9053884063709
 2800.0      50.9975437263281
 2900.0      51.0820785598497
 3000.0      51.1747001245903
 3100.0      51.2729540563346
 3200.0      51.3644010267517
 3300.0      51.4775252518736
 3400.0      51.5658529040003
 3500.0      51.6909046814975
 3600.0      51.7966845634778
 3700.0      51.9152282205717
 3800.0      52.0533159003957
 3900.0      52.1543283802908
 4000.0      52.3321471244924
 4100.0      52.4288820408499
 4200.0      52.6170361233645
 4300.0      52.7617623221596
 4400.0      52.9476385506005
 4500.0      52.9445961336487
 4600.0      53.9568356705768
 4700.0      50.9786360670856
 4800.0      63.1416065159575
 4900.0      18.0530823172234
 5000.0     -12.1066274911888
 5100.0      64.7793526899439
 5200.0      59.6468408742695
 5300.0      61.5119539199442
 5400.0      56.2012301294836
 5500.0      60.6383428690399
 5600.0      59.8655244017824
 5700.0      62.7530718055045
 5800.0      57.6026211184305
 5900.0      64.6728015032752
 6000.0      72.0356575358134
# P = 36.000000 (GPa)
    1.0       1.0000001615241
  100.0      15.1330118983091
  200.0      33.5656540183227
  300.0      39.3281415712885
  400.0      43.7792262917515
  500.0      45.6118413085476
  600.0      46.9346694780983
  700.0      47.7129071623545
  800.0      48.2727793840761
  900.0      48.6688174803178
 1000.0      48.9706686731838
 1100.0      49.2059267128309
 1200.0      49.3968607835791
 1300.0      49.5566700565943
 1400.0      49.6928140499653
 1500.0      49.8133509941062
 1600.0      49.9210770845700
 1700.0      50.0198204597535
 1800.0      50.1120775377041
 1900.0      50.1989038994814
 2000.0      50.2824204626624
 2100.0      50.3637404322758
 2200.0      50.4433905620028
 2300.0      50.5220482502265
 2400.0      50.5995831985767
 2500.0      50.6788083976484
 2600.0      50.7596614484282
 2700.0      50.8366976898109
 2800.0      50.9238302927161
 2900.0      51.0031868619899
 3000.0      51.0902459312093
 3100.0      51.1825367322459
 3200.0      51.2678250988144
 3300.0      51.3741389289670
 3400.0      51.4556153215681
 3500.0      51.5729493161470
 3600.0      51.6708294546548
 3700.0      51.7808677555135
 3800.0      51.9096330486749
 3900.0      52.0014093844565
 4000.0      52.1682285860972
 4100.0      52.2545979913364
 4200.0      52.4302965591954
 4300.0      52.5625980166252
 4400.0      52.7344774149012
 4500.0      52.7197527732923
 4600.0      53.7029251566619
 4700.0      50.7598422577672
 4800.0      62.7061896191638
 4900.0      18.3609348773069
 5000.0     -11.1924279798081
 5100.0      64.4048436303336
 5200.0      59.4102841184247
 5300.0      61.2225615541338
 5400.0      55.9859934902339
 5500.0      60.3079102067788
 5600.0      59.6468802792903
 5700.0      62.3876581758967
 5800.0      57.3792813708409
 5900.0      64.2877661236971
 6000.0      71.4572458554865
# P = 37.000000 (GPa)
    1.0       1.0000001892829
  100.0      15.1179466721799
  200.0      33.5495857524235
  300.0      39.3163528353927
  400.0      43.7689817844354
  500.0      45.6020833262990
  600.0      46.9244833063054
  700.0      47.7018575713702
  800.0      48.2605391459954
  900.0      48.6551760382031
 1000.0      48.9554371699349
 1100.0      49.1889672635699
 1200.0      49.3780328813037
 1300.0      49.5358397386306
 1400.0      49.6698673542895
 1500.0      49.7881521120140
 1600.0      49.8934994609729
 1700.0      49.9897300139967
 1800.0      50.0793275932578
 1900.0      50.1633561029863
 2000.0      50.2439186341853
 2100.0      50.3221190092404
 2200.0      50.3984749327865
 2300.0      50.4736547055508
 2400.0      50.5475317851672
 2500.0      50.6228765914330
 2600.0      50.6996123260783
 2700.0      50.7723708480498
 2800.0      50.8548439308421
 2900.0      50.9294160725796
 3000.0      51.0113407779115
 3100.0      51.0981229916613
 3200.0      51.1777350640692
 3300.0      51.2777704137755
 3400.0      51.3529650808625
 3500.0      51.4632006363576
 3600.0      51.5538380871875
 3700.0      51.6560892739963
 3800.0      51.7763204064647
 3900.0      51.8596895204536
 4000.0      52.0164378677269
 4100.0      52.0934160474634
 4200.0      52.2577579220184
 4300.0      52.3787997149009
 4400.0      52.5379756663436
 4500.0      52.5128626816933
 4600.0      53.4689671627935
 4700.0      50.5608073270187
 4800.0      62.2995915009262
 4900.0      18.6712833268928
 5000.0     -10.3073692349293
 5100.0      64.0384408535575
 5200.0      59.1776842772812
 5300.0      60.9389137914410
 5400.0      55.7735078007220
 5500.0      59.9839189094011
 5600.0      59.4305470620233
 5700.0      62.0294696902423
 5800.0      57.1578220263002
 5900.0      63.9100396696272
 6000.0      70.8947679923318
# P = 38.000000 (GPa)
    1.0       1.0000002174527
  100.0      15.1030802882020
  200.0      33.5337494481620
  300.0      39.3047995277520
  400.0      43.7590179982253
  500.0      45.5926657974498
  600.0      46.9147105231709
  700.0      47.6913022093603
  800.0      48.2488809267076
  900.0      48.6422104247629
 1000.0      48.9409820545694
 1100.0      49.1728921140025
 1200.0      49.3602062079705
 1300.0      49.5161361508183
 1400.0      49.6481794066668
 1500.0      49.7643509273285
 1600.0      49.8674672295314
 1700.0      49.9613439032385
 1800.0      50.0484552590553
 1900.0      50.1298711408476
 2000.0      50.2076733767293
 2100.0      50.2829589277012
 2200.0      50.3562401854121
 2300.0      50.4281818412830
 2400.0      50.4986601833838
 2500.0      50.5703967087030
 2600.0      50.6433033189603
 2700.0      50.7120920090948
 2800.0      50.7902459696564
 2900.0      50.8603975587343
 3000.0      50.9375719391600
 3100.0      51.0192576356594
 3200.0      51.0936363817516
 3300.0      51.1878841716241
 3400.0      51.2573113866467
 3500.0      51.3610055429819
 3600.0      51.4449974202133
 3700.0      51.5401151659630
 3800.0      51.6525237112845
 3900.0      51.7282285222507
 4000.0      51.8757434202834
 4100.0      51.9442065807267
 4200.0      52.0981761690455
 4300.0      52.2089984342617
 4400.0      52.3566273169810
 4500.0      52.3222760151449
 4600.0      53.2531040291877
 4700.0      50.3796223351298
 4800.0      61.9191717848371
 4900.0      18.9832585859773
 5000.0      -9.4496351595406
 5100.0      63.6799418976626
 5200.0      58.9490814729696
 5300.0      60.6609498625131
 5400.0      55.5639190614753
 5500.0      59.6663018643122
 5600.0      59.2167331609648
 5700.0      61.6784205002005
 5800.0      56.9385159819265
 5900.0      63.5395648013518
 6000.0      70.3476559894954
# P = 39.000000 (GPa)
    1.0       1.0000002457399
  100.0      15.0884054393009
  200.0      33.5181349822320
  300.0      39.2934698166108
  400.0      43.7493201083857
  500.0      45.5835700689857
  600.0      46.9053274291013
  700.0      47.6812115885139
  800.0      48.2377695653721
  900.0      48.6298804941999
 1000.0      48.9272590039366
 1100.0      49.1576516806914
 1200.0      49.3433222970689
 1300.0      49.4974895449477
 1400.0      49.6276696900527
 1500.0      49.7418585034397
 1600.0      49.8428854127439
 1700.0      49.9345596727602
 1800.0      50.0193432929259
 1900.0      50.0983130755485
 2000.0      50.1735326165315
 2100.0      50.2460961615047
 2200.0      50.3165129002890
 2300.0      50.3854383812271
 2400.0      50.4527500250482
 2500.0      50.5211252896447
 2600.0      50.5904700903102
 2700.0      50.6555807671400
 2800.0      50.7297287539750
 2900.0      50.7957850961239
 3000.0      50.8685582548642
 3100.0      50.9455277391808
 3200.0      51.0150860113865
 3300.0      51.1039895276122
 3400.0      51.1681102798668
 3500.0      51.2657704898874
 3600.0      51.3436657489885
 3700.0      51.4322431271180
 3800.0      51.5374655774178
 3900.0      51.6061759332433
 4000.0      51.7452187385317
 4100.0      51.8059553105350
 4200.0      51.9504320672170
 4300.0      52.0519679419891
 4400.0      52.1890860056140
 4500.0      52.1465197829318
 4600.0      53.0536815793952
 4700.0      50.2145964454215
 4800.0      61.5625537730899
 4900.0      19.2962445118365
 5000.0      -8.6173717641000
 5100.0      63.3291449128217
 5200.0      58.7245097986550
 5300.0      60.3886082855089
 5400.0      55.3573596900469
 5500.0      59.3549914362554
 5600.0      59.0056218944455
 5700.0      61.3344279295554
 5800.0      56.7216068582381
 5900.0      63.1762852544498
 6000.0      69.8152896578720
# P = 40.000000 (GPa)
    1.0       1.0000002738798
  100.0      15.0739152162318
  200.0      33.5027328410499
  300.0      39.2823524007311
  400.0      43.7398735616576
  500.0      45.5747778412516
  600.0      46.8963118534370
  700.0      47.6715599111104
  800.0      48.2271753528436
  900.0      48.6181511936783
 1000.0      48.9142253638656
 1100.0      49.1431946389447
 1200.0      49.3273221853060
 1300.0      49.4798350938028
 1400.0      49.6082687779647
 1500.0      49.7205989427044
 1600.0      49.8196662583185
 1700.0      49.9092745250081
 1800.0      49.9918758067411
 1900.0      50.0685562639264
 2000.0      50.1413640300182
 2100.0      50.2113872521964
 2200.0      50.2791284714044
 2300.0      50.3452375816997
 2400.0      50.4095961889599
 2500.0      50.4748437914140
 2600.0      50.5408805739675
 2700.0      50.6025771792837
 2800.0      50.6729995184335
 2900.0      50.7352580221850
 3000.0      50.8039556443474
 3100.0      50.8765652868703
 3200.0      50.9416740109112
 3300.0      51.0256314182265
 3400.0      51.0848661237235
 3500.0      51.1769628818167
 3600.0      51.2492622712074
 3700.0      51.3318293833625
 3800.0      51.4304406760880
 3900.0      51.4927673015615
 4000.0      51.6240292631511
 4100.0      51.6777439621791
 4200.0      51.8135178848291
 4300.0      51.9066077173737
 4400.0      52.0341469538295
 4500.0      51.9842757280131
 4600.0      52.8692202236495
 4700.0      50.0642246565773
 4800.0      61.2276217452564
 4900.0      19.6097450950913
 5000.0      -7.8087484278101
 5100.0      62.9858319380920
 5200.0      58.5039944398125
 5300.0      60.1218249399787
 5400.0      55.1539444745061
 5500.0      59.0499196712570
 5600.0      58.7973815655274
 5700.0      60.9974082144873
 5800.0      56.5073075747305
 5900.0      62.8201493432424
 6000.0      69.2970872153681
