# T (K)      C_V_P (J K^-1 mol^-1)
# P = 0.000000 (GPa)
    1.0       1.0000000000000
  100.0      15.9055122100900
  200.0      34.3587688761987
  300.0      39.8279816765976
  400.0      44.0959981348018
  500.0      45.7866524786218
  600.0      47.0091875961988
  700.0      47.7058645705347
  800.0      48.1977181958467
  900.0      48.5328114036495
 1000.0      48.7792544392754
 1100.0      48.9613644824360
 1200.0      49.1010820274038
 1300.0      49.2107996398245
 1400.0      49.2964459849009
 1500.0      49.3667872025282
 1600.0      49.4235104752290
 1700.0      49.4702766060044
 1800.0      49.5097252652001
 1900.0      49.5419555299846
 2000.0      49.5695968366440
 2100.0      49.5934916969110
 2200.0      49.6138600820456
 2300.0      49.6311097919138
 2400.0      49.6442114366856
 2500.0      49.6577085940294
 2600.0      49.6712955451045
 2700.0      49.6740894204034
 2800.0      49.6909396396091
 2900.0      49.6893411728422
 3000.0      49.6955953446336
 3100.0      49.7071680783503
 3200.0      49.6986612200651
 3300.0      49.7206035459133
 3400.0      49.6920516368020
 3500.0      49.7178913025930
 3600.0      49.7002954634778
 3700.0      49.6917507777440
 3800.0      49.7130656368820
 3900.0      49.6319269678077
 4000.0      49.7117895182128
 4100.0      49.5574731003180
 4200.0      49.6302485256901
 4300.0      49.5164838240509
 4400.0      49.5324276792891
 4500.0      48.4212202530903
 4600.0      53.8056487115914
 4700.0      26.3666522184355
 4800.0     159.0638916731250
 4900.0    -505.6946789932912
 5000.0   -1245.2141443666969
 5100.0     224.7546884177164
 5200.0      55.3151444738814
 5300.0     106.5675289061037
 5400.0       5.8970293767370
 5500.0     137.3715756733482
 5600.0      -7.3168819475550
 5700.0     165.5672540525902
 5800.0     -29.3849587733503
 5900.0     175.5525795813692
 6000.0     403.2119713526172
# P = 1.000000 (GPa)
    1.0       1.0000000000000
  100.0      15.8737109972693
  200.0      34.3268005562753
  300.0      39.8075900442015
  400.0      44.0819482998171
  500.0      45.7769812240163
  600.0      47.0021141784156
  700.0      47.7005957466381
  800.0      48.1936881994186
  900.0      48.5297140270713
 1000.0      48.7768409327620
 1100.0      48.9595039299625
 1200.0      49.0996454801608
 1300.0      49.2096871610941
 1400.0      49.2956102531638
 1500.0      49.3661602790335
 1600.0      49.4230590740949
 1700.0      49.4699719093689
 1800.0      49.5095349465116
 1900.0      49.5418708380960
 2000.0      49.5695960717529
 2100.0      49.5935599103165
 2200.0      49.6139890394309
 2300.0      49.6312970821067
 2400.0      49.6444730395930
 2500.0      49.6580284483060
 2600.0      49.6716642498714
 2700.0      49.6746194927539
 2800.0      49.6915018414061
 2900.0      49.6901761168813
 3000.0      49.6966814166169
 3100.0      49.7084473726770
 3200.0      49.7006719567725
 3300.0      49.7227887527022
 3400.0      49.6960641546189
 3500.0      49.7222416156739
 3600.0      49.7071513001257
 3700.0      49.7015924209322
 3800.0      49.7238883044021
 3900.0      49.6550234022270
 4000.0      49.7299205084656
 4100.0      49.6044286902006
 4200.0      49.6723083999846
 4300.0      49.5903403609870
 4400.0      49.6113596716139
 4500.0      48.7937317362181
 4600.0      52.7285446398965
 4700.0      33.1922545681457
 4800.0     126.0583268501164
 4900.0    -332.7237392147816
 5000.0    -838.2715714332512
 5100.0     170.2383064316223
 5200.0      54.3858561356401
 5300.0      90.0184821174839
 5400.0      19.0809123911304
 5500.0     111.5498261229736
 5600.0      10.2930772776617
 5700.0     132.8115303206368
 5800.0      -6.8167452365856
 5900.0     141.4542736591256
 6000.0     308.1038025474263
# P = 2.000000 (GPa)
    1.0       1.0000000000000
  100.0      15.8427608120915
  200.0      34.2955379591203
  300.0      39.7875252205271
  400.0      44.0680243256682
  500.0      45.7673159743312
  600.0      46.9949771236393
  700.0      47.6952202420250
  800.0      48.1895232602021
  900.0      48.5264637613665
 1000.0      48.7742620373122
 1100.0      48.9574774814220
 1200.0      49.0980572779166
 1300.0      49.2084466113917
 1400.0      49.2946727065731
 1500.0      49.3654525660271
 1600.0      49.4225457122796
 1700.0      49.4696219026559
 1800.0      49.5093128525611
 1900.0      49.5417671263073
 2000.0      49.5695860835819
 2100.0      49.5936258937172
 2200.0      49.6141199372901
 2300.0      49.6314871626530
 2400.0      49.6447342820726
 2500.0      49.6583378018322
 2600.0      49.6720061669108
 2700.0      49.6750886469029
 2800.0      49.6919741181058
 2900.0      49.6908420613124
 3000.0      49.6975076082247
 3100.0      49.7093832627424
 3200.0      49.7020930013250
 3300.0      49.7242994342067
 3400.0      49.6987775008846
 3500.0      49.7251531341973
 3600.0      49.7116948273038
 3700.0      49.7080800107571
 3800.0      49.7310138912235
 3900.0      49.6701807003108
 4000.0      49.7418546095883
 4100.0      49.6352942229152
 4200.0      49.7000444260792
 4300.0      49.6391270846289
 4400.0      49.6636734766722
 4500.0      49.0409669660864
 4600.0      52.0117677241232
 4700.0      37.7527225883933
 4800.0     103.9216602794302
 4900.0    -216.2446015421303
 5000.0    -562.5387863960234
 5100.0     132.9692300677457
 5200.0      53.7460088777325
 5300.0      78.5013735465850
 5400.0      28.3378624559282
 5500.0      93.2775276525231
 5600.0      22.8568591780027
 5700.0     109.2647862709587
 5800.0       9.5304713193432
 5900.0     116.5805405929395
 6000.0     238.2417920629241
# P = 3.000000 (GPa)
    1.0       1.0000000000000
  100.0      15.8130020883207
  200.0      34.2653988216888
  300.0      39.7681099447383
  400.0      44.0544791486902
  500.0      45.7578476679930
  600.0      46.9879301412051
  700.0      47.6898651693473
  800.0      48.1853323307679
  900.0      48.5231553736379
 1000.0      48.7716019764457
 1100.0      48.9553542413128
 1200.0      49.0963618515836
 1300.0      49.2070953766087
 1400.0      49.2936344155539
 1500.0      49.3646608058028
 1600.0      49.4219669650931
 1700.0      49.4692235037738
 1800.0      49.5090564131599
 1900.0      49.5416428293821
 2000.0      49.5695666605575
 2100.0      49.5936912644152
 2200.0      49.6142569206084
 2300.0      49.6316877285396
 2400.0      49.6450086308939
 2500.0      49.6586564992049
 2600.0      49.6723479911311
 2700.0      49.6755415540816
 2800.0      49.6924081869940
 2900.0      49.6914233601705
 3000.0      49.6981897961972
 3100.0      49.7101163089525
 3200.0      49.7031527068273
 3300.0      49.7253848863836
 3400.0      49.7006598743699
 3500.0      49.7271313536090
 3600.0      49.7147248348560
 3700.0      49.7123556277081
 3800.0      49.7356844725153
 3900.0      49.6800449436049
 4000.0      49.7496329429966
 4100.0      49.6553377805526
 4200.0      49.7181013719087
 4300.0      49.6709128189135
 4400.0      49.6978604224781
 4500.0      49.2026300074391
 4600.0      51.5420155563992
 4700.0      40.7536264711518
 4800.0      89.2998181234647
 4900.0    -138.9934874187241
 5000.0    -378.4834846978947
 5100.0     107.8548801219481
 5200.0      53.3116903270891
 5300.0      70.5914053667586
 5400.0      34.7563531927062
 5500.0      80.5035555721304
 5600.0      31.7170723568620
 5700.0      92.5257413652562
 5800.0      21.2459681089611
 5900.0      98.6210753132245
 6000.0     187.4272769453182
# P = 4.000000 (GPa)
    1.0       1.0000000000000
  100.0      15.7843347640528
  200.0      34.2363381285131
  300.0      39.7493939014772
  400.0      44.0414264768244
  500.0      45.7487094217887
  600.0      46.9810977256568
  700.0      47.6846364080014
  800.0      48.1812060905788
  900.0      48.5198676464858
 1000.0      48.7689309582347
 1100.0      48.9531967456495
 1200.0      49.0946152711725
 1300.0      49.2056807927908
 1400.0      49.2925261555599
 1500.0      49.3637974455173
 1600.0      49.4213240436247
 1700.0      49.4687750486294
 1800.0      49.5087640307970
 1900.0      49.5414969916842
 2000.0      49.5695377620895
 2100.0      49.5937572582865
 2200.0      49.6144030212114
 2300.0      49.6319043578005
 2400.0      49.6453058167111
 2500.0      49.6589988758587
 2600.0      49.6727090017181
 2700.0      49.6760103947705
 2800.0      49.6928412459272
 2900.0      49.6919804272131
 3000.0      49.6988105807101
 3100.0      49.7107461350844
 3200.0      49.7040116632081
 3300.0      49.7262189787961
 3400.0      49.7020350069962
 3500.0      49.7285247941687
 3600.0      49.7167923956578
 3700.0      49.7152080135124
 3800.0      49.7387591068394
 3900.0      49.6864484103102
 4000.0      49.7546732781124
 4100.0      49.6682267852657
 4200.0      49.7297244464182
 4300.0      49.6913539125556
 4400.0      49.7198962495061
 4500.0      49.3067577047973
 4600.0      51.2389701406834
 4700.0      42.6972845154767
 4800.0      79.7945820460170
 4900.0     -88.5715493357134
 5000.0    -257.5411616318684
 5100.0      91.1856207611372
 5200.0      53.0213159684540
 5300.0      65.2339826284151
 5400.0      39.1482431710185
 5500.0      71.6870705973085
 5600.0      37.8895284726020
 5700.0      80.7653272396808
 5800.0      29.5482951995014
 5900.0      85.7933672477336
 6000.0     150.8485994811849
# P = 5.000000 (GPa)
    1.0       1.0000000000000
  100.0      15.7566071852256
  200.0      34.2082040621225
  300.0      39.7312800471868
  400.0      44.0288094241353
  500.0      45.7398899490859
  600.0      46.9745136177777
  700.0      47.6795967105538
  800.0      48.1772149020131
  900.0      48.5166656849471
 1000.0      48.7663071465276
 1100.0      48.9510567472533
 1200.0      49.0928639804657
 1300.0      49.2042448591459
 1400.0      49.2913848593143
 1500.0      49.3628932319468
 1600.0      49.4206367872373
 1700.0      49.4682841981060
 1800.0      49.5084366225292
 1900.0      49.5413292091528
 2000.0      49.5694994727544
 2100.0      49.5938248133599
 2200.0      49.6145604174793
 2300.0      49.6321410194812
 2400.0      49.6456327519683
 2500.0      49.6593751406928
 2600.0      49.6731029638218
 2700.0      49.6765181388716
 2800.0      49.6932998751535
 2900.0      49.6925563399541
 3000.0      49.6994287134960
 3100.0      49.7113433577350
 3200.0      49.7047830580645
 3300.0      49.7269235177464
 3400.0      49.7031276858596
 3500.0      49.7295733160579
 3600.0      49.7182739911573
 3700.0      49.7171751389763
 3800.0      49.7408247858657
 3900.0      49.6906436916558
 4000.0      49.7579470919708
 4100.0      49.6764778024037
 4200.0      49.7371479076370
 4300.0      49.7043566373965
 4400.0      49.7339236838978
 4500.0      49.3728504041228
 4600.0      51.0465522304038
 4700.0      43.9359748982312
 4800.0      73.7165736980504
 4900.0     -56.2044044581541
 5000.0    -179.3668953839085
 5100.0      80.2960441329216
 5200.0      52.8302808791835
 5300.0      61.6581767010780
 5400.0      42.1119513685430
 5500.0      65.6835767915707
 5600.0      42.1345593061009
 5700.0      72.6045725571155
 5800.0      35.3626475924693
 5900.0      76.7349368223900
 6000.0     124.8040089535812
# P = 6.000000 (GPa)
    1.0       1.0000000000000
  100.0      15.7296857774924
  200.0      34.1808631631879
  300.0      39.7136810347234
  400.0      44.0165646882489
  500.0      45.7313429039788
  600.0      46.9681438999240
  700.0      47.6747300554864
  800.0      48.1733679201559
  900.0      48.5135811592079
 1000.0      48.7637731018420
 1100.0      48.9489764606006
 1200.0      49.0911462809219
 1300.0      49.2028221772557
 1400.0      49.2902409549194
 1500.0      49.3619750102886
 1600.0      49.4199280030692
 1700.0      49.4677683057105
 1800.0      49.5080842447246
 1900.0      49.5411422663759
 2000.0      49.5694519808034
 2100.0      49.5938945346663
 2200.0      49.6147306319442
 2300.0      49.6324004565367
 2400.0      49.6459942165807
 2500.0      49.6597923997886
 2600.0      49.6735395232242
 2700.0      49.6770809268612
 2800.0      49.6938028399910
 2900.0      49.6931815256671
 3000.0      49.7000857037546
 3100.0      49.7119578292173
 3200.0      49.7055465291513
 3300.0      49.7275839050161
 3400.0      49.7040944770945
 3500.0      49.7304428477199
 3600.0      49.7194276240252
 3700.0      49.7186221493739
 3800.0      49.7422778704280
 3900.0      49.6934759522410
 4000.0      49.7601115564808
 4100.0      49.6817937671462
 4200.0      49.7418875065747
 4300.0      49.7125775983144
 4400.0      49.7427702562879
 4500.0      49.4142569866391
 4600.0      50.9262290679690
 4700.0      44.7128407438619
 4800.0      69.8944832522323
 4900.0     -35.7796010215645
 5000.0    -129.6908429260110
 5100.0      73.2988675384432
 5200.0      52.7067306371268
 5300.0      59.3078426692297
 5400.0      44.0830566001478
 5500.0      61.6531234548395
 5600.0      45.0148048878642
 5700.0      67.0151127252038
 5800.0      39.3842343269949
 5900.0      70.4146295240004
 6000.0     106.4724571908566
# P = 7.000000 (GPa)
    1.0       1.0000000000000
  100.0      15.7034528050296
  200.0      34.1541980440872
  300.0      39.6965201915273
  400.0      44.0046368061743
  500.0      45.7230277510766
  600.0      46.9619567391907
  700.0      47.6700107875799
  800.0      48.1696441445457
  900.0      48.5106007824548
 1000.0      48.7613292078361
 1100.0      48.9469720487816
 1200.0      49.0894881043509
 1300.0      49.2014404248486
 1400.0      49.2891194245796
 1500.0      49.3610648064157
 1600.0      49.4192164006015
 1700.0      49.4672423307665
 1800.0      49.5077180358493
 1900.0      49.5409419098132
 2000.0      49.5693955955137
 2100.0      49.5939641570810
 2200.0      49.6149127998364
 2300.0      49.6326841072844
 2400.0      49.6463933739175
 2500.0      49.6602554203928
 2600.0      49.6740252382022
 2700.0      49.6777098147892
 2800.0      49.6943631245416
 2900.0      49.6938771256464
 3000.0      49.7008105052134
 3100.0      49.7126244133887
 3200.0      49.7063577390082
 3300.0      49.7282597993322
 3400.0      49.7050442983421
 3500.0      49.7312483527090
 3600.0      49.7204308357061
 3700.0      49.7197982379015
 3800.0      49.7433862872722
 3900.0      49.6955108618796
 4000.0      49.7616053251269
 4100.0      49.6853113361052
 4200.0      49.7449573074306
 4300.0      49.7177964886918
 4400.0      49.7483355980513
 4500.0      49.4399661506980
 4600.0      50.8519654003245
 4700.0      45.1928976739948
 4800.0      67.5297533887476
 4900.0     -23.1097923296083
 5000.0     -98.6666102979907
 5100.0      68.8784609101000
 5200.0      52.6282565152472
 5300.0      57.7873981283338
 5400.0      45.3743975731040
 5500.0      58.9870873327149
 5600.0      46.9415945365574
 5700.0      63.2388642804284
 5800.0      42.1297335936320
 5900.0      66.0601935384487
 6000.0      93.7254839938511
# P = 8.000000 (GPa)
    1.0       1.0000000000000
  100.0      15.6778046801671
  200.0      34.1281054097395
  300.0      39.6797301749814
  400.0      43.9929771526706
  500.0      45.7149090162899
  600.0      46.9559243266560
  700.0      47.6654165371618
  800.0      48.1660249313475
  900.0      48.5077088200713
 1000.0      48.7589618914324
 1100.0      48.9450335366990
 1200.0      49.0878868943277
 1300.0      49.2001074650522
 1400.0      49.2880355636491
 1500.0      49.3601797701554
 1600.0      49.4185172659692
 1700.0      49.4667185138523
 1800.0      49.5073471218566
 1900.0      49.5407330778981
 2000.0      49.5693306728409
 2100.0      49.5940289964720
 2200.0      49.6150983197147
 2300.0      49.6329842320067
 2400.0      49.6468276576205
 2500.0      49.6607664254474
 2600.0      49.6745643485563
 2700.0      49.6784120636915
 2800.0      49.6949894213735
 2900.0      49.6946574346821
 3000.0      49.7016228797297
 3100.0      49.7133670839423
 3200.0      49.7072550828892
 3300.0      49.7289924889829
 3400.0      49.7060524317234
 3500.0      49.7320692253704
 3600.0      49.7214057447099
 3700.0      49.7208738779679
 3800.0      49.7443320990637
 3900.0      49.6971289496638
 4000.0      49.7627206573259
 4100.0      49.6877808613912
 4200.0      49.7470260277759
 4300.0      49.7211884467128
 4400.0      49.7518767763265
 4500.0      49.4559317576966
 4600.0      50.8064712063146
 4700.0      45.4861887813808
 4800.0      66.0875198953325
 4900.0     -15.3768896795070
 5000.0     -79.6171325202205
 5100.0      66.1327823404990
 5200.0      52.5793457379771
 5300.0      56.8196536457018
 5400.0      46.2074920256941
 5500.0      57.2504023582393
 5600.0      48.2117931261037
 5700.0      60.7237996536047
 5800.0      43.9786900650978
 5900.0      63.0996679074644
 6000.0      84.9741078358007
# P = 9.000000 (GPa)
    1.0       1.0000000000000
  100.0      15.6526767269391
  200.0      34.1025135031418
  300.0      39.6632577720403
  400.0      43.9815442391686
  500.0      45.7069556921917
  600.0      46.9500223525851
  700.0      47.6609277835932
  800.0      48.1624940408820
  900.0      48.5048915930972
 1000.0      48.7566593392150
 1100.0      48.9431507660161
 1200.0      49.0863338618568
 1300.0      49.1988162522275
 1400.0      49.2869864223838
 1500.0      49.3593232434414
 1600.0      49.4178389022236
 1700.0      49.4662060760829
 1800.0      49.5069789296977
 1900.0      49.5405198419540
 2000.0      49.5692575828924
 2100.0      49.5940852167829
 2200.0      49.6152783226377
 2300.0      49.6332861641392
 2400.0      49.6472777115001
 2500.0      49.6613108893188
 2600.0      49.6751526346929
 2700.0      49.6791906834964
 2800.0      49.6956872291932
 2900.0      49.6955316859513
 3000.0      49.7025358346759
 3100.0      49.7142018639773
 3200.0      49.7082644469673
 3300.0      49.7298100578267
 3400.0      49.7071702138479
 3500.0      49.7329597853757
 3600.0      49.7224358422509
 3700.0      49.7219653664447
 3800.0      49.7452390849479
 3900.0      49.6985870844150
 4000.0      49.7636534892411
 4100.0      49.6896995791220
 4200.0      49.7485322814859
 4300.0      49.7235189928774
 4400.0      49.7542130637375
 4500.0      49.4660361827454
 4600.0      50.7784569082950
 4700.0      45.6648028956073
 4800.0      65.2160532993438
 4900.0     -10.7193013400127
 5000.0     -68.0968625794990
 5100.0      64.4541156806049
 5200.0      52.5494412091435
 5300.0      56.2134387120544
 5400.0      46.7368542862816
 5500.0      56.1365041631680
 5600.0      49.0367527280476
 5700.0      59.0731274112828
 5800.0      45.2064931160801
 5900.0      61.1143901138336
 6000.0      79.0453122070494
# P = 10.000000 (GPa)
    1.0       1.0000000000000
  100.0      15.6280605307250
  200.0      34.0774113090449
  300.0      39.6470896726722
  400.0      43.9703204929717
  500.0      45.6991483296176
  600.0      46.9442316719643
  700.0      47.6565277869893
  800.0      48.1590373211079
  900.0      48.5021372000042
 1000.0      48.7544112927987
 1100.0      48.9413149337880
 1200.0      49.0848214081138
 1300.0      49.1975601974831
 1400.0      49.2859664946519
 1500.0      49.3584908050541
 1600.0      49.4171791131200
 1700.0      49.4657062227274
 1800.0      49.5066170972663
 1900.0      49.5403052347411
 2000.0      49.5691767092423
 2100.0      49.5941298171010
 2200.0      49.6154457771628
 2300.0      49.6335778728261
 2400.0      49.6477241190187
 2500.0      49.6618629452374
 2600.0      49.6757631810113
 2700.0      49.6800221356370
 2800.0      49.6964500418405
 2900.0      49.6965032524803
 3000.0      49.7035573950378
 3100.0      49.7151389550258
 3200.0      49.7094026187724
 3300.0      49.7307310489463
 3400.0      49.7084318235095
 3500.0      49.7339565360746
 3600.0      49.7235774465746
 3700.0      49.7231513000255
 3800.0      49.7461909453253
 3900.0      49.7000582818539
 4000.0      49.7645353915246
 4100.0      49.6913985396642
 4200.0      49.7497656645261
 4300.0      49.7252875913553
 4400.0      49.7558735924472
 4500.0      49.4727721875460
 4600.0      50.7606715390925
 4700.0      45.7751657422586
 4800.0      64.6882430446968
 4900.0      -7.9305400639016
 5000.0     -61.2019233922148
 5100.0      63.4404766105287
 5200.0      52.5314867285627
 5300.0      55.8390913247637
 5400.0      47.0685705682990
 5500.0      55.4326257352663
 5600.0      49.5647948971385
 5700.0      58.0055257195136
 5800.0      46.0103722651943
 5900.0      59.8016948526058
 6000.0      75.0833486141686
# P = 11.000000 (GPa)
    1.0       1.0000000000000
  100.0      15.6039525793269
  200.0      34.0527967422223
  300.0      39.6312251688871
  400.0      43.9593052003039
  500.0      45.6914849100311
  600.0      46.9385475214060
  700.0      47.6522087333553
  800.0      48.1556450545201
  900.0      48.4994358705347
 1000.0      48.7522088857364
 1100.0      48.9395184056436
 1200.0      49.0833429570159
 1300.0      49.1963336120447
 1400.0      49.2849710395606
 1500.0      49.3576785210366
 1600.0      49.4165348209267
 1700.0      49.4652168206302
 1800.0      49.5062607711396
 1900.0      49.5400899134481
 2000.0      49.5690886886216
 2100.0      49.5941610779546
 2200.0      49.6155953224791
 2300.0      49.6338498362845
 2400.0      49.6481514848035
 2500.0      49.6624015551831
 2600.0      49.6763697012702
 2700.0      49.6808667821656
 2800.0      49.6972418195165
 2900.0      49.6975406179886
 3000.0      49.7046764121276
 3100.0      49.7161815819677
 3200.0      49.7106797264954
 3300.0      49.7317670894821
 3400.0      49.7098590920743
 3500.0      49.7350832491255
 3600.0      49.7248676232293
 3700.0      49.7244838149640
 3800.0      49.7472435335937
 3900.0      49.7016579998242
 4000.0      49.7654543009324
 4100.0      49.6930978525940
 4200.0      49.7509178914200
 4300.0      49.7268220977506
 4400.0      49.7572022796919
 4500.0      49.4777375448359
 4600.0      50.7485156621702
 4700.0      45.8466722462436
 4800.0      64.3599957173204
 4900.0      -6.2430706278130
 5000.0     -57.0714216743980
 5100.0      62.8308821426650
 5200.0      52.5208532939594
 5300.0      55.6101744035839
 5400.0      47.2742903925974
 5500.0      54.9934188782579
 5600.0      49.8984513195523
 5700.0      57.3243928034578
 5800.0      46.5296590308414
 5900.0      58.9456194953884
 6000.0      72.4716636253733
# P = 12.000000 (GPa)
    1.0       1.0000000000000
  100.0      15.5803483119052
  200.0      34.0286665494466
  300.0      39.6156627533606
  400.0      43.9484975457704
  500.0      45.6839650263640
  600.0      46.9329696998515
  700.0      47.6479702492882
  800.0      48.1523158727346
  900.0      48.4967844129062
 1000.0      48.7500471264656
 1100.0      48.9377553901548
 1200.0      49.0818929460114
 1300.0      49.1951315823485
 1400.0      49.2839959712472
 1500.0      49.3568830111675
 1600.0      49.4159033909381
 1700.0      49.4647360302317
 1800.0      49.5059088849338
 1900.0      49.5398737793950
 2000.0      49.5689944028498
 2100.0      49.5941802012771
 2200.0      49.6157262370887
 2300.0      49.6340967644257
 2400.0      49.6485483062472
 2500.0      49.6629101364041
 2600.0      49.6769514618271
 2700.0      49.6816926904710
 2800.0      49.6980282373718
 2900.0      49.6985933842042
 3000.0      49.7058384731187
 3100.0      49.7172933455617
 3200.0      49.7120796313219
 3300.0      49.7329212389142
 3400.0      49.7114648775254
 3500.0      49.7363545664043
 3600.0      49.7263297319640
 3700.0      49.7259963584969
 3800.0      49.7484332028382
 3900.0      49.7034618140585
 4000.0      49.7664682328461
 4100.0      49.6949425614047
 4200.0      49.7521153495510
 4300.0      49.7283376770389
 4400.0      49.7584235681921
 4500.0      49.4819635105912
 4600.0      50.7390581684132
 4700.0      45.8978283835369
 4800.0      64.1412939479788
 4900.0      -5.1774530470856
 5000.0     -54.5345016146555
 5100.0      62.4589081021850
 5200.0      52.5145597604037
 5300.0      55.4700481169328
 5400.0      47.4016106992384
 5500.0      54.7211835455436
 5600.0      50.1075103050519
 5700.0      56.8943675383404
 5800.0      46.8613924592095
 5900.0      58.3941564155914
 6000.0      70.7717994008624
# P = 13.000000 (GPa)
    1.0       1.0000000000000
  100.0      15.5572422955359
  200.0      34.0050165002919
  300.0      39.6004002324824
  400.0      43.9378962014496
  500.0      45.6765878867590
  600.0      46.9274977048516
  700.0      47.6438120316353
  800.0      48.1490496075306
  900.0      48.4941827340502
 1000.0      48.7479256454256
 1100.0      48.9360246810564
 1200.0      49.0804689739845
 1300.0      49.1939508437186
 1400.0      49.2830379838897
 1500.0      49.3561013856265
 1600.0      49.4152825659837
 1700.0      49.4642622848663
 1800.0      49.5055605405824
 1900.0      49.5396567666489
 2000.0      49.5688946457768
 2100.0      49.5941889060243
 2200.0      49.6158411507205
 2300.0      49.6343211508347
 2400.0      49.6489135638531
 2500.0      49.6633805466007
 2600.0      49.6774935564014
 2700.0      49.6824749047415
 2800.0      49.6987823817900
 2900.0      49.6996213555377
 3000.0      49.7069929563232
 3100.0      49.7184188056110
 3200.0      49.7135317625541
 3300.0      49.7341502607808
 3400.0      49.7132259186412
 3500.0      49.7377734727575
 3600.0      49.7279772301871
 3700.0      49.7277091288968
 3800.0      49.7497825774746
 3900.0      49.7055174750454
 4000.0      49.7676145069450
 4100.0      49.6970263842956
 4200.0      49.7534402709805
 4300.0      49.7299743766141
 4400.0      49.7596834515984
 4500.0      49.4861160993676
 4600.0      50.7304221057925
 4700.0      45.9403730179236
 4800.0      63.9757748101731
 4900.0      -4.4371684815444
 5000.0     -52.8667325043473
 5100.0      62.2202909499862
 5200.0      52.5107203661739
 5300.0      55.3822055871628
 5400.0      47.4816548827382
 5500.0      54.5512682992884
 5600.0      50.2387535188900
 5700.0      56.6236360139024
 5800.0      47.0721888511176
 5900.0      58.0417979064085
 6000.0      69.6761149047458
# P = 14.000000 (GPa)
    1.0       1.0000000000000
  100.0      15.5346283809415
  200.0      33.9818415504282
  300.0      39.5854348397871
  400.0      43.9274994113624
  500.0      45.6693523769996
  600.0      46.9221307761992
  700.0      47.6397335652909
  800.0      48.1458459098347
  900.0      48.4916306157568
 1000.0      48.7458443200876
 1100.0      48.9343262421464
 1200.0      49.0790709934505
 1300.0      49.1927910365774
 1400.0      49.2820960997308
 1500.0      49.3553320865812
 1600.0      49.4146706712941
 1700.0      49.4637942832670
 1800.0      49.5052149822948
 1900.0      49.5394388364129
 2000.0      49.5687901165706
 2100.0      49.5941886819703
 2200.0      49.6159424441397
 2300.0      49.6345264222904
 2400.0      49.6492520240756
 2500.0      49.6638172449038
 2600.0      49.6779960336384
 2700.0      49.6832030760014
 2800.0      49.6994858918200
 2900.0      49.7005935423634
 3000.0      49.7081004079528
 3100.0      49.7195141962465
 3200.0      49.7149719266541
 3300.0      49.7353912979209
 3400.0      49.7150501977244
 3500.0      49.7392832472169
 3600.0      49.7297829251816
 3700.0      49.7296249313641
 3800.0      49.7513044097477
 3900.0      49.7078532411918
 4000.0      49.7689160424266
 4100.0      49.6994076818228
 4200.0      49.7549447590152
 4300.0      49.7318215864798
 4400.0      49.7610756847035
 4500.0      49.4906219118527
 4600.0      50.7214097062678
 4700.0      45.9817659810946
 4800.0      63.8279161987866
 4900.0      -3.8374683914802
 5000.0     -51.6194994311636
 5100.0      62.0500883385821
 5200.0      52.5081554638923
 5300.0      55.3234585482254
 5400.0      47.5344568670036
 5500.0      54.4415488658542
 5600.0      50.3230822286461
 5700.0      56.4508023688170
 5800.0      47.2071505089487
 5900.0      57.8163063532230
 6000.0      68.9716284419903
# P = 15.000000 (GPa)
    1.0       1.0000000000000
  100.0      15.5124995436584
  200.0      33.9591358366736
  300.0      39.5707633188201
  400.0      43.9173050623238
  500.0      45.6622571149891
  600.0      46.9168679395670
  700.0      47.6357341589671
  800.0      48.1427042801020
  900.0      48.4891277091528
 1000.0      48.7438029113283
 1100.0      48.9326599325670
 1200.0      49.0776989445038
 1300.0      49.1916521695301
 1400.0      49.2811703869905
 1500.0      49.3545751198792
 1600.0      49.4140674810389
 1700.0      49.4633315642828
 1800.0      49.5048717709001
 1900.0      49.5392199910083
 2000.0      49.5686814315113
 2100.0      49.5941808229170
 2200.0      49.6160321705507
 2300.0      49.6347155199839
 2400.0      49.6495678720280
 2500.0      49.6642255403815
 2600.0      49.6784651192366
 2700.0      49.6838843777904
 2800.0      49.7001406006877
 2900.0      49.7014997356291
 3000.0      49.7091356902935
 3100.0      49.7205464332318
 3200.0      49.7163504383828
 3300.0      49.7365952266419
 3400.0      49.7168557901253
 3500.0      49.7408050474538
 3600.0      49.7316485051747
 3700.0      49.7316623424027
 3800.0      49.7529702354352
 3900.0      49.7104710956309
 4000.0      49.7703854432665
 4100.0      49.7021203470186
 4200.0      49.7566602242292
 4300.0      49.7339342500320
 4400.0      49.7626588682261
 4500.0      49.4957485973056
 4600.0      50.7112675529255
 4700.0      46.0267109903251
 4800.0      63.6753773237700
 4900.0      -3.2628417433474
 5000.0     -50.5129730316144
 5100.0      61.9075389524010
 5200.0      52.5061234261108
 5300.0      55.2790542462247
 5400.0      47.5728613387477
 5500.0      54.3648305357207
 5600.0      50.3806488503298
 5700.0      56.3353860881950
 5800.0      47.2963929520780
 5900.0      57.6688743802288
 6000.0      68.5127567690102
# P = 16.000000 (GPa)
    1.0       1.0000000000000
  100.0      15.4908423460417
  200.0      33.9368878642696
  300.0      39.5563797645102
  400.0      43.9073099549485
  500.0      45.6553003111574
  600.0      46.9117080233377
  700.0      47.6318129756927
  800.0      48.1396240948111
  900.0      48.4866735573059
 1000.0      48.7418010835253
 1100.0      48.9310255244358
 1200.0      49.0763526878889
 1300.0      49.1905341775371
 1400.0      49.2802608558589
 1500.0      49.3538305590709
 1600.0      49.4134731309701
 1700.0      49.4628743007478
 1800.0      49.5045310579217
 1900.0      49.5390004276327
 2000.0      49.5685690793281
 2100.0      49.5941663804238
 2200.0      49.6161120824749
 2300.0      49.6348909730412
 2400.0      49.6498646915691
 2500.0      49.6646099645879
 2600.0      49.6789061639309
 2700.0      49.6845263875487
 2800.0      49.7007544042288
 2900.0      49.7023495688818
 3000.0      49.7101036729698
 3100.0      49.7215076570153
 3200.0      49.7176384533446
 3300.0      49.7377258951189
 3400.0      49.7185797845738
 3500.0      49.7422778508733
 3600.0      49.7334882520344
 3700.0      49.7337129710314
 3800.0      49.7546853195863
 3900.0      49.7132528539309
 4000.0      49.7719917547781
 4100.0      49.7051644028509
 4200.0      49.7586033167655
 4300.0      49.7363437673280
 4400.0      49.7644677760342
 4500.0      49.5016573174006
 4600.0      50.6995362703245
 4700.0      46.0781113099754
 4800.0      63.5042984268878
 4900.0      -2.6415623125556
 5000.0     -49.3728953745946
 5100.0      61.7670237232846
 5200.0      52.5041570173638
 5300.0      55.2395540024409
 5400.0      47.6051580033339
 5500.0      54.3034652766588
 5600.0      50.4246213026985
 5700.0      56.2507739154287
 5800.0      47.3598681019164
 5900.0      57.5668929435367
 6000.0      68.2012422821314
# P = 17.000000 (GPa)
    1.0       1.0000000000000
  100.0      15.4696381456569
  200.0      33.9150801481271
  300.0      39.5422736271137
  400.0      43.8975073273280
  500.0      45.6484779478541
  600.0      46.9066486786201
  700.0      47.6279686895119
  800.0      48.1366045405963
  900.0      48.4842676058475
 1000.0      48.7398384216163
 1100.0      48.9294227180712
 1200.0      49.0750320185499
 1300.0      49.1894369345650
 1400.0      49.2793674601686
 1500.0      49.3530984248288
 1600.0      49.4128877076474
 1700.0      49.4624226444320
 1800.0      49.5041930543930
 1900.0      49.5387804216748
 2000.0      49.5684534075131
 2100.0      49.5941458959494
 2200.0      49.6161832185075
 2300.0      49.6350546464861
 2400.0      49.6501454490121
 2500.0      49.6649743840615
 2600.0      49.6793237299692
 2700.0      49.6851355428097
 2800.0      49.7013340069582
 2900.0      49.7031523440426
 3000.0      49.7110155147979
 3100.0      49.7224089711631
 3200.0      49.7188446480177
 3300.0      49.7387781246442
 3400.0      49.7201898307861
 3500.0      49.7436583080711
 3600.0      49.7352370266360
 3700.0      49.7356937166687
 3800.0      49.7563687297411
 3900.0      49.7160476015966
 4000.0      49.7736396983481
 4100.0      49.7083936017788
 4200.0      49.7607284121668
 4300.0      49.7390480373274
 4400.0      49.7665202316104
 4500.0      49.5084375028170
 4600.0      50.6859525136235
 4700.0      46.1376822632932
 4800.0      63.3063463736057
 4900.0      -1.9300315253581
 5000.0     -48.0922489140923
 5100.0      61.6125877956079
 5200.0      52.5019642274971
 5300.0      55.1989325043602
 5400.0      47.6367012370925
 5500.0      54.2459706504538
 5600.0      50.4636421165434
 5700.0      56.1793786551103
 5800.0      47.4108549613108
 5900.0      57.4885343980774
 6000.0      67.9709324370798
# P = 18.000000 (GPa)
    1.0       1.0000000000000
  100.0      15.4488691340153
  200.0      33.8936957922727
  300.0      39.5284343514879
  400.0      43.8878898150797
  500.0      45.6417848614588
  600.0      46.9016861039696
  700.0      47.6241985935065
  800.0      48.1336438094158
  900.0      48.4819087543860
 1000.0      48.7379142781858
 1100.0      48.9278511189637
 1200.0      49.0737366750166
 1300.0      49.1883602642493
 1400.0      49.2784901068489
 1500.0      49.3523786936710
 1600.0      49.4123112560215
 1700.0      49.4619767082544
 1800.0      49.5038579348746
 1900.0      49.5385602164448
 2000.0      49.5683347240815
 2100.0      49.5941197406518
 2200.0      49.6162460365910
 2300.0      49.6352072425191
 2400.0      49.6504115555954
 2500.0      49.6653213182697
 2600.0      49.6797214234108
 2700.0      49.6857172646209
 2800.0      49.7018851019628
 2900.0      49.7039159312553
 3000.0      49.7118806287995
 3100.0      49.7232604429886
 3200.0      49.7199828580974
 3300.0      49.7397648094591
 3400.0      49.7216995303379
 3500.0      49.7449442521102
 3600.0      49.7368662754412
 3700.0      49.7375482133881
 3800.0      49.7579598246859
 3900.0      49.7187407405742
 4000.0      49.7752494735149
 4100.0      49.7116285358614
 4200.0      49.7629055575914
 4300.0      49.7419083134766
 4400.0      49.7687625674642
 4500.0      49.5160748647653
 4600.0      50.6703914282589
 4700.0      46.2063507054978
 4800.0      63.0768195096977
 4900.0      -1.1029222074284
 5000.0     -46.6074199409588
 5100.0      61.4345338290306
 5200.0      52.4993665985063
 5300.0      55.1533920895520
 5400.0      47.6709220883069
 5500.0      54.1849147928161
 5600.0      50.5033709905002
 5700.0      56.1095792573863
 5800.0      47.4582089391477
 5900.0      57.4191386738117
 6000.0      67.7771003313077
# P = 19.000000 (GPa)
    1.0       1.0000000000000
  100.0      15.4285185055555
  200.0      33.8727188434460
  300.0      39.5148519727618
  400.0      43.8784504721464
  500.0      45.6352161620020
  600.0      46.8968165959855
  700.0      47.6204998158828
  800.0      48.1307396071692
  900.0      48.4795952056357
 1000.0      48.7360273041649
 1100.0      48.9263098316333
 1200.0      49.0724661274072
 1300.0      49.1873038771241
 1400.0      49.2776286513385
 1500.0      49.3516713048979
 1600.0      49.4117437862303
 1700.0      49.4615365721025
 1800.0      49.5035258425552
 1900.0      49.5383400260376
 2000.0      49.5682133100363
 2100.0      49.5940882609514
 2200.0      49.6163009496009
 2300.0      49.6353492438859
 2400.0      49.6506635929622
 2500.0      49.6656515759527
 2600.0      49.6801006617245
 2700.0      49.6862745823648
 2800.0      49.7024118717215
 2900.0      49.7046468047730
 3000.0      49.7127069626063
 3100.0      49.7240705583812
 3200.0      49.7210647061797
 3300.0      49.7406971634085
 3400.0      49.7231261786896
 3500.0      49.7461518164190
 3600.0      49.7383925896635
 3700.0      49.7392788569705
 3800.0      49.7594370867640
 3900.0      49.7212591237002
 4000.0      49.7767623963589
 4100.0      49.7147343322167
 4200.0      49.7650279215498
 4300.0      49.7447608657936
 4400.0      49.7710523937533
 4500.0      49.5241585701468
 4600.0      50.6532955780614
 4700.0      46.2838836548138
 4800.0      62.8135774944458
 4900.0      -0.1468539368062
 5000.0     -44.8830569930628
 5100.0      61.2272568446307
 5200.0      52.4962600220751
 5300.0      55.1006063240053
 5400.0      47.7099751184256
 5500.0      54.1155627632293
 5600.0      50.5474737721967
 5700.0      56.0337557913161
 5800.0      47.5078086304066
 5900.0      57.3488831589088
 6000.0      67.5895153406789
# P = 20.000000 (GPa)
    1.0       1.0000000000000
  100.0      15.4085703827012
  200.0      33.8521342254061
  300.0      39.5015170771227
  400.0      43.8691827384140
  500.0      45.6287672337218
  600.0      46.8920366612252
  700.0      47.6168696505148
  800.0      48.1278897650915
  900.0      48.4773252062829
 1000.0      48.7341760487356
 1100.0      48.9247976764390
 1200.0      49.0712194499686
 1300.0      49.1862671061463
 1400.0      49.2767827003017
 1500.0      49.3509760731805
 1600.0      49.4111852548953
 1700.0      49.4611022848829
 1800.0      49.5031968935414
 1900.0      49.5381200388806
 2000.0      49.5680894220565
 2100.0      49.5940517804077
 2200.0      49.6163483493248
 2300.0      49.6354811146192
 2400.0      49.6509021164982
 2500.0      49.6659657855455
 2600.0      49.6804621296063
 2700.0      49.6868084300037
 2800.0      49.7029157065866
 2900.0      49.7053480112293
 3000.0      49.7134997492929
 3100.0      49.7248460305730
 3200.0      49.7220999037606
 3300.0      49.7415846031311
 3400.0      49.7244842431197
 3500.0      49.7472946671184
 3600.0      49.7398340185000
 3700.0      49.7409074059485
 3800.0      49.7608180841113
 3900.0      49.7236127878338
 4000.0      49.7781628264375
 4100.0      49.7176316077540
 4200.0      49.7670187617432
 4300.0      49.7474839515348
 4400.0      49.7732748295038
 4500.0      49.5322218943127
 4600.0      50.6357505087558
 4700.0      46.3658880599932
 4800.0      62.5249052377295
 4900.0       0.9336464595485
 5000.0     -42.9044485562894
 5100.0      60.9878429653079
 5200.0      52.4925893577248
 5300.0      55.0392281788963
 5400.0      47.7551599454157
 5500.0      54.0349929928826
 5600.0      50.5982692650787
 5700.0      55.9470020257115
 5800.0      47.5635054448095
 5900.0      57.2712506198728
 6000.0      67.3878812808871
# P = 21.000000 (GPa)
    1.0       1.0000000000000
  100.0      15.3890097612121
  200.0      33.8319276827518
  300.0      39.4884207610390
  400.0      43.8600804109557
  500.0      45.6224337144549
  600.0      46.8873430007716
  700.0      47.6133055446512
  800.0      48.1250922384588
  900.0      48.4750971042878
 1000.0      48.7323591459016
 1100.0      48.9233135363856
 1200.0      49.0699957287110
 1300.0      49.1852492054413
 1400.0      49.2759516851320
 1500.0      49.3502925968100
 1600.0      49.4106354425687
 1700.0      49.4606737967531
 1800.0      49.5028711592985
 1900.0      49.5379004194443
 2000.0      49.5679632953397
 2100.0      49.5940106013821
 2200.0      49.6163886072849
 2300.0      49.6356032997833
 2400.0      49.6511276651409
 2500.0      49.6662645611058
 2600.0      49.6808064976989
 2700.0      49.6873196316446
 2800.0      49.7033974364451
 2900.0      49.7060205966083
 3000.0      49.7142605253769
 3100.0      49.7255895147448
 3200.0      49.7230940231120
 3300.0      49.7424341275781
 3400.0      49.7257855751684
 3500.0      49.7483842267178
 3600.0      49.7412055985696
 3700.0      49.7424520055558
 3800.0      49.7621199783393
 3900.0      49.7258313237557
 4000.0      49.7794694930221
 4100.0      49.7203394486287
 4200.0      49.7688641571176
 4300.0      49.7500133436549
 4400.0      49.7753499652614
 4500.0      49.5399213274909
 4600.0      50.6186185382638
 4700.0      46.4475534570322
 4800.0      62.2298798222893
 4900.0       2.0737589044805
 5000.0     -40.7441263309499
 5100.0      60.7192519116559
 5200.0      52.4883468775179
 5300.0      54.9685813559053
 5400.0      47.8072004059587
 5500.0      53.9415110600999
 5600.0      50.6571593883693
 5700.0      55.8462674308224
 5800.0      47.6277578447766
 5900.0      57.1820039744565
 6000.0      67.1587793380742
# P = 22.000000 (GPa)
    1.0       1.0000000000000
  100.0      15.3698224433800
  200.0      33.8120857171960
  300.0      39.4755545920450
  400.0      43.8511376175137
  500.0      45.6162114770822
  600.0      46.8827324976837
  700.0      47.6098050869301
  800.0      48.1223450971340
  900.0      48.4729093410157
 1000.0      48.7305753082026
 1100.0      48.9218563588836
 1200.0      49.0687941024034
 1300.0      49.1842494720499
 1400.0      49.2751350632786
 1500.0      49.3496204665605
 1600.0      49.4100940734574
 1700.0      49.4602509704579
 1800.0      49.5025486343004
 1900.0      49.5376813009176
 2000.0      49.5678351642335
 2100.0      49.5939650256286
 2200.0      49.6164220833392
 2300.0      49.6357162263681
 2400.0      49.6513407601679
 2500.0      49.6665485000250
 2600.0      49.6811344205810
 2700.0      49.6878090003970
 2800.0      49.7038578789631
 2900.0      49.7066655642448
 3000.0      49.7149904024645
 3100.0      49.7263021483840
 3200.0      49.7240486838032
 3300.0      49.7432481025512
 3400.0      49.7270359510495
 3500.0      49.7494282171925
 3600.0      49.7425192454882
 3700.0      49.7439276907943
 3800.0      49.7633570110601
 3900.0      49.7279391971636
 4000.0      49.7806993974329
 4100.0      49.7228925164209
 4200.0      49.7705897252586
 4300.0      49.7523723467995
 4400.0      49.7772706912416
 4500.0      49.5470971778134
 4600.0      50.6024793539644
 4700.0      46.5253854257469
 4800.0      61.9433796131722
 4900.0       3.2050004261250
 5000.0     -38.5478038181719
 5100.0      60.4388096248648
 5200.0      52.4837280451629
 5300.0      54.8904196508974
 5400.0      47.8659001734016
 5500.0      53.8344129171364
 5600.0      50.7249192560635
 5700.0      55.7297767878910
 5800.0      47.7020613464431
 5900.0      57.0784897881048
 6000.0      66.8935877700159
# P = 23.000000 (GPa)
    1.0       1.0000000000000
  100.0      15.3509946875398
  200.0      33.7925952809307
  300.0      39.4629104891868
  400.0      43.8423487779437
  500.0      45.6100966154471
  600.0      46.8782022030927
  700.0      47.6063659969790
  800.0      48.1196465167954
  900.0      48.4707604447668
 1000.0      48.7288233204549
 1100.0      48.9204251507596
 1200.0      49.0676137585687
 1300.0      49.1832672428979
 1400.0      49.2743323223842
 1500.0      49.3489592951011
 1600.0      49.4095608849939
 1700.0      49.4598336687139
 1800.0      49.5022292964671
 1900.0      49.5374627948853
 2000.0      49.5677052676668
 2100.0      49.5939154051406
 2200.0      49.6164492121927
 2300.0      49.6358203797711
 2400.0      49.6515419440084
 2500.0      49.6668181913995
 2600.0      49.6814465348534
 2700.0      49.6882773336393
 2800.0      49.7042978348479
 2900.0      49.7072839055259
 3000.0      49.7156904834291
 3100.0      49.7269850549599
 3200.0      49.7249652667164
 3300.0      49.7440278338460
 3400.0      49.7282372120989
 3500.0      49.7504289777166
 3600.0      49.7437798659593
 3700.0      49.7453434173144
 3800.0      49.7645398925976
 3900.0      49.7299563473902
 4000.0      49.7818665910453
 4100.0      49.7253193245344
 4200.0      49.7722176079040
 4300.0      49.7545926703490
 4400.0      49.7790653533180
 4500.0      49.5538236709243
 4600.0      50.5873496679569
 4700.0      46.5980029318984
 4800.0      61.6748837882736
 4900.0       4.2784785366658
 5000.0     -36.4263016006873
 5100.0      60.1624050041204
 5200.0      52.4790044219605
 5300.0      54.8098542414710
 5400.0      47.9278551376452
 5500.0      53.7176580088903
 5600.0      50.8006440860288
 5700.0      55.5972014922116
 5800.0      47.7872185158635
 5900.0      56.9591588758872
 6000.0      66.5870471755499
# P = 24.000000 (GPa)
    1.0       1.0000000000000
  100.0      15.3325111221426
  200.0      33.7734415233058
  300.0      39.4504793320308
  400.0      43.8337078342586
  500.0      45.6040851069289
  600.0      46.8737492182772
  700.0      47.6029860924145
  800.0      48.1169947699578
  900.0      48.4686490247313
 1000.0      48.7271020343394
 1100.0      48.9190189737124
 1200.0      49.0664539298670
 1300.0      49.1823018917224
 1400.0      49.2735429779953
 1500.0      49.3483087154329
 1600.0      49.4090356271108
 1700.0      49.4594217584907
 1800.0      49.5019131200920
 1900.0      49.5372449997227
 2000.0      49.5675738239295
 2100.0      49.5938620786338
 2200.0      49.6164704582566
 2300.0      49.6359163496852
 2400.0      49.6517319345711
 2500.0      49.6670743874061
 2600.0      49.6817435649241
 2700.0      49.6887254568279
 2800.0      49.7047180916688
 2900.0      49.7078765937569
 3000.0      49.7163618541507
 3100.0      49.7276393405275
 3200.0      49.7258451423238
 3300.0      49.7447746126352
 3400.0      49.7293910995305
 3500.0      49.7513881177996
 3600.0      49.7449893975063
 3700.0      49.7467017976000
 3800.0      49.7656724236806
 3900.0      49.7318929674550
 4000.0      49.7829808372161
 4100.0      49.7276424631143
 4200.0      49.7737659743546
 4300.0      49.7567002848005
 4400.0      49.7807576593667
 4500.0      49.5601861039571
 4600.0      50.5730375033681
 4700.0      46.6662414216195
 4800.0      61.4237538888449
 4900.0       5.2786262446765
 5000.0     -34.4449061460200
 5100.0      59.9011626508685
 5200.0      52.4743777737161
 5300.0      54.7310484990961
 5400.0      47.9894058041747
 5500.0      53.5986192329436
 5600.0      50.8796451064295
 5700.0      55.4548013032689
 5800.0      47.8811505559883
 5900.0      56.8244421763345
 6000.0      66.2367672273550
# P = 25.000000 (GPa)
    1.0       1.0000000000000
  100.0      15.3143561762865
  200.0      33.7546091025085
  300.0      39.4382513440576
  400.0      43.8252079756143
  500.0      45.5981722370245
  600.0      46.8693701238191
  700.0      47.5996628914005
  800.0      48.1143880148721
  900.0      48.4665736881710
 1000.0      48.7254103436626
 1100.0      48.9176369380225
 1200.0      49.0653138910717
 1300.0      49.1813528262502
 1400.0      49.2727665714305
 1500.0      49.3476683794596
 1600.0      49.4085180614224
 1700.0      49.4590151109274
 1800.0      49.5016000764148
 1900.0      49.5370280021333
 2000.0      49.5674410309418
 2100.0      49.5938053553572
 2200.0      49.6164862479289
 2300.0      49.6360046911053
 2400.0      49.6519114582690
 2500.0      49.6673179495135
 2600.0      49.6820264471910
 2700.0      49.6891544970386
 2800.0      49.7051196368350
 2900.0      49.7084447145471
 3000.0      49.7170056199016
 3100.0      49.7282660916552
 3200.0      49.7266896599962
 3300.0      49.7454897058225
 3400.0      49.7304993409732
 3500.0      49.7523072282796
 3600.0      49.7461497493898
 3700.0      49.7480049702380
 3800.0      49.7667565696876
 3900.0      49.7337522141980
 4000.0      49.7840452888907
 4100.0      49.7298717106789
 4200.0      49.7752461094459
 4300.0      49.7587148732858
 4400.0      49.7823668160631
 4500.0      49.5662539305513
 4600.0      50.5593858237141
 4700.0      46.7309472502418
 4800.0      61.1866111260071
 4900.0       6.2183157367237
 5000.0     -32.5918368046178
 5100.0      59.6572146036723
 5200.0      52.4699526816181
 5300.0      54.6568013060679
 5400.0      48.0478836445683
 5500.0      53.4829666310727
 5600.0      50.9576720903708
 5700.0      55.3110593883193
 5800.0      47.9779733853747
 5900.0      56.6816904608632
 6000.0      65.8549571275505
# P = 26.000000 (GPa)
    1.0       1.0000000000000
  100.0      15.2965152615078
  200.0      33.7360836536950
  300.0      39.4262173496977
  400.0      43.8168427519421
  500.0      45.5923534384837
  600.0      46.8650614559448
  700.0      47.5963937145466
  800.0      48.1118241321304
  900.0      48.4645327776650
 1000.0      48.7237469603844
 1100.0      48.9162780687542
 1200.0      49.0641929016729
 1300.0      49.1804194704008
 1400.0      49.2720026657993
 1500.0      49.3470379568104
 1600.0      49.4080079605159
 1700.0      49.4586136011620
 1800.0      49.5012901341385
 1900.0      49.5368118784450
 2000.0      49.5673070683352
 2100.0      49.5937455180557
 2200.0      49.6164969721433
 2300.0      49.6360859134247
 2400.0      49.6520811822530
 2500.0      49.6675496742828
 2600.0      49.6822960784778
 2700.0      49.6895656401228
 2800.0      49.7055036508319
 2900.0      49.7089897307044
 3000.0      49.7176232764427
 3100.0      49.7288666302873
 3200.0      49.7275002768134
 3300.0      49.7461743776328
 3400.0      49.7315636389662
 3500.0      49.7531878690265
 3600.0      49.7472628049695
 3700.0      49.7492550512174
 3800.0      49.7677942689518
 3900.0      49.7355369973368
 4000.0      49.7850620235340
 4100.0      49.7320106685670
 4200.0      49.7766614703906
 4300.0      49.7606437485027
 4400.0      49.7839032876476
 4500.0      49.5720759940494
 4600.0      50.5462708556988
 4700.0      46.7928050353185
 4800.0      60.9607255646643
 4900.0       7.1094312693095
 5000.0     -30.8417691248107
 5100.0      59.4273002552873
 5200.0      52.4657044675092
 5300.0      54.5872145394283
 5400.0      48.1023069541323
 5500.0      53.3742195187584
 5600.0      51.0316560893088
 5700.0      55.1723602918723
 5800.0      48.0728435075698
 5900.0      56.5388251143263
 6000.0      65.4647202549914
# P = 27.000000 (GPa)
    1.0       1.0000000000000
  100.0      15.2789746871809
  200.0      33.7178517141828
  300.0      39.4143687610427
  400.0      43.8086061353831
  500.0      45.5866244521646
  600.0      46.8608199873256
  700.0      47.5931760534232
  800.0      48.1093011041485
  900.0      48.4625246516227
 1000.0      48.7221105210951
 1100.0      48.9149412508304
 1200.0      49.0630900661758
 1300.0      49.1795011285093
 1400.0      49.2712507591213
 1500.0      49.3464170956351
 1600.0      49.4075050960688
 1700.0      49.4582171064344
 1800.0      49.5009832599132
 1900.0      49.5365966957012
 2000.0      49.5671720992902
 2100.0      49.5936828255822
 2200.0      49.6165029898536
 2300.0      49.6361604849212
 2400.0      49.6522417202443
 2500.0      49.6677702941061
 2600.0      49.6825532824072
 2700.0      49.6899599757323
 2800.0      49.7058712308376
 2900.0      49.7095130729870
 3000.0      49.7182164558846
 3100.0      49.7294426012867
 3200.0      49.7282789854638
 3300.0      49.7468302780225
 3400.0      49.7325859998956
 3500.0      49.7540316640139
 3600.0      49.7483304310193
 3700.0      49.7504541174536
 3800.0      49.7687874175944
 3900.0      49.7372501976350
 4000.0      49.7860330733090
 4100.0      49.7340628561430
 4200.0      49.7780147701144
 4300.0      49.7624903982943
 4400.0      49.7853704993914
 4500.0      49.5776674271856
 4600.0      50.5336377714226
 4700.0      46.8522477801124
 4800.0      60.7440260683725
 4900.0       7.9614836268817
 5000.0     -29.1743504356028
 5100.0      59.2086535423642
 5200.0      52.4615980914772
 5300.0      54.5213847600240
 5400.0      48.1533486161421
 5500.0      53.2719499001801
 5600.0      51.1008686992101
 5700.0      55.0421549931913
 5800.0      48.1623663643382
 5900.0      56.4017826884609
 6000.0      65.0841806606360
# P = 28.000000 (GPa)
    1.0       1.0000000000000
  100.0      15.2617216034962
  200.0      33.6999006669834
  300.0      39.4026975464235
  400.0      43.8004924975958
  500.0      45.5809813013328
  600.0      46.8566427040589
  700.0      47.5900075671705
  800.0      48.1068170509442
  900.0      48.4605477837417
 1000.0      48.7204997554142
 1100.0      48.9136254311378
 1200.0      49.0620045066046
 1300.0      49.1785970672036
 1400.0      49.2705102667233
 1500.0      49.3458053441544
 1600.0      49.4070091560537
 1700.0      49.4578254513787
 1800.0      49.5006793937553
 1900.0      49.5363825054124
 2000.0      49.5670362709849
 2100.0      49.5936175152027
 2200.0      49.6165046311201
 2300.0      49.6362288367443
 2400.0      49.6523936377166
 2500.0      49.6679804835018
 2600.0      49.6827988167402
 2700.0      49.6903385063367
 2800.0      49.7062233842157
 2900.0      49.7100160545460
 3000.0      49.7187866575008
 3100.0      49.7299955457957
 3200.0      49.7290277830862
 3300.0      49.7474592660633
 3400.0      49.7335690204146
 3500.0      49.7548408040512
 3600.0      49.7493550015736
 3700.0      49.7516044999201
 3800.0      49.7697379378168
 3900.0      49.7388946580354
 4000.0      49.7869604117851
 4100.0      49.7360317454743
 4200.0      49.7793086636846
 4300.0      49.7642582615196
 4400.0      49.7867714936213
 4500.0      49.5830370945297
 4600.0      50.5214694343350
 4700.0      46.9093961657067
 4800.0      60.5357327929031
 4900.0       8.7797587900963
 5000.0     -27.5750120662053
 5100.0      58.9990888504625
 5200.0      52.4576054878335
 5300.0      54.4585745736161
 5400.0      48.2016663026811
 5500.0      53.1748979963493
 5600.0      51.1661774928432
 5700.0      54.9194453308780
 5800.0      48.2462209945329
 5900.0      56.2731528992294
 6000.0      64.7253562201727
# P = 29.000000 (GPa)
    1.0       1.0000000000000
  100.0      15.2447439580932
  200.0      33.6822186938968
  300.0      39.3911961851565
  400.0      43.7924965668516
  500.0      45.5754202624370
  600.0      46.8525267871792
  700.0      47.5868860713466
  800.0      48.1043702214386
  900.0      48.4586007521293
 1000.0      48.7189134802576
 1100.0      48.9123296301213
 1200.0      49.0609354081824
 1300.0      49.1777066057530
 1400.0      49.2697806390543
 1500.0      49.3452022599230
 1600.0      49.4065198030982
 1700.0      49.4574384052030
 1800.0      49.5003784067075
 1900.0      49.5361692977036
 2000.0      49.5668996854717
 2100.0      49.5935497914338
 2200.0      49.6165021963291
 2300.0      49.6362913659731
 2400.0      49.6525374564792
 2500.0      49.6681808646950
 2600.0      49.6830333798063
 2700.0      49.6907021558605
 2800.0      49.7065610375639
 2900.0      49.7104998828606
 3000.0      49.7193352581422
 3100.0      49.7305268764336
 3200.0      49.7297484988576
 3300.0      49.7480630493898
 3400.0      49.7345151646374
 3500.0      49.7556175427855
 3600.0      49.7503393023888
 3700.0      49.7527092664098
 3800.0      49.7706483672875
 3900.0      49.7404738650224
 4000.0      49.7878461374413
 4100.0      49.7379208222450
 4200.0      49.7805457354925
 4300.0      49.7659507001659
 4400.0      49.7881092322414
 4500.0      49.5881938432610
 4600.0      50.5097490023238
 4700.0      46.9643375245303
 4800.0      60.3355269247578
 4900.0       9.5657601689877
 5000.0     -26.0390625296679
 5100.0      58.7975657644886
 5200.0      52.4537091038405
 5300.0      54.3982132657372
 5400.0      48.2477927208453
 5500.0      53.0820409214113
 5600.0      51.2283417716280
 5700.0      54.8027809974673
 5800.0      48.3254761593983
 5900.0      56.1516623489427
 6000.0      64.3877467568061
# P = 30.000000 (GPa)
    1.0       1.0000000000000
  100.0      15.2280304025313
  200.0      33.6647946794201
  300.0      39.3798576101129
  400.0      43.7846133953748
  500.0      45.5699378485835
  600.0      46.8484696036105
  700.0      47.5838095268116
  800.0      48.1019589798818
  900.0      48.4566822290729
 1000.0      48.7173505925391
 1100.0      48.9110529368286
 1200.0      49.0598820138956
 1300.0      49.1768291118518
 1400.0      49.2690613663707
 1500.0      49.3446074335811
 1600.0      49.4060367256119
 1700.0      49.4570557515725
 1800.0      49.5000801679206
 1900.0      49.5359570388746
 2000.0      49.5667624026197
 2100.0      49.5934798084464
 2200.0      49.6164959382790
 2300.0      49.6363484281478
 2400.0      49.6526736575150
 2500.0      49.6683720133624
 2600.0      49.6832576165598
 2700.0      49.6910517772514
 2800.0      49.7068850446878
 2900.0      49.7109656702553
 3000.0      49.7198635245853
 3100.0      49.7310378904930
 3200.0      49.7304428115920
 3300.0      49.7486431912354
 3400.0      49.7354266878397
 3500.0      49.7563639377608
 3600.0      49.7512859019672
 3700.0      49.7537713710871
 3800.0      49.7715213970088
 3900.0      49.7419920664677
 4000.0      49.7886929888418
 4100.0      49.7397346360504
 4200.0      49.7817289649744
 4300.0      49.7675712067957
 4400.0      49.7893866169688
 4500.0      49.5931463948587
 4600.0      50.4984595293018
 4700.0      47.0171592839289
 4800.0      60.1430883943238
 4900.0      10.3207755907097
 5000.0     -24.5640068545704
 5100.0      58.6037725132957
 5200.0      52.4499066798348
 5300.0      54.3400730000478
 5400.0      48.2920477422654
 5500.0      52.9926153082043
 5600.0      51.2879742094384
 5700.0      54.6909789276425
 5800.0      48.4010227085803
 5900.0      56.0359348378995
 6000.0      64.0673021088352
# P = 31.000000 (GPa)
    1.0       1.0000000000000
  100.0      15.2115702510454
  200.0      33.6476181714488
  300.0      39.3686751904492
  400.0      43.7768383512080
  500.0      45.5645307982175
  600.0      46.8444686880820
  700.0      47.5807760231429
  800.0      48.0995817950640
  900.0      48.4547909745622
 1000.0      48.7158100647209
 1100.0      48.9097945026133
 1200.0      49.0588436185227
 1300.0      49.1759639971168
 1400.0      49.2683519756337
 1500.0      49.3440204861849
 1600.0      49.4055596354531
 1700.0      49.4566772910778
 1800.0      49.4997845576237
 1900.0      49.5357456993994
 2000.0      49.5666244778252
 2100.0      49.5934077048415
 2200.0      49.6164860816000
 2300.0      49.6364003415068
 2400.0      49.6528026830151
 2500.0      49.6685544671949
 2600.0      49.6834721306741
 2700.0      49.6913881716438
 2800.0      49.7071961976790
 2900.0      49.7114144450649
 3000.0      49.7203726246197
 3100.0      49.7315297816141
 3200.0      49.7311122650214
 3300.0      49.7492011255020
 3400.0      49.7363056584152
 3500.0      49.7570818711633
 3600.0      49.7521971473737
 3700.0      49.7547935088881
 3800.0      49.7723594785734
 3900.0      49.7434532047102
 4000.0      49.7895036458402
 4100.0      49.7414782117246
 4200.0      49.7828620386614
 4300.0      49.7691243836477
 4400.0      49.7906072231901
 4500.0      49.5979046002521
 4600.0      50.4875833496688
 4700.0      47.0679484610534
 4800.0      59.9580995145250
 4900.0      11.0460875179201
 5000.0     -23.1473449118382
 5100.0      58.4174124299546
 5200.0      52.4461975394552
 5300.0      54.2840781875354
 5400.0      48.3345188701287
 5500.0      52.9063696727743
 5600.0      51.3453964833681
 5700.0      54.5832038600842
 5800.0      48.4735720445526
 5900.0      55.9248430690282
 6000.0      63.7606920394407
# P = 32.000000 (GPa)
    1.0       1.0000000000000
  100.0      15.1953534623463
  200.0      33.6306793402267
  300.0      39.3576426903581
  400.0      43.7691670790284
  500.0      45.5591960446553
  600.0      46.8405217246673
  700.0      47.5777837698083
  800.0      48.0972372362252
  900.0      48.4529258314041
 1000.0      48.7142909366502
 1100.0      48.9085535345321
 1200.0      49.0578195641396
 1300.0      49.1751107143379
 1400.0      49.2676520276482
 1500.0      49.3434410658992
 1600.0      49.4050882655699
 1700.0      49.4563028396668
 1800.0      49.4994914662448
 1900.0      49.5355352534094
 2000.0      49.5664859640223
 2100.0      49.5933336106371
 2200.0      49.6164728358160
 2300.0      49.6364474014338
 2400.0      49.6529249426102
 2500.0      49.6687287260757
 2600.0      49.6836774875025
 2700.0      49.6917121082787
 2800.0      49.7074952527082
 2900.0      49.7118471934192
 3000.0      49.7208636611210
 3100.0      49.7320036592183
 3200.0      49.7317582849443
 3300.0      49.7497381702265
 3400.0      49.7371539772539
 3500.0      49.7577730682288
 3600.0      49.7530751879301
 3700.0      49.7557781439657
 3800.0      49.7731648474123
 3900.0      49.7448608741067
 4000.0      49.7902805411093
 4100.0      49.7431561328810
 4200.0      49.7839484003009
 4300.0      49.7706148688247
 4400.0      49.7917750931318
 4500.0      49.6024812012710
 4600.0      50.4770964693645
 4700.0      47.1168124024088
 4800.0      59.7802133483554
 4900.0      11.7429931140850
 5000.0     -21.7866048064245
 5100.0      58.2381884164291
 5200.0      52.4425804768919
 5300.0      54.2301522712981
 5400.0      48.3752744416013
 5500.0      52.8232050160227
 5600.0      51.4006899296404
 5700.0      54.4792253329274
 5800.0      48.5434472520137
 5900.0      55.8176526785086
 6000.0      63.4653155711579
# P = 33.000000 (GPa)
    1.0       1.0000000000000
  100.0      15.1793705411902
  200.0      33.6139687632074
  300.0      39.3467540909051
  400.0      43.7615953802090
  500.0      45.5539306510069
  600.0      46.8366265168952
  700.0      47.5748310813846
  800.0      48.0949239602860
  900.0      48.4510857139905
 1000.0      48.7127923087858
 1100.0      48.9073292917473
 1200.0      49.0568092379370
 1300.0      49.1742687538565
 1400.0      49.2669611131935
 1500.0      49.3428688453391
 1600.0      49.4046223683309
 1700.0      49.4559322275682
 1800.0      49.4992007931529
 1900.0      49.5353256781442
 2000.0      49.5663469117192
 2100.0      49.5932576479355
 2200.0      49.6164563965976
 2300.0      49.6364898829248
 2400.0      49.6530408167272
 2500.0      49.6688952533470
 2600.0      49.6838742106271
 2700.0      49.6920243019204
 2800.0      49.7077829170158
 2900.0      49.7122648575427
 3000.0      49.7213377049809
 3100.0      49.7324605985712
 3200.0      49.7323822500981
 3300.0      49.7502555668464
 3400.0      49.7379734159164
 3500.0      49.7584391177541
 3600.0      49.7539219964385
 3700.0      49.7567275343039
 3800.0      49.7739395465140
 3900.0      49.7462183595686
 4000.0      49.7910258884414
 4100.0      49.7447725736605
 4200.0      49.7849911742571
 4300.0      49.7720468662310
 4400.0      49.7928939105508
 4500.0      49.6068883247036
 4600.0      50.4669735555723
 4700.0      47.1638797914571
 4800.0      59.6089710884584
 4900.0      12.4131795139365
 5000.0     -20.4788925978267
 5100.0      58.0657887402821
 5200.0      52.4390538677121
 5300.0      54.1782178726756
 5400.0      48.4143827782526
 5500.0      52.7430182335674
 5600.0      51.4539266560751
 5700.0      54.3789300967183
 5800.0      48.6107353153811
 5900.0      55.7141897363343
 6000.0      63.1801895164023
# P = 34.000000 (GPa)
    1.0       1.0000000000000
  100.0      15.1636125329372
  200.0      33.5974775144333
  300.0      39.3360036684059
  400.0      43.7541192431033
  500.0      45.5487317899228
  600.0      46.8327809334335
  700.0      47.5719163154630
  800.0      48.0926406633990
  900.0      48.4492695786975
 1000.0      48.7113133276201
 1100.0      48.9061210776431
 1200.0      49.0558120655906
 1300.0      49.1734376389165
 1400.0      49.2662788503507
 1500.0      49.3423035202096
 1600.0      49.4041617142525
 1700.0      49.4555652975576
 1800.0      49.4989124455775
 1900.0      49.5351169535460
 2000.0      49.5662073692165
 2100.0      49.5931799314628
 2200.0      49.6164369468448
 2300.0      49.6365280422933
 2400.0      49.6531506590650
 2500.0      49.6690544790458
 2600.0      49.6840627853656
 2700.0      49.6923254139073
 2800.0      49.7080598441529
 2900.0      49.7126683077700
 3000.0      49.7217957498781
 3100.0      49.7329016080405
 3200.0      49.7329854839325
 3300.0      49.7507545148930
 3400.0      49.7387657200627
 3500.0      49.7590815489327
 3600.0      49.7547394421251
 3700.0      49.7576437793923
 3800.0      49.7746854522650
 3900.0      49.7475286706964
 4000.0      49.7917417071045
 4100.0      49.7463313444339
 4200.0      49.7859932024096
 4300.0      49.7734241956692
 4400.0      49.7939670118714
 4500.0      49.6111369734530
 4600.0      50.4571915801481
 4700.0      47.2092691507563
 4800.0      59.4439262847058
 4900.0      13.0584804713710
 5000.0     -19.2206059688230
 5100.0      57.8997932535228
 5200.0      52.4356148368403
 5300.0      54.1281896939525
 5400.0      48.4519125531272
 5500.0      52.6657043317115
 5600.0      51.5051801154877
 5700.0      54.2821996226486
 5800.0      48.6755210313879
 5900.0      55.6143484807857
 6000.0      62.9050346016818
# P = 35.000000 (GPa)
    1.0       1.0000000000000
  100.0      15.1480709978241
  200.0      33.5811971981636
  300.0      39.3253860402772
  400.0      43.7467348886163
  500.0      45.5435967915593
  600.0      46.8289829567151
  700.0      47.5690379118645
  800.0      48.0903860992671
  900.0      48.4474764180679
 1000.0      48.7098531599549
 1100.0      48.9049282081310
 1200.0      49.0548274856188
 1300.0      49.1726169094676
 1400.0      49.2656048763011
 1500.0      49.3417448044718
 1600.0      49.4037060888767
 1700.0      49.4552019034783
 1800.0      49.4986263379754
 1900.0      49.5349090621914
 2000.0      49.5660673826073
 2100.0      49.5931005690183
 2200.0      49.6164146576660
 2300.0      49.6365621186700
 2400.0      49.6532547988403
 2500.0      49.6692068028910
 2600.0      49.6842436622099
 2700.0      49.6926160569752
 2800.0      49.7083266388341
 2900.0      49.7130583482281
 3000.0      49.7222387126584
 3100.0      49.7333276167917
 3200.0      49.7335692056574
 3300.0      49.7512361238229
 3400.0      49.7395325307106
 3500.0      49.7597018211282
 3600.0      49.7555293498663
 3700.0      49.7585289414400
 3800.0      49.7754043671274
 3900.0      49.7487946699378
 4000.0      49.7924298616827
 4100.0      49.7478359453790
 4200.0      49.7869570765818
 4300.0      49.7747503367664
 4400.0      49.7949974269848
 4500.0      49.6152371571737
 4600.0      50.4477295749230
 4700.0      47.2530880224986
 4800.0      59.2846746307465
 4900.0      13.6805584759044
 5000.0     -18.0083887846323
 5100.0      57.7397702025410
 5200.0      52.4322592958601
 5300.0      54.0799501503792
 5400.0      48.4879529140372
 5500.0      52.5911399728084
 5600.0      51.5545267641258
 5700.0      54.1889125767210
 5800.0      48.7378910319693
 5900.0      55.5180176723013
 6000.0      62.6395585602223
# P = 36.000000 (GPa)
    1.0       1.0000000000000
  100.0      15.1327379273981
  200.0      33.5651198620787
  300.0      39.3148961188092
  400.0      43.7394387554060
  500.0      45.5385231499763
  600.0      46.8252306992264
  700.0      47.5661944117444
  800.0      48.0881590993466
  900.0      48.4457052837038
 1000.0      48.7084110180944
 1100.0      48.9037500320465
 1200.0      49.0538549571135
 1300.0      49.1718061143394
 1400.0      49.2649388275298
 1500.0      49.3411924084712
 1600.0      49.4032552754367
 1700.0      49.4548418996108
 1800.0      49.4983423869184
 1900.0      49.5347019870337
 2000.0      49.5659269953732
 2100.0      49.5930196619258
 2200.0      49.6163896893025
 2300.0      49.6365923353802
 2400.0      49.6533535429271
 2500.0      49.6693525969298
 2600.0      49.6844172598515
 2700.0      49.6928967994360
 2800.0      49.7085838615214
 2900.0      49.7134357230795
 3000.0      49.7226674406553
 3100.0      49.7337394821849
 3200.0      49.7341345387103
 3300.0      49.7517014148019
 3400.0      49.7402753556699
 3500.0      49.7603012751298
 3600.0      49.7562934046020
 3700.0      49.7593849514992
 3800.0      49.7760980051885
 3900.0      49.7500191681564
 4000.0      49.7930921493789
 4100.0      49.7492897876033
 4200.0      49.7878852361762
 4300.0      49.7760285115096
 4400.0      49.7959879229580
 4500.0      49.6191980098328
 4600.0      50.4385683972389
 4700.0      47.2954342710523
 4800.0      59.1308489182114
 4900.0      14.2809200420595
 5000.0     -16.8392049260066
 5100.0      57.5853286989565
 5200.0      52.4289833492868
 5300.0      54.0333824271744
 5400.0      48.5226058478823
 5500.0      52.5191552915474
 5600.0      51.6020731298809
 5700.0      54.0989166275365
 5800.0      48.7979383692375
 5900.0      55.4250821584943
 6000.0      62.3834576921167
# P = 37.000000 (GPa)
    1.0       1.0000000000000
  100.0      15.1176057815773
  200.0      33.5492380351112
  300.0      39.3045291331763
  400.0      43.7322275051807
  500.0      45.5335085121639
  600.0      46.8215223834637
  700.0      47.5633844392381
  800.0      48.0859585633389
  900.0      48.4439552864701
 1000.0      48.7069861667678
 1100.0      48.9025859421707
 1200.0      49.0528939741559
 1300.0      49.1710048293305
 1400.0      49.2642803592619
 1500.0      49.3406460524115
 1600.0      49.4028090569374
 1700.0      49.4544851301595
 1800.0      49.4980604929015
 1900.0      49.5344956933122
 2000.0      49.5657862349107
 2100.0      49.5929372977233
 2200.0      49.6163621885791
 2300.0      49.6366189002485
 2400.0      49.6534471776185
 2500.0      49.6694922077985
 2600.0      49.6845839677272
 2700.0      49.6931681692947
 2800.0      49.7088320324513
 2900.0      49.7138011220472
 3000.0      49.7230827178393
 3100.0      49.7341379967077
 3200.0      49.7346825200900
 3300.0      49.7521513293865
 3400.0      49.7409955824794
 3500.0      49.7608811434142
 3600.0      49.7570331527943
 3700.0      49.7602135792482
 3800.0      49.7767679368223
 3900.0      49.7512047545645
 4000.0      49.7937302391884
 4100.0      49.7506961409969
 4200.0      49.7887800365457
 4300.0      49.7772618738139
 4400.0      49.7969411473287
 4500.0      49.6230282696443
 4600.0      50.4296901002135
 4700.0      47.3363977111877
 4800.0      58.9821145198912
 4900.0      14.8609342320316
 5000.0     -15.7102995282924
 5100.0      57.4361139558339
 5200.0      52.4257833658778
 5300.0      53.9883804979915
 5400.0      48.5559643566985
 5500.0      52.4495861670671
 5600.0      51.6479371225665
 5700.0      54.0120073074345
 5800.0      48.8557969567758
 5900.0      55.3353866248610
 6000.0      62.1363852091196
# P = 38.000000 (GPa)
    1.0       1.0000000000000
  100.0      15.1026674000142
  200.0      33.5335446358090
  300.0      39.2942805629035
  400.0      43.7250979746323
  500.0      45.5285506517918
  600.0      46.8178563341413
  700.0      47.5606067040066
  800.0      48.0837834627755
  900.0      48.4422255946870
 1000.0      48.7055779159301
 1100.0      48.9014353676239
 1200.0      49.0519440619867
 1300.0      49.1702126583387
 1400.0      49.2636291512484
 1500.0      49.3401054766779
 1600.0      49.4023672311995
 1700.0      49.4541314481680
 1800.0      49.4977805580180
 1900.0      49.5342901380252
 2000.0      49.5656451099351
 2100.0      49.5928535365647
 2200.0      49.6163322706926
 2300.0      49.6366419892804
 2400.0      49.6535359579064
 2500.0      49.6696259524551
 2600.0      49.6847441463912
 2700.0      49.6934306573680
 2800.0      49.7090716351678
 2900.0      49.7141551849172
 3000.0      49.7234852707005
 3100.0      49.7345238940986
 3200.0      49.7352141086414
 3300.0      49.7525867369813
 3400.0      49.7416944902275
 3500.0      49.7614425609666
 3600.0      49.7577500164818
 3700.0      49.7610164494878
 3800.0      49.7774156018664
 3900.0      49.7523537989760
 4000.0      49.7943456568561
 4100.0      49.7520579927005
 4200.0      49.7896436377263
 4300.0      49.7784533571922
 4400.0      49.7978596006120
 4500.0      49.6267365834577
 4600.0      50.4210763267173
 4700.0      47.3760676440252
 4800.0      58.8381493376041
 4900.0      15.4218766208022
 5000.0     -14.6191529904777
 5100.0      57.2918030296785
 5200.0      52.4226559550887
 5300.0      53.9448478578424
 5400.0      48.5881128033209
 5500.0      52.3822832782349
 5600.0      51.6922261381126
 5700.0      53.9279911875606
 5800.0      48.9116085876544
 5900.0      55.2487302404704
 6000.0      61.8978227138199
# P = 39.000000 (GPa)
    1.0       1.0000000000000
  100.0      15.0879160041575
  200.0      33.5180329717194
  300.0      39.2841461480139
  400.0      43.7180471929928
  500.0      45.5236474836007
  600.0      46.8142309815586
  700.0      47.5578599930684
  800.0      48.0816328272119
  900.0      48.4405154230199
 1000.0      48.7041856160141
 1100.0      48.9002977741056
 1200.0      49.0510047781740
 1300.0      49.1694292321616
 1400.0      49.2629849041974
 1500.0      49.3395704384672
 1600.0      49.4019296099277
 1700.0      49.4537807180753
 1800.0      49.4975024931372
 1900.0      49.5340852830082
 2000.0      49.5655036293452
 2100.0      49.5927684326216
 2200.0      49.6163000358478
 2300.0      49.6366617520819
 2400.0      49.6536200999150
 2500.0      49.6697541012198
 2600.0      49.6848981087199
 2700.0      49.6936847025175
 2800.0      49.7093031088965
 2900.0      49.7144985012854
 3000.0      49.7238757722001
 3100.0      49.7348978546220
 3200.0      49.7357301920288
 3300.0      49.7530084413794
 3400.0      49.7423732601910
 3500.0      49.7619865748686
 3600.0      49.7584453056362
 3700.0      49.7617950564333
 3800.0      49.7780423229592
 3900.0      49.7534684748487
 4000.0      49.7949398000560
 4100.0      49.7533780734726
 4200.0      49.7904780117338
 4300.0      49.7796056350637
 4400.0      49.7987455603043
 4500.0      49.6303308744017
 4600.0      50.4127098584822
 4700.0      47.4145303485980
 4800.0      58.6986320527066
 4900.0      15.9650331376106
 5000.0     -13.5632739189695
 5100.0      57.1520882478761
 5200.0      52.4195978519877
 5300.0      53.9026963645451
 5400.0      48.6191279205325
 5500.0      52.3171104153471
 5600.0      51.7350379462096
 5700.0      53.8466919793339
 5800.0      48.9655023180062
 5900.0      55.1649257751854
 6000.0      61.6672404520563
# P = 40.000000 (GPa)
    1.0       1.0000000000000
  100.0      15.0733451822955
  200.0      33.5026967275432
  300.0      39.2741218689367
  400.0      43.7110723511460
  500.0      45.5187970307145
  600.0      46.8106448365134
  700.0      47.5551431588035
  800.0      48.0795057435174
  900.0      48.4388240365138
 1000.0      48.7028086603304
 1100.0      48.8991726612251
 1200.0      49.0500757067504
 1300.0      49.1686542033976
 1400.0      49.2623473376189
 1500.0      49.3390407118596
 1600.0      49.4014960190495
 1700.0      49.4534328149067
 1800.0      49.4972262162871
 1900.0      49.5338810940843
 2000.0      49.5653618033841
 2100.0      49.5926820388088
 2200.0      49.6162655799902
 2300.0      49.6366783301820
 2400.0      49.6536998053807
 2500.0      49.6698769018087
 2600.0      49.6850461343571
 2700.0      49.6939306920607
 2800.0      49.7095268354699
 2900.0      49.7148315901782
 3000.0      49.7242548227329
 3100.0      49.7352604930513
 3200.0      49.7362315838986
 3300.0      49.7534171839360
 3400.0      49.7430329844656
 3500.0      49.7625141526637
 3600.0      49.7591202285017
 3700.0      49.7625507768798
 3800.0      49.7786493173855
 3900.0      49.7545507794098
 4000.0      49.7955139512890
 4100.0      49.7546588849784
 4200.0      49.7912849627320
 4300.0      49.7807211493040
 4400.0      49.7996011032930
 4500.0      49.6338183526658
 4600.0      50.4045750581486
 4700.0      47.4518641777393
 4800.0      58.5632689514568
 4900.0      16.4916017424148
 5000.0     -12.5402548248898
 5100.0      57.0166587123178
 5200.0      52.4166051698072
 5300.0      53.8618402209191
 5400.0      48.6490807525519
 5500.0      52.2539426706337
 5600.0      51.7764617815734
 5700.0      53.7679486109112
 5800.0      49.0175958312377
 5900.0      55.0838022751205
 6000.0      61.4441550391018
