# T (K)      Entropy-ph (J K^-1 mol^-1)
# V = 188.616000 (a.u.^3)
    5.0       0.0008540555497
  100.0      10.9979456000856
  200.0      28.5930560411107
  300.0      43.6790885822460
  400.0      55.9409334727573
  500.0      66.0423282918339
  600.0      74.5591834611755
  700.0      81.8934107791880
  800.0      88.3208099713125
  900.0      94.0345909952679
 1000.0      99.1738893117172
 1100.0     103.8416272632490
 1200.0     108.1158072471758
 1300.0     112.0568218387535
 1400.0     115.7123125520708
 1500.0     119.1204836274225
 1600.0     122.3124168517612
 1700.0     125.3137241864721
 1800.0     128.1457511148181
 1900.0     130.8264685744405
 2000.0     133.3711447759333
 2100.0     135.7928586445578
 2200.0     138.1028974401893
 2300.0     140.3110684104547
 2400.0     142.4259457642798
 2500.0     144.4550683720137
 2600.0     146.4050994961418
 2700.0     148.2819569525294
 2800.0     150.0909200177370
 2900.0     151.8367178826912
 3000.0     153.5236033383226
 3100.0     155.1554145496820
 3200.0     156.7356271519827
 3300.0     158.2673984292341
 3400.0     159.7536049741571
 3500.0     161.1968749485421
 3600.0     162.5996158456637
 3700.0     163.9640384857501
 3800.0     165.2921778407644
 3900.0     166.5859111776279
 4000.0     167.8469739233108
 4100.0     169.0769735862195
 4200.0     170.2774020124783
 4300.0     171.4496462102464
 4400.0     172.5949979380397
 4500.0     173.7146622224739
 4600.0     174.8097649455898
 4700.0     175.8813596210129
 4800.0     176.9304334607337
 4900.0     177.9579128197292
 5000.0     178.9646680933870
 5100.0     179.9515181323734
 5200.0     180.9192342308602
 5300.0     181.8685437366102
 5400.0     182.8001333251157
 5500.0     183.7146519745957
 5600.0     184.6127136740379
 5700.0     185.4948998925087
 5800.0     186.3617618345327
 5900.0     187.2138225033905
 6000.0     188.0515785916271
# V = 178.021000 (a.u.^3)
    5.0       0.0008377142364
  100.0       9.7759107976721
  200.0      26.1244219442872
  300.0      40.5574757557492
  400.0      52.5020086162705
  500.0      62.4348130048100
  600.0      70.8534197133326
  700.0      78.1259481328668
  800.0      84.5122592588350
  900.0      90.1973761648304
 1000.0      95.3159151852677
 1100.0      99.9681508199302
 1200.0     104.2304552150018
 1300.0     108.1621746048399
 1400.0     111.8102548339901
 1500.0     115.2124234335620
 1600.0     118.3994268713992
 1700.0     121.3966357982273
 1800.0     124.2252185151596
 1900.0     126.9030135260677
 2000.0     129.4451884688334
 2100.0     131.8647447944111
 2200.0     134.1729093084021
 2300.0     136.3794415310766
 2400.0     138.4928775887154
 2500.0     140.5207256676731
 2600.0     142.4696240858891
 2700.0     144.3454702130186
 2800.0     146.1535264386172
 2900.0     147.8985079075766
 3000.0     149.5846556510179
 3100.0     151.2157979279897
 3200.0     152.7954019815532
 3300.0     154.3266179480061
 3400.0     155.8123163016928
 3500.0     157.2551199424131
 3600.0     158.6574318178577
 3700.0     160.0214588050792
 3800.0     161.3492324418920
 3900.0     162.6426269931744
 4000.0     163.9033752522672
 4100.0     165.1330824093608
 4200.0     166.3332382634623
 4300.0     167.5052280095002
 4400.0     168.6503417952598
 4500.0     169.7697832125450
 4600.0     170.8646768619136
 4700.0     171.9360751095541
 4800.0     172.9849641375607
 4900.0     174.0122693743734
 5000.0     175.0188603799755
 5100.0     176.0055552501954
 5200.0     176.9731245957656
 5300.0     177.9222951444388
 5400.0     178.8537530081765
 5500.0     179.7681466520668
 5600.0     180.6660895970412
 5700.0     181.5481628845021
 5800.0     182.4149173275810
 5900.0     183.2668755707941
 6000.0     184.1045339773329
# V = 167.899000 (a.u.^3)
    5.0       0.0003287563412
  100.0       6.6691119361744
  200.0      20.9613514463959
  300.0      34.4469852945405
  400.0      45.9353085092163
  500.0      55.6266897474897
  600.0      63.9055859823384
  700.0      71.0912746968358
  800.0      77.4205181784700
  900.0      83.0664598165885
 1000.0      88.1571587145166
 1100.0      92.7890515773818
 1200.0      97.0361522357327
 1300.0     100.9562972802028
 1400.0     104.5954321064409
 1500.0     107.9906012781059
 1600.0     111.1720729179616
 1700.0     114.1648750746670
 1800.0     116.9899258041803
 1900.0     119.6648776230280
 2000.0     122.2047577864933
 2100.0     124.6224603094818
 2200.0     126.9291287466155
 2300.0     129.1344573788181
 2400.0     131.2469306839170
 2500.0     133.2740155781370
 2600.0     135.2223171214271
 2700.0     137.0977056731809
 2800.0     138.9054215297204
 2900.0     140.6501616455679
 3000.0     142.3361519838777
 3100.0     143.9672082520986
 3200.0     145.5467871834992
 3300.0     147.0780300718783
 3400.0     148.5637999186484
 3500.0     150.0067132819333
 3600.0     151.4091677070284
 3700.0     152.7733654522861
 3800.0     154.1013340937020
 3900.0     155.3949444873036
 4000.0     156.6559264849668
 4100.0     157.8858827319818
 4200.0     159.0863008201473
 4300.0     160.2585640257260
 4400.0     161.4039608251805
 4500.0     162.5236933516670
 4600.0     163.6188849304887
 4700.0     164.6905868111543
 4800.0     165.7397841965538
 4900.0     166.7674016553912
 5000.0     167.7743079919806
 5100.0     168.7613206373286
 5200.0     169.7292096168193
 5300.0     170.6787011425168
 5400.0     171.6104808718644
 5500.0     172.5251968692455
 5600.0     173.4234623023025
 5700.0     174.3058579009959
 5800.0     175.1729342039997
 5900.0     176.0252136141076
 6000.0     176.8631922817943
# V = 162.905000 (a.u.^3)
    5.0       0.0003686048459
  100.0       6.7598497831223
  200.0      20.7498729169731
  300.0      33.9433938520954
  400.0      45.2625544610191
  500.0      54.8566515879750
  600.0      63.0761225762824
  700.0      70.2231949988037
  800.0      76.5259744004744
  900.0      82.1529605292685
 1000.0      87.2295744620839
 1100.0      91.8506747378985
 1200.0      96.0892876924834
 1300.0     100.0026076187313
 1400.0     103.6361479283985
 1500.0     107.0266540833428
 1600.0     110.2041817813963
 1700.0     113.1936047921864
 1800.0     116.0157268791230
 1900.0     118.6881143787210
 2000.0     121.2257285253677
 2100.0     123.6414120282589
 2200.0     125.9462680517550
 2300.0     128.1499587024680
 2400.0     130.2609425508669
 2500.0     132.2866654447472
 2600.0     134.2337151540237
 2700.0     136.1079477289788
 2800.0     137.9145915311667
 2900.0     139.6583334883678
 3000.0     141.3433910829789
 3100.0     142.9735728039934
 3200.0     144.5523292043321
 3300.0     146.0827962569404
 3400.0     147.5678323584983
 3500.0     149.0100500626206
 3600.0     150.4118434159963
 3700.0     151.7754116070365
 3800.0     153.1027795068324
 3900.0     154.3958155788349
 4000.0     155.6562475507742
 4100.0     156.8856761754799
 4200.0     158.0855873530750
 4300.0     159.2573628428201
 4400.0     160.4022897566952
 4500.0     161.5215689970150
 4600.0     162.6163227757321
 4700.0     163.6876013326323
 4800.0     164.7363889525554
 4900.0     165.7636093674984
 5000.0     166.7701306174420
 5100.0     167.7567694336302
 5200.0     168.7242951994426
 5300.0     169.6734335367299
 5400.0     170.6048695592749
 5500.0     171.5192508297402
 5600.0     172.4171900519174
 5700.0     173.2992675261811
 5800.0     174.1660333926869
 5900.0     175.0180096839367
 6000.0     175.8556922058071
# V = 158.114000 (a.u.^3)
    5.0       0.0003265375298
  100.0       6.3098962156163
  200.0      19.6874994388199
  300.0      32.4875821570899
  400.0      43.5928705500846
  500.0      53.0670578974069
  600.0      61.2146526051544
  700.0      68.3158654566135
  800.0      74.5878206346412
  900.0      80.1931871883945
 1000.0      85.2540984621603
 1100.0      89.8634586659884
 1200.0      94.0930785739150
 1300.0      97.9993665170901
 1400.0     101.6273104884857
 1500.0     105.0132944249038
 1600.0     108.1871189361035
 1700.0     111.1734737880752
 1800.0     113.9930274020108
 1900.0     116.6632448226834
 2000.0     119.1990102908333
 2100.0     121.6131071687241
 2200.0     123.9165922950320
 2300.0     126.1190911982175
 2400.0     128.2290332637660
 2500.0     130.2538408295593
 2600.0     132.2000825600014
 2700.0     134.0735988528828
 2800.0     135.8796051498307
 2900.0     137.6227776399296
 3000.0     139.3073248220755
 3100.0     140.9370476247446
 3200.0     142.5153902020797
 3300.0     144.0454830829260
 3400.0     145.5301800092035
 3500.0     146.9720895361711
 3600.0     148.3736022609802
 3700.0     149.7369143837196
 3800.0     151.0640481766233
 3900.0     152.3568698346669
 4000.0     153.6171050985739
 4100.0     154.8463529749534
 4200.0     156.0460978244895
 4300.0     157.2177200452400
 4400.0     158.3625055421581
 4500.0     159.4816541443392
 4600.0     160.5762871070220
 4700.0     161.6474538150268
 4800.0     162.6961377873490
 4900.0     163.7232620684193
 5000.0     164.7296940795955
 5100.0     165.7162499943692
 5200.0     166.6836986922499
 5300.0     167.6327653390215
 5400.0     168.5641346349116
 5500.0     169.4784537669133
 5600.0     170.3763350969826
 5700.0     171.2583586139366
 5800.0     172.1250741735226
 5900.0     172.9770035482212
 6000.0     173.8146423058361
# V = 153.390000 (a.u.^3)
    5.0       0.0003730264310
  100.0       6.4841400868859
  200.0      19.6352738848098
  300.0      32.1486561596986
  400.0      43.0755266926938
  500.0      52.4449200439998
  600.0      60.5285524051116
  700.0      67.5887340893455
  800.0      73.8331566331074
  900.0      79.4193346593451
 1000.0      84.4664463265050
 1100.0      89.0656213626058
 1200.0      93.2875600306521
 1300.0      97.1879500540143
 1400.0     100.8112968413272
 1500.0     104.1936521290966
 1600.0     107.3645822658388
 1700.0     110.3486082742645
 1800.0     113.1662747178378
 1900.0     115.8349541939642
 2000.0     118.3694608985547
 2100.0     120.7825244026971
 2200.0     123.0851597300715
 2300.0     125.2869595431898
 2400.0     127.3963271346253
 2500.0     129.4206639356970
 2600.0     131.3665217183803
 2700.0     133.2397271256665
 2800.0     135.0454843193021
 2900.0     136.7884601771663
 3000.0     138.4728554652015
 3100.0     140.1024646534012
 3200.0     141.6807264735684
 3300.0     143.2107668799242
 3400.0     144.6954357374284
 3500.0     146.1373383017339
 3600.0     147.5388623506703
 3700.0     148.9022016664893
 3800.0     150.2293764407510
 3900.0     151.5222510721295
 4000.0     152.7825497458801
 4100.0     154.0118701178902
 4200.0     155.2116953728267
 4300.0     156.3834048823198
 4400.0     157.5282836533960
 4500.0     158.6475307279564
 4600.0     159.7422666697473
 4700.0     160.8135402550374
 4800.0     161.8623344663473
 4900.0     162.8895718744249
 5000.0     163.8961194817789
 5100.0     164.8827930910491
 5200.0     165.8503612529932
 5300.0     166.7995488416520
 5400.0     167.7310402981037
 5500.0     168.6454825789511
 5600.0     169.5434878411839
 5700.0     170.4256358911645
 5800.0     171.2924764221478
 5900.0     172.1445310618574
 6000.0     172.9822952491135
# V = 148.733000 (a.u.^3)
    5.0       0.0003521090925
  100.0       6.2090857645767
  200.0      18.8888645047556
  300.0      31.0442984574885
  400.0      41.7595367924940
  500.0      51.0049226099831
  600.0      59.0121114837264
  700.0      66.0224779484858
  800.0      72.2328030570734
  900.0      77.7946537264742
 1000.0      82.8237945991560
 1100.0      87.4092999442783
 1200.0      91.6205785848170
 1300.0      95.5124762009146
 1400.0      99.1289311777780
 1500.0     102.5056025207513
 1600.0     105.6717777609959
 1700.0     108.6517756122273
 1800.0     111.4659909730876
 1900.0     114.1316837903756
 2000.0     116.6635821428967
 2100.0     119.0743488397377
 2200.0     121.3749464859804
 2300.0     123.5749261085600
 2400.0     125.6826575777370
 2500.0     127.7055152339345
 2600.0     129.6500286930940
 2700.0     131.5220063278492
 2800.0     133.3266371180652
 2900.0     135.0685752360963
 3000.0     136.7520107441070
 3100.0     138.3807290387103
 3200.0     139.9581611157028
 3300.0     141.4874262976118
 3400.0     142.9713687352640
 3500.0     144.4125887370482
 3600.0     145.8134697780006
 3700.0     147.1762018820162
 3800.0     148.5028019444988
 3900.0     149.7951314621867
 4000.0     151.0549120561273
 4100.0     152.2837391085478
 4200.0     153.4830937814172
 4300.0     154.6543536412585
 4400.0     155.7988020793370
 4500.0     156.9176366871290
 4600.0     158.0119767228038
 4700.0     159.0828697843567
 4800.0     160.1312977882531
 4900.0     161.1581823383983
 5000.0     162.1643895584115
 5100.0     163.1507344502286
 5200.0     164.1179848335785
 5300.0     165.0668649137217
 5400.0     165.9980585186997
 5500.0     166.9122120421110
 5600.0     167.8099371229474
 5700.0     168.6918130901414
 5800.0     169.5583891961664
 5900.0     170.4101866611299
 6000.0     171.2477005463112
# V = 144.145000 (a.u.^3)
    5.0       0.0004125988685
  100.0       6.4296413478615
  200.0      18.9192437513015
  300.0      30.7711469924521
  400.0      41.2761462077736
  500.0      50.3884821270981
  600.0      58.3089679742526
  700.0      65.2599966893578
  800.0      71.4277398495106
  900.0      76.9577386252815
 1000.0      81.9621982252749
 1100.0      86.5279999006663
 1200.0      90.7231469583283
 1300.0      94.6015517627141
 1400.0      98.2065131416729
 1500.0     101.5732394801281
 1600.0     104.7306928890024
 1700.0     107.7029518709660
 1800.0     110.5102305089071
 1900.0     113.1696502343709
 2000.0     115.6958313257353
 2100.0     118.1013514882233
 2200.0     120.3971052636245
 2300.0     122.5925885966296
 2400.0     124.6961262960083
 2500.0     126.7150554710684
 2600.0     128.6558746944471
 2700.0     130.5243662361924
 2800.0     132.3256969565666
 2900.0     134.0645021479335
 3000.0     135.7449556493621
 3100.0     137.3708288302550
 3200.0     138.9455404872061
 3300.0     140.4721992756140
 3400.0     141.9536399713834
 3500.0     143.3924546043783
 3600.0     144.7910193065904
 3700.0     146.1515175612708
 3800.0     147.4759604148678
 3900.0     148.7662041142231
 4000.0     150.0239655516343
 4100.0     151.2508358358638
 4200.0     152.4482922547488
 4300.0     153.6177088522742
 4400.0     154.7603658078395
 4500.0     155.8774577765163
 4600.0     156.9701013251057
 4700.0     158.0393415788847
 4800.0     159.0861581772876
 4900.0     160.1114706228162
 5000.0     161.1161430957431
 5100.0     162.1009887972637
 5200.0     163.0667738753549
 5300.0     164.0142209804716
 5400.0     164.9440124921181
 5500.0     165.8567934521341
 5600.0     166.7531742360679
 5700.0     167.6337329901688
 5800.0     168.4990178582139
 5900.0     169.3495490195270
 6000.0     170.1858205570490
# V = 139.691000 (a.u.^3)
    5.0       0.0004035273617
  100.0       6.2724110728367
  200.0      18.3952219752516
  300.0      29.9224188583712
  400.0      40.2247033863679
  500.0      49.2186917358533
  600.0      57.0689455669383
  700.0      63.9770544092931
  800.0      70.1179259811745
  900.0      75.6308670145613
 1000.0      80.6244944950194
 1100.0      85.1835398643026
 1200.0      89.3746700956999
 1300.0      93.2509394116178
 1400.0      96.8550797301867
 1500.0     100.2219156044270
 1600.0     103.3801436816919
 1700.0     106.3536554588839
 1800.0     109.1625311751205
 1900.0     111.8237951506844
 2000.0     114.3519963777211
 2100.0     116.7596597145938
 2200.0     119.0576402049525
 2300.0     121.2554040784560
 2400.0     123.3612536779148
 2500.0     125.3825090708931
 2600.0     127.3256558824705
 2700.0     129.1964665492769
 2800.0     131.0001004828944
 2900.0     132.7411873639220
 3000.0     134.4238968416945
 3100.0     136.0519972013186
 3200.0     137.6289050172651
 3300.0     139.1577273968870
 3400.0     140.6412980958495
 3500.0     142.0822085372567
 3600.0     143.4828345700466
 3700.0     144.8453596473453
 3800.0     146.1717949824017
 3900.0     147.4639971413400
 4000.0     148.7236834528599
 4100.0     149.9524455510536
 4200.0     151.1517613155098
 4300.0     152.3230054304012
 4400.0     153.4674587493824
 4500.0     154.5863166243675
 4600.0     155.6806963324325
 4700.0     156.7516437152790
 4800.0     157.8001391291400
 4900.0     158.8271027891360
 5000.0     159.8333995804111
 5100.0     160.8198433985155
 5200.0     161.7872010731484
 5300.0     162.7361959222563
 5400.0     163.6675109774386
 5500.0     164.5817919164084
 5600.0     165.4796497338206
 5700.0     166.3616631779421
 5800.0     167.2283809773397
 5900.0     168.0803238788998
 6000.0     168.9179865160183
# V = 135.372000 (a.u.^3)
    5.0       0.0005076676491
  100.0       6.6318681761186
  200.0      18.6567409689858
  300.0      29.9100603443754
  400.0      40.0022948716529
  500.0      48.8578040033838
  600.0      56.6162783522720
  700.0      63.4612400454363
  800.0      69.5568394423103
  900.0      75.0360719639295
 1000.0      80.0037562531191
 1100.0      84.5422571253149
 1200.0      88.7167145044093
 1300.0      92.5791646961063
 1400.0      96.1716408054467
 1500.0      99.5284748169387
 1600.0     102.6780079009235
 1700.0     105.6438695440733
 1800.0     108.4459431761796
 1900.0     111.1011027427035
 2000.0     113.6237805563283
 2100.0     116.0264096669803
 2200.0     118.3197719544929
 2300.0     120.5132746612385
 2400.0     122.6151720629398
 2500.0     124.6327446730588
 2600.0     126.5724452725432
 2700.0     128.4400187969116
 2800.0     130.2406014515920
 2900.0     131.9788031939776
 3000.0     133.6587767978766
 3100.0     135.2842760190150
 3200.0     136.8587048493005
 3300.0     138.3851594398452
 3400.0     139.8664639572465
 3500.0     141.3052013916820
 3600.0     142.7037401423197
 3700.0     144.0642570529816
 3800.0     145.3887574496817
 3900.0     146.6790926345845
 4000.0     147.9369752128357
 4100.0     149.1639925655098
 4200.0     150.3616187305296
 4300.0     151.5312249113867
 4400.0     152.6740887989947
 4500.0     153.7914028635202
 4600.0     154.8842817494590
 4700.0     155.9537688875688
 4800.0     157.0008424208828
 4900.0     158.0264205282557
 5000.0     159.0313662173142
 5100.0     160.0164916489007
 5200.0     160.9825620467981
 5300.0     161.9302992394717
 5400.0     162.8603848745417
 5500.0     163.7734633415574
 5600.0     164.6701444342090
 5700.0     165.5510057793207
 5800.0     166.4165950566822
 5900.0     167.2674320309276
 6000.0     168.1040104142159
# V = 131.053000 (a.u.^3)
    5.0       0.0005598943161
  100.0       6.7293280447457
  200.0      18.5225920260654
  300.0      29.4847082703236
  400.0      39.3688729029792
  500.0      48.0925273589663
  600.0      55.7673825798533
  700.0      62.5577622564852
  800.0      68.6165647938736
  900.0      74.0702569266295
 1000.0      79.0197729598726
 1100.0      83.5450885212982
 1200.0      87.7098241867811
 1300.0      91.5650197599907
 1400.0      95.1520363271624
 1500.0      98.5047413009998
 1600.0     101.6511475353217
 1700.0     104.6146479033345
 1800.0     107.4149523084955
 1900.0     110.0688054365089
 2000.0     112.5905419594036
 2100.0     114.9925202385257
 2200.0     117.2854643711675
 2300.0     119.4787364364710
 2400.0     121.5805550813940
 2500.0     123.5981724747172
 2600.0     125.5380186744614
 2700.0     127.4058202727830
 2800.0     129.2066985731270
 2900.0     130.9452513566776
 3000.0     132.6256213959535
 3100.0     134.2515541926546
 3200.0     135.8264468972670
 3300.0     137.3533899682609
 3400.0     138.8352028189382
 3500.0     140.2744644581946
 3600.0     141.6735399414202
 3700.0     143.0346032974173
 3800.0     144.3596574775501
 3900.0     145.6505517774997
 4000.0     146.9089971048287
 4100.0     148.1365794030654
 4200.0     149.3347714921651
 4300.0     150.5049435435989
 4400.0     151.6483723741416
 4500.0     152.7662497142034
 4600.0     153.8596895831582
 4700.0     154.9297348846321
 4800.0     155.9773633184448
 4900.0     157.0034926922236
 5000.0     158.0089857042105
 5100.0     158.9946542590600
 5200.0     159.9612633701773
 5300.0     160.9095346951345
 5400.0     161.8401497447169
 5500.0     162.7537528010276
 5600.0     163.6509535756802
 5700.0     164.5323296353232
 5800.0     165.3984286184696
 5900.0     166.2497702647815
 6000.0     167.0868482754981
# V = 126.869000 (a.u.^3)
    5.0       0.0007626328551
  100.0       7.2715899710413
  200.0      19.0429851881283
  300.0      29.7625874757699
  400.0      39.4412485603768
  500.0      48.0249846497542
  600.0      55.6067689599760
  700.0      62.3338651498885
  800.0      68.3482596608814
  900.0      73.7697994200121
 1000.0      78.6953667301542
 1100.0      83.2023923642511
 1200.0      87.3528508692340
 1300.0      91.1966862839802
 1400.0      94.7745104838747
 1500.0      98.1196660227916
 1600.0     101.2597899188527
 1700.0     104.2180005593932
 1800.0     107.0138037872526
 1900.0     109.6637901300079
 2000.0     112.1821760960286
 2100.0     114.5812282694486
 2200.0     116.8715986014934
 2300.0     119.0625918294800
 2400.0     121.1623805622173
 2500.0     123.1781796603923
 2600.0     125.1163886878201
 2700.0     126.9827091129170
 2800.0     128.7822413867007
 2900.0     130.5195658637728
 3000.0     132.1988106594526
 3100.0     133.8237088734273
 3200.0     135.3976471032852
 3300.0     136.9237067805519
 3400.0     138.4046995584978
 3500.0     139.8431977438450
 3600.0     141.2415605778670
 3700.0     142.6019570245566
 3800.0     143.9263856057458
 3900.0     145.2166917286420
 4000.0     146.4745828751405
 4100.0     147.7016419606019
 4200.0     148.8993391195558
 4300.0     150.0690421346773
 4400.0     151.2120256915756
 4500.0     152.3294796140152
 4600.0     153.4225162110187
 4700.0     154.4921768480139
 4800.0     155.5394378380470
 4900.0     156.5652157355453
 5000.0     157.5703721036974
 5100.0     158.5557178168790
 5200.0     159.5220169513676
 5300.0     160.4699903106233
 5400.0     161.4003186254757
 5500.0     162.3136454644637
 5600.0     163.2105798852017
 5700.0     164.0916988538946
 5800.0     164.9575494568585
 5900.0     165.8086509251077
 6000.0     166.6454964906171
# V = 122.752000 (a.u.^3)
    5.0       0.0008989718468
  100.0       7.4384512464982
  200.0      19.0051715019344
  300.0      29.4263959131976
  400.0      38.8709879157793
  500.0      47.2979636947002
  600.0      54.7766781227559
  700.0      61.4346415768905
  800.0      67.4013302945058
  900.0      72.7890162166554
 1000.0      77.6899503658297
 1100.0      82.1786598641325
 1200.0      86.3152458736085
 1300.0      90.1484094153781
 1400.0      93.7179158777274
 1500.0      97.0565175805460
 1600.0     100.1914311319208
 1700.0     103.1454696869010
 1800.0     105.9379136345715
 1900.0     108.5851843758313
 2000.0     111.1013697596400
 2100.0     113.4986372476922
 2200.0     115.7875615412131
 2300.0     117.9773865394056
 2400.0     120.0762364773338
 2500.0     122.0912874140030
 2600.0     124.0289075380319
 2700.0     125.8947727591488
 2800.0     127.6939625652285
 2900.0     129.4310400081591
 3000.0     131.1101188381894
 3100.0     132.7349201641127
 3200.0     134.3088205240162
 3300.0     135.8348928707542
 3400.0     137.3159416802579
 3500.0     138.7545331589306
 3600.0     140.1530213436065
 3700.0     141.5135707425881
 3800.0     142.8381760505974
 3900.0     144.1286793776551
 4000.0     145.3867853569962
 4100.0     146.6140744363813
 4200.0     147.8120146076288
 4300.0     148.9819717886301
 4400.0     150.1252190387212
 4500.0     151.2429447606908
 4600.0     152.3362600198001
 4700.0     153.4062050910995
 4800.0     154.4537553303578
 4900.0     155.4798264505008
 5000.0     156.4852792741562
 5100.0     157.4709240233350
 5200.0     158.4375241991718
 5300.0     159.3858000977261
 5400.0     160.3164320019680
 5500.0     161.2300630849956
 5600.0     162.1273020552138
 5700.0     163.0087255704487
 5800.0     163.8748804447581
 5900.0     164.7262856688920
 6000.0     165.5634342629381
# V = 118.771000 (a.u.^3)
    5.0       0.0022767057218
  100.0       8.7506674812494
  200.0      20.4797705616940
  300.0      30.7363590881167
  400.0      40.0072225097937
  500.0      48.3082469763894
  600.0      55.7016770208264
  700.0      62.3019081659485
  800.0      68.2288306000836
  900.0      73.5885582440540
 1000.0      78.4694590150885
 1100.0      82.9435815413044
 1200.0      87.0694106318405
 1300.0      90.8945679973492
 1400.0      94.4580815069113
 1500.0      97.7921885528066
 1600.0     100.9237390789383
 1700.0     103.8752804477596
 1800.0     106.6658972445773
 1900.0     109.3118645107535
 2000.0     111.8271592468292
 2100.0     114.2238639576813
 2200.0     116.5124875275843
 2300.0     118.7022223671991
 2400.0     120.8011520743104
 2500.0     122.8164203763337
 2600.0     124.7543695500043
 2700.0     126.6206546000343
 2800.0     128.4203380468464
 2900.0     130.1579690953981
 3000.0     131.8376501396867
 3100.0     133.4630929333752
 3200.0     135.0376662770796
 3300.0     136.5644367013180
 3400.0     138.0462033345376
 3500.0     139.4855279184499
 3600.0     140.8847607535717
 3700.0     142.2460632154083
 3800.0     143.5714273679311
 3900.0     144.8626931095768
 4000.0     146.1215632131544
 4100.0     147.3496165611079
 4200.0     148.5483198286670
 4300.0     149.7190378273278
 4400.0     150.8630426880964
 4500.0     151.9815220366138
 4600.0     153.0755862896104
 4700.0     154.1462751832211
 4800.0     155.1945636278691
 4900.0     156.2213669711161
 5000.0     157.2275457386739
 5100.0     158.2139099142682
 5200.0     159.1812228110047
 5300.0     160.1302045800153
 5400.0     161.0615353963109
 5500.0     161.9758583567407
 5600.0     162.8737821206476
 5700.0     163.7558833200910
 5800.0     164.6227087633000
 5900.0     165.4747774522354
 6000.0     166.3125824327319
# V = 114.857000 (a.u.^3)
    5.0       0.0113422218603
  100.0       9.5351230805687
  200.0      21.1795636714894
  300.0      31.1735400228304
  400.0      40.1988492168937
  500.0      48.3152292779904
  600.0      55.5749525156074
  700.0      62.0769517634828
  800.0      67.9296264049241
  900.0      73.2315177654274
 1000.0      78.0660886490013
 1100.0      82.5021691252688
 1200.0      86.5960840332898
 1300.0      90.3939690316933
 1400.0      93.9338042683375
 1500.0      97.2470712548809
 1600.0     100.3600629032515
 1700.0     103.2949080375401
 1800.0     106.0703711563463
 1900.0     108.7024785372703
 2000.0     111.2050109941883
 2100.0     113.5898942289675
 2200.0     115.8675102612754
 2300.0     118.0469477060503
 2400.0     120.1362043644322
 2500.0     122.1423523736110
 2600.0     124.0716737533545
 2700.0     125.9297723824887
 2800.0     127.7216670802706
 2900.0     129.4518694395605
 3000.0     131.1244492758954
 3100.0     132.7430899566895
 3200.0     134.3111354121232
 3300.0     135.8316302700995
 3400.0     137.3073542770456
 3500.0     138.7408519457441
 3600.0     140.1344581969060
 3700.0     141.4903206223974
 3800.0     142.8104188869906
 3900.0     144.0965816961683
 4000.0     145.3505016852849
 4100.0     146.5737485266671
 4200.0     147.7677805033003
 4300.0     148.9339547583960
 4400.0     150.0735363977246
 4500.0     151.1877065947485
 4600.0     152.2775698263030
 4700.0     153.3441603479459
 4800.0     154.3884480025181
 4900.0     155.4113434423512
 5000.0     156.4137028344967
 5100.0     157.3963321090030
 5200.0     158.3599908023053
 5300.0     159.3053955410322
 5400.0     160.2332232057395
 5500.0     161.1441138091263
 5600.0     162.0386731190229
 5700.0     162.9174750527646
 5800.0     163.7810638663965
 5900.0     164.6299561593994
 6000.0     165.4646427132375
