# T (K)    Entropy (J K^-1 mol^-1)
# P = 0.000000 (GPa)
    0.0      -2.8570784999551
  100.0       7.6983420609532
  200.0      21.1697267449017
  300.0      34.7996174050544
  400.0      46.2685476553972
  500.0      56.0772314261142
  600.0      64.4943464534588
  700.0      71.8494082920979
  800.0      78.3657723334245
  900.0      84.2147424298692
 1000.0      89.5221093254945
 1100.0      94.3836011462406
 1200.0      98.8729706055835
 1300.0     103.0481589097038
 1400.0     106.9554965908353
 1500.0     110.6326065961351
 1600.0     114.1104850358338
 1700.0     117.4150546393981
 1800.0     120.5682696493739
 1900.0     123.5889730183810
 2000.0     126.4935463663485
 2100.0     129.2964115711957
 2200.0     132.0104467604571
 2300.0     134.6473102466649
 2400.0     137.2177095054288
 2500.0     139.7316410679519
 2600.0     142.1986243710397
 2700.0     144.6278015185986
 2800.0     147.0282863920216
 2900.0     149.4091883363329
 3000.0     151.7798219123144
 3100.0     154.1501970656292
 3200.0     156.5309252854362
 3300.0     158.9329528781950
 3400.0     161.3653474460899
 3500.0     163.8373389652948
 3600.0     166.3587749213195
 3700.0     168.9389672978638
 3800.0     171.5894323439143
 3900.0     174.3196019974372
 4000.0     177.1427630411440
 4100.0     180.0699746827128
 4200.0     183.1147048144060
 4300.0     186.2919753660849
 4400.0     189.6200362483294
 4500.0     193.0864075762773
 4600.0     196.8280631883131
 4700.0     200.4272218716861
 4800.0     205.4987561982972
 4900.0     206.1710913770641
 5000.0     194.0316597640557
 5100.0     186.3181791719300
 5200.0     188.5164539515625
 5300.0     189.9238487297364
 5400.0     190.9337997582212
 5500.0     192.0487008710986
 5600.0     193.1387031014947
 5700.0     194.3514112366953
 5800.0     195.4100299489686
 5900.0     196.4877137739512
 6000.0     199.8131063572662
# P = 1.000000 (GPa)
    0.0      -2.8295309931184
  100.0       7.5980493371486
  200.0      20.9619986614161
  300.0      34.5153589093402
  400.0      45.9381563497280
  500.0      55.7154155980620
  600.0      64.1085487948615
  700.0      71.4432839843486
  800.0      77.9411222671691
  900.0      83.7723486246037
 1000.0      89.0621401412203
 1100.0      93.9058298758876
 1200.0      98.3769022662170
 1300.0     102.5330785269090
 1400.0     106.4205059891868
 1500.0     110.0766452197212
 1600.0     113.5323320387670
 1700.0     116.8133259961376
 1800.0     119.9414069584446
 1900.0     122.9352308912257
 2000.0     125.8109731008572
 2100.0     128.5828211043829
 2200.0     131.2633882475108
 2300.0     133.8640311250159
 2400.0     136.3951156271675
 2500.0     138.8662321264790
 2600.0     141.2864123113606
 2700.0     143.6642661747036
 2800.0     146.0082240416983
 2900.0     148.3266097440863
 3000.0     150.6278059141549
 3100.0     152.9206395870899
 3200.0     155.2142019341712
 3300.0     157.5186199336891
 3400.0     159.8445911553910
 3500.0     162.2025253642773
 3600.0     164.6017370449598
 3700.0     167.0510735835213
 3800.0     169.5612238360640
 3900.0     172.1412434995061
 4000.0     174.8034109307363
 4100.0     177.5582277701448
 4200.0     180.4183031317432
 4300.0     183.3975557324871
 4400.0     186.5129234819182
 4500.0     189.7550077416971
 4600.0     193.2422030395869
 4700.0     196.6192756768724
 4800.0     201.2671813402475
 4900.0     202.1724642261148
 5000.0     192.0582828846470
 5100.0     185.6465092939140
 5200.0     187.7123975772241
 5300.0     189.1073965790912
 5400.0     190.1511766040742
 5500.0     191.2835141499932
 5600.0     192.3906508217793
 5700.0     193.6052115608309
 5800.0     194.6790929166756
 5900.0     195.7709953231287
 6000.0     198.8374667415500
# P = 2.000000 (GPa)
    0.0      -2.8041192363370
  100.0       7.5046798837594
  200.0      20.7665043442651
  300.0      34.2459317484661
  400.0      45.6240948796862
  500.0      55.3710923531074
  600.0      63.7412988046109
  700.0      71.0567416408954
  800.0      77.5371250386292
  900.0      83.3517220027995
 1000.0      88.6251209320323
 1100.0      93.4522825888196
 1200.0      97.9064178700810
 1300.0     102.0450488536824
 1400.0     105.9141616994759
 1500.0     109.5510631546481
 1600.0     112.9864431266381
 1700.0     116.2459210422861
 1800.0     119.3511267094830
 1900.0     122.3205546671203
 2000.0     125.1702043275033
 2100.0     127.9140652723724
 2200.0     130.5645289556959
 2300.0     133.1327010463434
 2400.0     135.6286641319362
 2500.0     138.0616777917609
 2600.0     140.4403773367802
 2700.0     142.7729366918833
 2800.0     145.0672473621636
 2900.0     147.3310046240455
 3000.0     149.5718663154813
 3100.0     151.7977133067197
 3200.0     154.0165687869467
 3300.0     156.2371849072468
 3400.0     158.4686062129868
 3500.0     160.7212556806257
 3600.0     163.0063993221789
 3700.0     165.3335711218421
 3800.0     167.7125800241199
 3900.0     170.1521260732231
 4000.0     172.6635399253998
 4100.0     175.2567765921608
 4200.0     177.9436232127156
 4300.0     180.7369655381073
 4400.0     183.6524935191676
 4500.0     186.6835142183500
 4600.0     189.9317097143901
 4700.0     193.0978087459443
 4800.0     197.3530887630293
 4900.0     198.4529416569345
 5000.0     190.1480504371920
 5100.0     184.9052361658685
 5200.0     186.8536598196592
 5300.0     188.2384243449491
 5400.0     189.3140249789693
 5500.0     190.4629965523699
 5600.0     191.5870878420658
 5700.0     192.8045537255201
 5800.0     193.8936469654351
 5900.0     194.9996593909805
 6000.0     197.8300336399883
# P = 3.000000 (GPa)
    0.0      -2.7807026771966
  100.0       7.4178209951332
  200.0      20.5825165378288
  300.0      33.9904591762618
  400.0      45.3253949780287
  500.0      55.0432110449774
  600.0      63.3914610651890
  700.0      70.6885667689180
  800.0      77.1524682898524
  900.0      82.9514521615662
 1000.0      88.2095407852384
 1100.0      93.0213163772209
 1200.0      97.4597468742102
 1300.0     101.5821627500908
 1400.0     105.4343878400523
 1500.0     109.0535994318704
 1600.0     112.4703599709093
 1700.0     115.7101584241189
 1800.0     118.7944921469866
 1900.0     121.7417191559241
 2000.0     124.5676888546741
 2100.0     127.2862219299561
 2200.0     129.9095225257358
 2300.0     132.4484861348274
 2400.0     134.9129598628013
 2500.0     137.3119291357094
 2600.0     139.6537047023988
 2700.0     141.9461092770097
 2800.0     144.1965904587180
 2900.0     146.4123468124996
 3000.0     148.6004621543528
 3100.0     150.7680654288478
 3200.0     152.9223590686881
 3300.0     155.0710204483584
 3400.0     157.2218964175216
 3500.0     159.3837409901145
 3600.0     161.5662304843800
 3700.0     163.7800377871652
 3800.0     166.0367731345919
 3900.0     168.3452672479864
 4000.0     170.7158825197863
 4100.0     173.1580601091616
 4200.0     175.6827958784086
 4300.0     178.3020108036182
 4400.0     181.0302095825461
 4500.0     183.8630524033443
 4600.0     186.8872691537157
 4700.0     189.8533489894498
 4800.0     193.7457315655077
 4900.0     195.0045430468058
 5000.0     188.3054009707068
 5100.0     184.1058923299366
 5200.0     185.9504625762127
 5300.0     187.3266252357513
 5400.0     188.4317394649877
 5500.0     189.5962195730002
 5600.0     190.7367246626154
 5700.0     191.9577552609535
 5800.0     193.0616848588988
 5900.0     194.1814027869444
 6000.0     196.7971660014374
# P = 4.000000 (GPa)
    0.0      -2.7591488283828
  100.0       7.3370888060530
  200.0      20.4093636535631
  300.0      33.7481301545853
  400.0      45.0411622651853
  500.0      54.7308010558276
  600.0      63.0579939560708
  700.0      70.3376394974670
  800.0      76.7859495201014
  900.0      82.5702535075092
 1000.0      87.8140072157292
 1100.0      92.6114425991066
 1200.0      97.0352851188076
 1300.0     101.1426763108898
 1400.0     104.9793076094340
 1500.0     108.5822247002565
 1600.0     111.9818699557767
 1700.0     115.2036270748492
 1800.0     118.2688767645576
 1900.0     121.1958528272478
 2000.0     124.0002752705515
 2100.0     126.6958230105494
 2200.0     129.2945414312937
 2300.0     131.8071483776242
 2400.0     134.2432937518038
 2500.0     136.6117349261724
 2600.0     138.9205138083155
 2700.0     141.1771654560735
 2800.0     143.3887788506166
 2900.0     145.5621456655039
 3000.0     147.7038917837681
 3100.0     149.8205519563033
 3200.0     151.9186772481764
 3300.0     154.0051115749998
 3400.0     156.0867694559829
 3500.0     158.1711859458117
 3600.0     160.2665738101045
 3700.0     162.3816939605241
 3800.0     164.5270684288063
 3900.0     166.7136838172792
 4000.0     168.9531713973620
 4100.0     171.2545172378865
 4200.0     173.6279519645122
 4300.0     176.0844974865213
 4400.0     178.6375349843795
 4500.0     181.2847476991039
 4600.0     184.0995672086932
 4700.0     186.8764243743926
 4800.0     190.4343627162637
 4900.0     191.8192877700000
 5000.0     186.5347731540704
 5100.0     183.2600100130134
 5200.0     185.0130277395132
 5300.0     186.3816927313501
 5400.0     187.5137142346709
 5500.0     188.6922548739784
 5600.0     189.8482717925535
 5700.0     191.0731336733430
 5800.0     192.1911993045201
 5900.0     193.3239217637295
 6000.0     195.7452251294865
# P = 5.000000 (GPa)
    0.0      -2.7393359893497
  100.0       7.2621274685760
  200.0      20.2464217904009
  300.0      33.5181952188657
  400.0      44.7705679925765
  500.0      54.4329674289415
  600.0      62.7399356571256
  700.0      70.0029277444446
  800.0      76.4364668627022
  900.0      82.2069394328551
 1000.0      87.4372536026143
 1100.0      92.2212996221901
 1200.0      96.6315608359218
 1300.0     100.7250173574784
 1400.0     104.5472166838808
 1500.0     108.1350901126271
 1600.0     111.5189819848737
 1700.0     114.7241658174135
 1800.0     117.7719215460453
 1900.0     120.6803828586945
 2000.0     123.4651548822639
 2100.0     126.1397905956135
 2200.0     128.7162006496302
 2300.0     131.2049543705397
 2400.0     133.6155354202240
 2500.0     135.9565098773058
 2600.0     138.2356958720615
 2700.0     140.4603908599080
 2800.0     142.6373885515250
 2900.0     144.7731521393490
 3000.0     146.8739356992218
 3100.0     148.9457913626425
 3200.0     150.9947630315481
 3300.0     153.0270297577341
 3400.0     155.0487797127552
 3500.0     157.0666193646892
 3600.0     159.0876057027706
 3700.0     161.1191942046283
 3800.0     163.1700813510610
 3900.0     165.2492452392963
 4000.0     167.3682068882043
 4100.0     169.5385687624350
 4200.0     171.7712271514683
 4300.0     174.0762302803785
 4400.0     176.4659333657960
 4500.0     178.9397253663538
 4600.0     181.5592897810223
 4700.0     184.1575628814122
 4800.0     187.4082352460002
 4900.0     188.8891952395917
 5000.0     184.8406056850147
 5100.0     182.3791214510864
 5200.0     184.0515771549353
 5300.0     185.4133203841515
 5400.0     186.5693436338333
 5500.0     187.7601739693715
 5600.0     188.9304399181064
 5700.0     190.1590062041093
 5800.0     191.2901829609024
 5900.0     192.4349133294939
 6000.0     194.6805702498986
# P = 6.000000 (GPa)
    0.0      -2.7211515419706
  100.0       7.1926065053430
  200.0      20.0931109986805
  300.0      33.2999598292749
  400.0      44.5128440726736
  500.0      54.1488819168700
  600.0      62.4363964687604
  700.0      69.6834816557399
  800.0      76.1030027201779
  900.0      81.8604226943510
 1000.0      87.0781170310487
 1100.0      91.8496354497158
 1200.0      96.2472398369242
 1300.0     100.3277428521115
 1400.0     104.1365630134599
 1500.0     107.7105321233174
 1600.0     111.0798856128636
 1700.0     114.2698154816065
 1800.0     117.3015116666477
 1900.0     120.1930061873865
 2000.0     122.9598115824946
 2100.0     125.6153771019778
 2200.0     128.1714938306474
 2300.0     130.6386018097942
 2400.0     133.0260451913373
 2500.0     135.3422304499981
 2600.0     137.5947880994547
 2700.0     139.7908178505789
 2800.0     141.9368689921173
 2900.0     144.0391344574857
 3000.0     146.1035674629617
 3100.0     148.1358293275565
 3200.0     150.1415510022958
 3300.0     152.1263887622694
 3400.0     154.0959581959328
 3500.0     156.0561359267201
 3600.0     158.0130875847623
 3700.0     159.9732780162507
 3800.0     161.9440106998001
 3900.0     163.9328298002390
 4000.0     165.9490018325345
 4100.0     168.0022644182013
 4200.0     170.1047991627744
 4300.0     172.2690026094261
 4400.0     174.5068713654272
 4500.0     176.8191098826576
 4600.0     179.2571230048799
 4700.0     181.6872923713636
 4800.0     184.6566022206033
 4900.0     186.2062849087287
 5000.0     183.2273371072293
 5100.0     181.4747589818293
 5200.0     183.0763327373243
 5300.0     184.4312016444539
 5400.0     185.6080219712728
 5500.0     186.8090482832279
 5600.0     187.9919395676790
 5700.0     189.2236904578411
 5800.0     190.3666285389250
 5900.0     191.5220738665244
 6000.0     193.6095620013094
# P = 7.000000 (GPa)
    0.0      -2.7044909301194
  100.0       7.1282188070929
  200.0      19.9488922808640
  300.0      33.0927780109567
  400.0      44.2672782437890
  500.0      53.8777761638095
  600.0      62.1465539522218
  700.0      69.3784226054413
  800.0      75.7846185506860
  900.0      81.5297027244443
 1000.0      86.7355250212010
 1100.0      91.4953074346040
 1200.0      95.8810943948419
 1300.0      99.9495363149107
 1400.0     103.7459387092296
 1500.0     107.3070233421243
 1600.0     110.6629449165420
 1700.0     113.8388120703040
 1800.0     116.8557253126188
 1900.0     119.7316463555347
 2000.0     122.4819962248663
 2100.0     125.1201269833604
 2200.0     127.6577359375020
 2300.0     130.1051538529662
 2400.0     132.4716020183538
 2500.0     134.7653502268181
 2600.0     136.9938728340678
 2700.0     139.1641049842418
 2800.0     141.2823920535525
 2900.0     143.3547034675269
 3000.0     145.3867449242209
 3100.0     147.3838591424081
 3200.0     149.3513456022424
 3300.0     151.2944336249095
 3400.0     153.2182867230539
 3500.0     155.1282095991360
 3600.0     157.0296617460680
 3700.0     158.9283480809118
 3800.0     160.8305060570344
 3900.0     162.7425870314893
 4000.0     164.6722392786760
 4100.0     166.6274724858395
 4200.0     168.6178939643177
 4300.0     170.6545959116290
 4400.0     172.7518151804963
 4500.0     174.9140258484635
 4600.0     177.1837529737208
 4700.0     179.4561407535374
 4800.0     182.1687166559123
 4900.0     183.7625761659585
 5000.0     181.6994061240058
 5100.0     180.5584548759817
 5200.0     182.0975163161453
 5300.0     183.4450299805328
 5400.0     184.6391435379837
 5500.0     185.8479494227096
 5600.0     187.0414813314397
 5700.0     188.2755037924521
 5800.0     189.4285287681283
 5900.0     190.5931000856810
 6000.0     192.5385605039626
# P = 8.000000 (GPa)
    0.0      -2.6892574498691
  100.0       7.0686786318829
  200.0      19.8132641789981
  300.0      32.8960483298730
  400.0      44.0332090832523
  500.0      53.6189366257779
  600.0      61.8696462991337
  700.0      69.0869366681902
  800.0      75.4804481392505
  900.0      81.2138547242878
 1000.0      86.4084921699117
 1100.0      91.1572631052609
 1200.0      95.5319973728651
 1300.0      99.5891961087396
 1400.0     103.3740478308167
 1500.0     106.9231806500174
 1600.0     110.2666705841190
 1700.0     113.4295427494154
 1800.0     116.4328363708438
 1900.0     119.2944300055356
 2000.0     122.0296706694256
 2100.0     124.6518377428646
 2200.0     127.1725320944920
 2300.0     129.6019911018665
 2400.0     131.9493387698526
 2500.0     134.2227272504441
 2600.0     136.4294955714046
 2700.0     138.5764397606985
 2800.0     140.6697362511776
 2900.0     142.7151688857630
 3000.0     144.7182382712797
 3100.0     146.6840246662875
 3200.0     148.6175575116501
 3300.0     150.5237211525670
 3400.0     152.4073150047001
 3500.0     154.2731828231537
 3600.0     156.1262339754115
 3700.0     157.9715752083484
 3800.0     159.8146121979273
 3900.0     161.6609700438800
 4000.0     163.5170694024704
 4100.0     165.3896040139130
 4200.0     167.2864319207098
 4300.0     169.2164017380381
 4400.0     171.1907676045288
 4500.0     173.2156809677531
 4600.0     175.3298435117077
 4700.0     177.4546418916655
 4800.0     179.9338299982811
 4900.0     181.5500888574977
 5000.0     180.2612512456324
 5100.0     179.6417414657686
 5200.0     181.1253497314188
 5300.0     182.4644988766377
 5400.0     183.6721027053974
 5500.0     184.8859488876963
 5600.0     186.0877757679237
 5700.0     187.3227636509099
 5800.0     188.4838763536724
 5900.0     189.6556886141675
 6000.0     191.4739258835127
# P = 9.000000 (GPa)
    0.0      -2.6753611291590
  100.0       7.0137195148812
  200.0      19.6857594415415
  300.0      32.7092104939265
  400.0      43.8100209770873
  500.0      53.3717002060257
  600.0      61.6049656151653
  700.0      68.8082695787280
  800.0      75.1896892152126
  900.0      80.9120239460736
 1000.0      86.0961094488853
 1100.0      90.8345316375682
 1200.0      95.1989154861500
 1300.0      99.2456153256825
 1400.0     103.0197085792576
 1500.0     106.5577383255765
 1600.0     109.8896983860696
 1700.0     113.0405522998027
 1800.0     116.0312673108498
 1900.0     118.8796573621010
 2000.0     121.6010093970458
 2100.0     124.2085192469753
 2200.0     126.7137221565206
 2300.0     129.1267744693936
 2400.0     131.4567030511995
 2500.0     133.7115661277097
 2600.0     135.8985925153308
 2700.0     138.0244574882181
 2800.0     140.0951929592949
 2900.0     142.1164278756735
 3000.0     144.0934934822205
 3100.0     146.0312528425547
 3200.0     147.9345132496267
 3300.0     149.8078759884374
 3400.0     151.6558478098706
 3500.0     153.4829017136554
 3600.0     155.2935006756258
 3700.0     157.0922865337133
 3800.0     158.8840098661567
 3900.0     160.6736546555926
 4000.0     162.4666973299787
 4100.0     164.2688392420660
 4200.0     166.0866313938205
 4300.0     167.9272580147335
 4400.0     169.7998252360203
 4500.0     171.7091712212307
 4600.0     173.6855643449943
 4700.0     175.6733841891066
 4800.0     177.9411790704481
 4900.0     179.5608467389292
 5000.0     178.9173099558457
 5100.0     178.7361513519820
 5200.0     180.1700547680350
 5300.0     181.4993018328226
 5400.0     182.7162937678314
 5500.0     183.9321181965795
 5600.0     185.1395334605133
 5700.0     186.3737874795867
 5800.0     187.5406639795408
 5900.0     188.7175360474389
 6000.0     190.4220184339682
# P = 10.000000 (GPa)
    0.0      -2.6627180643979
  100.0       6.9630926068434
  200.0      19.5659420623241
  300.0      32.5317420258271
  400.0      43.5971399586088
  500.0      53.1354497852669
  600.0      61.3518535384909
  700.0      68.5417213487016
  800.0      74.9115974473762
  900.0      80.6234201446135
 1000.0      85.7975356339482
 1100.0      90.5262185681475
 1200.0      94.8808954722696
 1300.0      98.9177767102078
 1400.0     102.6818367076603
 1500.0     106.2095328221524
 1600.0     109.5307886173320
 1700.0     112.6705052984244
 1800.0     115.6495857415125
 1900.0     118.4857931215801
 2000.0     121.1943434918729
 2100.0     123.7883808786569
 2200.0     126.2793703711361
 2300.0     128.6773910825828
 2400.0     130.9914053071841
 2500.0     133.2293792175585
 2600.0     135.3984415473105
 2700.0     137.5051734490270
 2800.0     139.5554856131954
 2900.0     141.5548736000297
 3000.0     143.5085251196801
 3100.0     145.4211238497167
 3200.0     147.2972942262257
 3300.0     149.1414036449282
 3400.0     150.9577199579780
 3500.0     152.7504154746304
 3600.0     154.5235946242844
 3700.0     156.2815257042429
 3800.0     158.0284357499428
 3900.0     159.7688188100593
 4000.0     161.5074042067306
 4100.0     163.2491365931556
 4200.0     164.9995759005423
 4300.0     166.7646568009281
 4400.0     168.5518644782239
 4500.0     170.3653203457076
 4600.0     172.2280915714717
 4700.0     174.0991140712996
 4800.0     176.1799693072183
 4900.0     177.7868756892196
 5000.0     177.6720191631877
 5100.0     177.8532172925406
 5200.0     179.2418531634393
 5300.0     180.5591323495873
 5400.0     181.7811110273484
 5500.0     182.9955288895754
 5600.0     184.2054649965487
 5700.0     185.4368927080563
 5800.0     186.6068843670310
 5900.0     187.7863390227186
 6000.0     189.3891982627967
# P = 11.000000 (GPa)
    0.0      -2.6512499616082
  100.0       6.9165652648201
  200.0      19.4534046853310
  300.0      32.3631550885660
  400.0      43.3940303336300
  500.0      52.9096101590242
  600.0      61.1096970377608
  700.0      68.2866412922855
  800.0      74.6454816547378
  900.0      80.3473104109518
 1000.0      85.5119918535968
 1100.0      90.2314971587303
 1200.0      94.5770569147676
 1300.0      98.6047445566188
 1400.0     102.3594328831917
 1500.0     105.8774996730857
 1600.0     109.1888024359769
 1700.0     112.3181817126874
 1800.0     115.2864886320186
 1900.0     118.1114291785334
 2000.0     120.8081692016032
 2100.0     123.3897979781172
 2200.0     125.8677158391792
 2300.0     128.2519519193547
 2400.0     130.5513893886775
 2500.0     132.7739259119297
 2600.0     134.9266140008170
 2700.0     137.0159384282005
 2800.0     139.0477096300743
 2900.0     141.0273172960331
 3000.0     142.9598261038870
 3100.0     144.8497674800572
 3200.0     146.7016130155267
 3300.0     148.5195374005600
 3400.0     150.3076127290143
 3500.0     152.0697645558949
 3600.0     153.8098054760354
 3700.0     155.5317051483515
 3800.0     157.2392697327128
 3900.0     158.9366019772138
 4000.0     160.6278473573555
 4100.0     162.3173645415632
 4200.0     164.0099439151529
 4300.0     165.7105709409162
 4400.0     167.4255026142718
 4500.0     169.1584376265222
 4600.0     170.9266911496073
 4700.0     172.7016983694006
 4800.0     174.6285576229122
 4900.0     176.2182340331275
 5000.0     176.5299185379922
 5100.0     177.0044439715174
 5200.0     178.3509741733439
 5300.0     179.6536819258915
 5400.0     180.8759493337938
 5500.0     182.0852523448943
 5600.0     183.2942809963727
 5700.0     184.5203967548022
 5800.0     185.6905302162344
 5900.0     186.8697941711135
 6000.0     188.3818255609523
# P = 12.000000 (GPa)
    0.0      -2.6408836735553
  100.0       6.8739197533435
  200.0      19.3477663288718
  300.0      32.2029936555600
  400.0      43.2001915625652
  500.0      52.6936444044817
  600.0      60.8779246488557
  700.0      68.0424233809742
  800.0      74.3906992406226
  900.0      80.0830137924775
 1000.0      85.2387561378114
 1100.0      89.9496014994999
 1200.0      94.2865863553243
 1300.0      98.3056545294934
 1400.0     102.0515769563302
 1500.0     105.5606594754285
 1600.0     108.8626932350900
 1700.0     111.9824666854095
 1800.0     114.9407792391083
 1900.0     117.7552878327793
 2000.0     120.4411137727906
 2100.0     123.0112905703430
 2200.0     125.4771763447004
 2300.0     127.8487362653679
 2400.0     130.1348010836898
 2500.0     132.3432075045363
 2600.0     134.4809255968203
 2700.0     136.5543782911957
 2800.0     138.5692852077937
 2900.0     140.5309349484777
 3000.0     142.4442959100484
 3100.0     144.3137748434224
 3200.0     146.1437122088599
 3300.0     147.9381199511375
 3400.0     149.7009089821479
 3500.0     151.4358026795952
 3600.0     153.1463743035068
 3700.0     154.8363506421918
 3800.0     156.5091978114289
 3900.0     158.1687088744610
 4000.0     159.8185587925570
 4100.0     161.4626465043444
 4200.0     163.1051708302764
 4300.0     164.7503733417694
 4400.0     166.4035730647486
 4500.0     168.0682176737378
 4600.0     169.7570342383959
 4700.0     171.4519076761138
 4800.0     173.2519152709767
 4900.0     174.8280947451431
 5000.0     175.4884682881950
 5100.0     176.1996106184049
 5200.0     177.5070210706832
 5300.0     178.7926151642271
 5400.0     180.0102058132734
 5500.0     181.2103593363356
 5600.0     182.4146922365179
 5700.0     183.6326170041854
 5800.0     184.7995942497928
 5900.0     185.9755981006926
 6000.0     187.4062605428558
# P = 13.000000 (GPa)
    0.0      -2.6315511191616
  100.0       6.8349522933475
  200.0      19.2486703736342
  300.0      32.0508308632550
  400.0      43.0151553944695
  500.0      52.4870506759290
  600.0      60.6560029895925
  700.0      67.8085024481292
  800.0      74.1466518631979
  900.0      79.8298969193511
 1000.0      84.9771581820486
 1100.0      89.6798210287378
 1200.0      94.0087312174144
 1300.0      98.0197069748278
 1400.0     101.7574205352163
 1500.0     105.2581086261854
 1600.0     108.5515001151146
 1700.0     111.6623345444093
 1800.0     114.6113628613240
 1900.0     117.4161997320330
 2000.0     120.0919211052295
 2100.0     122.6515186129377
 2200.0     125.1063035626012
 2300.0     127.4661921322077
 2400.0     129.7399693955583
 2500.0     131.9354058394186
 2600.0     134.0594237926841
 2700.0     136.1183719912745
 2800.0     138.1178947164887
 2900.0     140.0632104628686
 3000.0     141.9591898740915
 3100.0     143.8101338328658
 3200.0     145.6202805383395
 3300.0     147.3935042560375
 3400.0     149.1335790648382
 3500.0     150.8440597414110
 3600.0     152.5283237499272
 3700.0     154.1898995401802
 3800.0     155.8319754694689
 3900.0     157.4580953504663
 4000.0     159.0715567964177
 4100.0     160.6758947525925
 4200.0     162.2748355704078
 4300.0     163.8720444868414
 4400.0     165.4721137093912
 4500.0     167.0783402482442
 4600.0     168.6997596770227
 4700.0     170.3270113720002
 4800.0     172.0213797968647
 4900.0     173.5862691297053
 5000.0     174.5332370157221
 5100.0     175.4374206639935
 5200.0     176.7108121189356
 5300.0     177.9801793937480
 5400.0     179.1909108629557
 5500.0     180.3792426605675
 5600.0     181.5753200916070
 5700.0     182.7818813295778
 5800.0     183.9420661909538
 5900.0     185.1114489289128
 6000.0     186.4688603990195
# P = 14.000000 (GPa)
    0.0      -2.6231887411929
  100.0       6.7994720405450
  200.0      19.1557825922098
  300.0      31.9062666180975
  400.0      42.8384832177515
  500.0      52.2893593766076
  600.0      60.4434336347325
  700.0      67.5843507964517
  800.0      73.9127815744946
  900.0      79.5873699573722
 1000.0      84.7265745937769
 1100.0      89.4214958542101
 1200.0      93.7427932801356
 1300.0      97.7461615792165
 1400.0     101.4761787216732
 1500.0     104.9690131516054
 1600.0     108.2543373449218
 1700.0     111.3568412682530
 1800.0     114.2972353531209
 1900.0     117.0930908612838
 2000.0     119.7594466298642
 2100.0     122.3092541588081
 2200.0     124.7537827584805
 2300.0     127.1029101394553
 2400.0     129.3653699777976
 2500.0     131.5488916190859
 2600.0     133.6603389474297
 2700.0     135.7060046542323
 2800.0     137.6914766208301
 2900.0     139.6218904623324
 3000.0     141.5020526214362
 3100.0     143.3361748452330
 3200.0     145.1283941408320
 3300.0     146.8824761623935
 3400.0     148.6020847215372
 3500.0     150.2906308606173
 3600.0     151.9513277193993
 3700.0     153.5875404725618
 3800.0     155.2022313051567
 3900.0     156.7987410714352
 4000.0     158.3800606659737
 4100.0     159.9494345179792
 4200.0     161.5102147086212
 4300.0     163.0656062379977
 4400.0     164.6196283262566
 4500.0     166.1755049336737
 4600.0     167.7392705151031
 4700.0     169.3088888445346
 4800.0     170.9145158345466
 4900.0     172.4691783107935
 5000.0     173.6517796185254
 5100.0     174.7136381404943
 5200.0     175.9573383683498
 5300.0     177.2118378680036
 5400.0     178.4153751448497
 5500.0     179.5920792955359
 5600.0     180.7794884954544
 5700.0     181.9740694003094
 5800.0     183.1251699082315
 5900.0     184.2849595692662
 6000.0     185.5759006175363
# P = 15.000000 (GPa)
    0.0      -2.6157368860312
  100.0       6.7672996914694
  200.0      19.0687891958151
  300.0      31.7689255047598
  400.0      42.6697635965021
  500.0      52.1001306740782
  600.0      60.2397503611158
  700.0      67.3694750384564
  800.0      73.6885674071498
  900.0      79.3548829539876
 1000.0      84.4864246924111
 1100.0      89.1740122831894
 1200.0      93.4881237862426
 1300.0      97.4843318869180
 1400.0     101.2071243327645
 1500.0     104.6926022975472
 1600.0     107.9703865663546
 1700.0     111.0651180142665
 1800.0     113.9974715910825
 1900.0     116.7849764451595
 2000.0     119.4426397379533
 2100.0     121.9833740421624
 2200.0     124.4184151119934
 2300.0     126.7576009799414
 2400.0     129.0096263502708
 2500.0     131.1821789094377
 2600.0     133.2820727140052
 2700.0     135.3155593175554
 2800.0     137.2881591861726
 2900.0     139.2049609343262
 3000.0     141.0706993625758
 3100.0     142.8895064159391
 3200.0     144.6654530527497
 3300.0     146.4021980880452
 3400.0     148.1033088183124
 3500.0     149.7720853080959
 3600.0     151.4116031696857
 3700.0     153.0250884158137
 3800.0     154.6153161397175
 3900.0     156.1854621822534
 4000.0     157.7382675595704
 4100.0     159.2767414868009
 4200.0     160.8039347812854
 4300.0     162.3226862293956
 4400.0     163.8365612511074
 4500.0     165.3487439624199
 4600.0     166.8628287945113
 4700.0     168.3828970718638
 4800.0     169.9134243028305
 4900.0     171.4582244795827
 5000.0     172.8342129798712
 5100.0     174.0247192657848
 5200.0     175.2423520899121
 5300.0     176.4831647335897
 5400.0     177.6792821501257
 5500.0     178.8446313879589
 5600.0     180.0234498723501
 5700.0     181.2066730556093
 5800.0     182.3487107199569
 5900.0     183.4987532594460
 6000.0     184.7313021298066
# P = 16.000000 (GPa)
    0.0      -2.6091396927219
  100.0       6.7382667088593
  200.0      18.9873953143306
  300.0      31.6384547604001
  400.0      42.5086102349086
  500.0      51.9189523227392
  600.0      60.0445165224208
  700.0      67.1634132100234
  800.0      73.4735223581990
  900.0      79.1319225629817
 1000.0      84.2561667835640
 1100.0      88.9367987533210
 1200.0      93.2441192771321
 1300.0      97.2335803053777
 1400.0     100.9495827381363
 1500.0     104.4281624838677
 1600.0     107.6988908655131
 1700.0     110.7863626160256
 1800.0     113.7112186476647
 1900.0     116.4909506260454
 2000.0     119.1405344857170
 2100.0     121.6728504474118
 2200.0     124.0991010049721
 2300.0     126.4290914618924
 2400.0     128.6714807844477
 2500.0     130.8339178194898
 2600.0     132.9231799776782
 2700.0     134.9454706810968
 2800.0     136.9062672622072
 2900.0     138.8106051265239
 3000.0     140.6631582603624
 3100.0     142.4680060182494
 3200.0     144.2291368769154
 3300.0     145.9501371513585
 3400.0     147.6344955947704
 3500.0     149.2854023762708
 3600.0     150.9058257262213
 3700.0     152.4988800246022
 3800.0     154.0671821857195
 3900.0     155.6137686616102
 4000.0     157.1411765359717
 4100.0     158.6522249063082
 4200.0     160.1497197448232
 4300.0     161.6362045118350
 4400.0     163.1148805877545
 4500.0     164.5889189977395
 4600.0     166.0599204158183
 4700.0     167.5370465001551
 4800.0     169.0036225959877
 4900.0     170.5385016936621
 5000.0     172.0725568070786
 5100.0     173.3676563814891
 5200.0     174.5622862917647
 5300.0     175.7904435385464
 5400.0     176.9790089201599
 5500.0     178.1332876083476
 5600.0     179.3036390611342
 5700.0     180.4760735294759
 5800.0     181.6091295940709
 5900.0     182.7496390111509
 6000.0     183.9313644523816
# P = 17.000000 (GPa)
    0.0      -2.6033447149982
  100.0       6.7122145201455
  200.0      18.9113236079257
  300.0      31.5145222973531
  400.0      42.3546606871086
  500.0      51.7454377845877
  600.0      59.8573221348226
  700.0      66.9657323541450
  800.0      73.2671907096260
  900.0      78.9180090249155
 1000.0      84.0352948511616
 1100.0      88.7093222303660
 1200.0      93.0102177402334
 1300.0      96.9933136485443
 1400.0     100.7029272909514
 1500.0     104.1750316032353
 1600.0     107.4391493066625
 1700.0     110.5198327236981
 1800.0     113.4376892832537
 1900.0     116.2101777672545
 2000.0     118.8522424990288
 2100.0     121.3767382697884
 2200.0     123.7948330613949
 2300.0     126.1163073973592
 2400.0     128.3497836830305
 2500.0     130.5028813071932
 2600.0     132.5823406820017
 2700.0     134.5943272736951
 2800.0     136.5442789929737
 2900.0     138.4371813431458
 3000.0     140.2776675351535
 3100.0     142.0697514381625
 3200.0     143.8173737920335
 3300.0     145.5240465347094
 3400.0     147.1931827922026
 3500.0     148.8279026731674
 3600.0     150.4310688162453
 3700.0     152.0056968431499
 3800.0     153.5542834075922
 3900.0     155.0797469335430
 4000.0     156.5844525675842
 4100.0     158.0710627359070
 4200.0     159.5421855942442
 4300.0     161.0001253657131
 4400.0     162.4477880602770
 4500.0     163.8883431771150
 4600.0     165.3217647774272
 4700.0     166.7614175014452
 4800.0     168.1732476763770
 4900.0     169.6978904946325
 5000.0     171.3602723932897
 5100.0     172.7398674111978
 5200.0     173.9141095721337
 5300.0     175.1305214769780
 5400.0     176.3114726667729
 5500.0     177.4549696087573
 5600.0     178.6170064041906
 5700.0     179.7791791907186
 5800.0     180.9033732586254
 5900.0     182.0345824427003
 6000.0     183.1718899621642
# P = 18.000000 (GPa)
    0.0      -2.5983028043943
  100.0       6.6889938640971
  200.0      18.8403128159522
  300.0      31.3968155735582
  400.0      42.2075748553614
  500.0      51.5792240765935
  600.0      59.6777816546167
  700.0      66.7760265918789
  800.0      73.0691457365561
  900.0      78.7126930258148
 1000.0      83.8233357437221
 1100.0      88.4910850166966
 1200.0      92.7858950226984
 1300.0      96.7629792353125
 1400.0     100.4665751013585
 1500.0     103.9325944122405
 1600.0     107.1905116875088
 1700.0     110.2648405228586
 1800.0     113.1761555799339
 1900.0     115.9418858055832
 2000.0     118.5769455385582
 2100.0     121.0941669909532
 2200.0     123.5046867421904
 2300.0     125.8182624073144
 2400.0     128.0434848850530
 2500.0     130.1879458999242
 2600.0     132.2583546502437
 2700.0     134.2608431296452
 2800.0     136.2008119449263
 2900.0     138.0832101039384
 3000.0     139.9126239007943
 3100.0     141.6930242918462
 3200.0     143.4283016209895
 3300.0     145.1219013733222
 3400.0     146.7771900324049
 3500.0     148.3972009719295
 3600.0     149.9847265922375
 3700.0     151.5427019051862
 3800.0     153.0735061615490
 3900.0     154.5799669601009
 4000.0     156.0643127350585
 4100.0     157.5290710638758
 4200.0     158.9766848975411
 4300.0     160.4092659422224
 4400.0     161.8294799655695
 4500.0     163.2404989585652
 4600.0     164.6409724023953
 4700.0     166.0477111129338
 4800.0     167.4124666683342
 4900.0     168.9264255848133
 5000.0     170.6919351652815
 5100.0     172.1391127045265
 5200.0     173.2952172695436
 5300.0     174.5006935122767
 5400.0     175.6740217262281
 5500.0     176.8070264721328
 5600.0     177.9609210126600
 5700.0     179.1133217172680
 5800.0     180.2288000724964
 5900.0     181.3509520937633
 6000.0     182.4493049766753
# P = 19.000000 (GPa)
    0.0      -2.5939679580556
  100.0       6.6684641814107
  200.0      18.7741164967765
  300.0      31.2850421491295
  400.0      42.0670332918407
  500.0      51.4199684043406
  600.0      59.5055323615052
  700.0      66.5939151882908
  800.0      72.8789877154242
  900.0      78.5155529695150
 1000.0      83.6198466769118
 1100.0      88.2816219747058
 1200.0      92.5706614894498
 1300.0      96.5420614702712
 1400.0     100.2399832522250
 1500.0     103.7002784613280
 1600.0     106.9523738799376
 1700.0     110.0207478630235
 1800.0     112.9259431926033
 1900.0     115.6853606174462
 2000.0     118.3138875130922
 2100.0     120.8243342002937
 2200.0     123.2278103307925
 2300.0     125.5340504178343
 2400.0     127.7516206069196
 2500.0     129.8880831264286
 2600.0     131.9501256738521
 2700.0     133.9438441081395
 2800.0     135.8746124697741
 2900.0     137.7473426827538
 3000.0     139.5665832001714
 3100.0     141.3362684061594
 3200.0     143.0602389541814
 3300.0     144.7418970572201
 3400.0     146.3845474219460
 3500.0     147.9911721722706
 3600.0     149.5644928387175
 3700.0     151.1073658149325
 3800.0     152.6220970483692
 3900.0     154.1114180586316
 4000.0     155.5774416123170
 4100.0     157.0225948168399
 4200.0     158.4491806748381
 4300.0     159.8591487466523
 4400.0     161.2549680456081
 4500.0     162.6398157540742
 4600.0     164.0112676562011
 4700.0     165.3889298886403
 4800.0     166.7130551980365
 4900.0     168.2158139409487
 5000.0     170.0629910788952
 5100.0     171.5634381789630
 5200.0     172.7033529888070
 5300.0     173.8986181979145
 5400.0     175.0643545177957
 5500.0     176.1871539034095
 5600.0     177.3330919339134
 5700.0     178.4761770259552
 5800.0     179.5831049058474
 5900.0     180.6964482310487
 6000.0     181.7605395654190
# P = 20.000000 (GPa)
    0.0      -2.5902961519821
  100.0       6.6504929529442
  200.0      18.7125048728570
  300.0      31.1789269492367
  400.0      41.9327332723458
  500.0      51.2673473045577
  600.0      59.3402334614531
  700.0      66.4190410772835
  800.0      72.6963408510675
  900.0      78.3261928370377
 1000.0      83.4244129724812
 1100.0      88.0804981259228
 1200.0      92.3640589176508
 1300.0      96.3300788528059
 1400.0     100.0226454789111
 1500.0     103.4775503160263
 1600.0     106.7241737340102
 1700.0     109.7869618811562
 1800.0     112.6864262984221
 1900.0     115.4399406321865
 2000.0     118.0623686376496
 2100.0     120.5664989404252
 2200.0     122.9634180080815
 2300.0     125.2628378660443
 2400.0     127.4733042668513
 2500.0     129.6023511269322
 2600.0     131.6566484797211
 2700.0     133.6422594666354
 2800.0     135.5645348724049
 2900.0     137.4283540812804
 3000.0     139.2382329649344
 3100.0     140.9980717676321
 3200.0     142.7116739919477
 3300.0     144.3823949966898
 3400.0     146.0134967626909
 3500.0     147.6079105656392
 3600.0     149.1682941473462
 3700.0     150.6974544845466
 3800.0     152.1976086884622
 3900.0     153.6714269788789
 4000.0     155.1209266838808
 4100.0     156.5484324189509
 4200.0     157.9561431493053
 4300.0     159.3458792791628
 4400.0     160.7199391395039
 4500.0     162.0815008894652
 4600.0     163.4272816946080
 4700.0     164.7791209314887
 4800.0     166.0680703746182
 4900.0     167.5590951510318
 5000.0     169.4695804102426
 5100.0     171.0111201958707
 5200.0     172.1365421127076
 5300.0     173.3222498253107
 5400.0     174.4804574522749
 5500.0     175.5933347087243
 5600.0     176.7315108010089
 5700.0     177.8657068312067
 5800.0     178.9642621874408
 5900.0     180.0690468630247
 6000.0     181.1029328541532
# P = 21.000000 (GPa)
    0.0      -2.5872473063067
  100.0       6.6349559435364
  200.0      18.6552599544666
  300.0      31.0782081100380
  400.0      41.8043883949269
  500.0      51.1210553327434
  600.0      59.1815658532548
  700.0      66.2510689984801
  800.0      72.5208502060824
  900.0      78.1442411115465
 1000.0      83.2366461195973
 1100.0      87.8873056627157
 1200.0      92.1656578899788
 1300.0      96.1265813154505
 1400.0      99.8140892573237
 1500.0     103.2639120517242
 1600.0     106.5053874979362
 1700.0     109.5629310916573
 1800.0     112.4570231568349
 1900.0     115.2050119594484
 2000.0     117.8217404624805
 2100.0     120.3199756834443
 2200.0     122.7107837186556
 2300.0     125.0038561250000
 2400.0     127.2077195856083
 2500.0     129.3298835421341
 2600.0     131.3770009061059
 2700.0     133.3551081777636
 2800.0     135.2695316039071
 2900.0     137.1251277072983
 3000.0     138.9263765293609
 3100.0     140.6771561781180
 3200.0     142.3812314219498
 3300.0     144.0419211621288
 3400.0     145.6624495010608
 3500.0     147.2456988703017
 3600.0     148.7942859176185
 3700.0     150.3109535493739
 3800.0     151.7978679169994
 3900.0     153.2576312111197
 4000.0     154.6921759162528
 4100.0     156.1037633720233
 4200.0     157.4944828122395
 4300.0     158.8660509948071
 4400.0     160.2206363852287
 4500.0     161.5614058248185
 4600.0     162.8843916840557
 4700.0     164.2131842035388
 4800.0     165.4716035419628
 4900.0     166.9503718281705
 5000.0     168.9084014953953
 5100.0     170.4806322896679
 5200.0     171.5930487821911
 5300.0     172.7697921098039
 5400.0     173.9205572021609
 5500.0     175.0237889422052
 5600.0     176.1544021197736
 5700.0     177.2801083777918
 5800.0     178.3704775419721
 5900.0     179.4669531398752
 6000.0     180.4741603998521
# P = 22.000000 (GPa)
    0.0      -2.5847830058670
  100.0       6.6217348980172
  200.0      18.6021745451065
  300.0      30.9826376972958
  400.0      41.6817272292401
  500.0      50.9808074817979
  600.0      59.0292300360337
  700.0      66.0896807396127
  800.0      72.3521811896856
  900.0      77.9693497734635
 1000.0      83.0561821979498
 1100.0      87.7016605118340
 1200.0      91.9750563132107
 1300.0      95.9311478935553
 1400.0      99.6138724868850
 1500.0     103.0588983087970
 1600.0     106.2955266528113
 1700.0     109.3481418378225
 1800.0     112.2371921719020
 1900.0     114.9800041079353
 2000.0     117.5914012953748
 2100.0     120.0841290093922
 2200.0     122.4692356955525
 2300.0     124.7563947164389
 2400.0     126.9541137949439
 2500.0     129.0698820714925
 2600.0     131.1103356365111
 2700.0     133.0814891515041
 2800.0     134.9886446089808
 2900.0     136.8366411654122
 3000.0     138.6299244832946
 3100.0     140.3723555648215
 3200.0     142.0676639909815
 3300.0     143.7191385360362
 3400.0     145.3299670238672
 3500.0     146.9029954440288
 3600.0     148.4407972256570
 3700.0     149.9460690343520
 3800.0     151.4209278234705
 3900.0     152.8679140197573
 4000.0     154.2889057573421
 4100.0     155.6860820071109
 4200.0     157.0614659987791
 4300.0     158.4166822954935
 4400.0     159.7537747337704
 4500.0     161.0759119198729
 4600.0     162.3785914407850
 4700.0     163.6867232152498
 4800.0     164.9185904618240
 4900.0     166.3846092931430
 5000.0     168.3766076709992
 5100.0     169.9706143464934
 5200.0     171.0713345420008
 5300.0     172.2396527213490
 5400.0     173.3830794492884
 5500.0     174.4769359494955
 5600.0     175.6001878021283
 5700.0     176.7177798466456
 5800.0     177.8001555000108
 5900.0     178.8885694473967
 6000.0     179.8721776471730
# P = 23.000000 (GPa)
    0.0      -2.5828670160120
  100.0       6.6107180479492
  200.0      18.5530526698064
  300.0      30.8919807002210
  400.0      41.5644975399457
  500.0      50.8463367831985
  600.0      58.8829403992992
  700.0      65.9345747275904
  800.0      72.1900202680845
  900.0      77.8011927624858
 1000.0      82.8826777517954
 1100.0      87.5232011397352
 1200.0      91.7918777711430
 1300.0      95.7433848510303
 1400.0      99.4215801776687
 1500.0     102.8620741955034
 1600.0     106.0941351665041
 1700.0     109.1421145923246
 1800.0     112.0264285657375
 1900.0     114.7643862179987
 2000.0     117.3707919583126
 2100.0     119.8583689884488
 2200.0     122.2381513907246
 2300.0     124.5197959955177
 2400.0     126.7117913463178
 2500.0     128.8216100646098
 2600.0     130.8558724951249
 2700.0     132.8205736866341
 2800.0     134.7209945525185
 2900.0     136.5619577604370
 3000.0     138.3478802627586
 3100.0     140.0826053647380
 3200.0     141.7698366393033
 3300.0     143.4128301274022
 3400.0     145.0147489259770
 3500.0     146.5784007147184
 3600.0     148.1063274255227
 3700.0     149.6011825166680
 3800.0     151.0650394121185
 3900.0     152.5003940415941
 4000.0     153.9090612566929
 4100.0     155.2931730100583
 4200.0     156.6546771831374
 4300.0     157.9951250675934
 4400.0     159.3164734928188
 4500.0     160.6218580352534
 4600.0     161.9063828872244
 4700.0     163.1959210498183
 4800.0     164.4046646597348
 4900.0     165.8574793120883
 5000.0     167.8717261077639
 5100.0     169.4798461960080
 5200.0     170.5700279188265
 5300.0     171.7304140124750
 5400.0     172.8666202635939
 5500.0     173.9513650960363
 5600.0     175.0674584352909
 5700.0     176.1772899320561
 5800.0     177.2518668491576
 5900.0     178.3324623275328
 6000.0     179.2951733916171
# P = 24.000000 (GPa)
    0.0      -2.5814649639961
  100.0       6.6017998724421
  200.0      18.5077104103907
  300.0      30.8060204170711
  400.0      41.4524623037022
  500.0      50.7173865088442
  600.0      58.7424250002441
  700.0      65.7854673646178
  800.0      72.0340750143527
  900.0      77.6394624254956
 1000.0      82.7158070554270
 1100.0      87.3515887596586
 1200.0      91.6157697857539
 1300.0      95.5629220796876
 1400.0      99.2368225823785
 1500.0     102.6730330325796
 1600.0     105.9007871878224
 1700.0     108.9444007022485
 1800.0     111.8242614722809
 1900.0     114.5576638040547
 2000.0     117.1593918410023
 2100.0     119.6421471560430
 2200.0     122.0169530057059
 2300.0     124.2934503359952
 2400.0     126.4801083711494
 2500.0     128.5843867528041
 2600.0     130.6128914887622
 2700.0     132.5715985569314
 2800.0     134.4657720232296
 2900.0     136.3002180504427
 3000.0     138.0793298550346
 3100.0     139.8069330577932
 3200.0     141.4867117355396
 3300.0     143.1218898615878
 3400.0     144.7156108163274
 3500.0     146.2706478078611
 3600.0     147.7895173334871
 3700.0     149.2748320232133
 3800.0     150.7286339910021
 3900.0     152.1533715007530
 4000.0     153.5508167647763
 4100.0     154.9230514773687
 4200.0     156.2719624635660
 4300.0     157.5990504651946
 4400.0     158.9061734318551
 4500.0     160.1964606603539
 4600.0     161.4647137479270
 4700.0     162.7374424095780
 4800.0     163.9260311959411
 4900.0     165.3652396032509
 5000.0     167.3915961218760
 5100.0     169.0072271896834
 5200.0     170.0878996026518
 5300.0     171.2408078986308
 5400.0     172.3699206974806
 5500.0     173.4458101119397
 5600.0     174.5549474162496
 5700.0     175.6573518176110
 5800.0     176.7243253689778
 5900.0     177.7973411612859
 6000.0     178.7415348494735
# P = 25.000000 (GPa)
    0.0      -2.5805450382978
  100.0       6.5948811595790
  200.0      18.4659752689428
  300.0      30.7245488113465
  400.0      41.3453918474671
  500.0      50.5937116649418
  600.0      58.6074277347316
  700.0      65.6420963400158
  800.0      71.8840689000945
  900.0      77.4838646727009
 1000.0      82.5552633532568
 1100.0      87.1865070988667
 1200.0      91.4464016228036
 1300.0      95.3894094239260
 1400.0      99.0592347684555
 1500.0     102.4913944323237
 1600.0     105.7150835940411
 1700.0     108.7545798601214
 1800.0     111.6302513168923
 1900.0     114.3593759541715
 2000.0     116.9567152552276
 2100.0     119.4349530175839
 2200.0     121.8051036021991
 2300.0     124.0767916734233
 2400.0     126.2584678597449
 2500.0     128.3575820573167
 2600.0     130.3807268983482
 2700.0     132.3338594583026
 2800.0     134.2222310885666
 2900.0     136.0506317039302
 3000.0     137.8234337017348
 3100.0     139.5444477875160
 3200.0     141.2173398664823
 3300.0     142.8453074967854
 3400.0     144.4314731843348
 3500.0     145.9785853258170
 3600.0     147.4891321423624
 3700.0     148.9656976015553
 3800.0     150.4102904473315
 3900.0     151.8253225727176
 4000.0     153.2125269069387
 4100.0     154.5739414831263
 4200.0     155.9114070173642
 4300.0     157.2263684576031
 4400.0     158.5206220221957
 4500.0     159.7972566400628
 4600.0     161.0508829044459
 4700.0     162.3083761322515
 4800.0     163.4793780874766
 4900.0     164.9046244991519
 5000.0     166.9343200024813
 5100.0     168.5517645847887
 5200.0     169.6238399908405
 5300.0     170.7696925128009
 5400.0     171.8918483428926
 5500.0     172.9591286210596
 5600.0     174.0615105991475
 5700.0     175.1568040947196
 5800.0     176.2163694014556
 5900.0     177.2820385374960
 6000.0     178.2098185023598
# P = 26.000000 (GPa)
    0.0      -2.5800769979010
  100.0       6.5898672104105
  200.0      18.4276806200989
  300.0      30.6473657010376
  400.0      41.2430672510900
  500.0      50.4750830479188
  600.0      58.4777137887308
  700.0      65.5042118840592
  800.0      71.7397355044349
  900.0      77.3341212207018
 1000.0      82.4007618799412
 1100.0      87.0276596062027
 1200.0      91.2834581962393
 1300.0      95.2225172101214
 1400.0      98.8884759402704
 1500.0     102.3168024796323
 1600.0     105.5366480724878
 1700.0     108.5722590330816
 1800.0     111.4439875618580
 1900.0     114.1690917779048
 2000.0     116.7623083987053
 2100.0     119.2363109580890
 2200.0     121.6021037307026
 2300.0     123.8692933824099
 2400.0     126.0463154894503
 2500.0     128.1406119604546
 2600.0     130.1587622066610
 2700.0     132.1067052553159
 2800.0     133.9896832637927
 2900.0     135.8124703398434
 3000.0     137.5794195591378
 3100.0     139.2943306670851
 3200.0     140.9608511093428
 3300.0     142.5821577555242
 3400.0     144.1613511142605
 3500.0     145.7011623463547
 3600.0     147.2040514209937
 3700.0     148.6725788968847
 3800.0     150.1087250628790
 3900.0     151.5148686022944
 4000.0     152.8927097772286
 4100.0     154.2442504860248
 4200.0     155.5712864408670
 4300.0     156.8752258646647
 4400.0     158.1578002107769
 4500.0     159.4220631407910
 4600.0     160.6625143604106
 4700.0     161.9061368641584
 4800.0     163.0618086969694
 4900.0     164.4727832247424
 5000.0     166.4982086147684
 5100.0     168.1125582206945
 5200.0     169.1768509761169
 5300.0     170.3160313846494
 5400.0     171.4313771609765
 5500.0     172.4902893244786
 5600.0     173.5861098324137
 5700.0     174.6745927493324
 5800.0     175.7269455087271
 5900.0     176.7854948977532
 6000.0     177.6987246323455
# P = 27.000000 (GPa)
    0.0      -2.5800321228154
  100.0       6.5866683411995
  200.0      18.3926686113658
  300.0      30.5742824122600
  400.0      41.1452879158441
  500.0      50.3612903672651
  600.0      58.3530557511090
  700.0      65.3715717853522
  800.0      71.6008221388346
  900.0      77.1899753646652
 1000.0      82.2520361327649
 1100.0      86.8747617664134
 1200.0      91.1266409318151
 1300.0      95.0619384631803
 1400.0      98.7242274487362
 1500.0     102.1489199555525
 1600.0     105.3651267294901
 1700.0     108.3970712680609
 1800.0     111.2650868272013
 1900.0     113.9864064632351
 2000.0     116.5757476293133
 2100.0     119.0457775636885
 2200.0     121.4074876124169
 2300.0     123.6704647555821
 2400.0     125.8431359557606
 2500.0     127.9329344606083
 2600.0     129.9464254382975
 2700.0     131.8895329823793
 2800.0     133.7674921261883
 2900.0     135.5850613233552
 3000.0     137.3465757157498
 3100.0     139.0558279024670
 3200.0     140.7164465534377
 3300.0     142.3315918485130
 3400.0     143.9043437867322
 3500.0     145.4374186590236
 3600.0     146.9332533112526
 3700.0     148.3943837347085
 3800.0     149.8227724045268
 3900.0     151.2207597436797
 4000.0     152.5900285876782
 4100.0     153.9325392406339
 4200.0     155.2500571646533
 4300.0     156.5439541537702
 4400.0     157.8159095741518
 4500.0     159.0689365424971
 4600.0     160.2974856790846
 4700.0     161.5284560160450
 4800.0     162.6707551747074
 4900.0     164.0672059142274
 5000.0     166.0817752465302
 5100.0     167.6887750008316
 5200.0     168.7460257074335
 5300.0     169.8788928419728
 5400.0     170.9875685251833
 5500.0     172.0383523484332
 5600.0     173.1278059358816
 5700.0     174.2097567134919
 5800.0     175.2550916507888
 5900.0     176.3067464242980
 6000.0     177.2070780466690
# P = 28.000000 (GPa)
    0.0      -2.5803832257401
  100.0       6.5851998303055
  200.0      18.3607931430863
  300.0      30.5051264248150
  400.0      41.0518629492207
  500.0      50.2521254641473
  600.0      58.2332330767486
  700.0      65.2439472559080
  800.0      71.4670984092913
  900.0      77.0511865035328
 1000.0      82.1088276760865
 1100.0      86.7275424210416
 1200.0      90.9756721483536
 1300.0      94.9073874589272
 1400.0      98.5661863047151
 1500.0     101.9874273127381
 1600.0     105.2001894468390
 1700.0     108.2286738592912
 1800.0     111.0931877913095
 1900.0     113.8109399981463
 2000.0     116.3966376955148
 2100.0     118.8629394605521
 2200.0     121.2208191885915
 2300.0     123.4798485841203
 2400.0     125.6484497994799
 2500.0     127.7340453625375
 2600.0     129.7431851130556
 2700.0     131.6817834785474
 2800.0     133.5550685089326
 2900.0     135.3677823449681
 3000.0     137.1242450237594
 3100.0     138.8282446396832
 3200.0     140.4833908080422
 3300.0     142.0928300178555
 3400.0     143.6596244122521
 3500.0     145.1864756183811
 3600.0     146.6758031278709
 3700.0     148.1301170420491
 3800.0     149.5513703556601
 3900.0     150.9418637630206
 4000.0     152.3032695197442
 4100.0     153.6375102715855
 4200.0     154.9463240654718
 4300.0     156.2310553269534
 4400.0     157.4933367478310
 4500.0     158.7361339126018
 4600.0     159.9539158728626
 4700.0     161.1733012545138
 4800.0     162.3039575680406
 4900.0     163.6856740178555
 5000.0     165.6836773680356
 5100.0     167.2796719544792
 5200.0     168.3305280461908
 5300.0     169.4574215534420
 5400.0     170.5595800021515
 5500.0     171.6024533351324
 5600.0     172.6857361127574
 5700.0     173.7614262865937
 5800.0     174.7999270535188
 5900.0     175.8449050694506
 6000.0     176.7338237254164
# P = 29.000000 (GPa)
    0.0      -2.5811049866491
  100.0       6.5853811627103
  200.0      18.3319128119431
  300.0      30.4397266246639
  400.0      40.9626041199865
  500.0      50.1473887241366
  600.0      58.1180416733582
  700.0      65.1211323601415
  800.0      71.3383446049531
  900.0      76.9175183707191
 1000.0      81.9708896027632
 1100.0      86.5857507004175
 1200.0      90.8302952783080
 1300.0      94.7585904362939
 1400.0      98.4140630432433
 1500.0     101.8320258011365
 1600.0     105.0415293071095
 1700.0     108.0667436308748
 1800.0     110.9279485631666
 1900.0     113.6423376056613
 2000.0     116.2246097803701
 2100.0     118.6874088638754
 2200.0     121.0416900203668
 2300.0     123.2970187913523
 2400.0     125.4618108139719
 2500.0     127.5434742334406
 2600.0     129.5485470733256
 2700.0     131.4829376272255
 2800.0     133.3518658044707
 2900.0     135.1600567694707
 3000.0     136.9118197030188
 3100.0     138.6109393054856
 3200.0     140.2610055739272
 3300.0     141.8651545349304
 3400.0     143.4264328579350
 3500.0     144.9475273250484
 3600.0     146.4308446263493
 3700.0     147.8788699028606
 3800.0     149.2935499402422
 3900.0     150.6771493404250
 4000.0     152.0313301526661
 4100.0     153.3579866967990
 4200.0     154.6588253389511
 4300.0     155.9351786904691
 4400.0     157.1886280396123
 4500.0     158.4220961344264
 4600.0     159.6301146307528
 4700.0     160.8388687107717
 4800.0     161.9594003857883
 4900.0     163.3262165697078
 5000.0     165.3027251911355
 5100.0     166.8845454644882
 5200.0     167.9296084840726
 5300.0     169.0508364310435
 5400.0     170.1466250410475
 5500.0     171.1818167618745
 5600.0     172.2591068365414
 5700.0     173.3287943116702
 5800.0     174.3606532631625
 5900.0     175.3991596536805
 6000.0     176.2779795822841
# P = 30.000000 (GPa)
    0.0      -2.5821732213015
  100.0       6.5871359224566
  200.0      18.3058922282404
  300.0      30.3779200084957
  400.0      40.8773369184066
  500.0      50.0469018445648
  600.0      58.0072945896972
  700.0      65.0029233814469
  800.0      71.2143438338258
  900.0      76.7887463740440
 1000.0      81.8379969096107
 1100.0      86.4491552361456
 1200.0      90.6902609685906
 1300.0      94.6152841057129
 1400.0      98.2675869205241
 1500.0     101.6824401782678
 1600.0     104.8888559543727
 1700.0     107.9109720013247
 1800.0     110.7690485453356
 1900.0     113.4802694045913
 2000.0     116.0593183050536
 2100.0     118.5188197454230
 2200.0     120.8697187804919
 2300.0     123.1215782176571
 2400.0     125.2828020740362
 2500.0     127.3607815301206
 2600.0     129.3620515377767
 2700.0     131.2925132110717
 2800.0     133.1573756595485
 2900.0     134.9613496510214
 3000.0     136.7087368635925
 3100.0     138.4033183782897
 3200.0     140.0486640904608
 3300.0     141.6479035161739
 3400.0     143.2040692201569
 3500.0     144.7198328675794
 3600.0     146.1975921795157
 3700.0     147.6398093050820
 3800.0     149.0484256574702
 3900.0     150.4256743908905
 4000.0     151.7732075065497
 4100.0     153.0928976156808
 4200.0     154.3864196699005
 4300.0     155.6550998628029
 4400.0     156.9004749886513
 4500.0     158.1254158391547
 4600.0     159.3245686843230
 4700.0     160.5235392817150
 4800.0     161.6352860581115
 4900.0     162.9870825335196
 5000.0     164.9378328861308
 5100.0     166.5027660982105
 5200.0     167.5425653705782
 5300.0     168.6584209526295
 5400.0     169.7479965763348
 5500.0     170.7757100721768
 5600.0     171.8471992474457
 5700.0     172.9111250931882
 5800.0     173.9365208690595
 5900.0     174.9687689143360
 6000.0     175.8386664912848
# P = 31.000000 (GPa)
    0.0      -2.5835648834180
  100.0       6.5903913549699
  200.0      18.2826062834824
  300.0      30.3195598311638
  400.0      40.7959014471508
  500.0      49.9504893356645
  600.0      57.9008021981591
  700.0      64.8891216793823
  800.0      71.0948947115621
  900.0      76.6646702679050
 1000.0      81.7099380353798
 1100.0      86.3175268373913
 1200.0      90.5553288829793
 1300.0      94.4772238540131
 1400.0      98.1265109672383
 1500.0     101.5384078417750
 1600.0     104.7418895947044
 1700.0     107.7610684565079
 1800.0     110.6161918331466
 1900.0     113.3244262745144
 2000.0     115.9004342979750
 2100.0     118.3568285287910
 2200.0     120.7045508606174
 2300.0     122.9531563148149
 2400.0     125.1110313025309
 2500.0     127.1855571575242
 2600.0     129.1832705274681
 2700.0     131.1100611894303
 2800.0     132.9711243643370
 2900.0     134.7711642426428
 3000.0     136.5144747039780
 3100.0     138.2048315758360
 3200.0     139.8457863493838
 3300.0     141.4404655826131
 3400.0     142.9918878959937
 3500.0     144.5027096807110
 3600.0     145.9753235528343
 3700.0     147.4121703434672
 3800.0     148.8151863183114
 3900.0     150.1865770821949
 4000.0     151.5279865495515
 4100.0     152.8412675724049
 4200.0     154.1280685044934
 4300.0     155.3897089054567
 4400.0     156.6276917255431
 4500.0     157.8448233953638
 4600.0     159.0359138553592
 4700.0     160.2258591755066
 4800.0     161.3300067419809
 4900.0     162.6667003188209
 5000.0     164.5880290833457
 5100.0     166.1337415575381
 5200.0     167.1687586807335
 5300.0     168.2795211197356
 5400.0     169.3630275375326
 5500.0     170.3834777646521
 5600.0     171.4493385934593
 5700.0     172.5077364708638
 5800.0     173.5268547047250
 5900.0     174.5530353563759
 6000.0     175.4150707388374
# P = 32.000000 (GPa)
    0.0      -2.5852584737843
  100.0       6.5950784514830
  200.0      18.2619337510003
  300.0      30.2644989764465
  400.0      40.7181346597537
  500.0      49.8579779049141
  600.0      57.7983871138678
  700.0      64.7795511914177
  800.0      70.9798161621153
  900.0      76.5450923495600
 1000.0      81.5865012144132
 1100.0      86.1906464014762
 1200.0      90.4252802610875
 1300.0      94.3441873476616
 1400.0      97.9905951978155
 1500.0     101.3996737281452
 1600.0     104.6003667758796
 1700.0     107.6167673810173
 1800.0     110.4691007879937
 1900.0     113.1745112229640
 2000.0     115.7476472191573
 2100.0     118.2011170003121
 2200.0     120.5458556987394
 2300.0     122.7914022483572
 2400.0     124.9461304394455
 2500.0     127.0174198230876
 2600.0     129.0118057800200
 2700.0     130.9351606280674
 2800.0     132.7926705170192
 2900.0     134.5890389383014
 3000.0     136.3285487634399
 3100.0     138.0149675657476
 3200.0     139.6518349684071
 3300.0     141.2422752911953
 3400.0     142.7892921288760
 3500.0     144.2955278368176
 3600.0     145.7633735362975
 3700.0     147.1952494968668
 3800.0     148.5930870445443
 3900.0     149.9590676546709
 4000.0     151.2948297774707
 4100.0     152.6022062854886
 4200.0     153.8828244943765
 4300.0     155.1379973759326
 4400.0     156.3692009440018
 4500.0     157.5791717513473
 4600.0     158.7629161459786
 4700.0     159.9445203958906
 4800.0     161.0421148806536
 4900.0     162.3636630732166
 5000.0     164.2524286958179
 5100.0     165.7769249698994
 5200.0     166.8076009349459
 5300.0     167.9135230670173
 5400.0     168.9911165286093
 5500.0     170.0044999667344
 5600.0     171.0649078464414
 5700.0     172.1180042457755
 5800.0     173.1310139389173
 5900.0     174.1513272199844
 6000.0     175.0064521395157
# P = 33.000000 (GPa)
    0.0      -2.5872335488830
  100.0       6.6011319393669
  200.0      18.2437584489713
  300.0      30.2125973304902
  400.0      40.6438873298310
  500.0      49.7692158582320
  600.0      57.6998920749100
  700.0      64.6740402233189
  800.0      70.8689216319897
  900.0      76.4298177210790
 1000.0      81.4674902649021
 1100.0      86.0683203500553
 1200.0      90.2999113967257
 1300.0      94.2159526798933
 1400.0      97.8596061590811
 1500.0     101.2659999503394
 1600.0     104.4640496865485
 1700.0     107.4778174507421
 1800.0     110.3275055887730
 1900.0     113.0302426995535
 2000.0     115.6006706798629
 2100.0     118.0513896552168
 2200.0     120.3933183116146
 2300.0     122.6359845518494
 2400.0     124.7877573841687
 2500.0     126.8560148990531
 2600.0     128.8472827591404
 2700.0     130.7674170980333
 2800.0     132.6216039129321
 2900.0     134.4145449328647
 3000.0     136.1505066867850
 3100.0     137.8332507793485
 3200.0     139.4663115578992
 3300.0     141.0528090585707
 3400.0     142.5957290492734
 3500.0     144.0977051384600
 3600.0     145.5611284765742
 3700.0     146.9883984410777
 3800.0     148.3814424374131
 3900.0     149.7424209630861
 4000.0     151.0729691070022
 4100.0     152.3748991560059
 4200.0     153.6498221829059
 4300.0     154.8990463009907
 4400.0     156.1240229086786
 4500.0     157.3274180172000
 4600.0     158.5044589348034
 4700.0     159.6783386533058
 4800.0     160.7703081906141
 4900.0     162.0767024413734
 5000.0     163.9302255663376
 5100.0     165.4318121204383
 5200.0     166.4585419734419
 5300.0     167.5598676162062
 5400.0     168.6316991081530
 5500.0     169.6382074627297
 5600.0     170.6933374542296
 5700.0     171.7413393506244
 5800.0     172.7484180032846
 5900.0     173.7630530610207
 6000.0     174.6120990690231
# P = 34.000000 (GPa)
    0.0      -2.5894704739031
  100.0       6.6084887435159
  200.0      18.2279729224376
  300.0      30.1637291676756
  400.0      40.5730216096571
  500.0      49.6840513367012
  600.0      57.6051521333154
  700.0      64.5724160009298
  800.0      70.7620371446851
  900.0      76.3186758236094
 1000.0      81.3527300807858
 1100.0      85.9503566819797
 1200.0      90.1790160089390
 1300.0      94.0923068448629
 1400.0      97.7333321022671
 1500.0     101.1371730385087
 1600.0     104.3327076455650
 1700.0     107.3439719227481
 1800.0     110.1911505832553
 1900.0     112.8913637429748
 2000.0     115.4592396057060
 2100.0     117.9073617727879
 2200.0     120.2466389714003
 2300.0     122.4865948677331
 2400.0     124.6355958352669
 2500.0     126.7010080189292
 2600.0     128.6893476969953
 2700.0     130.6064630255161
 2800.0     132.4575434097212
 2900.0     134.2472816069974
 3000.0     135.9799254399288
 3100.0     137.6592395909100
 3200.0     139.2887538392253
 3300.0     140.8715799402872
 3400.0     142.4106856519568
 3500.0     143.9087028250342
 3600.0     145.3680215842766
 3700.0     146.7910183774782
 3800.0     148.1796207319719
 3900.0     149.5359699469257
 4000.0     150.8616988562522
 4100.0     152.1585990471026
 4200.0     153.4282694892831
 4300.0     154.6720155910064
 4400.0     155.8912645351228
 4500.0     157.0886123158046
 4600.0     158.2595290555574
 4700.0     159.4262398157459
 4800.0     160.5134112729422
 4900.0     161.8046715717410
 5000.0     163.6206855280921
 5100.0     165.0979314302098
 5200.0     166.1210742386400
 5300.0     167.2180341579076
 5400.0     168.2842506307925
 5500.0     169.2840748476917
 5600.0     170.3340906528903
 5700.0     171.3772041562120
 5800.0     172.3785209854977
 5900.0     173.3876544040271
 6000.0     174.2314107606847
# P = 35.000000 (GPa)
    0.0      -2.5919509730738
  100.0       6.6170898603312
  200.0      18.2144719238326
  300.0      30.1177653957970
  400.0      40.5053948315002
  500.0      49.6023345694979
  600.0      57.5140168060655
  700.0      64.4745301975269
  800.0      70.6590097253404
  900.0      76.2114986288851
 1000.0      81.2420378364735
 1100.0      85.8365653319679
 1200.0      90.0624046177673
 1300.0      93.9730636800981
 1400.0      97.6115766872930
 1500.0     101.0129781458023
 1600.0     104.2061141616437
 1700.0     107.2150000986255
 1800.0     110.0598067787002
 1900.0     112.7576342319108
 2000.0     115.3230944053449
 2100.0     117.7687611759973
 2200.0     120.1055398348083
 2300.0     122.3429506863434
 2400.0     124.4893455430267
 2500.0     126.5520805009796
 2600.0     128.5376695015747
 2700.0     130.4519587826037
 2800.0     132.3001330050209
 2900.0     134.0868711697834
 3000.0     135.8164103424380
 3100.0     137.4925240458878
 3200.0     139.1187321807115
 3300.0     140.6981336774108
 3400.0     142.2336860691624
 3500.0     143.7280220227900
 3600.0     145.1835277398209
 3700.0     146.6025551657196
 3800.0     147.9870387279496
 3900.0     149.3391000681752
 4000.0     150.6603692942716
 4100.0     151.9526192959118
 4200.0     153.2174400143886
 4300.0     154.4561357259780
 4400.0     155.6701095966663
 4500.0     156.8618880541283
 4600.0     158.0272042260449
 4700.0     159.1872483231855
 4800.0     160.2703572403298
 4900.0     161.5465324509951
 5000.0     163.3231357133176
 5100.0     164.7748429306531
 5200.0     165.7947265996780
 5300.0     166.8875368953603
 5400.0     167.9482865304661
 5500.0     168.9416093490673
 5600.0     169.9866728580759
 5700.0     171.0250951323651
 5800.0     172.0208125005123
 5900.0     173.0246251361433
 6000.0     173.8637789130894
# P = 36.000000 (GPa)
    0.0      -2.5946576627974
  100.0       6.6268787962356
  200.0      18.2031562036710
  300.0      30.0745884635286
  400.0      40.4408831723484
  500.0      49.5239378496863
  600.0      57.4263496600815
  700.0      64.3802321492461
  800.0      70.5596759682578
  900.0      76.1081168280310
 1000.0      81.1352458582604
 1100.0      85.7267828766284
 1200.0      89.9499076348343
 1300.0      93.8580361671559
 1400.0      97.4941391138907
 1500.0     100.8932088136984
 1600.0     104.0840652504132
 1700.0     107.0906972435524
 1800.0     109.9332525055018
 1900.0     112.6288156907347
 2000.0     115.1919875061143
 2100.0     117.6353391458241
 2200.0     119.9697679192989
 2300.0     122.2047799965657
 2400.0     124.3487179015071
 2500.0     126.4089334812709
 2600.0     128.3919448268903
 2700.0     130.3035867062154
 2800.0     132.1490339291713
 2900.0     133.9329592789069
 3000.0     135.6595962943898
 3100.0     137.3327233763257
 3200.0     138.9558429306884
 3300.0     140.5320467173498
 3400.0     142.0642891141302
 3500.0     143.5552006329933
 3600.0     145.0071585563186
 3700.0     146.4224955744255
 3800.0     147.8031574861231
 3900.0     149.1512439747308
 4000.0     150.4683808988031
 4100.0     151.7563277178754
 4200.0     153.0166663863351
 4300.0     154.2507004371780
 4400.0     155.4598103170036
 4500.0     156.6464530853119
 4600.0     157.8066423503734
 4700.0     158.9604758109912
 4800.0     160.0401763001823
 4900.0     161.3013429760721
 5000.0     163.0369577586304
 5100.0     164.4621366005361
 5200.0     165.4790589928933
 5300.0     166.5679243310744
 5400.0     167.6233539736433
 5500.0     168.6103516714768
 5600.0     169.6506226374144
 5700.0     170.6845404325378
 5800.0     171.6748193969206
 5900.0     172.6734886125649
 6000.0     173.5086403852542
# P = 37.000000 (GPa)
    0.0      -2.5975736824204
  100.0       6.6378008283470
  200.0      18.1939320823091
  300.0      30.0340867031942
  400.0      40.3793618640876
  500.0      49.4487241729741
  600.0      57.3420050130983
  700.0      64.2893734537931
  800.0      70.4638907148126
  900.0      76.0083882780271
 1000.0      81.0322048791979
 1100.0      85.6208439271081
 1200.0      89.8413460206997
 1300.0      93.7470399371599
 1400.0      97.3808378602645
 1500.0     100.7776867523495
 1600.0     103.9663712746548
 1700.0     106.9708551245967
 1800.0     109.8112682023590
 1900.0     112.5046850416764
 2000.0     115.0656987064071
 2100.0     117.5068664433006
 2200.0     119.8390739631681
 2300.0     122.0718200802110
 2400.0     124.2134435228485
 2500.0     126.2712962551156
 2600.0     128.2518884423294
 2700.0     130.1610412793268
 2800.0     132.0039268891029
 2900.0     133.7852190859502
 3000.0     135.5091449027684
 3100.0     137.1794777919435
 3200.0     138.7997075247077
 3300.0     140.3729263572214
 3400.0     141.9020859617277
 3500.0     143.3898070906709
 3600.0     144.8384594182616
 3700.0     146.2503644892124
 3800.0     147.6274788407885
 3900.0     148.9718758370066
 4000.0     150.2851795799899
 4100.0     151.5691414507984
 4200.0     152.8253344402024
 4300.0     154.0550600460942
 4400.0     155.2596802423872
 4500.0     156.4415818086438
 4600.0     157.5970730129116
 4700.0     158.7451111618027
 4800.0     159.8219851794501
 4900.0     161.0682453770098
 5000.0     162.7615824895428
 5100.0     164.1594286318599
 5200.0     165.1736602917935
 5300.0     166.2587754225513
 5400.0     167.3090292900104
 5500.0     168.2898739728114
 5600.0     169.3255073115207
 5700.0     170.3551006703472
 5800.0     171.3400990847690
 5900.0     172.3337931225200
 6000.0     173.1654977456538
# P = 38.000000 (GPa)
    0.0      -2.6006836806892
  100.0       6.6498057860465
  200.0      18.1867083419317
  300.0      29.9961479425475
  400.0      40.3207095542166
  500.0      49.3765703667585
  600.0      57.2608608764175
  700.0      64.2018296772699
  800.0      70.3715188652600
  900.0      75.9121627957795
 1000.0      80.9327539878313
 1100.0      85.5185846661330
 1200.0      89.7365604313883
 1300.0      93.6399192552135
 1400.0      97.2715078805917
 1500.0     100.6662291006929
 1600.0     103.8528368774846
 1700.0     106.8552743872515
 1800.0     109.6936584114030
 1900.0     112.3850461426504
 2000.0     114.9440148349857
 2100.0     117.3831126776040
 2200.0     119.7132185420942
 2300.0     121.9438305267093
 2400.0     124.0832808687301
 2500.0     126.1389096974113
 2600.0     128.1172229474718
 2700.0     130.0240338432158
 2800.0     131.8645193281692
 2900.0     133.6433491099897
 3000.0     135.3647335905364
 3100.0     137.0324473801692
 3200.0     138.6499740401951
 3300.0     140.2204099914058
 3400.0     141.7466942612218
 3500.0     143.2314368909271
 3600.0     144.6770080329196
 3700.0     146.0857221085692
 3800.0     147.4595405252993
 3900.0     148.8005072823095
 4000.0     150.1102532038473
 4100.0     151.3905227125121
 4200.0     152.6428770869548
 4300.0     153.8686157198627
 4400.0     155.0690881125404
 4500.0     156.2466084104471
 4600.0     157.3977898513499
 4700.0     158.5404120075401
 4800.0     159.6149777672594
 4900.0     160.8464562752289
 5000.0     162.4964849517457
 5100.0     163.8663588266826
 5200.0     164.8781460546511
 5300.0     165.9596960311090
 5400.0     167.0049162072585
 5500.0     167.9797753895827
 5600.0     169.0109216778108
 5700.0     170.0363644062830
 5800.0     171.0162360810289
 5900.0     172.0051171264900
 6000.0     172.8338831878858
# P = 39.000000 (GPa)
    0.0      -2.6039723275724
  100.0       6.6628430664198
  200.0      18.1813998874731
  300.0      29.9606738061767
  400.0      40.2648206029427
  500.0      49.3073615479912
  600.0      57.1827900818325
  700.0      64.1174625527246
  800.0      70.2824167283491
  900.0      75.8192981920186
 1000.0      80.8367563649851
 1100.0      85.4198691025235
 1200.0      89.6354037701878
 1300.0      93.5365103335614
 1400.0      97.1659742274560
 1500.0     100.5586584194706
 1600.0     103.7432896264498
 1700.0     106.7437846013057
 1800.0     109.5802393322650
 1900.0     112.2696968053511
 2000.0     114.8267232152421
 2100.0     117.2638628712540
 2200.0     119.5919904990877
 2300.0     121.8205925093117
 2400.0     123.9579908649066
 2500.0     126.0115204626224
 2600.0     127.9876877448854
 2700.0     129.8923041129790
 2800.0     131.7305409197977
 2900.0     133.5070576823874
 3000.0     135.2260555944783
 3100.0     136.8913160839105
 3200.0     138.5063203193525
 3300.0     140.0741571923265
 3400.0     141.5977523347300
 3500.0     143.0797123477468
 3600.0     144.5224147384087
 3700.0     145.9281605910971
 3800.0     147.2989099983099
 3900.0     148.6366846374519
 4000.0     149.9431283146250
 4100.0     151.2199748328811
 4200.0     152.4687690961314
 4300.0     153.6908148732136
 4400.0     154.8874527180767
 4500.0     156.0609204550814
 4600.0     157.2081437731327
 4700.0     158.3456975210912
 4800.0     159.4184168687836
 4900.0     160.6352586702295
 5000.0     162.2411797413677
 5100.0     163.5825888094562
 5200.0     164.5921560226539
 5300.0     165.6703166846009
 5400.0     166.7106434427922
 5500.0     167.6796796840650
 5600.0     168.7064859453457
 5700.0     169.7279452803672
 5800.0     170.7028404140330
 5900.0     171.6870665486850
 6000.0     172.5133508904149
# P = 40.000000 (GPa)
    0.0      -2.6074257100726
  100.0       6.6768672800844
  200.0      18.1779240443389
  300.0      29.9275613797792
  400.0      40.2115804258447
  500.0      49.2409769261718
  600.0      57.1076712540803
  700.0      64.0361541818831
  800.0      70.1964680569594
  900.0      75.7296723188741
 1000.0      80.7440762442189
 1100.0      85.3245471341485
 1200.0      89.5377189579992
 1300.0      93.4366573811358
 1400.0      97.0640872532622
 1500.0     100.4548258645989
 1600.0     103.6375676902785
 1700.0     106.6362063018606
 1800.0     109.4708211910696
 1900.0     112.1584456776243
 2000.0     114.7136376506001
 2100.0     117.1489291661502
 2200.0     119.4751844490264
 2300.0     121.7018834021616
 2400.0     123.8373422243947
 2500.0     125.8888967944640
 2600.0     127.8630521582590
 2700.0     129.7656057535200
 2800.0     131.6017255602150
 2900.0     133.3760667667222
 3000.0     135.0928279418875
 3100.0     136.7557973825086
 3200.0     138.3684409662682
 3300.0     139.9338427909967
 3400.0     141.4549211242903
 3500.0     142.9342867456692
 3600.0     144.3743183537405
 3700.0     145.7772953396500
 3800.0     147.1451834056701
 3900.0     148.4799887111817
 4000.0     149.7833675181102
 4100.0     151.0570352626686
 4200.0     152.3025233932950
 4300.0     153.5211475453354
 4400.0     154.7142386746063
 4500.0     155.8839526015736
 4600.0     157.0275371431241
 4700.0     158.1603422863095
 4800.0     159.2316270635989
 4900.0     160.4339947393242
 5000.0     161.9952170348244
 5100.0     163.3078003568139
 5200.0     164.3153518532685
 5300.0     165.3902905786981
 5400.0     166.4258623984645
 5500.0     167.3892332829693
 5600.0     168.4118434871430
 5700.0     169.4294800647575
 5800.0     170.3995455128065
 5900.0     171.3792715051852
 6000.0     172.2034800555436
