# T (K)     Gibbs free energy (Ry.)
# P= 0.000000 GPa
    0.0      -0.8830990094987
  100.0      -0.8832649518711
  200.0      -0.8843463519499
  300.0      -0.8864953728189
  400.0      -0.8895951340997
  500.0      -0.8935048081300
  600.0      -0.8981062969864
  700.0      -0.9033071604191
  800.0      -0.9090352787558
  900.0      -0.9152336268766
 1000.0      -0.9218563589381
 1100.0      -0.9288660135504
 1200.0      -0.9362315398405
 1300.0      -0.9439268733486
 1400.0      -0.9519299004981
 1500.0      -0.9602216916251
 1600.0      -0.9687859199711
 1700.0      -0.9776084193268
 1800.0      -0.9866768417803
 1900.0      -0.9959803888556
 2000.0      -1.0055096009308
 2100.0      -1.0152561889288
 2200.0      -1.0252129017761
 2300.0      -1.0353734213286
 2400.0      -1.0457322801427
 2500.0      -1.0562847980520
 2600.0      -1.0670270370848
 2700.0      -1.0779557704287
 2800.0      -1.0890684622919
 2900.0      -1.1003632754743
 3000.0      -1.1118390678316
 3100.0      -1.1234954342101
 3200.0      -1.1353327556580
 3300.0      -1.1473522375019
 3400.0      -1.1595558728478
 3500.0      -1.1719463008254
 3600.0      -1.1845269328059
 3700.0      -1.1973018794478
 3800.0      -1.2102760409179
 3900.0      -1.2234551740868
 4000.0      -1.2368457674664
 4100.0      -1.2504554484140
 4200.0      -1.2642925086974
 4300.0      -1.2783666065534
 4400.0      -1.2926883657030
 4500.0      -1.3072693632182
 4600.0      -1.3221228976533
 4700.0      -1.3372635341093
 4800.0      -1.3527066215497
 4900.0      -1.3684710466582
 5000.0      -1.3838029143362
 5100.0      -1.3981550719045
 5200.0      -1.4124507033384
 5300.0      -1.4268660335583
 5400.0      -1.4413861541698
 5500.0      -1.4559681683622
 5600.0      -1.4706549083694
 5700.0      -1.4854067948227
 5800.0      -1.5002713280228
 5900.0      -1.5151889526878
 6000.0      -1.5302743412394
# P= 1.000000 GPa
    0.0      -0.8719445720001
  100.0      -0.8721076130934
  200.0      -0.8731771475363
  300.0      -0.8753071600384
  400.0      -0.8783833790974
  500.0      -0.8822666153163
  600.0      -0.8868395881096
  700.0      -0.8920102625479
  800.0      -0.8977067198161
  900.0      -0.9038720296242
 1000.0      -0.9104603807761
 1100.0      -0.9174343084463
 1200.0      -0.9247627338665
 1300.0      -0.9324195462602
 1400.0      -0.9403825703357
 1500.0      -0.9486328017855
 1600.0      -0.9571538269127
 1700.0      -0.9659313803086
 1800.0      -0.9749530020425
 1900.0      -0.9842077678272
 2000.0      -0.9936860773531
 2100.0      -1.0033794840672
 2200.0      -1.0132805604299
 2300.0      -1.0233827903014
 2400.0      -1.0336804837139
 2500.0      -1.0441687098179
 2600.0      -1.0548432457845
 2700.0      -1.0657005407280
 2800.0      -1.0767376901822
 2900.0      -1.0879524299529
 3000.0      -1.0993431283749
 3100.0      -1.1109088086127
 3200.0      -1.1226491797158
 3300.0      -1.1345646699996
 3400.0      -1.1466565201097
 3500.0      -1.1589267669317
 3600.0      -1.1713782171118
 3700.0      -1.1840143430761
 3800.0      -1.1968393585059
 3900.0      -1.2098582766149
 4000.0      -1.2230768145701
 4100.0      -1.2365017298921
 4200.0      -1.2501404389240
 4300.0      -1.2640016006250
 4400.0      -1.2780947960604
 4500.0      -1.2924305199640
 4600.0      -1.3070208360423
 4700.0      -1.3218790063618
 4800.0      -1.3370190864598
 4900.0      -1.3524582789441
 5000.0      -1.3675514905162
 5100.0      -1.3818231708565
 5200.0      -1.3960604855315
 5300.0      -1.4104146373284
 5400.0      -1.4248726782598
 5500.0      -1.4393970792298
 5600.0      -1.4540248056919
 5700.0      -1.4687213098123
 5800.0      -1.4835278406181
 5900.0      -1.4983920419209
 6000.0      -1.5134146835708
# P= 2.000000 GPa
    0.0      -0.8608511469776
  100.0      -0.8610114930076
  200.0      -0.8620699155310
  300.0      -0.8641819615390
  400.0      -0.8672358289712
  500.0      -0.8710939170211
  600.0      -0.8756397473500
  700.0      -0.8807816854443
  800.0      -0.8864480143327
  900.0      -0.8925819018614
 1000.0      -0.8991375752599
 1100.0      -0.9060775728642
 1200.0      -0.9133707946035
 1300.0      -0.9209910905549
 1400.0      -0.9289162328489
 1500.0      -0.9371271526906
 1600.0      -0.9456073603763
 1700.0      -0.9543425037183
 1800.0      -0.9633200250239
 1900.0      -0.9725288903205
 2000.0      -0.9819593768557
 2100.0      -0.9916029013912
 2200.0      -1.0014518837294
 2300.0      -1.0114996370987
 2400.0      -1.0217402805457
 2500.0      -1.0321686690282
 2600.0      -1.0427803378571
 2700.0      -1.0535714622014
 2800.0      -1.0645388276736
 2900.0      -1.0756798143453
 3000.0      -1.0869923846692
 3100.0      -1.0984750924340
 3200.0      -1.1101270991347
 3300.0      -1.1219481962440
 3400.0      -1.1339388680486
 3500.0      -1.1461003120511
 3600.0      -1.1584345874633
 3700.0      -1.1709445433875
 3800.0      -1.1836337430518
 3900.0      -1.1965064953496
 4000.0      -1.2095677844361
 4100.0      -1.2228235443024
 4200.0      -1.2362803577884
 4300.0      -1.2499459366846
 4400.0      -1.2638288710212
 4500.0      -1.2779386240551
 4600.0      -1.2922860871549
 4700.0      -1.3068832830879
 4800.0      -1.3217430305115
 4900.0      -1.3368809395884
 5000.0      -1.3517495722949
 5100.0      -1.3659384354419
 5200.0      -1.3801129163217
 5300.0      -1.3944017488261
 5400.0      -1.4087937406534
 5500.0      -1.4232562179886
 5600.0      -1.4378208243711
 5700.0      -1.4524576238291
 5800.0      -1.4672021467914
 5900.0      -1.4820086212230
 6000.0      -1.4969650779549
# P= 3.000000 GPa
    0.0      -0.8498170920427
  100.0      -0.8499749373400
  200.0      -0.8510229567098
  300.0      -0.8531180164013
  400.0      -0.8561506523483
  500.0      -0.8599848049877
  600.0      -0.8645047831490
  700.0      -0.8696193479517
  800.0      -0.8752569851739
  900.0      -0.8813609624155
 1000.0      -0.8878855502410
 1100.0      -0.8947932945595
 1200.0      -0.9020530796246
 1300.0      -0.9096387239188
 1400.0      -0.9175279541348
 1500.0      -0.9257016452345
 1600.0      -0.9341432415621
 1700.0      -0.9428383151338
 1800.0      -0.9517742224474
 1900.0      -0.9609398334950
 2000.0      -0.9703253186686
 2100.0      -0.9799219756953
 2200.0      -0.9897220917931
 2300.0      -0.9997188324956
 2400.0      -1.0099061521710
 2500.0      -1.0202787218539
 2600.0      -1.0308318700960
 2700.0      -1.0415615392814
 2800.0      -1.0524642530591
 2900.0      -1.0635370920750
 3000.0      -1.0747776804941
 3100.0      -1.0861841826400
 3200.0      -1.0977553098922
 3300.0      -1.1094903344662
 3400.0      -1.1213891300607
 3500.0      -1.1334521835368
 3600.0      -1.1456807031425
 3700.0      -1.1580766523549
 3800.0      -1.1706428645306
 3900.0      -1.1833829782048
 4000.0      -1.1963012820980
 4100.0      -1.2094029317307
 4200.0      -1.2226937176047
 4300.0      -1.2361804550843
 4400.0      -1.2498707936306
 4500.0      -1.2637732149132
 4600.0      -1.2778974989114
 4700.0      -1.2922544913389
 4800.0      -1.3068558296536
 4900.0      -1.3217156203968
 5000.0      -1.3363735645191
 5100.0      -1.3504779986636
 5200.0      -1.3645859446988
 5300.0      -1.3788060787961
 5400.0      -1.3931287734881
 5500.0      -1.4075257265531
 5600.0      -1.4220237781324
 5700.0      -1.4365972055084
 5800.0      -1.4512763296425
 5900.0      -1.4660213781071
 6000.0      -1.4809087540666
# P= 4.000000 GPa
    0.0      -0.8388408427599
  100.0      -0.8389963706253
  200.0      -0.8400346539415
  300.0      -0.8421136505722
  400.0      -0.8451261099152
  500.0      -0.8489374690343
  600.0      -0.8534328083982
  700.0      -0.8585212809550
  800.0      -0.8641315744447
  900.0      -0.8702070588916
 1000.0      -0.8767020512878
 1100.0      -0.8835791091864
 1200.0      -0.8908071071284
 1300.0      -0.8983598369074
 1400.0      -0.9062149867842
 1500.0      -0.9143533834375
 1600.0      -0.9227584129952
 1700.0      -0.9314155809735
 1800.0      -0.9403121689455
 1900.0      -0.9494369627222
 2000.0      -0.9587800389003
 2100.0      -0.9683325911225
 2200.0      -0.9780867910878
 2300.0      -0.9880356760009
 2400.0      -0.9981730576192
 2500.0      -1.0084934483070
 2600.0      -1.0189919989959
 2700.0      -1.0296644529846
 2800.0      -1.0405071111370
 2900.0      -1.0515168009343
 3000.0      -1.0626908616733
 3100.0      -1.0740271325565
 3200.0      -1.0855239515456
 3300.0      -1.0971801632894
 3400.0      -1.1089951431585
 3500.0      -1.1209688035851
 3600.0      -1.1331016697804
 3700.0      -1.1453949025607
 3800.0      -1.1578503931638
 3900.0      -1.1704708730941
 4000.0      -1.1832599125888
 4100.0      -1.1962219322625
 4200.0      -1.2093619706876
 4300.0      -1.2226859961745
 4400.0      -1.2362007669300
 4500.0      -1.2499138319660
 4600.0      -1.2638339192290
 4700.0      -1.2779707581643
 4800.0      -1.2923348598323
 4900.0      -1.3069389131622
 5000.0      -1.3213998720323
 5100.0      -1.3354189935151
 5200.0      -1.3494575196203
 5300.0      -1.3636063379718
 5400.0      -1.3778572088859
 5500.0      -1.3921857467963
 5600.0      -1.4066144806925
 5700.0      -1.4211215234486
 5800.0      -1.4357324722591
 5900.0      -1.4504130000287
 6000.0      -1.4652289415703
# P= 5.000000 GPa
    0.0      -0.8279209074452
  100.0      -0.8280742909278
  200.0      -0.8291034666300
  300.0      -0.8311672706492
  400.0      -0.8341605480286
  500.0      -0.8379501897843
  600.0      -0.8424220330407
  700.0      -0.8474856184040
  800.0      -0.8530698348049
  900.0      -0.8591181569281
 1000.0      -0.8655849503339
 1100.0      -0.8724327889620
 1200.0      -0.8796305411434
 1300.0      -0.8871519776782
 1400.0      -0.8949747544099
 1500.0      -0.9030796553933
 1600.0      -0.9114500165705
 1700.0      -0.9200712851691
 1800.0      -0.9289306763315
 1900.0      -0.9380169019997
 2000.0      -0.9473199566899
 2100.0      -0.9568309427616
 2200.0      -0.9665419306970
 2300.0      -0.9764458457567
 2400.0      -0.9865363757463
 2500.0      -0.9968078955635
 2600.0      -1.0072554028451
 2700.0      -1.0178744697924
 2800.0      -1.0286612066486
 2900.0      -1.0396122254177
 3000.0      -1.0507246244564
 3100.0      -1.0619959691101
 3200.0      -1.0734242850376
 3300.0      -1.0850080623534
 3400.0      -1.0967462652400
 3500.0      -1.1086383373204
 3600.0      -1.1206842504615
 3700.0      -1.1328845224924
 3800.0      -1.1452402829408
 3900.0      -1.1577533506628
 4000.0      -1.1704262809419
 4100.0      -1.1832625859836
 4200.0      -1.1962665693509
 4300.0      -1.2094434003057
 4400.0      -1.2227989939631
 4500.0      -1.2363400146389
 4600.0      -1.2500741960223
 4700.0      -1.2640102106132
 4800.0      -1.2781574969954
 4900.0      -1.2925274096842
 5000.0      -1.3068048996860
 5100.0      -1.3207385530013
 5200.0      -1.3347055900521
 5300.0      -1.3487812370954
 5400.0      -1.3629584789878
 5500.0      -1.3772164206155
 5600.0      -1.3915737457812
 5700.0      -1.4060120462800
 5800.0      -1.4205526577182
 5900.0      -1.4351661744824
 6000.0      -1.4499088701425
# P= 6.000000 GPa
    0.0      -0.8170558623831
  100.0      -0.8172072650016
  200.0      -0.8182279256112
  300.0      -0.8202773584245
  400.0      -0.8232523927147
  500.0      -0.8270213323088
  600.0      -0.8314707568401
  700.0      -0.8365105898071
  800.0      -0.8420699210618
  900.0      -0.8480923308973
 1000.0      -0.8545322363310
 1100.0      -0.8613522306826
 1200.0      -0.8685211799843
 1300.0      -0.8760128390119
 1400.0      -0.8838048353948
 1500.0      -0.8918779172779
 1600.0      -0.9002153762373
 1700.0      -0.9088026079273
 1800.0      -0.9176267697893
 1900.0      -0.9266765083945
 2000.0      -0.9359417455906
 2100.0      -0.9454135037413
 2200.0      -0.9550837647322
 2300.0      -0.9649453557611
 2400.0      -0.9749918563202
 2500.0      -0.9852175217317
 2600.0      -0.9956172167930
 2700.0      -1.0061863659903
 2800.0      -1.0169209156617
 2900.0      -1.0278172933740
 3000.0      -1.0388723922689
 3100.0      -1.0500835458938
 3200.0      -1.0614485168529
 3300.0      -1.0729654982995
 3400.0      -1.0846331132116
 3500.0      -1.0964504182561
 3600.0      -1.1084169327547
 3700.0      -1.1205326533132
 3800.0      -1.1327980982365
 3900.0      -1.1452143620364
 4000.0      -1.1577831504303
 4100.0      -1.1705069384201
 4200.0      -1.1833889659088
 4300.0      -1.1964335078288
 4400.0      -1.2096456777731
 4500.0      -1.2230313023565
 4600.0      -1.2365971772080
 4700.0      -1.2503509757346
 4800.0      -1.2643011170873
 4900.0      -1.2784577017640
 5000.0      -1.2925650523292
 5100.0      -1.3064138101165
 5200.0      -1.3203081049659
 5300.0      -1.3343094869056
 5400.0      -1.3484120159313
 5500.0      -1.3625978898958
 5600.0      -1.3768823871104
 5700.0      -1.3912502426115
 5800.0      -1.4057189691130
 5900.0      -1.4202635889405
 6000.0      -1.4349317694496
# P= 7.000000 GPa
    0.0      -0.8062443473944
  100.0      -0.8063939238085
  200.0      -0.8074066284673
  300.0      -0.8094424658864
  400.0      -0.8124001441390
  500.0      -0.8161493403020
  600.0      -0.8205773629107
  700.0      -0.8255945134605
  800.0      -0.8311300823270
  900.0      -0.8371277560021
 1000.0      -0.8435420056472
 1100.0      -0.8503354461430
 1200.0      -0.8574769454940
 1300.0      -0.8649402454970
 1400.0      -0.8727029508749
 1500.0      -0.8807457783953
 1600.0      -0.8890519806267
 1700.0      -0.8976069087312
 1800.0      -0.9063976683505
 1900.0      -0.9154128485743
 2000.0      -0.9246423077106
 2100.0      -0.9340769970894
 2200.0      -0.9437088204752
 2300.0      -0.9535305192593
 2400.0      -0.9635355782075
 2500.0      -0.9737181481040
 2600.0      -0.9840729780452
 2700.0      -0.9945953644612
 2800.0      -1.0052811121221
 2900.0      -1.0161264899629
 3000.0      -1.0271282153809
 3100.0      -1.0382834243731
 3200.0      -1.0495896567212
 3300.0      -1.0610448554113
 3400.0      -1.0726473573161
 3500.0      -1.0843958976300
 3600.0      -1.0962896220401
 3700.0      -1.1083281001029
 3800.0      -1.1205113542623
 3900.0      -1.1328398966069
 4000.0      -1.1453147577761
 4100.0      -1.1579375942794
 4200.0      -1.1707106888820
 4300.0      -1.1836371594421
 4400.0      -1.1967210214031
 4500.0      -1.2099672345441
 4600.0      -1.2233817107027
 4700.0      -1.2369711805785
 4800.0      -1.2507430960551
 4900.0      -1.2647063811982
 5000.0      -1.2786567348100
 5100.0      -1.2924218978632
 5200.0      -1.3062430133273
 5300.0      -1.3201697981392
 5400.0      -1.3341972518468
 5500.0      -1.3483102965241
 5600.0      -1.3625212184048
 5700.0      -1.3768175810583
 5800.0      -1.3912134895265
 5900.0      -1.4056879308854
 6000.0      -1.4202808691684
# P= 8.000000 GPa
    0.0      -0.7954850618211
  100.0      -0.7956329584289
  200.0      -0.7966382352263
  300.0      -0.7986612106300
  400.0      -0.8016023716830
  500.0      -0.8053327307539
  600.0      -0.8097403119836
  700.0      -0.8147357901520
  800.0      -0.8202486552801
  900.0      -0.8262227008543
 1000.0      -0.8326124539658
 1100.0      -0.8393805536092
 1200.0      -0.8464958727599
 1300.0      -0.8539321436214
 1400.0      -0.8616669522976
 1500.0      -0.8696809879051
 1600.0      -0.8779574699073
 1700.0      -0.8864817093200
 1800.0      -0.8952407666384
 1900.0      -0.9042231803453
 2000.0      -0.9134187517169
 2100.0      -0.9228183699981
 2200.0      -0.9324138702072
 2300.0      -0.9421979176336
 2400.0      -0.9521639138873
 2500.0      -0.9623059184062
 2600.0      -0.9726185792696
 2700.0      -0.9830970812892
 2800.0      -0.9937371063544
 2900.0      -1.0045347863690
 3000.0      -1.0154866874929
 3100.0      -1.0265897764728
 3200.0      -1.0378414031173
 3300.0      -1.0492392982956
 3400.0      -1.0607815577486
 3500.0      -1.0724666470890
 3600.0      -1.0842934008156
 3700.0      -1.0962610361057
 3800.0      -1.1083691683365
 3900.0      -1.1206178365237
 4000.0      -1.1330075279784
 4100.0      -1.1455392469916
 4200.0      -1.1582145236788
 4300.0      -1.1710355555318
 4400.0      -1.1840052571897
 4500.0      -1.1971273506268
 4600.0      -1.2104066444228
 4700.0      -1.2238489521942
 4800.0      -1.2374608098451
 4900.0      -1.2512500397862
 5000.0      -1.2650563519771
 5100.0      -1.2787399492403
 5200.0      -1.2924882641044
 5300.0      -1.3063408815327
 5400.0      -1.3202936188713
 5500.0      -1.3343337823924
 5600.0      -1.3484710533858
 5700.0      -1.3626955302371
 5800.0      -1.3770183020461
 5900.0      -1.3914218877985
 6000.0      -1.4059393989711
# P= 9.000000 GPa
    0.0      -0.7847767608407
  100.0      -0.7849231163274
  200.0      -0.7859214644089
  300.0      -0.7879322716446
  400.0      -0.7908577094334
  500.0      -0.7945700890298
  600.0      -0.7989581371539
  700.0      -0.8039328973197
  800.0      -0.8094240580200
  900.0      -0.8153755205072
 1000.0      -0.8217418690709
 1100.0      -0.8284857694025
 1200.0      -0.8355761015898
 1300.0      -0.8429865919438
 1400.0      -0.8506948107392
 1500.0      -0.8586814240234
 1600.0      -0.8669296218813
 1700.0      -0.8754246801839
 1800.0      -0.8841536198752
 1900.0      -0.8931049337743
 2000.0      -0.9022683736868
 2100.0      -0.9116347733266
 2200.0      -0.9211959065598
 2300.0      -0.9309443722968
 2400.0      -0.9408734986274
 2500.0      -0.9509772642968
 2600.0      -0.9612502290538
 2700.0      -0.9716874803662
 2800.0      -0.9822845930536
 2900.0      -0.9930375799903
 3000.0      -1.0039428765554
 3100.0      -1.0149973038068
 3200.0      -1.0261980487597
 3300.0      -1.0375426613164
 3400.0      -1.0490290325874
 3500.0      -1.0606554008751
 3600.0      -1.0724203396049
 3700.0      -1.0843227720618
 3800.0      -1.0963619773343
 3900.0      -1.1085376058909
 4000.0      -1.1208497029891
 4100.0      -1.1332987469429
 4200.0      -1.1458856677993
 4300.0      -1.1586119367874
 4400.0      -1.1714796116079
 4500.0      -1.1844913940906
 4600.0      -1.1976508336655
 4700.0      -1.2109624176309
 4800.0      -1.2244316344034
 4900.0      -1.2380652693261
 5000.0      -1.2517403086793
 5100.0      -1.2653450972472
 5200.0      -1.2790218062651
 5300.0      -1.2928014478246
 5400.0      -1.3066805491395
 5500.0      -1.3206484893880
 5600.0      -1.3347127057735
 5700.0      -1.3488655587632
 5800.0      -1.3631154897575
 5900.0      -1.3774481471567
 6000.0      -1.3918905885289
# P= 10.000000 GPa
    0.0      -0.7741182520709
  100.0      -0.7742631979121
  200.0      -0.7752550894046
  300.0      -0.7772543854462
  400.0      -0.7801648520397
  500.0      -0.7838600643813
  600.0      -0.7882294390667
  700.0      -0.7931843838670
  800.0      -0.7986547844405
  900.0      -0.8045846503839
 1000.0      -0.8109286242897
 1100.0      -0.8176494006806
 1200.0      -0.8247158688478
 1300.0      -0.8321017522070
 1400.0      -0.8397846079516
 1500.0      -0.8477450829347
 1600.0      -0.8559663410489
 1700.0      -0.8644336280721
 1800.0      -0.8731339290029
 1900.0      -0.8820556971543
 2000.0      -0.8911886397927
 2100.0      -0.9005235413175
 2200.0      -0.9100521222095
 2300.0      -0.9197669216588
 2400.0      -0.9296612031010
 2500.0      -0.9397288746998
 2600.0      -0.9499644180147
 2700.0      -0.9603628350344
 2800.0      -0.9709196072046
 2900.0      -0.9816306438246
 3000.0      -0.9924922666219
 3100.0      -1.0035011705513
 3200.0      -1.0146544024590
 3300.0      -1.0259493570677
 3400.0      -1.0373837508418
 3500.0      -1.0489556290522
 3600.0      -1.0606633447512
 3700.0      -1.0725055746362
 3800.0      -1.0844813170634
 3900.0      -1.0965899007865
 4000.0      -1.1088310082759
 4100.0      -1.1212046885560
 4200.0      -1.1337113878513
 4300.0      -1.1463519964437
 4400.0      -1.1591278949035
 4500.0      -1.1720409894722
 4600.0      -1.1850938555330
 4700.0      -1.1982898046637
 4800.0      -1.2116329462727
 4900.0      -1.2251286616168
 5000.0      -1.2386850097651
 5100.0      -1.2522144748837
 5200.0      -1.2658215887773
 5300.0      -1.2795302077528
 5400.0      -1.2933374747855
 5500.0      -1.3072345593988
 5600.0      -1.3212269892895
 5700.0      -1.3353091352525
 5800.0      -1.3494871357479
 5900.0      -1.3637493964425
 6000.0      -1.3781176675147
# P= 11.000000 GPa
    0.0      -0.7635083924350
  100.0      -0.7636520533607
  200.0      -0.7646379351409
  300.0      -0.7666263425222
  400.0      -0.7695225509087
  500.0      -0.7732013658649
  600.0      -0.7775528815070
  700.0      -0.7824888654251
  800.0      -0.7879393990859
  900.0      -0.7938486007441
 1000.0      -0.8001711723592
 1100.0      -0.8068698389503
 1200.0      -0.8139135011234
 1300.0      -0.8212758816961
 1400.0      -0.8289345277054
 1500.0      -0.8368700695811
 1600.0      -0.8450656487148
 1700.0      -0.8535064841871
 1800.0      -0.8621795293398
 1900.0      -0.8710732025373
 2000.0      -0.8801771709886
 2100.0      -0.8894821762003
 2200.0      -0.8989798901129
 2300.0      -0.9086627997836
 2400.0      -0.9185241113751
 2500.0      -0.9285576698693
 2600.0      -0.9387578886460
 2700.0      -0.9491196945794
 2800.0      -0.9596384866601
 2900.0      -0.9703100837495
 3000.0      -0.9811307086913
 3100.0      -0.9920969469452
 3200.0      -1.0032057239969
 3300.0      -1.0144543007819
 3400.0      -1.0258402439697
 3500.0      -1.0373614339913
 3600.0      -1.0490160366474
 3700.0      -1.0608025202908
 3800.0      -1.0727196475794
 3900.0      -1.0847664786346
 4000.0      -1.0969423949497
 4100.0      -1.1092470927716
 4200.0      -1.1216806234321
 4300.0      -1.1342434072506
 4400.0      -1.1469362827169
 4500.0      -1.1597605264729
 4600.0      -1.1727179515670
 4700.0      -1.1858109623079
 4800.0      -1.1990425949110
 4900.0      -1.2124168487071
 5000.0      -1.2258668601342
 5100.0      -1.2393252151493
 5200.0      -1.2528655606085
 5300.0      -1.2665058720552
 5400.0      -1.2802438279443
 5500.0      -1.2940721343134
 5600.0      -1.3079947176548
 5700.0      -1.3220077283211
 5800.0      -1.3361153231030
 5900.0      -1.3503083231356
 6000.0      -1.3646038656010
# P= 12.000000 GPa
    0.0      -0.7529460852656
  100.0      -0.7530885796862
  200.0      -0.7540688750084
  300.0      -0.7560469840622
  400.0      -0.7589296107054
  500.0      -0.7625927585913
  600.0      -0.7669271873562
  700.0      -0.7718450200096
  800.0      -0.7772765324242
  900.0      -0.7831659516222
 1000.0      -0.7894680398983
 1100.0      -0.7961455541391
 1200.0      -0.8031674082148
 1300.0      -0.8105073262781
 1400.0      -0.8181428479434
 1500.0      -0.8260545895061
 1600.0      -0.8342256733527
 1700.0      -0.8426412945366
 1800.0      -0.8512883791024
 1900.0      -0.8601553135637
 2000.0      -0.8692317304037
 2100.0      -0.8785083320903
 2200.0      -0.8879767479684
 2300.0      -0.8976294187262
 2400.0      -0.9074594990281
 2500.0      -0.9174607789879
 2600.0      -0.9276276108676
 2700.0      -0.9379548551774
 2800.0      -0.9484378391059
 2900.0      -0.9590723017846
 3000.0      -0.9698543792319
 3100.0      -0.9807805616604
 3200.0      -0.9918476692863
 3300.0      -1.0030528471740
 3400.0      -1.0143935327629
 3500.0      -1.0258674649666
 3600.0      -1.0374726496403
 3700.0      -1.0492073779971
 3800.0      -1.0610702133562
 3900.0      -1.0730599901139
 4000.0      -1.0851758383706
 4100.0      -1.0974171612980
 4200.0      -1.1097836851465
 4300.0      -1.1222754464821
 4400.0      -1.1348928442790
 4500.0      -1.1476366508524
 4600.0      -1.1605080738631
 4700.0      -1.1735088061810
 4800.0      -1.1866410548450
 4900.0      -1.1999077632618
 5000.0      -1.2132626543003
 5100.0      -1.2266545596247
 5200.0      -1.2401316893013
 5300.0      -1.2537071519366
 5400.0      -1.2673790407507
 5500.0      -1.2811413560204
 5600.0      -1.2949967045905
 5700.0      -1.3089428065844
 5800.0      -1.3229821349093
 5900.0      -1.3371076147157
 6000.0      -1.3513324124599
# P= 13.000000 GPa
    0.0      -0.7424302776208
  100.0      -0.7425717180204
  200.0      -0.7435468280310
  300.0      -0.7455151989451
  400.0      -0.7483848861300
  500.0      -0.7520330602733
  600.0      -0.7563511348826
  700.0      -0.7612515840361
  800.0      -0.7666648765536
  900.0      -0.7725353481960
 1000.0      -0.7788178224276
 1100.0      -0.7854750891820
 1200.0      -0.7924760773037
 1300.0      -0.7997945140621
 1400.0      -0.8074079339330
 1500.0      -0.8152969413541
 1600.0      -0.8234446424626
 1700.0      -0.8318362111282
 1800.0      -0.8404585493639
 1900.0      -0.8493000152591
 2000.0      -0.8583502105876
 2100.0      -0.8675998026471
 2200.0      -0.8770403834766
 2300.0      -0.8866643515300
 2400.0      -0.8964648168384
 2500.0      -0.9064355197138
 2600.0      -0.9165707586842
 2700.0      -0.9268653360408
 2800.0      -0.9373145145732
 2900.0      -0.9479139638738
 3000.0      -0.9586597440422
 3100.0      -0.9695482613497
 3200.0      -0.9805762442567
 3300.0      -0.9917407373097
 3400.0      -1.0030390661301
 3500.0      -1.0144688474312
 3600.0      -1.0260279496706
 3700.0      -1.0377145126466
 3800.0      -1.0495269301003
 3900.0      -1.0614638454225
 4000.0      -1.0735241771700
 4100.0      -1.0857070835923
 4200.0      -1.0980120208266
 4300.0      -1.1104387086267
 4400.0      -1.1229871868326
 4500.0      -1.1356578186330
 4600.0      -1.1484513250168
 4700.0      -1.1613688332015
 4800.0      -1.1744118992991
 4900.0      -1.1875826457745
 5000.0      -1.2008518035669
 5100.0      -1.2141814827571
 5200.0      -1.2275989086351
 5300.0      -1.2411131799357
 5400.0      -1.2547226778937
 5500.0      -1.2684223924469
 5600.0      -1.2822137650985
 5700.0      -1.2960958386579
 5800.0      -1.3100696542530
 5900.0      -1.3241299586632
 6000.0      -1.3382865377636
# P= 14.000000 GPa
    0.0      -0.7319599578114
  100.0      -0.7321004511194
  200.0      -0.7330707562538
  300.0      -0.7350299209578
  400.0      -0.7378872789456
  500.0      -0.7415211380417
  600.0      -0.7458235543347
  700.0      -0.7507073486614
  800.0      -0.7561031812735
  900.0      -0.7619554965460
 1000.0      -0.7682191798095
 1100.0      -0.7748570550758
 1200.0      -0.7818380676347
 1300.0      -0.7891359495363
 1400.0      -0.7967282320272
 1500.0      -0.8045955098763
 1600.0      -0.8127208752268
 1700.0      -0.8210894835563
 1800.0      -0.8296882153852
 1900.0      -0.8385054039325
 2000.0      -0.8475306230975
 2100.0      -0.8567545094147
 2200.0      -0.8661686209618
 2300.0      -0.8757653191659
 2400.0      -0.8855376738158
 2500.0      -0.8954793809527
 2600.0      -0.9055846918920
 2700.0      -0.9158483562469
 2800.0      -0.9262655809833
 2900.0      -0.9368319737563
 3000.0      -0.9475435273572
 3100.0      -0.9583965752278
 3200.0      -0.9693877652625
 3300.0      -0.9805140538737
 3400.0      -0.9917726697103
 3500.0      -1.0031611237381
 3600.0      -1.0146771658632
 3700.0      -1.0263188056421
 3800.0      -1.0380842917558
 3900.0      -1.0499721050707
 4000.0      -1.0619809849262
 4100.0      -1.0741098833486
 4200.0      -1.0863580304426
 4300.0      -1.0987248826415
 4400.0      -1.1112101829292
 4500.0      -1.1238139594102
 4600.0      -1.1365365380094
 4700.0      -1.1493785901260
 4800.0      -1.1623411540680
 4900.0      -1.1754257042684
 5000.0      -1.1886170520201
 5100.0      -1.2018882215724
 5200.0      -1.2152490889542
 5300.0      -1.2287054613127
 5400.0      -1.2422559532216
 5500.0      -1.2558963648631
 5600.0      -1.2696271471281
 5700.0      -1.2834484373820
 5800.0      -1.2973599944066
 5900.0      -1.3113580445178
 6000.0      -1.3254494711846
# P= 15.000000 GPa
    0.0      -0.7215341531519
  100.0      -0.7216738010754
  200.0      -0.7226396623180
  300.0      -0.7245901262197
  400.0      -0.7274357352284
  500.0      -0.7310559055047
  600.0      -0.7353433248064
  700.0      -0.7402111564185
  800.0      -0.7455902504719
  900.0      -0.7514251597709
 1000.0      -0.7576708320718
 1100.0      -0.7642901263622
 1200.0      -0.7712520056529
 1300.0      -0.7785302083009
 1400.0      -0.7861022639741
 1500.0      -0.7939487597733
 1600.0      -0.8020527758232
 1700.0      -0.8103994517257
 1800.0      -0.8189756487803
 1900.0      -0.8277696784087
 2000.0      -0.8367710893045
 2100.0      -0.8459704909279
 2200.0      -0.8553594105390
 2300.0      -0.8649301770843
 2400.0      -0.8746758236615
 2500.0      -0.8845900078053
 2600.0      -0.8946669376515
 2700.0      -0.9049013171412
 2800.0      -0.9152883029029
 2900.0      -0.9258234478311
 3000.0      -0.9365026860720
 3100.0      -0.9473222858066
 3200.0      -0.9582788246787
 3300.0      -0.9693691823883
 3400.0      -0.9805905023489
 3500.0      -0.9919402034748
 3600.0      -1.0034159332161
 3700.0      -1.0150155887506
 3800.0      -1.0267372939183
 3900.0      -1.0385793904712
 4000.0      -1.0505404650421
 4100.0      -1.0626192949883
 4200.0      -1.0748149198094
 4300.0      -1.0871265753831
 4400.0      -1.0995537577004
 4500.0      -1.1120962178878
 4600.0      -1.1247539573228
 4700.0      -1.1375272768902
 4800.0      -1.1504167976313
 4900.0      -1.1634234757096
 5000.0      -1.1765437828313
 5100.0      -1.1897597464530
 5200.0      -1.2030668944295
 5300.0      -1.2164683324270
 5400.0      -1.2299628636803
 5500.0      -1.2435469509868
 5600.0      -1.2572202122063
 5700.0      -1.2709837283499
 5800.0      -1.2848361619203
 5900.0      -1.2987749810154
 6000.0      -1.3128045804554
# P= 16.000000 GPa
    0.0      -0.7111519278200
  100.0      -0.7112908271502
  200.0      -0.7122525872062
  300.0      -0.7141948307912
  400.0      -0.7170292428163
  500.0      -0.7206363200411
  600.0      -0.7249093713462
  700.0      -0.7297618981156
  800.0      -0.7351249387985
  900.0      -0.7409431544237
 1000.0      -0.7471715555761
 1100.0      -0.7537730369978
 1200.0      -0.7607165805587
 1300.0      -0.7679759322848
 1400.0      -0.7755286217275
 1500.0      -0.7833552301079
 1600.0      -0.7914388273405
 1700.0      -0.7997645392921
 1800.0      -0.8083192102429
 1900.0      -0.8170911322969
 2000.0      -0.8260698316622
 2100.0      -0.8352458935350
 2200.0      -0.8446108177643
 2300.0      -0.8541569040002
 2400.0      -0.8638771528515
 2500.0      -0.8737651871071
 2600.0      -0.8838151766293
 2700.0      -0.8940217846810
 2800.0      -0.9043801227000
 2900.0      -0.9148856959459
 3000.0      -0.9255343853279
 3100.0      -0.9363224025256
 3200.0      -0.9472462629624
 3300.0      -0.9583027782790
 3400.0      -0.9694890182122
 3500.0      -0.9808023210036
 3600.0      -0.9922402445379
 3700.0      -1.0038005887830
 3800.0      -1.0154813699255
 3900.0      -1.0272808100596
 4000.0      -1.0391973648044
 4100.0      -1.0512296627692
 4200.0      -1.0633765817237
 4300.0      -1.0756371715895
 4400.0      -1.0880107211553
 4500.0      -1.1004967507696
 4600.0      -1.1130949933868
 4700.0      -1.1258054452532
 4800.0      -1.1386283872904
 4900.0      -1.1515643571931
 5000.0      -1.1646194682175
 5100.0      -1.1777831886404
 5200.0      -1.1910391983749
 5300.0      -1.2043883913000
 5400.0      -1.2178297223453
 5500.0      -1.2313601945991
 5600.0      -1.2449787238975
 5700.0      -1.2586872094563
 5800.0      -1.2724833717157
 5900.0      -1.2863657314639
 6000.0      -1.3003365718809
# P= 17.000000 GPa
    0.0      -0.7008123808567
  100.0      -0.7009506237554
  200.0      -0.7019086081352
  300.0      -0.7038430884418
  400.0      -0.7066668289337
  500.0      -0.7102613803408
  600.0      -0.7145206622843
  700.0      -0.7193585099706
  800.0      -0.7247061486034
  900.0      -0.7305083472353
 1000.0      -0.7367201794979
 1100.0      -0.7433045765745
 1200.0      -0.7502305402404
 1300.0      -0.7574718253702
 1400.0      -0.7650059627124
 1500.0      -0.7728135292065
 1600.0      -0.7808775862088
 1700.0      -0.7891832476893
 1800.0      -0.7977173429761
 1900.0      -0.8064681469618
 2000.0      -0.8154251659077
 2100.0      -0.8245789631055
 2200.0      -0.8339210141943
 2300.0      -0.8434435921376
 2400.0      -0.8531396690111
 2500.0      -0.8630028358251
 2600.0      -0.8730272290468
 2700.0      -0.8832074746891
 2800.0      -0.8935386449972
 2900.0      -0.9040162017434
 3000.0      -0.9146359795370
 3100.0      -0.9253941394965
 3200.0      -0.9362871418435
 3300.0      -0.9473117392546
 3400.0      -0.9584649355743
 3500.0      -0.9697439987271
 3600.0      -0.9811464089840
 3700.0      -0.9926698809790
 3800.0      -1.0043123375137
 3900.0      -1.0160718976231
 4000.0      -1.0279469041272
 4100.0      -1.0399358581286
 4200.0      -1.0520374992874
 4300.0      -1.0642507198634
 4400.0      -1.0765746337003
 4500.0      -1.0890085673585
 4600.0      -1.1015520298724
 4700.0      -1.1142047651506
 4800.0      -1.1269667744724
 4900.0      -1.1398382535070
 5000.0      -1.1528332607969
 5100.0      -1.1659474151297
 5200.0      -1.1791546479691
 5300.0      -1.1924540512524
 5400.0      -1.2058447007507
 5500.0      -1.2193240375192
 5600.0      -1.2328903851927
 5700.0      -1.2465463559391
 5800.0      -1.2602888576410
 5900.0      -1.2741173052697
 6000.0      -1.2880321868240
# P= 18.000000 GPa
    0.0      -0.6905146442883
  100.0      -0.6906523185543
  200.0      -0.6916068365780
  300.0      -0.6935339885592
  400.0      -0.6963475580229
  500.0      -0.6999301240771
  600.0      -0.7041762067503
  700.0      -0.7089999709539
  800.0      -0.7143328271448
  900.0      -0.7201196520968
 1000.0      -0.7263155825857
 1100.0      -0.7328835868540
 1200.0      -0.7397926875456
 1300.0      -0.7470166493820
 1400.0      -0.7545330055018
 1500.0      -0.7623223300037
 1600.0      -0.7703676771681
 1700.0      -0.7786541506899
 1800.0      -0.7871685668297
 1900.0      -0.7958991851341
 2000.0      -0.8048354941719
 2100.0      -0.8139680375106
 2200.0      -0.8232882692433
 2300.0      -0.8327884382636
 2400.0      -0.8424614911754
 2500.0      -0.8523009904332
 2600.0      -0.8623010426287
 2700.0      -0.8724562404946
 2800.0      -0.8827616212590
 2900.0      -0.8932126078466
 3000.0      -0.9038049940024
 3100.0      -0.9145348952132
 3200.0      -0.9253987240041
 3300.0      -0.9363931795219
 3400.0      -0.9475152086977
 3500.0      -0.9587620172961
 3600.0      -0.9701310168931
 3700.0      -0.9816198485756
 3800.0      -0.9932263534937
 3900.0      -1.0049485608520
 4000.0      -1.0167847161360
 4100.0      -1.0287332109949
 4200.0      -1.0407926663844
 4300.0      -1.0529618400098
 4400.0      -1.0652396971513
 4500.0      -1.0776254005783
 4600.0      -1.0901182712666
 4700.0      -1.1027178423511
 4800.0      -1.1154238829912
 4900.0      -1.1282363074293
 5000.0      -1.1411756843143
 5100.0      -1.1542427075224
 5200.0      -1.1674033354484
 5300.0      -1.1806552036414
 5400.0      -1.1939974827742
 5500.0      -1.2074279656381
 5600.0      -1.2209444764438
 5700.0      -1.2345502512664
 5800.0      -1.2482414950080
 5900.0      -1.2620183828794
 6000.0      -1.2758798753541
# P= 19.000000 GPa
    0.0      -0.6802578813474
  100.0      -0.6803950706642
  200.0      -0.6813464163944
  300.0      -0.6832666542228
  400.0      -0.6860705298563
  500.0      -0.6896416257367
  600.0      -0.6938750523596
  700.0      -0.6986853003202
  800.0      -0.7040039639872
  900.0      -0.7097760272689
 1000.0      -0.7159566901675
 1100.0      -0.7225089585846
 1200.0      -0.7294018768583
 1300.0      -0.7366092204080
 1400.0      -0.7441085258651
 1500.0      -0.7518803657872
 1600.0      -0.7599077886885
 1700.0      -0.7681758894492
 1800.0      -0.7766714729605
 1900.0      -0.7853827851040
 2000.0      -0.7942992987192
 2100.0      -0.8034115396969
 2200.0      -0.8127109428078
 2300.0      -0.8221897353897
 2400.0      -0.8318408410644
 2500.0      -0.8416577968794
 2600.0      -0.8516346822725
 2700.0      -0.8617660607175
 2800.0      -0.8720469373966
 2900.0      -0.8824727014166
 3000.0      -0.8930391090723
 3100.0      -0.9037422363169
 3200.0      -0.9145784522864
 3300.0      -0.9255444095169
 3400.0      -0.9366370043223
 3500.0      -0.9478533871789
 3600.0      -0.9591909104689
 3700.0      -0.9706471494915
 3800.0      -0.9822198745529
 3900.0      -0.9939070371846
 4000.0      -1.0057067974662
 4100.0      -1.0176174526288
 4200.0      -1.0296375215212
 4300.0      -1.0417656465407
 4400.0      -1.0540006658332
 4500.0      -1.0663416028822
 4600.0      -1.0787876197860
 4700.0      -1.0913380724375
 4800.0      -1.1039925357795
 4900.0      -1.1167506905198
 5000.0      -1.1296383945130
 5100.0      -1.1426605143822
 5200.0      -1.1557765450214
 5300.0      -1.1689829586611
 5400.0      -1.1822789989470
 5500.0      -1.1956627372933
 5600.0      -1.2091315774011
 5700.0      -1.2226893034401
 5800.0      -1.2363315106857
 5900.0      -1.2500590206349
 6000.0      -1.2638694941458
# P= 20.000000 GPa
    0.0      -0.6700412848359
  100.0      -0.6701780690118
  200.0      -0.6711265222036
  300.0      -0.6730402406597
  400.0      -0.6758348775783
  500.0      -0.6793949945851
  600.0      -0.6836162830455
  700.0      -0.6884135554227
  800.0      -0.6937185885824
  900.0      -0.6994764727937
 1000.0      -0.7056424713790
 1100.0      -0.7121796285671
 1200.0      -0.7190570109459
 1300.0      -0.7262484054121
 1400.0      -0.7337313531485
 1500.0      -0.7414864263022
 1600.0      -0.7494966687785
 1700.0      -0.7577471679865
 1800.0      -0.7662247189640
 1900.0      -0.7749175554406
 2000.0      -0.7838151362552
 2100.0      -0.7929079715071
 2200.0      -0.8021874785731
 2300.0      -0.8116458655218
 2400.0      -0.8212760351893
 2500.0      -0.8310715019916
 2600.0      -0.8410263207374
 2700.0      -0.8511350289241
 2800.0      -0.8613926027410
 2900.0      -0.8717944012981
 3000.0      -0.8823361471729
 3100.0      -0.8930138813177
 3200.0      -0.9038239339111
 3300.0      -0.9147629166562
 3400.0      -0.9258276801200
 3500.0      -0.9370153271232
 3600.0      -0.9483231564290
 3700.0      -0.9597486866526
 3800.0      -0.9712896255840
 3900.0      -0.9829438562320
 4000.0      -0.9947094652507
 4100.0      -1.0065846674916
 4200.0      -1.0185678928971
 4300.0      -1.0306576850302
 4400.0      -1.0428527730296
 4500.0      -1.0551520609466
 4600.0      -1.0675545758264
 4700.0      -1.0800595236416
 4800.0      -1.0926663156644
 4900.0      -1.1053744375733
 5000.0      -1.1182139926166
 5100.0      -1.1311932577567
 5200.0      -1.1442665545851
 5300.0      -1.1574294419848
 5400.0      -1.1706812180091
 5500.0      -1.1840201703676
 5600.0      -1.1974433496879
 5700.0      -1.2109550232715
 5800.0      -1.2245502567333
 5900.0      -1.2382304203554
 6000.0      -1.2519920705722
# P= 21.000000 GPa
    0.0      -0.6598640759959
  100.0      -0.6600005311848
  200.0      -0.6609463581056
  300.0      -0.6628539335014
  400.0      -0.6656397658707
  500.0      -0.6691893727441
  600.0      -0.6733990170749
  700.0      -0.6781838296868
  800.0      -0.6834757680121
  900.0      -0.6892200280804
 1000.0      -0.6953719366702
 1100.0      -0.7018945769409
 1200.0      -0.7087570380473
 1300.0      -0.7159331191125
 1400.0      -0.7234003669520
 1500.0      -0.7311393541763
 1600.0      -0.7391331211402
 1700.0      -0.7473667490581
 1800.0      -0.7558270244286
 1900.0      -0.7645021701914
 2000.0      -0.7733816327463
 2100.0      -0.7824559080968
 2200.0      -0.7917163979395
 2300.0      -0.8011552931085
 2400.0      -0.8107654776782
 2500.0      -0.8205404457509
 2600.0      -0.8304742299678
 2700.0      -0.8405613444743
 2800.0      -0.8507967395273
 2900.0      -0.8611757471343
 3000.0      -0.8716940600838
 3100.0      -0.8823476874425
 3200.0      -0.8931329254568
 3300.0      -0.9040463485201
 3400.0      -0.9150847676171
 3500.0      -0.9262452422434
 3600.0      -0.9375250246111
 3700.0      -0.9489215829671
 3800.0      -0.9604325697019
 3900.0      -0.9720558089229
 4000.0      -0.9837893215232
 4100.0      -0.9956312514971
 4200.0      -1.0075799516547
 4300.0      -1.0196338793124
 4400.0      -1.0317916698599
 4500.0      -1.0440521249867
 4600.0      -1.0564141561458
 4700.0      -1.0688768415565
 4800.0      -1.0814394537088
 4900.0      -1.0941013144940
 5000.0      -1.1068958765384
 5100.0      -1.1198341795142
 5200.0      -1.1328664789994
 5300.0      -1.1459876347094
 5400.0      -1.1591969831738
 5500.0      -1.1724929749407
 5600.0      -1.1858723655240
 5700.0      -1.1993398494387
 5800.0      -1.2128900315252
 5900.0      -1.2265247470203
 6000.0      -1.2402396160216
# P= 22.000000 GPa
    0.0      -0.6497255029686
  100.0      -0.6498617018520
  200.0      -0.6508051559392
  300.0      -0.6527069470635
  400.0      -0.6554843892234
  500.0      -0.6590239334136
  600.0      -0.6632224054777
  700.0      -0.6679952505593
  800.0      -0.6732746048680
  900.0      -0.6790057696573
 1000.0      -0.6851441355296
 1100.0      -0.6916528246625
 1200.0      -0.6985009491702
 1300.0      -0.7056623211624
 1400.0      -0.7131144940680
 1500.0      -0.7208380416302
 1600.0      -0.7288160016452
 1700.0      -0.7370334503813
 1800.0      -0.7454771668703
 1900.0      -0.7541353645068
 2000.0      -0.7629974787037
 2100.0      -0.7720539928508
 2200.0      -0.7812962945098
 2300.0      -0.7907165590930
 2400.0      -0.8003076537616
 2500.0      -0.8100630542918
 2600.0      -0.8199767734398
 2700.0      -0.8300433042457
 2800.0      -0.8402575738191
 2900.0      -0.8506148896018
 3000.0      -0.8611109179815
 3100.0      -0.8717416390903
 3200.0      -0.8825033192686
 3300.0      -0.8933924992005
 3400.0      -0.9044059550885
 3500.0      -0.9155407073416
 3600.0      -0.9267939676679
 3700.0      -0.9381631587363
 3800.0      -0.9496458853873
 3900.0      -0.9612399184086
 4000.0      -0.9729432222375
 4100.0      -0.9847538783649
 4200.0      -0.9966701717193
 4300.0      -1.0086904859734
 4400.0      -1.0208133744253
 4500.0      -1.0330375501613
 4600.0      -1.0453618259725
 4700.0      -1.0577851707045
 4800.0      -1.0703067380421
 4900.0      -1.0829257116959
 5000.0      -1.0956781219190
 5100.0      -1.1085772184021
 5200.0      -1.1215701443254
 5300.0      -1.1346512442737
 5400.0      -1.1478198796475
 5500.0      -1.1610746178973
 5600.0      -1.1744119694408
 5700.0      -1.1878370076482
 5800.0      -1.2013439362296
 5900.0      -1.2149349829612
 6000.0      -1.2286049768780
# P= 23.000000 GPa
    0.0      -0.6396248391756
  100.0      -0.6397608511522
  200.0      -0.6407021737126
  300.0      -0.6425985227641
  400.0      -0.6453679703815
  500.0      -0.6488978796328
  600.0      -0.6530856302119
  700.0      -0.6578469776189
  800.0      -0.6631142352484
  900.0      -0.6688328093041
 1000.0      -0.6749581542383
 1100.0      -0.6814534311497
 1200.0      -0.6882877755767
 1300.0      -0.6954350135497
 1400.0      -0.7028727056512
 1500.0      -0.7105814274389
 1600.0      -0.7185442151365
 1700.0      -0.7267461411692
 1800.0      -0.7351739780045
 1900.0      -0.7438159306476
 2000.0      -0.7526614248799
 2100.0      -0.7617009327460
 2200.0      -0.7709258290800
 2300.0      -0.7803282755093
 2400.0      -0.7899011239352
 2500.0      -0.7996378335610
 2600.0      -0.8095323993177
 2700.0      -0.8195792951546
 2800.0      -0.8297734274280
 2900.0      -0.8401100814302
 3000.0      -0.8505848998557
 3100.0      -0.8611938369016
 3200.0      -0.8719331320270
 3300.0      -0.8827992960577
 3400.0      -0.8937890737002
 3500.0      -0.9048994511883
 3600.0      -0.9161276034135
 3700.0      -0.9274709135987
 3800.0      -0.9389269434721
 3900.0      -0.9504934177246
 4000.0      -0.9621682504471
 4100.0      -0.9739494682794
 4200.0      -0.9858352975050
 4300.0      -0.9978240562343
 4400.0      -1.0099142275518
 4500.0      -1.0221044474410
 4600.0      -1.0343934429205
 4700.0      -1.0467800893873
 4800.0      -1.0592634386966
 4900.0      -1.0718425569342
 5000.0      -1.0845553852995
 5100.0      -1.0974169099910
 5200.0      -1.1103719854808
 5300.0      -1.1234145998980
 5400.0      -1.1365441278110
 5500.0      -1.1497592139717
 5600.0      -1.1630561670311
 5700.0      -1.1764403972441
 5800.0      -1.1899057589093
 5900.0      -1.2034548095405
 6000.0      -1.2170817132488
# P= 24.000000 GPa
    0.0      -0.6295613819635
  100.0      -0.6296972733305
  200.0      -0.6306366942521
  300.0      -0.6325279279767
  400.0      -0.6352897594612
  500.0      -0.6388104426671
  600.0      -0.6429879023810
  700.0      -0.6477382007755
  800.0      -0.6529938271064
  900.0      -0.6587002922008
 1000.0      -0.6648131137888
 1100.0      -0.6712954920671
 1200.0      -0.6781165866104
 1300.0      -0.6852502381190
 1400.0      -0.6926740145873
 1500.0      -0.7003684941163
 1600.0      -0.7083167124624
 1700.0      -0.7165037389409
 1800.0      -0.7249163403173
 1900.0      -0.7335427143344
 2000.0      -0.7423722783345
 2100.0      -0.7513954941149
 2200.0      -0.7606037250831
 2300.0      -0.7699891205664
 2400.0      -0.7795445186599
 2500.0      -0.7892633635708
 2600.0      -0.7991396342500
 2700.0      -0.8091677873800
 2800.0      -0.8193427106072
 2900.0      -0.8296596693417
 3000.0      -0.8401142848602
 3100.0      -0.8507024881974
 3200.0      -0.8614204945001
 3300.0      -0.8722647881867
 3400.0      -0.8832320853970
 3500.0      -0.8943193422643
 3600.0      -0.9055237004639
 3700.0      -0.9168425086212
 3800.0      -0.9282732896587
 3900.0      -0.9398137282406
 4000.0      -0.9514616929307
 4100.0      -0.9632151635225
 4200.0      -0.9750723130316
 4300.0      -0.9870314039583
 4400.0      -0.9990908569206
 4500.0      -1.0112492408015
 4600.0      -1.0235052093175
 4700.0      -1.0358575560335
 4800.0      -1.0483052451938
 4900.0      -1.0608472432784
 5000.0      -1.0735228246915
 5100.0      -1.0863483048010
 5200.0      -1.0992669625376
 5300.0      -1.1122725670314
 5400.0      -1.1253644956897
 5500.0      -1.1385414363232
 5600.0      -1.1517995335107
 5700.0      -1.1651444978430
 5800.0      -1.1785698791896
 5900.0      -1.1920785102200
 6000.0      -1.2056639999899
# P= 25.000000 GPa
    0.0      -0.6195344521820
  100.0      -0.6196702863019
  200.0      -0.6206080247537
  300.0      -0.6224944552856
  400.0      -0.6252490323057
  500.0      -0.6287608802576
  600.0      -0.6329284605966
  700.0      -0.6376681388631
  800.0      -0.6429125788723
  900.0      -0.6486073949516
 1000.0      -0.6547081679147
 1100.0      -0.6611781373474
 1200.0      -0.6679864876774
 1300.0      -0.6751070742714
 1400.0      -0.6825174730344
 1500.0      -0.6901982654279
 1600.0      -0.6981324877245
 1700.0      -0.7063052065714
 1800.0      -0.7147031839014
 1900.0      -0.7233146113957
 2000.0      -0.7321288988272
 2100.0      -0.7411364987634
 2200.0      -0.7503287644346
 2300.0      -0.7596978341694
 2400.0      -0.7692365335334
 2500.0      -0.7789382931843
 2600.0      -0.7887970777412
 2700.0      -0.7988073282506
 2800.0      -0.8089639154437
 2900.0      -0.8192620869098
 3000.0      -0.8296974445080
 3100.0      -0.8402658985453
 3200.0      -0.8509636422446
 3300.0      -0.8617871364008
 3400.0      -0.8727330715543
 3500.0      -0.8837983767924
 3600.0      -0.8949801644218
 3700.0      -0.9062757517905
 3800.0      -0.9176826279743
 3900.0      -0.9291984413177
 4000.0      -0.9408210209968
 4100.0      -0.9525483044613
 4200.0      -0.9643784187339
 4300.0      -0.9763095767598
 4400.0      -0.9883401447560
 4500.0      -1.0004686333358
 4600.0      -1.0126936312933
 4700.0      -1.0250138627783
 4800.0      -1.0374282151390
 4900.0      -1.0499355694553
 5000.0      -1.0625760335640
 5100.0      -1.0753669005758
 5200.0      -1.0882504917093
 5300.0      -1.1012204764559
 5400.0      -1.1142762265294
 5500.0      -1.1274164426551
 5600.0      -1.1406371382284
 5700.0      -1.1539442923794
 5800.0      -1.1673311898462
 5900.0      -1.1808008907511
 6000.0      -1.1943465450889
# P= 26.000000 GPa
    0.0      -0.6095433929442
  100.0      -0.6096792303869
  200.0      -0.6106154952443
  300.0      -0.6124974205911
  400.0      -0.6152450888093
  500.0      -0.6187484751546
  600.0      -0.6229065699396
  700.0      -0.6276360386075
  800.0      -0.6328697175177
  900.0      -0.6385533237999
 1000.0      -0.6446425013123
 1100.0      -0.6511005296995
 1200.0      -0.6578966181062
 1300.0      -0.6650046367948
 1400.0      -0.6724021701650
 1500.0      -0.6800698041211
 1600.0      -0.6879905757174
 1700.0      -0.6961495495488
 1800.0      -0.7045334836309
 1900.0      -0.7131305646789
 2000.0      -0.7219301954969
 2100.0      -0.7309228204045
 2200.0      -0.7400997837354
 2300.0      -0.7494532138275
 2400.0      -0.7589759248824
 2500.0      -0.7686613353777
 2600.0      -0.7785033970390
 2700.0      -0.7884965367279
 2800.0      -0.7986356098788
 2900.0      -0.8089158481023
 3000.0      -0.8193328356301
 3100.0      -0.8298824641473
 3200.0      -0.8405609071765
 3300.0      -0.8513646042111
 3400.0      -0.8622902229614
 3500.0      -0.8733346680148
 3600.0      -0.8844950258205
 3700.0      -0.8957685853236
 3800.0      -0.9071528059236
 3900.0      -0.9186453032326
 4000.0      -0.9302438718236
 4100.0      -0.9419464113337
 4200.0      -0.9537510085378
 4300.0      -0.9656558321452
 4400.0      -0.9776592016056
 4500.0      -0.9897595748874
 4600.0      -1.0019554859722
 4700.0      -1.0142455969377
 4800.0      -1.0266287290441
 4900.0      -1.0391036903877
 5000.0      -1.0517109862951
 5100.0      -1.0644685853376
 5200.0      -1.0773183876553
 5300.0      -1.0902540655900
 5400.0      -1.1032749782645
 5500.0      -1.1163798136122
 5600.0      -1.1295644819021
 5700.0      -1.1428352030492
 5800.0      -1.1561850313762
 5900.0      -1.1696172126087
 6000.0      -1.1831245216153
# P= 27.000000 GPa
    0.0      -0.5995875677943
  100.0      -0.5997234664879
  200.0      -0.6006584568758
  300.0      -0.6025361616865
  400.0      -0.6052772518488
  500.0      -0.6087725346358
  600.0      -0.6129215210486
  700.0      -0.6176411726864
  800.0      -0.6228644968764
  900.0      -0.6285373130762
 1000.0      -0.6346153285451
 1100.0      -0.6410618626286
 1200.0      -0.6478461491990
 1300.0      -0.6549420738337
 1400.0      -0.6623272304133
 1500.0      -0.6699822096009
 1600.0      -0.6778900495293
 1700.0      -0.6860358134346
 1800.0      -0.6944062565827
 1900.0      -0.7029895611888
 2000.0      -0.7117751237905
 2100.0      -0.7207533814536
 2200.0      -0.7299156707876
 2300.0      -0.7392541109033
 2400.0      -0.7487615057307
 2500.0      -0.7584312629250
 2600.0      -0.7682573224797
 2700.0      -0.7782340983874
 2800.0      -0.7883564322905
 2900.0      -0.7986195414299
 3000.0      -0.8090189940179
 3100.0      -0.8195506649689
 3200.0      -0.8302107101275
 3300.0      -0.8409955497031
 3400.0      -0.8519018310346
 3500.0      -0.8629264365398
 3600.0      -0.8740664296772
 3700.0      -0.8853190738714
 3800.0      -0.8966818019949
 3900.0      -0.9081522007336
 4000.0      -0.9197280333512
 4100.0      -0.9314071667592
 4200.0      -0.9431876509862
 4300.0      -0.9550676169605
 4400.0      -0.9670453415929
 4500.0      -0.9791192378231
 4600.0      -0.9912877904043
 4700.0      -1.0035496082358
 4800.0      -1.0159034543229
 4900.0      -1.0283480735180
 5000.0      -1.0409239922963
 5100.0      -1.0536495905584
 5200.0      -1.0664668143423
 5300.0      -1.0793694289388
 5400.0      -1.0923567733231
 5500.0      -1.1054275007926
 5600.0      -1.1185774437667
 5700.0      -1.1318130377397
 5800.0      -1.1451271370732
 5900.0      -1.1585231370394
 6000.0      -1.1719935106468
# P= 28.000000 GPa
    0.0      -0.5896663602320
  100.0      -0.5898023755916
  200.0      -0.5907362815194
  300.0      -0.5926100381802
  400.0      -0.5953448672068
  500.0      -0.5988323892443
  600.0      -0.6029726281055
  700.0      -0.6076828381358
  800.0      -0.6128961964302
  900.0      -0.6185586244847
 1000.0      -0.6246258922321
 1100.0      -0.6310613585813
 1200.0      -0.6378342824061
 1300.0      -0.6449185654758
 1400.0      -0.6522918114490
 1500.0      -0.6599346157958
 1600.0      -0.6678300182811
 1700.0      -0.6759630817941
 1800.0      -0.6843205594940
 1900.0      -0.6928906294213
 2000.0      -0.7016626826170
 2100.0      -0.7106271500945
 2200.0      -0.7197753613837
 2300.0      -0.7290994271616
 2400.0      -0.7385921421613
 2500.0      -0.7482469044553
 2600.0      -0.7580576432390
 2700.0      -0.7680187608474
 2800.0      -0.7781250865761
 2900.0      -0.7883718246385
 3000.0      -0.7987545286820
 3100.0      -0.8092690585298
 3200.0      -0.8199115541362
 3300.0      -0.8306784182214
 3400.0      -0.8415662799051
 3500.0      -0.8525720015816
 3600.0      -0.8636926261059
 3700.0      -0.8749253940857
 3800.0      -0.8862677144780
 3900.0      -0.8977171485217
 4000.0      -0.9092714310186
 4100.0      -0.9209284003928
 4200.0      -0.9326860734197
 4300.0      -0.9445425481029
 4400.0      -0.9564960634371
 4500.0      -0.9685449927925
 4600.0      -0.9806877774597
 4700.0      -0.9929229803109
 4800.0      -1.0052493121684
 4900.0      -1.0176654648876
 5000.0      -1.0302116558402
 5100.0      -1.0429064506475
 5200.0      -1.0556922452138
 5300.0      -1.0685629753581
 5400.0      -1.0815179556061
 5500.0      -1.0945557837754
 5600.0      -1.1076722365863
 5700.0      -1.1208739443198
 5800.0      -1.1341535870477
 5900.0      -1.1475146777730
 6000.0      -1.1609494528935
# P= 29.000000 GPa
    0.0      -0.5797791737722
  100.0      -0.5799153588245
  200.0      -0.5808483615606
  300.0      -0.5827184304396
  400.0      -0.5854473015099
  500.0      -0.5889273908057
  600.0      -0.5930592274898
  700.0      -0.5977603557434
  800.0      -0.6029641208698
  900.0      -0.6086165452571
 1000.0      -0.6146734612057
 1100.0      -0.6210982673291
 1200.0      -0.6278602482817
 1300.0      -0.6349333220981
 1400.0      -0.6422951021415
 1500.0      -0.6499261891294
 1600.0      -0.6578096253393
 1700.0      -0.6659304740692
 1800.0      -0.6742754864150
 1900.0      -0.6828328368601
 2000.0      -0.6915919119270
 2100.0      -0.7005431374759
 2200.0      -0.7096778363305
 2300.0      -0.7189881115793
 2400.0      -0.7284667499813
 2500.0      -0.7381071408366
 2600.0      -0.7479032034400
 2700.0      -0.7578493296322
 2800.0      -0.7679403376777
 2900.0      -0.7781714198818
 3000.0      -0.7885381166534
 3100.0      -0.7990362742870
 3200.0      -0.8096620183795
 3300.0      -0.8204117357772
 3400.0      -0.8312820392880
 3500.0      -0.8422697732172
 3600.0      -0.8533719618815
 3700.0      -0.8645858254878
 3800.0      -0.8759087514358
 3900.0      -0.8873382783820
 4000.0      -0.8988721154870
 4100.0      -0.9105080759188
 4200.0      -0.9222441468698
 4300.0      -0.9340783968490
 4400.0      -0.9460090319573
 4500.0      -0.9580343894594
 4600.0      -0.9701528736840
 4700.0      -0.9823630056609
 4800.0      -0.9946634517147
 4900.0      -1.0070528563278
 5000.0      -1.0195708443855
 5100.0      -1.0322359686116
 5200.0      -1.0449914269779
 5300.0      -1.0578313939886
 5400.0      -1.0707551534425
 5500.0      -1.0837612322452
 5600.0      -1.0968453697580
 5700.0      -1.1100143716467
 5800.0      -1.1232607682486
 5900.0      -1.1365881614335
 6000.0      -1.1499886076579
# P= 30.000000 GPa
    0.0      -0.5699254294840
  100.0      -0.5700618350011
  200.0      -0.5709941074797
  300.0      -0.5728607374419
  400.0      -0.5755839408047
  500.0      -0.5790569118967
  600.0      -0.5831806779504
  700.0      -0.5878730693871
  800.0      -0.5930675979875
  900.0      -0.5987103863547
 1000.0      -0.6047573292142
 1100.0      -0.6111718653902
 1200.0      -0.6179233050172
 1300.0      -0.6249855823186
 1400.0      -0.6323363207198
 1500.0      -0.6399561270321
 1600.0      -0.6478280467146
 1700.0      -0.6559371433591
 1800.0      -0.6642701664844
 1900.0      -0.6728152878129
 2000.0      -0.6815618904203
 2100.0      -0.6905003951164
 2200.0      -0.6996221186740
 2300.0      -0.7089191575446
 2400.0      -0.7183842916070
 2500.0      -0.7280109018431
 2600.0      -0.7377928985704
 2700.0      -0.7477246643863
 2800.0      -0.7578010074962
 2900.0      -0.7680171093166
 3000.0      -0.7783684982697
 3100.0      -0.7888510085413
 3200.0      -0.7994607526726
 3300.0      -0.8101941031015
 3400.0      -0.8210476580497
 3500.0      -0.8320182454320
 3600.0      -0.8431028728567
 3700.0      -0.8542987422608
 3800.0      -0.8656032216354
 3900.0      -0.8770138294383
 4000.0      -0.8885282518344
 4100.0      -0.9001442794221
 4200.0      -0.9118598731394
 4300.0      -0.9236730750192
 4400.0      -0.9355820623277
 4500.0      -0.9475851398500
 4600.0      -0.9596806795823
 4700.0      -0.9718671656824
 4800.0      -0.9841432248608
 4900.0      -0.9965074609898
 5000.0      -1.0089986586776
 5100.0      -1.0216351868112
 5200.0      -1.0343613510233
 5300.0      -1.0471716217115
 5400.0      -1.0600652496366
 5500.0      -1.0730406744343
 5600.0      -1.0860936154356
 5700.0      -1.0992310376188
 5800.0      -1.1124453407845
 5900.0      -1.1257401922595
 6000.0      -1.1391075183666
# P= 31.000000 GPa
    0.0      -0.5601045656765
  100.0      -0.5602412402607
  200.0      -0.5611729476012
  300.0      -0.5630363770391
  400.0      -0.5657541912664
  500.0      -0.5692203459383
  600.0      -0.5733363589537
  700.0      -0.5780203437177
  800.0      -0.5832059771349
  900.0      -0.5888394818348
 1000.0      -0.5948768147744
 1100.0      -0.6012814544181
 1200.0      -0.6080227363637
 1300.0      -0.6150746113368
 1400.0      -0.6224147137035
 1500.0      -0.6300236567262
 1600.0      -0.6378844888646
 1700.0      -0.6459822744084
 1800.0      -0.6543037620192
 1900.0      -0.6628371217277
 2000.0      -0.6715717331337
 2100.0      -0.6804980124601
 2200.0      -0.6896072711784
 2300.0      -0.6988916003327
 2400.0      -0.7083437731818
 2500.0      -0.7179571630636
 2600.0      -0.7277256722710
 2700.0      -0.7376436753915
 2800.0      -0.7477059711443
 2900.0      -0.7579077310698
 3000.0      -0.7682444728850
 3100.0      -0.7787120198067
 3200.0      -0.7893064724715
 3300.0      -0.8000241902696
 3400.0      -0.8108617583962
 3500.0      -0.8218159898382
 3600.0      -0.8328838771417
 3700.0      -0.8440626058679
 3800.0      -0.8553495265189
 3900.0      -0.8667421394125
 4000.0      -0.8782381100895
 4100.0      -0.8898352089850
 4200.0      -0.9015313735240
 4300.0      -0.9133246222032
 4400.0      -0.9252131065667
 4500.0      -0.9371951026214
 4600.0      -0.9492689533997
 4700.0      -0.9614331112490
 4800.0      -0.9736861666483
 4900.0      -0.9860266895360
 5000.0      -0.9984924085635
 5100.0      -1.0111013622484
 5200.0      -1.0237992260860
 5300.0      -1.0365808188428
 5400.0      -1.0494453532741
 5500.0      -1.0623911696191
 5600.0      -1.0754139820195
 5700.0      -1.0885208989769
 5800.0      -1.1017042094561
 5900.0      -1.1149676233478
 6000.0      -1.1283029811331
# P= 32.000000 GPa
    0.0      -0.5503160385491
  100.0      -0.5504530287495
  200.0      -0.5513843285796
  300.0      -0.5532447855707
  400.0      -0.5559574773811
  500.0      -0.5594171045646
  600.0      -0.5635256687315
  700.0      -0.5682015634724
  800.0      -0.5733786295500
  900.0      -0.5790031885425
 1000.0      -0.5850312590581
 1100.0      -0.5914263591544
 1200.0      -0.5981578502956
 1300.0      -0.6051997004544
 1400.0      -0.6125295548242
 1500.0      -0.6201280330037
 1600.0      -0.6279781868180
 1700.0      -0.6360650820155
 1800.0      -0.6443754673160
 1900.0      -0.6528975109029
 2000.0      -0.6616205892478
 2100.0      -0.6705351146264
 2200.0      -0.6796323944079
 2300.0      -0.6889045144820
 2400.0      -0.6983442418781
 2500.0      -0.7079449430435
 2600.0      -0.7177005135079
 2700.0      -0.7276053203505
 2800.0      -0.7376541534911
 2900.0      -0.7478421755787
 3000.0      -0.7581648949497
 3100.0      -0.7686181245838
 3200.0      -0.7791979543172
 3300.0      -0.7899007318308
 3400.0      -0.8007230306086
 3500.0      -0.8116616499884
 3600.0      -0.8227135689594
 3700.0      -0.8338759584025
 3800.0      -0.8451461530108
 3900.0      -0.8565216367848
 4000.0      -0.8680000567402
 4100.0      -0.8795791653190
 4200.0      -0.8912568787179
 4300.0      -0.9030311946287
 4400.0      -0.9149002414788
 4500.0      -0.9268622697909
 4600.0      -0.9389155966859
 4700.0      -0.9510586466379
 4800.0      -0.9632899776151
 4900.0      -0.9756081302062
 5000.0      -0.9880495923877
 5100.0      -1.0006319436082
 5200.0      -1.0133024575415
 5300.0      -1.0260563448930
 5400.0      -1.0388927771604
 5500.0      -1.0518099848677
 5600.0      -1.0648036883844
 5700.0      -1.0778811284959
 5800.0      -1.0910344977662
 5900.0      -1.1042675304595
 6000.0      -1.1175720201916
# P= 33.000000 GPa
    0.0      -0.5405593191616
  100.0      -0.5406966695980
  200.0      -0.5416277124110
  300.0      -0.5434854151455
  400.0      -0.5461932401672
  500.0      -0.5496466173105
  600.0      -0.5537480251040
  700.0      -0.5584161339933
  800.0      -0.5635849468749
  900.0      -0.5692008835535
 1000.0      -0.5752200241832
 1100.0      -0.5816059268744
 1200.0      -0.5883279791051
 1300.0      -0.5953601656953
 1400.0      -0.6026801427231
 1500.0      -0.6102685364895
 1600.0      -0.6181084030748
 1700.0      -0.6261848102162
 1800.0      -0.6344845064452
 1900.0      -0.6429956584240
 2000.0      -0.6517076400978
 2100.0      -0.6606108609446
 2200.0      -0.6696966243979
 2300.0      -0.6789570113925
 2400.0      -0.6883847833623
 2500.0      -0.6979733009965
 2600.0      -0.7077164537126
 2700.0      -0.7176086013961
 2800.0      -0.7276445259593
 2900.0      -0.7378193823864
 3000.0      -0.7481286704081
 3100.0      -0.7585681934825
 3200.0      -0.7691340316846
 3300.0      -0.7798225223771
 3400.0      -0.7906302282609
 3500.0      -0.8015539362131
 3600.0      -0.8125906130989
 3700.0      -0.8237374165891
 3800.0      -0.8349916670310
 3900.0      -0.8463508337528
 4000.0      -0.8578125471084
 4100.0      -0.8693745434701
 4200.0      -0.8810347197833
 4300.0      -0.8927910553733
 4400.0      -0.9046416578848
 4500.0      -0.9165847550579
 4600.0      -0.9286186410504
 4700.0      -0.9407417155227
 4800.0      -0.9529525075994
 4900.0      -0.9652495320570
 5000.0      -0.9776678775619
 5100.0      -0.9902245530131
 5200.0      -1.0028686271194
 5300.0      -1.0155957390752
 5400.0      -1.0284050178985
 5500.0      -1.0412945733812
 5600.0      -1.0542601444939
 5700.0      -1.0673090920864
 5800.0      -1.0804335266126
 5900.0      -1.0936371905311
 6000.0      -1.1069118635236
# P= 34.000000 GPa
    0.0      -0.5308338942840
  100.0      -0.5309716476779
  200.0      -0.5319025772260
  300.0      -0.5337577349216
  400.0      -0.5364609387501
  500.0      -0.5399083322773
  600.0      -0.5440028640760
  700.0      -0.5486634783761
  800.0      -0.5538243389507
  900.0      -0.5594319635658
 1000.0      -0.5654424937942
 1100.0      -0.5718195272750
 1200.0      -0.5785324772408
 1300.0      -0.5855553455103
 1400.0      -0.5928657995884
 1500.0      -0.6004444732868
 1600.0      -0.6082744268957
 1700.0      -0.6163407299856
 1800.0      -0.6246301312438
 1900.0      -0.6331307964960
 2000.0      -0.6418320981858
 2100.0      -0.6507244429281
 2200.0      -0.6597991303751
 2300.0      -0.6690482370593
 2400.0      -0.6784645198830
 2500.0      -0.6880413344544
 2600.0      -0.6977725641402
 2700.0      -0.7076525622856
 2800.0      -0.7176761037896
 2900.0      -0.7278383370118
 3000.0      -0.7381347533696
 3100.0      -0.7485611476460
 3200.0      -0.7591135913243
 3300.0      -0.7697884124957
 3400.0      -0.7805821638546
 3500.0      -0.7914916209218
 3600.0      -0.8025137398939
 3700.0      -0.8136456663540
 3800.0      -0.8248847076280
 3900.0      -0.8362283198989
 4000.0      -0.8476741184943
 4100.0      -0.8592198253988
 4200.0      -0.8708633200635
 4300.0      -0.8826025656017
 4400.0      -0.8944356509666
 4500.0      -0.9063607833788
 4600.0      -0.9183762367431
 4700.0      -0.9304803885062
 4800.0      -0.9426717421231
 4900.0      -0.9549487898508
 5000.0      -0.9673450845783
 5100.0      -0.9798769695215
 5200.0      -0.9924954758564
 5300.0      -1.0051967036751
 5400.0      -1.0179797374102
 5500.0      -1.0308425575694
 5600.0      -1.0437809319258
 5700.0      -1.0568023306189
 5800.0      -1.0698987954467
 5900.0      -1.0830740611238
 6000.0      -1.0963199247105
# P= 35.000000 GPa
    0.0      -0.5211392661447
  100.0      -0.5212774634684
  200.0      -0.5222084170487
  300.0      -0.5240612299069
  400.0      -0.5267600477402
  500.0      -0.5302017128938
  600.0      -0.5342896375942
  700.0      -0.5389430371881
  800.0      -0.5440962349456
  900.0      -0.5496958455680
 1000.0      -0.5556980714573
 1100.0      -0.5620665496734
 1200.0      -0.5687707195006
 1300.0      -0.5757846004076
 1400.0      -0.5830858715028
 1500.0      -0.5906551737690
 1600.0      -0.5984755717939
 1700.0      -0.6065321373676
 1800.0      -0.6148116202154
 1900.0      -0.6233021859370
 2000.0      -0.6319932052074
 2100.0      -0.6408750820063
 2200.0      -0.6499391127293
 2300.0      -0.6591773705921
 2400.0      -0.6685826084417
 2500.0      -0.6781481767494
 2600.0      -0.6878679533763
 2700.0      -0.6977362859893
 2800.0      -0.7077479436071
 2900.0      -0.7178980680309
 3000.0      -0.7281821430061
 3100.0      -0.7385959555395
 3200.0      -0.7491355698167
 3300.0      -0.7597973050476
 3400.0      -0.7705777048152
 3500.0      -0.7814735344151
 3600.0      -0.7924817406561
 3700.0      -0.8035994578957
 3800.0      -0.8148239816582
 3900.0      -0.8261527564806
 4000.0      -0.8375833839970
 4100.0      -0.8491135732952
 4200.0      -0.8607411879346
 4300.0      -0.8724641767105
 4400.0      -0.8842806117300
 4500.0      -0.8961886816595
 4600.0      -0.9081866425604
 4700.0      -0.9202728519941
 4800.0      -0.9324457903350
 4900.0      -0.9447039304464
 5000.0      -0.9570791729278
 5100.0      -0.9695871140839
 5200.0      -0.9821808894822
 5300.0      -0.9948570882591
 5400.0      -1.0076147477903
 5500.0      -1.0204517129082
 5600.0      -1.0333637878360
 5700.0      -1.0463585440102
 5800.0      -1.0594279647362
 5900.0      -1.0725757646515
 6000.0      -1.0857937843812
# P= 36.000000 GPa
    0.0      -0.5114749495381
  100.0      -0.5116136300765
  200.0      -0.5125447388542
  300.0      -0.5143953987031
  400.0      -0.5170900565027
  500.0      -0.5205262389510
  600.0      -0.5246078154376
  700.0      -0.5292542692872
  800.0      -0.5344000817142
  900.0      -0.5399919636878
 1000.0      -0.5459861784149
 1100.0      -0.5523464027089
 1200.0      -0.5590421019557
 1300.0      -0.5660473128944
 1400.0      -0.5733397261274
 1500.0      -0.5808999900464
 1600.0      -0.5887111741713
 1700.0      -0.5967583533020
 1800.0      -0.6050282781481
 1900.0      -0.6135091139063
 2000.0      -0.6221902298013
 2100.0      -0.6310620278090
 2200.0      -0.6401158021138
 2300.0      -0.6493436226897
 2400.0      -0.6587382382975
 2500.0      -0.6682929947559
 2600.0      -0.6780017652779
 2700.0      -0.6878588929001
 2800.0      -0.6978591406826
 2900.0      -0.7079976443463
 3000.0      -0.7182698807067
 3100.0      -0.7286716302976
 3200.0      -0.7391989503363
 3300.0      -0.7498481517242
 3400.0      -0.7606157698227
 3500.0      -0.7714985610616
 3600.0      -0.7824934635023
 3700.0      -0.7935976011865
 3800.0      -0.8048082589971
 3900.0      -0.8161228712635
 4000.0      -0.8275390269286
 4100.0      -0.8390544235419
 4200.0      -0.8506669102960
 4300.0      -0.8623744232764
 4400.0      -0.8741750193681
 4500.0      -0.8860668704385
 4600.0      -0.8980482168259
 4700.0      -0.9101173982779
 4800.0      -0.9222728742734
 4900.0      -0.9345131011045
 5000.0      -0.9468682285864
 5100.0      -0.9593530367876
 5200.0      -0.9719228854279
 5300.0      -0.9845748763186
 5400.0      -0.9973079979157
 5500.0      -1.0101199537443
 5600.0      -1.0230065912114
 5700.0      -1.0359755760719
 5800.0      -1.0490188417876
 5900.0      -1.0621400727589
 6000.0      -1.0753311750901
# P= 37.000000 GPa
    0.0      -0.5018404745342
  100.0      -0.5019796759220
  200.0      -0.5029110652011
  300.0      -0.5047597559857
  400.0      -0.5074504707016
  500.0      -0.5108814061309
  600.0      -0.5149568824802
  700.0      -0.5195966483038
  800.0      -0.5247353416644
  900.0      -0.5303197694268
 1000.0      -0.5363062551540
 1100.0      -0.5426585149055
 1200.0      -0.5493460399494
 1300.0      -0.5563428844193
 1400.0      -0.5636267509143
 1500.0      -0.5711782959123
 1600.0      -0.5789805939375
 1700.0      -0.5870187224960
 1800.0      -0.5952794333999
 1900.0      -0.6037508918471
 2000.0      -0.6124224664896
 2100.0      -0.6212845579168
 2200.0      -0.6303284578345
 2300.0      -0.6395462331104
 2400.0      -0.6489306288885
 2500.0      -0.6584749873119
 2600.0      -0.6681731776907
 2700.0      -0.6780195382385
 2800.0      -0.6880088264645
 2900.0      -0.6981361726748
 3000.0      -0.7083970480048
 3100.0      -0.7187872268134
 3200.0      -0.7293027596489
 3300.0      -0.7399399498408
 3400.0      -0.7506953257423
 3500.0      -0.7615656357011
 3600.0      -0.7725478095167
 3700.0      -0.7836389618449
 3800.0      -0.7948363682536
 3900.0      -0.8061374538257
 4000.0      -0.8175397957434
 4100.0      -0.8290410812570
 4200.0      -0.8406391467057
 4300.0      -0.8523319167083
 4400.0      -0.8641174343922
 4500.0      -0.8759938564445
 4600.0      -0.8879594093208
 4700.0      -0.9000124167747
 4800.0      -0.9121513193013
 4900.0      -0.9243745591069
 5000.0      -0.9367104528707
 5100.0      -0.9491729055464
 5200.0      -0.9617196011129
 5300.0      -0.9743481735516
 5400.0      -0.9870575612214
 5500.0      -0.9998453211665
 5600.0      -1.0127073502648
 5700.0      -1.0256514019022
 5800.0      -1.0386693679371
 5900.0      -1.0517648929405
 6000.0      -1.0649299684004
# P= 38.000000 GPa
    0.0      -0.4922353829853
  100.0      -0.4923751413755
  200.0      -0.4933069309170
  300.0      -0.4951538287331
  400.0      -0.4978408083678
  500.0      -0.5012667231040
  600.0      -0.5053363380569
  700.0      -0.5099696642246
  800.0      -0.5151014949581
  900.0      -0.5206787320693
 1000.0      -0.5266577590582
 1100.0      -0.5330023312222
 1200.0      -0.5396819660863
 1300.0      -0.5466707356344
 1400.0      -0.5539463544049
 1500.0      -0.5614894866488
 1600.0      -0.5692832118997
 1700.0      -0.5773126106743
 1800.0      -0.5855644365959
 1900.0      -0.5940268555786
 2000.0      -0.6026892355888
 2100.0      -0.6115419756553
 2200.0      -0.6205763653026
 2300.0      -0.6297844688945
 2400.0      -0.6391590289827
 2500.0      -0.6486933842278
 2600.0      -0.6583813998727
 2700.0      -0.6682174097160
 2800.0      -0.6781961664045
 2900.0      -0.6883127960123
 3000.0      -0.6985627640954
 3100.0      -0.7089418390159
 3200.0      -0.7194460652801
 3300.0      -0.7300717397251
 3400.0      -0.7408153846061
 3500.0      -0.7516737403273
 3600.0      -0.7626437291933
 3700.0      -0.7737224575116
 3800.0      -0.7849071927674
 3900.0      -0.7961953512633
 4000.0      -0.8075844994094
 4100.0      -0.8190723154366
 4200.0      -0.8306566240779
 4300.0      -0.8423353395123
 4400.0      -0.8541064924331
 4500.0      -0.8659682259219
 4600.0      -0.8779187540498
 4700.0      -0.8899563861904
 4800.0      -0.9020795455774
 4900.0      -0.9142866624999
 5000.0      -0.9266041525345
 5100.0      -0.9390449960211
 5200.0      -0.9515692835940
 5300.0      -0.9641751973970
 5400.0      -0.9768616248872
 5500.0      -0.9896259721569
 5600.0      -1.0024641910881
 5700.0      -1.0153841166798
 5800.0      -1.0283776066267
 5900.0      -1.0414482570018
 6000.0      -1.0545881624874
# P= 39.000000 GPa
    0.0      -0.4826592295695
  100.0      -0.4827995795712
  200.0      -0.4837318837665
  300.0      -0.4855771576495
  400.0      -0.4882606024257
  500.0      -0.4916817144242
  600.0      -0.4957456975061
  700.0      -0.5003728222522
  800.0      -0.5054980360049
  900.0      -0.5110683350946
 1000.0      -0.5170401629648
 1100.0      -0.5233773141710
 1200.0      -0.5300493321744
 1300.0      -0.5370303064912
 1400.0      -0.5442979635857
 1500.0      -0.5518329757647
 1600.0      -0.5596184281920
 1700.0      -0.5676394049893
 1800.0      -0.5758826615051
 1900.0      -0.5843363641136
 2000.0      -0.5929898802541
 2100.0      -0.6018336078322
 2200.0      -0.6108588350649
 2300.0      -0.6200576243764
 2400.0      -0.6294227154566
 2500.0      -0.6389474435531
 2600.0      -0.6486256702675
 2700.0      -0.6584517258575
 2800.0      -0.6684203590141
 2900.0      -0.6785266913975
 3000.0      -0.6887661831967
 3100.0      -0.6991345973385
 3200.0      -0.7096279733602
 3300.0      -0.7202426024024
 3400.0      -0.7309750005853
 3500.0      -0.7418219009771
 3600.0      -0.7527802192442
 3700.0      -0.7638470546791
 3800.0      -0.7750196669274
 3900.0      -0.7862954642373
 4000.0      -0.7976720032076
 4100.0      -0.8091469544969
 4200.0      -0.8207181318619
 4300.0      -0.8323834400871
 4400.0      -0.8441408986908
 4500.0      -0.8559886386233
 4600.0      -0.8679248627358
 4700.0      -0.8799478674770
 4800.0      -0.8920560604368
 4900.0      -0.9042478618272
 5000.0      -0.9165477310075
 5100.0      -0.9289676826290
 5200.0      -0.9414702804397
 5300.0      -0.9540542676883
 5400.0      -0.9667184803599
 5500.0      -0.9794601698835
 5600.0      -0.9922753478229
 5700.0      -1.0051719256134
 5800.0      -1.0181417331894
 5900.0      -1.0311883107050
 6000.0      -1.0443038714146
# P= 40.000000 GPa
    0.0      -0.4731115815816
  100.0      -0.4732525564649
  200.0      -0.4741854846861
  300.0      -0.4760292965237
  400.0      -0.4787093983446
  500.0      -0.4821259165555
  600.0      -0.4861844880306
  700.0      -0.4908056404556
  800.0      -0.4959244739929
  900.0      -0.5014880786629
 1000.0      -0.5074529572499
 1100.0      -0.5137829432023
 1200.0      -0.5204476059005
 1300.0      -0.5274210527104
 1400.0      -0.5346810225230
 1500.0      -0.5422081960376
 1600.0      -0.5499856638458
 1700.0      -0.5579985134367
 1800.0      -0.5662335019933
 1900.0      -0.5746787967469
 2000.0      -0.5833237653589
 2100.0      -0.5921588051915
 2200.0      -0.6011752029613
 2300.0      -0.6103650190052
 2400.0      -0.6197209904387
 2500.0      -0.6292364496959
 2600.0      -0.6389052557219
 2700.0      -0.6487217354893
 2800.0      -0.6586806334927
 2900.0      -0.6687770673000
 3000.0      -0.6790064923113
 3100.0      -0.6893646671592
 3200.0      -0.6998476268349
 3300.0      -0.7104516566838
 3400.0      -0.7211732672176
 3500.0      -0.7320091849451
 3600.0      -0.7429563201923
 3700.0      -0.7540117653686
 3800.0      -0.7651727727474
 3900.0      -0.7764367433187
 4000.0      -0.7878012251914
 4100.0      -0.7992638821708
 4200.0      -0.8108225176321
 4300.0      -0.8224750279741
 4400.0      -0.8342194229539
 4500.0      -0.8460538223793
 4600.0      -0.8579764189468
 4700.0      -0.8699854974966
 4800.0      -0.8820794515657
 4900.0      -0.8942566927298
 5000.0      -0.9065396805562
 5100.0      -0.9189394305145
 5200.0      -0.9314210315637
 5300.0      -0.9439837983006
 5400.0      -0.9566265148674
 5500.0      -0.9693462750121
 5600.0      -0.9821391538592
 5700.0      -0.9950131349267
 5800.0      -1.0079600257399
 5900.0      -1.0209833044068
 6000.0      -1.0340753157148
