# T (K)     Gibbs free energy (Ry.)
    0.0      -0.8830990094987
    0.0      -0.8832649518711
    0.0      -0.8843463519499
    0.0      -0.8864953728189
    0.0      -0.8895951340997
    0.0      -0.8935048081300
    0.0      -0.8981062969864
    0.0      -0.9033071604191
    0.0      -0.9090352787558
    0.0      -0.9152336268766
    0.0      -0.9218563589381
    0.0      -0.9288660135504
    0.0      -0.9362315398405
    0.0      -0.9439268733486
    0.0      -0.9519299004981
    0.0      -0.9602216916251
    0.0      -0.9687859199711
    0.0      -0.9776084193268
    0.0      -0.9866768417803
    0.0      -0.9959803888556
    0.0      -1.0055096009308
    0.0      -1.0152561889288
    0.0      -1.0252129017761
    0.0      -1.0353734213286
    0.0      -1.0457322801427
    0.0      -1.0562847980520
    0.0      -1.0670270370848
    0.0      -1.0779557704287
    0.0      -1.0890684622919
    0.0      -1.1003632754743
    0.0      -1.1118390678316
    0.0      -1.1234954342101
    0.0      -1.1353327556580
    0.0      -1.1473522375019
    0.0      -1.1595558728478
    0.0      -1.1719463008254
    0.0      -1.1845269328059
    0.0      -1.1973018794478
    0.0      -1.2102760409179
    0.0      -1.2234551740868
    0.0      -1.2368457674664
    0.0      -1.2504554484140
    0.0      -1.2642925086974
    0.0      -1.2783666065534
    0.0      -1.2926883657030
    0.0      -1.3072693632182
    0.0      -1.3221228976533
    0.0      -1.3372635341093
    0.0      -1.3527066215497
    0.0      -1.3684710466582
    0.0      -1.3838029143362
    0.0      -1.3981550719045
    0.0      -1.4124507033384
    0.0      -1.4268660335583
    0.0      -1.4413861541698
    0.0      -1.4559681683622
    0.0      -1.4706549083694
    0.0      -1.4854067948227
    0.0      -1.5002713280228
    0.0      -1.5151889526878
    0.0      -1.5302743412394
    1.0      -0.8719445720001
    1.0      -0.8721076130934
    1.0      -0.8731771475363
    1.0      -0.8753071600384
    1.0      -0.8783833790974
    1.0      -0.8822666153163
    1.0      -0.8868395881096
    1.0      -0.8920102625479
    1.0      -0.8977067198161
    1.0      -0.9038720296242
    1.0      -0.9104603807761
    1.0      -0.9174343084463
    1.0      -0.9247627338665
    1.0      -0.9324195462602
    1.0      -0.9403825703357
    1.0      -0.9486328017855
    1.0      -0.9571538269127
    1.0      -0.9659313803086
    1.0      -0.9749530020425
    1.0      -0.9842077678272
    1.0      -0.9936860773531
    1.0      -1.0033794840672
    1.0      -1.0132805604299
    1.0      -1.0233827903014
    1.0      -1.0336804837139
    1.0      -1.0441687098179
    1.0      -1.0548432457845
    1.0      -1.0657005407280
    1.0      -1.0767376901822
    1.0      -1.0879524299529
    1.0      -1.0993431283749
    1.0      -1.1109088086127
    1.0      -1.1226491797158
    1.0      -1.1345646699996
    1.0      -1.1466565201097
    1.0      -1.1589267669317
    1.0      -1.1713782171118
    1.0      -1.1840143430761
    1.0      -1.1968393585059
    1.0      -1.2098582766149
    1.0      -1.2230768145701
    1.0      -1.2365017298921
    1.0      -1.2501404389240
    1.0      -1.2640016006250
    1.0      -1.2780947960604
    1.0      -1.2924305199640
    1.0      -1.3070208360423
    1.0      -1.3218790063618
    1.0      -1.3370190864598
    1.0      -1.3524582789441
    1.0      -1.3675514905162
    1.0      -1.3818231708565
    1.0      -1.3960604855315
    1.0      -1.4104146373284
    1.0      -1.4248726782598
    1.0      -1.4393970792298
    1.0      -1.4540248056919
    1.0      -1.4687213098123
    1.0      -1.4835278406181
    1.0      -1.4983920419209
    1.0      -1.5134146835708
    2.0      -0.8608511469776
    2.0      -0.8610114930076
    2.0      -0.8620699155310
    2.0      -0.8641819615390
    2.0      -0.8672358289712
    2.0      -0.8710939170211
    2.0      -0.8756397473500
    2.0      -0.8807816854443
    2.0      -0.8864480143327
    2.0      -0.8925819018614
    2.0      -0.8991375752599
    2.0      -0.9060775728642
    2.0      -0.9133707946035
    2.0      -0.9209910905549
    2.0      -0.9289162328489
    2.0      -0.9371271526906
    2.0      -0.9456073603763
    2.0      -0.9543425037183
    2.0      -0.9633200250239
    2.0      -0.9725288903205
    2.0      -0.9819593768557
    2.0      -0.9916029013912
    2.0      -1.0014518837294
    2.0      -1.0114996370987
    2.0      -1.0217402805457
    2.0      -1.0321686690282
    2.0      -1.0427803378571
    2.0      -1.0535714622014
    2.0      -1.0645388276736
    2.0      -1.0756798143453
    2.0      -1.0869923846692
    2.0      -1.0984750924340
    2.0      -1.1101270991347
    2.0      -1.1219481962440
    2.0      -1.1339388680486
    2.0      -1.1461003120511
    2.0      -1.1584345874633
    2.0      -1.1709445433875
    2.0      -1.1836337430518
    2.0      -1.1965064953496
    2.0      -1.2095677844361
    2.0      -1.2228235443024
    2.0      -1.2362803577884
    2.0      -1.2499459366846
    2.0      -1.2638288710212
    2.0      -1.2779386240551
    2.0      -1.2922860871549
    2.0      -1.3068832830879
    2.0      -1.3217430305115
    2.0      -1.3368809395884
    2.0      -1.3517495722949
    2.0      -1.3659384354419
    2.0      -1.3801129163217
    2.0      -1.3944017488261
    2.0      -1.4087937406534
    2.0      -1.4232562179886
    2.0      -1.4378208243711
    2.0      -1.4524576238291
    2.0      -1.4672021467914
    2.0      -1.4820086212230
    2.0      -1.4969650779549
    3.0      -0.8498170920427
    3.0      -0.8499749373400
    3.0      -0.8510229567098
    3.0      -0.8531180164013
    3.0      -0.8561506523483
    3.0      -0.8599848049877
    3.0      -0.8645047831490
    3.0      -0.8696193479517
    3.0      -0.8752569851739
    3.0      -0.8813609624155
    3.0      -0.8878855502410
    3.0      -0.8947932945595
    3.0      -0.9020530796246
    3.0      -0.9096387239188
    3.0      -0.9175279541348
    3.0      -0.9257016452345
    3.0      -0.9341432415621
    3.0      -0.9428383151338
    3.0      -0.9517742224474
    3.0      -0.9609398334950
    3.0      -0.9703253186686
    3.0      -0.9799219756953
    3.0      -0.9897220917931
    3.0      -0.9997188324956
    3.0      -1.0099061521710
    3.0      -1.0202787218539
    3.0      -1.0308318700960
    3.0      -1.0415615392814
    3.0      -1.0524642530591
    3.0      -1.0635370920750
    3.0      -1.0747776804941
    3.0      -1.0861841826400
    3.0      -1.0977553098922
    3.0      -1.1094903344662
    3.0      -1.1213891300607
    3.0      -1.1334521835368
    3.0      -1.1456807031425
    3.0      -1.1580766523549
    3.0      -1.1706428645306
    3.0      -1.1833829782048
    3.0      -1.1963012820980
    3.0      -1.2094029317307
    3.0      -1.2226937176047
    3.0      -1.2361804550843
    3.0      -1.2498707936306
    3.0      -1.2637732149132
    3.0      -1.2778974989114
    3.0      -1.2922544913389
    3.0      -1.3068558296536
    3.0      -1.3217156203968
    3.0      -1.3363735645191
    3.0      -1.3504779986636
    3.0      -1.3645859446988
    3.0      -1.3788060787961
    3.0      -1.3931287734881
    3.0      -1.4075257265531
    3.0      -1.4220237781324
    3.0      -1.4365972055084
    3.0      -1.4512763296425
    3.0      -1.4660213781071
    3.0      -1.4809087540666
    4.0      -0.8388408427599
    4.0      -0.8389963706253
    4.0      -0.8400346539415
    4.0      -0.8421136505722
    4.0      -0.8451261099152
    4.0      -0.8489374690343
    4.0      -0.8534328083982
    4.0      -0.8585212809550
    4.0      -0.8641315744447
    4.0      -0.8702070588916
    4.0      -0.8767020512878
    4.0      -0.8835791091864
    4.0      -0.8908071071284
    4.0      -0.8983598369074
    4.0      -0.9062149867842
    4.0      -0.9143533834375
    4.0      -0.9227584129952
    4.0      -0.9314155809735
    4.0      -0.9403121689455
    4.0      -0.9494369627222
    4.0      -0.9587800389003
    4.0      -0.9683325911225
    4.0      -0.9780867910878
    4.0      -0.9880356760009
    4.0      -0.9981730576192
    4.0      -1.0084934483070
    4.0      -1.0189919989959
    4.0      -1.0296644529846
    4.0      -1.0405071111370
    4.0      -1.0515168009343
    4.0      -1.0626908616733
    4.0      -1.0740271325565
    4.0      -1.0855239515456
    4.0      -1.0971801632894
    4.0      -1.1089951431585
    4.0      -1.1209688035851
    4.0      -1.1331016697804
    4.0      -1.1453949025607
    4.0      -1.1578503931638
    4.0      -1.1704708730941
    4.0      -1.1832599125888
    4.0      -1.1962219322625
    4.0      -1.2093619706876
    4.0      -1.2226859961745
    4.0      -1.2362007669300
    4.0      -1.2499138319660
    4.0      -1.2638339192290
    4.0      -1.2779707581643
    4.0      -1.2923348598323
    4.0      -1.3069389131622
    4.0      -1.3213998720323
    4.0      -1.3354189935151
    4.0      -1.3494575196203
    4.0      -1.3636063379718
    4.0      -1.3778572088859
    4.0      -1.3921857467963
    4.0      -1.4066144806925
    4.0      -1.4211215234486
    4.0      -1.4357324722591
    4.0      -1.4504130000287
    4.0      -1.4652289415703
    5.0      -0.8279209074452
    5.0      -0.8280742909278
    5.0      -0.8291034666300
    5.0      -0.8311672706492
    5.0      -0.8341605480286
    5.0      -0.8379501897843
    5.0      -0.8424220330407
    5.0      -0.8474856184040
    5.0      -0.8530698348049
    5.0      -0.8591181569281
    5.0      -0.8655849503339
    5.0      -0.8724327889620
    5.0      -0.8796305411434
    5.0      -0.8871519776782
    5.0      -0.8949747544099
    5.0      -0.9030796553933
    5.0      -0.9114500165705
    5.0      -0.9200712851691
    5.0      -0.9289306763315
    5.0      -0.9380169019997
    5.0      -0.9473199566899
    5.0      -0.9568309427616
    5.0      -0.9665419306970
    5.0      -0.9764458457567
    5.0      -0.9865363757463
    5.0      -0.9968078955635
    5.0      -1.0072554028451
    5.0      -1.0178744697924
    5.0      -1.0286612066486
    5.0      -1.0396122254177
    5.0      -1.0507246244564
    5.0      -1.0619959691101
    5.0      -1.0734242850376
    5.0      -1.0850080623534
    5.0      -1.0967462652400
    5.0      -1.1086383373204
    5.0      -1.1206842504615
    5.0      -1.1328845224924
    5.0      -1.1452402829408
    5.0      -1.1577533506628
    5.0      -1.1704262809419
    5.0      -1.1832625859836
    5.0      -1.1962665693509
    5.0      -1.2094434003057
    5.0      -1.2227989939631
    5.0      -1.2363400146389
    5.0      -1.2500741960223
    5.0      -1.2640102106132
    5.0      -1.2781574969954
    5.0      -1.2925274096842
    5.0      -1.3068048996860
    5.0      -1.3207385530013
    5.0      -1.3347055900521
    5.0      -1.3487812370954
    5.0      -1.3629584789878
    5.0      -1.3772164206155
    5.0      -1.3915737457812
    5.0      -1.4060120462800
    5.0      -1.4205526577182
    5.0      -1.4351661744824
    5.0      -1.4499088701425
    6.0      -0.8170558623831
    6.0      -0.8172072650016
    6.0      -0.8182279256112
    6.0      -0.8202773584245
    6.0      -0.8232523927147
    6.0      -0.8270213323088
    6.0      -0.8314707568401
    6.0      -0.8365105898071
    6.0      -0.8420699210618
    6.0      -0.8480923308973
    6.0      -0.8545322363310
    6.0      -0.8613522306826
    6.0      -0.8685211799843
    6.0      -0.8760128390119
    6.0      -0.8838048353948
    6.0      -0.8918779172779
    6.0      -0.9002153762373
    6.0      -0.9088026079273
    6.0      -0.9176267697893
    6.0      -0.9266765083945
    6.0      -0.9359417455906
    6.0      -0.9454135037413
    6.0      -0.9550837647322
    6.0      -0.9649453557611
    6.0      -0.9749918563202
    6.0      -0.9852175217317
    6.0      -0.9956172167930
    6.0      -1.0061863659903
    6.0      -1.0169209156617
    6.0      -1.0278172933740
    6.0      -1.0388723922689
    6.0      -1.0500835458938
    6.0      -1.0614485168529
    6.0      -1.0729654982995
    6.0      -1.0846331132116
    6.0      -1.0964504182561
    6.0      -1.1084169327547
    6.0      -1.1205326533132
    6.0      -1.1327980982365
    6.0      -1.1452143620364
    6.0      -1.1577831504303
    6.0      -1.1705069384201
    6.0      -1.1833889659088
    6.0      -1.1964335078288
    6.0      -1.2096456777731
    6.0      -1.2230313023565
    6.0      -1.2365971772080
    6.0      -1.2503509757346
    6.0      -1.2643011170873
    6.0      -1.2784577017640
    6.0      -1.2925650523292
    6.0      -1.3064138101165
    6.0      -1.3203081049659
    6.0      -1.3343094869056
    6.0      -1.3484120159313
    6.0      -1.3625978898958
    6.0      -1.3768823871104
    6.0      -1.3912502426115
    6.0      -1.4057189691130
    6.0      -1.4202635889405
    6.0      -1.4349317694496
    7.0      -0.8062443473944
    7.0      -0.8063939238085
    7.0      -0.8074066284673
    7.0      -0.8094424658864
    7.0      -0.8124001441390
    7.0      -0.8161493403020
    7.0      -0.8205773629107
    7.0      -0.8255945134605
    7.0      -0.8311300823270
    7.0      -0.8371277560021
    7.0      -0.8435420056472
    7.0      -0.8503354461430
    7.0      -0.8574769454940
    7.0      -0.8649402454970
    7.0      -0.8727029508749
    7.0      -0.8807457783953
    7.0      -0.8890519806267
    7.0      -0.8976069087312
    7.0      -0.9063976683505
    7.0      -0.9154128485743
    7.0      -0.9246423077106
    7.0      -0.9340769970894
    7.0      -0.9437088204752
    7.0      -0.9535305192593
    7.0      -0.9635355782075
    7.0      -0.9737181481040
    7.0      -0.9840729780452
    7.0      -0.9945953644612
    7.0      -1.0052811121221
    7.0      -1.0161264899629
    7.0      -1.0271282153809
    7.0      -1.0382834243731
    7.0      -1.0495896567212
    7.0      -1.0610448554113
    7.0      -1.0726473573161
    7.0      -1.0843958976300
    7.0      -1.0962896220401
    7.0      -1.1083281001029
    7.0      -1.1205113542623
    7.0      -1.1328398966069
    7.0      -1.1453147577761
    7.0      -1.1579375942794
    7.0      -1.1707106888820
    7.0      -1.1836371594421
    7.0      -1.1967210214031
    7.0      -1.2099672345441
    7.0      -1.2233817107027
    7.0      -1.2369711805785
    7.0      -1.2507430960551
    7.0      -1.2647063811982
    7.0      -1.2786567348100
    7.0      -1.2924218978632
    7.0      -1.3062430133273
    7.0      -1.3201697981392
    7.0      -1.3341972518468
    7.0      -1.3483102965241
    7.0      -1.3625212184048
    7.0      -1.3768175810583
    7.0      -1.3912134895265
    7.0      -1.4056879308854
    7.0      -1.4202808691684
    8.0      -0.7954850618211
    8.0      -0.7956329584289
    8.0      -0.7966382352263
    8.0      -0.7986612106300
    8.0      -0.8016023716830
    8.0      -0.8053327307539
    8.0      -0.8097403119836
    8.0      -0.8147357901520
    8.0      -0.8202486552801
    8.0      -0.8262227008543
    8.0      -0.8326124539658
    8.0      -0.8393805536092
    8.0      -0.8464958727599
    8.0      -0.8539321436214
    8.0      -0.8616669522976
    8.0      -0.8696809879051
    8.0      -0.8779574699073
    8.0      -0.8864817093200
    8.0      -0.8952407666384
    8.0      -0.9042231803453
    8.0      -0.9134187517169
    8.0      -0.9228183699981
    8.0      -0.9324138702072
    8.0      -0.9421979176336
    8.0      -0.9521639138873
    8.0      -0.9623059184062
    8.0      -0.9726185792696
    8.0      -0.9830970812892
    8.0      -0.9937371063544
    8.0      -1.0045347863690
    8.0      -1.0154866874929
    8.0      -1.0265897764728
    8.0      -1.0378414031173
    8.0      -1.0492392982956
    8.0      -1.0607815577486
    8.0      -1.0724666470890
    8.0      -1.0842934008156
    8.0      -1.0962610361057
    8.0      -1.1083691683365
    8.0      -1.1206178365237
    8.0      -1.1330075279784
    8.0      -1.1455392469916
    8.0      -1.1582145236788
    8.0      -1.1710355555318
    8.0      -1.1840052571897
    8.0      -1.1971273506268
    8.0      -1.2104066444228
    8.0      -1.2238489521942
    8.0      -1.2374608098451
    8.0      -1.2512500397862
    8.0      -1.2650563519771
    8.0      -1.2787399492403
    8.0      -1.2924882641044
    8.0      -1.3063408815327
    8.0      -1.3202936188713
    8.0      -1.3343337823924
    8.0      -1.3484710533858
    8.0      -1.3626955302371
    8.0      -1.3770183020461
    8.0      -1.3914218877985
    8.0      -1.4059393989711
    9.0      -0.7847767608407
    9.0      -0.7849231163274
    9.0      -0.7859214644089
    9.0      -0.7879322716446
    9.0      -0.7908577094334
    9.0      -0.7945700890298
    9.0      -0.7989581371539
    9.0      -0.8039328973197
    9.0      -0.8094240580200
    9.0      -0.8153755205072
    9.0      -0.8217418690709
    9.0      -0.8284857694025
    9.0      -0.8355761015898
    9.0      -0.8429865919438
    9.0      -0.8506948107392
    9.0      -0.8586814240234
    9.0      -0.8669296218813
    9.0      -0.8754246801839
    9.0      -0.8841536198752
    9.0      -0.8931049337743
    9.0      -0.9022683736868
    9.0      -0.9116347733266
    9.0      -0.9211959065598
    9.0      -0.9309443722968
    9.0      -0.9408734986274
    9.0      -0.9509772642968
    9.0      -0.9612502290538
    9.0      -0.9716874803662
    9.0      -0.9822845930536
    9.0      -0.9930375799903
    9.0      -1.0039428765554
    9.0      -1.0149973038068
    9.0      -1.0261980487597
    9.0      -1.0375426613164
    9.0      -1.0490290325874
    9.0      -1.0606554008751
    9.0      -1.0724203396049
    9.0      -1.0843227720618
    9.0      -1.0963619773343
    9.0      -1.1085376058909
    9.0      -1.1208497029891
    9.0      -1.1332987469429
    9.0      -1.1458856677993
    9.0      -1.1586119367874
    9.0      -1.1714796116079
    9.0      -1.1844913940906
    9.0      -1.1976508336655
    9.0      -1.2109624176309
    9.0      -1.2244316344034
    9.0      -1.2380652693261
    9.0      -1.2517403086793
    9.0      -1.2653450972472
    9.0      -1.2790218062651
    9.0      -1.2928014478246
    9.0      -1.3066805491395
    9.0      -1.3206484893880
    9.0      -1.3347127057735
    9.0      -1.3488655587632
    9.0      -1.3631154897575
    9.0      -1.3774481471567
    9.0      -1.3918905885289
   10.0      -0.7741182520709
   10.0      -0.7742631979121
   10.0      -0.7752550894046
   10.0      -0.7772543854462
   10.0      -0.7801648520397
   10.0      -0.7838600643813
   10.0      -0.7882294390667
   10.0      -0.7931843838670
   10.0      -0.7986547844405
   10.0      -0.8045846503839
   10.0      -0.8109286242897
   10.0      -0.8176494006806
   10.0      -0.8247158688478
   10.0      -0.8321017522070
   10.0      -0.8397846079516
   10.0      -0.8477450829347
   10.0      -0.8559663410489
   10.0      -0.8644336280721
   10.0      -0.8731339290029
   10.0      -0.8820556971543
   10.0      -0.8911886397927
   10.0      -0.9005235413175
   10.0      -0.9100521222095
   10.0      -0.9197669216588
   10.0      -0.9296612031010
   10.0      -0.9397288746998
   10.0      -0.9499644180147
   10.0      -0.9603628350344
   10.0      -0.9709196072046
   10.0      -0.9816306438246
   10.0      -0.9924922666219
   10.0      -1.0035011705513
   10.0      -1.0146544024590
   10.0      -1.0259493570677
   10.0      -1.0373837508418
   10.0      -1.0489556290522
   10.0      -1.0606633447512
   10.0      -1.0725055746362
   10.0      -1.0844813170634
   10.0      -1.0965899007865
   10.0      -1.1088310082759
   10.0      -1.1212046885560
   10.0      -1.1337113878513
   10.0      -1.1463519964437
   10.0      -1.1591278949035
   10.0      -1.1720409894722
   10.0      -1.1850938555330
   10.0      -1.1982898046637
   10.0      -1.2116329462727
   10.0      -1.2251286616168
   10.0      -1.2386850097651
   10.0      -1.2522144748837
   10.0      -1.2658215887773
   10.0      -1.2795302077528
   10.0      -1.2933374747855
   10.0      -1.3072345593988
   10.0      -1.3212269892895
   10.0      -1.3353091352525
   10.0      -1.3494871357479
   10.0      -1.3637493964425
   10.0      -1.3781176675147
   11.0      -0.7635083924350
   11.0      -0.7636520533607
   11.0      -0.7646379351409
   11.0      -0.7666263425222
   11.0      -0.7695225509087
   11.0      -0.7732013658649
   11.0      -0.7775528815070
   11.0      -0.7824888654251
   11.0      -0.7879393990859
   11.0      -0.7938486007441
   11.0      -0.8001711723592
   11.0      -0.8068698389503
   11.0      -0.8139135011234
   11.0      -0.8212758816961
   11.0      -0.8289345277054
   11.0      -0.8368700695811
   11.0      -0.8450656487148
   11.0      -0.8535064841871
   11.0      -0.8621795293398
   11.0      -0.8710732025373
   11.0      -0.8801771709886
   11.0      -0.8894821762003
   11.0      -0.8989798901129
   11.0      -0.9086627997836
   11.0      -0.9185241113751
   11.0      -0.9285576698693
   11.0      -0.9387578886460
   11.0      -0.9491196945794
   11.0      -0.9596384866601
   11.0      -0.9703100837495
   11.0      -0.9811307086913
   11.0      -0.9920969469452
   11.0      -1.0032057239969
   11.0      -1.0144543007819
   11.0      -1.0258402439697
   11.0      -1.0373614339913
   11.0      -1.0490160366474
   11.0      -1.0608025202908
   11.0      -1.0727196475794
   11.0      -1.0847664786346
   11.0      -1.0969423949497
   11.0      -1.1092470927716
   11.0      -1.1216806234321
   11.0      -1.1342434072506
   11.0      -1.1469362827169
   11.0      -1.1597605264729
   11.0      -1.1727179515670
   11.0      -1.1858109623079
   11.0      -1.1990425949110
   11.0      -1.2124168487071
   11.0      -1.2258668601342
   11.0      -1.2393252151493
   11.0      -1.2528655606085
   11.0      -1.2665058720552
   11.0      -1.2802438279443
   11.0      -1.2940721343134
   11.0      -1.3079947176548
   11.0      -1.3220077283211
   11.0      -1.3361153231030
   11.0      -1.3503083231356
   11.0      -1.3646038656010
   12.0      -0.7529460852656
   12.0      -0.7530885796862
   12.0      -0.7540688750084
   12.0      -0.7560469840622
   12.0      -0.7589296107054
   12.0      -0.7625927585913
   12.0      -0.7669271873562
   12.0      -0.7718450200096
   12.0      -0.7772765324242
   12.0      -0.7831659516222
   12.0      -0.7894680398983
   12.0      -0.7961455541391
   12.0      -0.8031674082148
   12.0      -0.8105073262781
   12.0      -0.8181428479434
   12.0      -0.8260545895061
   12.0      -0.8342256733527
   12.0      -0.8426412945366
   12.0      -0.8512883791024
   12.0      -0.8601553135637
   12.0      -0.8692317304037
   12.0      -0.8785083320903
   12.0      -0.8879767479684
   12.0      -0.8976294187262
   12.0      -0.9074594990281
   12.0      -0.9174607789879
   12.0      -0.9276276108676
   12.0      -0.9379548551774
   12.0      -0.9484378391059
   12.0      -0.9590723017846
   12.0      -0.9698543792319
   12.0      -0.9807805616604
   12.0      -0.9918476692863
   12.0      -1.0030528471740
   12.0      -1.0143935327629
   12.0      -1.0258674649666
   12.0      -1.0374726496403
   12.0      -1.0492073779971
   12.0      -1.0610702133562
   12.0      -1.0730599901139
   12.0      -1.0851758383706
   12.0      -1.0974171612980
   12.0      -1.1097836851465
   12.0      -1.1222754464821
   12.0      -1.1348928442790
   12.0      -1.1476366508524
   12.0      -1.1605080738631
   12.0      -1.1735088061810
   12.0      -1.1866410548450
   12.0      -1.1999077632618
   12.0      -1.2132626543003
   12.0      -1.2266545596247
   12.0      -1.2401316893013
   12.0      -1.2537071519366
   12.0      -1.2673790407507
   12.0      -1.2811413560204
   12.0      -1.2949967045905
   12.0      -1.3089428065844
   12.0      -1.3229821349093
   12.0      -1.3371076147157
   12.0      -1.3513324124599
   13.0      -0.7424302776208
   13.0      -0.7425717180204
   13.0      -0.7435468280310
   13.0      -0.7455151989451
   13.0      -0.7483848861300
   13.0      -0.7520330602733
   13.0      -0.7563511348826
   13.0      -0.7612515840361
   13.0      -0.7666648765536
   13.0      -0.7725353481960
   13.0      -0.7788178224276
   13.0      -0.7854750891820
   13.0      -0.7924760773037
   13.0      -0.7997945140621
   13.0      -0.8074079339330
   13.0      -0.8152969413541
   13.0      -0.8234446424626
   13.0      -0.8318362111282
   13.0      -0.8404585493639
   13.0      -0.8493000152591
   13.0      -0.8583502105876
   13.0      -0.8675998026471
   13.0      -0.8770403834766
   13.0      -0.8866643515300
   13.0      -0.8964648168384
   13.0      -0.9064355197138
   13.0      -0.9165707586842
   13.0      -0.9268653360408
   13.0      -0.9373145145732
   13.0      -0.9479139638738
   13.0      -0.9586597440422
   13.0      -0.9695482613497
   13.0      -0.9805762442567
   13.0      -0.9917407373097
   13.0      -1.0030390661301
   13.0      -1.0144688474312
   13.0      -1.0260279496706
   13.0      -1.0377145126466
   13.0      -1.0495269301003
   13.0      -1.0614638454225
   13.0      -1.0735241771700
   13.0      -1.0857070835923
   13.0      -1.0980120208266
   13.0      -1.1104387086267
   13.0      -1.1229871868326
   13.0      -1.1356578186330
   13.0      -1.1484513250168
   13.0      -1.1613688332015
   13.0      -1.1744118992991
   13.0      -1.1875826457745
   13.0      -1.2008518035669
   13.0      -1.2141814827571
   13.0      -1.2275989086351
   13.0      -1.2411131799357
   13.0      -1.2547226778937
   13.0      -1.2684223924469
   13.0      -1.2822137650985
   13.0      -1.2960958386579
   13.0      -1.3100696542530
   13.0      -1.3241299586632
   13.0      -1.3382865377636
   14.0      -0.7319599578114
   14.0      -0.7321004511194
   14.0      -0.7330707562538
   14.0      -0.7350299209578
   14.0      -0.7378872789456
   14.0      -0.7415211380417
   14.0      -0.7458235543347
   14.0      -0.7507073486614
   14.0      -0.7561031812735
   14.0      -0.7619554965460
   14.0      -0.7682191798095
   14.0      -0.7748570550758
   14.0      -0.7818380676347
   14.0      -0.7891359495363
   14.0      -0.7967282320272
   14.0      -0.8045955098763
   14.0      -0.8127208752268
   14.0      -0.8210894835563
   14.0      -0.8296882153852
   14.0      -0.8385054039325
   14.0      -0.8475306230975
   14.0      -0.8567545094147
   14.0      -0.8661686209618
   14.0      -0.8757653191659
   14.0      -0.8855376738158
   14.0      -0.8954793809527
   14.0      -0.9055846918920
   14.0      -0.9158483562469
   14.0      -0.9262655809833
   14.0      -0.9368319737563
   14.0      -0.9475435273572
   14.0      -0.9583965752278
   14.0      -0.9693877652625
   14.0      -0.9805140538737
   14.0      -0.9917726697103
   14.0      -1.0031611237381
   14.0      -1.0146771658632
   14.0      -1.0263188056421
   14.0      -1.0380842917558
   14.0      -1.0499721050707
   14.0      -1.0619809849262
   14.0      -1.0741098833486
   14.0      -1.0863580304426
   14.0      -1.0987248826415
   14.0      -1.1112101829292
   14.0      -1.1238139594102
   14.0      -1.1365365380094
   14.0      -1.1493785901260
   14.0      -1.1623411540680
   14.0      -1.1754257042684
   14.0      -1.1886170520201
   14.0      -1.2018882215724
   14.0      -1.2152490889542
   14.0      -1.2287054613127
   14.0      -1.2422559532216
   14.0      -1.2558963648631
   14.0      -1.2696271471281
   14.0      -1.2834484373820
   14.0      -1.2973599944066
   14.0      -1.3113580445178
   14.0      -1.3254494711846
   15.0      -0.7215341531519
   15.0      -0.7216738010754
   15.0      -0.7226396623180
   15.0      -0.7245901262197
   15.0      -0.7274357352284
   15.0      -0.7310559055047
   15.0      -0.7353433248064
   15.0      -0.7402111564185
   15.0      -0.7455902504719
   15.0      -0.7514251597709
   15.0      -0.7576708320718
   15.0      -0.7642901263622
   15.0      -0.7712520056529
   15.0      -0.7785302083009
   15.0      -0.7861022639741
   15.0      -0.7939487597733
   15.0      -0.8020527758232
   15.0      -0.8103994517257
   15.0      -0.8189756487803
   15.0      -0.8277696784087
   15.0      -0.8367710893045
   15.0      -0.8459704909279
   15.0      -0.8553594105390
   15.0      -0.8649301770843
   15.0      -0.8746758236615
   15.0      -0.8845900078053
   15.0      -0.8946669376515
   15.0      -0.9049013171412
   15.0      -0.9152883029029
   15.0      -0.9258234478311
   15.0      -0.9365026860720
   15.0      -0.9473222858066
   15.0      -0.9582788246787
   15.0      -0.9693691823883
   15.0      -0.9805905023489
   15.0      -0.9919402034748
   15.0      -1.0034159332161
   15.0      -1.0150155887506
   15.0      -1.0267372939183
   15.0      -1.0385793904712
   15.0      -1.0505404650421
   15.0      -1.0626192949883
   15.0      -1.0748149198094
   15.0      -1.0871265753831
   15.0      -1.0995537577004
   15.0      -1.1120962178878
   15.0      -1.1247539573228
   15.0      -1.1375272768902
   15.0      -1.1504167976313
   15.0      -1.1634234757096
   15.0      -1.1765437828313
   15.0      -1.1897597464530
   15.0      -1.2030668944295
   15.0      -1.2164683324270
   15.0      -1.2299628636803
   15.0      -1.2435469509868
   15.0      -1.2572202122063
   15.0      -1.2709837283499
   15.0      -1.2848361619203
   15.0      -1.2987749810154
   15.0      -1.3128045804554
   16.0      -0.7111519278200
   16.0      -0.7112908271502
   16.0      -0.7122525872062
   16.0      -0.7141948307912
   16.0      -0.7170292428163
   16.0      -0.7206363200411
   16.0      -0.7249093713462
   16.0      -0.7297618981156
   16.0      -0.7351249387985
   16.0      -0.7409431544237
   16.0      -0.7471715555761
   16.0      -0.7537730369978
   16.0      -0.7607165805587
   16.0      -0.7679759322848
   16.0      -0.7755286217275
   16.0      -0.7833552301079
   16.0      -0.7914388273405
   16.0      -0.7997645392921
   16.0      -0.8083192102429
   16.0      -0.8170911322969
   16.0      -0.8260698316622
   16.0      -0.8352458935350
   16.0      -0.8446108177643
   16.0      -0.8541569040002
   16.0      -0.8638771528515
   16.0      -0.8737651871071
   16.0      -0.8838151766293
   16.0      -0.8940217846810
   16.0      -0.9043801227000
   16.0      -0.9148856959459
   16.0      -0.9255343853279
   16.0      -0.9363224025256
   16.0      -0.9472462629624
   16.0      -0.9583027782790
   16.0      -0.9694890182122
   16.0      -0.9808023210036
   16.0      -0.9922402445379
   16.0      -1.0038005887830
   16.0      -1.0154813699255
   16.0      -1.0272808100596
   16.0      -1.0391973648044
   16.0      -1.0512296627692
   16.0      -1.0633765817237
   16.0      -1.0756371715895
   16.0      -1.0880107211553
   16.0      -1.1004967507696
   16.0      -1.1130949933868
   16.0      -1.1258054452532
   16.0      -1.1386283872904
   16.0      -1.1515643571931
   16.0      -1.1646194682175
   16.0      -1.1777831886404
   16.0      -1.1910391983749
   16.0      -1.2043883913000
   16.0      -1.2178297223453
   16.0      -1.2313601945991
   16.0      -1.2449787238975
   16.0      -1.2586872094563
   16.0      -1.2724833717157
   16.0      -1.2863657314639
   16.0      -1.3003365718809
   17.0      -0.7008123808567
   17.0      -0.7009506237554
   17.0      -0.7019086081352
   17.0      -0.7038430884418
   17.0      -0.7066668289337
   17.0      -0.7102613803408
   17.0      -0.7145206622843
   17.0      -0.7193585099706
   17.0      -0.7247061486034
   17.0      -0.7305083472353
   17.0      -0.7367201794979
   17.0      -0.7433045765745
   17.0      -0.7502305402404
   17.0      -0.7574718253702
   17.0      -0.7650059627124
   17.0      -0.7728135292065
   17.0      -0.7808775862088
   17.0      -0.7891832476893
   17.0      -0.7977173429761
   17.0      -0.8064681469618
   17.0      -0.8154251659077
   17.0      -0.8245789631055
   17.0      -0.8339210141943
   17.0      -0.8434435921376
   17.0      -0.8531396690111
   17.0      -0.8630028358251
   17.0      -0.8730272290468
   17.0      -0.8832074746891
   17.0      -0.8935386449972
   17.0      -0.9040162017434
   17.0      -0.9146359795370
   17.0      -0.9253941394965
   17.0      -0.9362871418435
   17.0      -0.9473117392546
   17.0      -0.9584649355743
   17.0      -0.9697439987271
   17.0      -0.9811464089840
   17.0      -0.9926698809790
   17.0      -1.0043123375137
   17.0      -1.0160718976231
   17.0      -1.0279469041272
   17.0      -1.0399358581286
   17.0      -1.0520374992874
   17.0      -1.0642507198634
   17.0      -1.0765746337003
   17.0      -1.0890085673585
   17.0      -1.1015520298724
   17.0      -1.1142047651506
   17.0      -1.1269667744724
   17.0      -1.1398382535070
   17.0      -1.1528332607969
   17.0      -1.1659474151297
   17.0      -1.1791546479691
   17.0      -1.1924540512524
   17.0      -1.2058447007507
   17.0      -1.2193240375192
   17.0      -1.2328903851927
   17.0      -1.2465463559391
   17.0      -1.2602888576410
   17.0      -1.2741173052697
   17.0      -1.2880321868240
   18.0      -0.6905146442883
   18.0      -0.6906523185543
   18.0      -0.6916068365780
   18.0      -0.6935339885592
   18.0      -0.6963475580229
   18.0      -0.6999301240771
   18.0      -0.7041762067503
   18.0      -0.7089999709539
   18.0      -0.7143328271448
   18.0      -0.7201196520968
   18.0      -0.7263155825857
   18.0      -0.7328835868540
   18.0      -0.7397926875456
   18.0      -0.7470166493820
   18.0      -0.7545330055018
   18.0      -0.7623223300037
   18.0      -0.7703676771681
   18.0      -0.7786541506899
   18.0      -0.7871685668297
   18.0      -0.7958991851341
   18.0      -0.8048354941719
   18.0      -0.8139680375106
   18.0      -0.8232882692433
   18.0      -0.8327884382636
   18.0      -0.8424614911754
   18.0      -0.8523009904332
   18.0      -0.8623010426287
   18.0      -0.8724562404946
   18.0      -0.8827616212590
   18.0      -0.8932126078466
   18.0      -0.9038049940024
   18.0      -0.9145348952132
   18.0      -0.9253987240041
   18.0      -0.9363931795219
   18.0      -0.9475152086977
   18.0      -0.9587620172961
   18.0      -0.9701310168931
   18.0      -0.9816198485756
   18.0      -0.9932263534937
   18.0      -1.0049485608520
   18.0      -1.0167847161360
   18.0      -1.0287332109949
   18.0      -1.0407926663844
   18.0      -1.0529618400098
   18.0      -1.0652396971513
   18.0      -1.0776254005783
   18.0      -1.0901182712666
   18.0      -1.1027178423511
   18.0      -1.1154238829912
   18.0      -1.1282363074293
   18.0      -1.1411756843143
   18.0      -1.1542427075224
   18.0      -1.1674033354484
   18.0      -1.1806552036414
   18.0      -1.1939974827742
   18.0      -1.2074279656381
   18.0      -1.2209444764438
   18.0      -1.2345502512664
   18.0      -1.2482414950080
   18.0      -1.2620183828794
   18.0      -1.2758798753541
   19.0      -0.6802578813474
   19.0      -0.6803950706642
   19.0      -0.6813464163944
   19.0      -0.6832666542228
   19.0      -0.6860705298563
   19.0      -0.6896416257367
   19.0      -0.6938750523596
   19.0      -0.6986853003202
   19.0      -0.7040039639872
   19.0      -0.7097760272689
   19.0      -0.7159566901675
   19.0      -0.7225089585846
   19.0      -0.7294018768583
   19.0      -0.7366092204080
   19.0      -0.7441085258651
   19.0      -0.7518803657872
   19.0      -0.7599077886885
   19.0      -0.7681758894492
   19.0      -0.7766714729605
   19.0      -0.7853827851040
   19.0      -0.7942992987192
   19.0      -0.8034115396969
   19.0      -0.8127109428078
   19.0      -0.8221897353897
   19.0      -0.8318408410644
   19.0      -0.8416577968794
   19.0      -0.8516346822725
   19.0      -0.8617660607175
   19.0      -0.8720469373966
   19.0      -0.8824727014166
   19.0      -0.8930391090723
   19.0      -0.9037422363169
   19.0      -0.9145784522864
   19.0      -0.9255444095169
   19.0      -0.9366370043223
   19.0      -0.9478533871789
   19.0      -0.9591909104689
   19.0      -0.9706471494915
   19.0      -0.9822198745529
   19.0      -0.9939070371846
   19.0      -1.0057067974662
   19.0      -1.0176174526288
   19.0      -1.0296375215212
   19.0      -1.0417656465407
   19.0      -1.0540006658332
   19.0      -1.0663416028822
   19.0      -1.0787876197860
   19.0      -1.0913380724375
   19.0      -1.1039925357795
   19.0      -1.1167506905198
   19.0      -1.1296383945130
   19.0      -1.1426605143822
   19.0      -1.1557765450214
   19.0      -1.1689829586611
   19.0      -1.1822789989470
   19.0      -1.1956627372933
   19.0      -1.2091315774011
   19.0      -1.2226893034401
   19.0      -1.2363315106857
   19.0      -1.2500590206349
   19.0      -1.2638694941458
   20.0      -0.6700412848359
   20.0      -0.6701780690118
   20.0      -0.6711265222036
   20.0      -0.6730402406597
   20.0      -0.6758348775783
   20.0      -0.6793949945851
   20.0      -0.6836162830455
   20.0      -0.6884135554227
   20.0      -0.6937185885824
   20.0      -0.6994764727937
   20.0      -0.7056424713790
   20.0      -0.7121796285671
   20.0      -0.7190570109459
   20.0      -0.7262484054121
   20.0      -0.7337313531485
   20.0      -0.7414864263022
   20.0      -0.7494966687785
   20.0      -0.7577471679865
   20.0      -0.7662247189640
   20.0      -0.7749175554406
   20.0      -0.7838151362552
   20.0      -0.7929079715071
   20.0      -0.8021874785731
   20.0      -0.8116458655218
   20.0      -0.8212760351893
   20.0      -0.8310715019916
   20.0      -0.8410263207374
   20.0      -0.8511350289241
   20.0      -0.8613926027410
   20.0      -0.8717944012981
   20.0      -0.8823361471729
   20.0      -0.8930138813177
   20.0      -0.9038239339111
   20.0      -0.9147629166562
   20.0      -0.9258276801200
   20.0      -0.9370153271232
   20.0      -0.9483231564290
   20.0      -0.9597486866526
   20.0      -0.9712896255840
   20.0      -0.9829438562320
   20.0      -0.9947094652507
   20.0      -1.0065846674916
   20.0      -1.0185678928971
   20.0      -1.0306576850302
   20.0      -1.0428527730296
   20.0      -1.0551520609466
   20.0      -1.0675545758264
   20.0      -1.0800595236416
   20.0      -1.0926663156644
   20.0      -1.1053744375733
   20.0      -1.1182139926166
   20.0      -1.1311932577567
   20.0      -1.1442665545851
   20.0      -1.1574294419848
   20.0      -1.1706812180091
   20.0      -1.1840201703676
   20.0      -1.1974433496879
   20.0      -1.2109550232715
   20.0      -1.2245502567333
   20.0      -1.2382304203554
   20.0      -1.2519920705722
   21.0      -0.6598640759959
   21.0      -0.6600005311848
   21.0      -0.6609463581056
   21.0      -0.6628539335014
   21.0      -0.6656397658707
   21.0      -0.6691893727441
   21.0      -0.6733990170749
   21.0      -0.6781838296868
   21.0      -0.6834757680121
   21.0      -0.6892200280804
   21.0      -0.6953719366702
   21.0      -0.7018945769409
   21.0      -0.7087570380473
   21.0      -0.7159331191125
   21.0      -0.7234003669520
   21.0      -0.7311393541763
   21.0      -0.7391331211402
   21.0      -0.7473667490581
   21.0      -0.7558270244286
   21.0      -0.7645021701914
   21.0      -0.7733816327463
   21.0      -0.7824559080968
   21.0      -0.7917163979395
   21.0      -0.8011552931085
   21.0      -0.8107654776782
   21.0      -0.8205404457509
   21.0      -0.8304742299678
   21.0      -0.8405613444743
   21.0      -0.8507967395273
   21.0      -0.8611757471343
   21.0      -0.8716940600838
   21.0      -0.8823476874425
   21.0      -0.8931329254568
   21.0      -0.9040463485201
   21.0      -0.9150847676171
   21.0      -0.9262452422434
   21.0      -0.9375250246111
   21.0      -0.9489215829671
   21.0      -0.9604325697019
   21.0      -0.9720558089229
   21.0      -0.9837893215232
   21.0      -0.9956312514971
   21.0      -1.0075799516547
   21.0      -1.0196338793124
   21.0      -1.0317916698599
   21.0      -1.0440521249867
   21.0      -1.0564141561458
   21.0      -1.0688768415565
   21.0      -1.0814394537088
   21.0      -1.0941013144940
   21.0      -1.1068958765384
   21.0      -1.1198341795142
   21.0      -1.1328664789994
   21.0      -1.1459876347094
   21.0      -1.1591969831738
   21.0      -1.1724929749407
   21.0      -1.1858723655240
   21.0      -1.1993398494387
   21.0      -1.2128900315252
   21.0      -1.2265247470203
   21.0      -1.2402396160216
   22.0      -0.6497255029686
   22.0      -0.6498617018520
   22.0      -0.6508051559392
   22.0      -0.6527069470635
   22.0      -0.6554843892234
   22.0      -0.6590239334136
   22.0      -0.6632224054777
   22.0      -0.6679952505593
   22.0      -0.6732746048680
   22.0      -0.6790057696573
   22.0      -0.6851441355296
   22.0      -0.6916528246625
   22.0      -0.6985009491702
   22.0      -0.7056623211624
   22.0      -0.7131144940680
   22.0      -0.7208380416302
   22.0      -0.7288160016452
   22.0      -0.7370334503813
   22.0      -0.7454771668703
   22.0      -0.7541353645068
   22.0      -0.7629974787037
   22.0      -0.7720539928508
   22.0      -0.7812962945098
   22.0      -0.7907165590930
   22.0      -0.8003076537616
   22.0      -0.8100630542918
   22.0      -0.8199767734398
   22.0      -0.8300433042457
   22.0      -0.8402575738191
   22.0      -0.8506148896018
   22.0      -0.8611109179815
   22.0      -0.8717416390903
   22.0      -0.8825033192686
   22.0      -0.8933924992005
   22.0      -0.9044059550885
   22.0      -0.9155407073416
   22.0      -0.9267939676679
   22.0      -0.9381631587363
   22.0      -0.9496458853873
   22.0      -0.9612399184086
   22.0      -0.9729432222375
   22.0      -0.9847538783649
   22.0      -0.9966701717193
   22.0      -1.0086904859734
   22.0      -1.0208133744253
   22.0      -1.0330375501613
   22.0      -1.0453618259725
   22.0      -1.0577851707045
   22.0      -1.0703067380421
   22.0      -1.0829257116959
   22.0      -1.0956781219190
   22.0      -1.1085772184021
   22.0      -1.1215701443254
   22.0      -1.1346512442737
   22.0      -1.1478198796475
   22.0      -1.1610746178973
   22.0      -1.1744119694408
   22.0      -1.1878370076482
   22.0      -1.2013439362296
   22.0      -1.2149349829612
   22.0      -1.2286049768780
   23.0      -0.6396248391756
   23.0      -0.6397608511522
   23.0      -0.6407021737126
   23.0      -0.6425985227641
   23.0      -0.6453679703815
   23.0      -0.6488978796328
   23.0      -0.6530856302119
   23.0      -0.6578469776189
   23.0      -0.6631142352484
   23.0      -0.6688328093041
   23.0      -0.6749581542383
   23.0      -0.6814534311497
   23.0      -0.6882877755767
   23.0      -0.6954350135497
   23.0      -0.7028727056512
   23.0      -0.7105814274389
   23.0      -0.7185442151365
   23.0      -0.7267461411692
   23.0      -0.7351739780045
   23.0      -0.7438159306476
   23.0      -0.7526614248799
   23.0      -0.7617009327460
   23.0      -0.7709258290800
   23.0      -0.7803282755093
   23.0      -0.7899011239352
   23.0      -0.7996378335610
   23.0      -0.8095323993177
   23.0      -0.8195792951546
   23.0      -0.8297734274280
   23.0      -0.8401100814302
   23.0      -0.8505848998557
   23.0      -0.8611938369016
   23.0      -0.8719331320270
   23.0      -0.8827992960577
   23.0      -0.8937890737002
   23.0      -0.9048994511883
   23.0      -0.9161276034135
   23.0      -0.9274709135987
   23.0      -0.9389269434721
   23.0      -0.9504934177246
   23.0      -0.9621682504471
   23.0      -0.9739494682794
   23.0      -0.9858352975050
   23.0      -0.9978240562343
   23.0      -1.0099142275518
   23.0      -1.0221044474410
   23.0      -1.0343934429205
   23.0      -1.0467800893873
   23.0      -1.0592634386966
   23.0      -1.0718425569342
   23.0      -1.0845553852995
   23.0      -1.0974169099910
   23.0      -1.1103719854808
   23.0      -1.1234145998980
   23.0      -1.1365441278110
   23.0      -1.1497592139717
   23.0      -1.1630561670311
   23.0      -1.1764403972441
   23.0      -1.1899057589093
   23.0      -1.2034548095405
   23.0      -1.2170817132488
   24.0      -0.6295613819635
   24.0      -0.6296972733305
   24.0      -0.6306366942521
   24.0      -0.6325279279767
   24.0      -0.6352897594612
   24.0      -0.6388104426671
   24.0      -0.6429879023810
   24.0      -0.6477382007755
   24.0      -0.6529938271064
   24.0      -0.6587002922008
   24.0      -0.6648131137888
   24.0      -0.6712954920671
   24.0      -0.6781165866104
   24.0      -0.6852502381190
   24.0      -0.6926740145873
   24.0      -0.7003684941163
   24.0      -0.7083167124624
   24.0      -0.7165037389409
   24.0      -0.7249163403173
   24.0      -0.7335427143344
   24.0      -0.7423722783345
   24.0      -0.7513954941149
   24.0      -0.7606037250831
   24.0      -0.7699891205664
   24.0      -0.7795445186599
   24.0      -0.7892633635708
   24.0      -0.7991396342500
   24.0      -0.8091677873800
   24.0      -0.8193427106072
   24.0      -0.8296596693417
   24.0      -0.8401142848602
   24.0      -0.8507024881974
   24.0      -0.8614204945001
   24.0      -0.8722647881867
   24.0      -0.8832320853970
   24.0      -0.8943193422643
   24.0      -0.9055237004639
   24.0      -0.9168425086212
   24.0      -0.9282732896587
   24.0      -0.9398137282406
   24.0      -0.9514616929307
   24.0      -0.9632151635225
   24.0      -0.9750723130316
   24.0      -0.9870314039583
   24.0      -0.9990908569206
   24.0      -1.0112492408015
   24.0      -1.0235052093175
   24.0      -1.0358575560335
   24.0      -1.0483052451938
   24.0      -1.0608472432784
   24.0      -1.0735228246915
   24.0      -1.0863483048010
   24.0      -1.0992669625376
   24.0      -1.1122725670314
   24.0      -1.1253644956897
   24.0      -1.1385414363232
   24.0      -1.1517995335107
   24.0      -1.1651444978430
   24.0      -1.1785698791896
   24.0      -1.1920785102200
   24.0      -1.2056639999899
   25.0      -0.6195344521820
   25.0      -0.6196702863019
   25.0      -0.6206080247537
   25.0      -0.6224944552856
   25.0      -0.6252490323057
   25.0      -0.6287608802576
   25.0      -0.6329284605966
   25.0      -0.6376681388631
   25.0      -0.6429125788723
   25.0      -0.6486073949516
   25.0      -0.6547081679147
   25.0      -0.6611781373474
   25.0      -0.6679864876774
   25.0      -0.6751070742714
   25.0      -0.6825174730344
   25.0      -0.6901982654279
   25.0      -0.6981324877245
   25.0      -0.7063052065714
   25.0      -0.7147031839014
   25.0      -0.7233146113957
   25.0      -0.7321288988272
   25.0      -0.7411364987634
   25.0      -0.7503287644346
   25.0      -0.7596978341694
   25.0      -0.7692365335334
   25.0      -0.7789382931843
   25.0      -0.7887970777412
   25.0      -0.7988073282506
   25.0      -0.8089639154437
   25.0      -0.8192620869098
   25.0      -0.8296974445080
   25.0      -0.8402658985453
   25.0      -0.8509636422446
   25.0      -0.8617871364008
   25.0      -0.8727330715543
   25.0      -0.8837983767924
   25.0      -0.8949801644218
   25.0      -0.9062757517905
   25.0      -0.9176826279743
   25.0      -0.9291984413177
   25.0      -0.9408210209968
   25.0      -0.9525483044613
   25.0      -0.9643784187339
   25.0      -0.9763095767598
   25.0      -0.9883401447560
   25.0      -1.0004686333358
   25.0      -1.0126936312933
   25.0      -1.0250138627783
   25.0      -1.0374282151390
   25.0      -1.0499355694553
   25.0      -1.0625760335640
   25.0      -1.0753669005758
   25.0      -1.0882504917093
   25.0      -1.1012204764559
   25.0      -1.1142762265294
   25.0      -1.1274164426551
   25.0      -1.1406371382284
   25.0      -1.1539442923794
   25.0      -1.1673311898462
   25.0      -1.1808008907511
   25.0      -1.1943465450889
   26.0      -0.6095433929442
   26.0      -0.6096792303869
   26.0      -0.6106154952443
   26.0      -0.6124974205911
   26.0      -0.6152450888093
   26.0      -0.6187484751546
   26.0      -0.6229065699396
   26.0      -0.6276360386075
   26.0      -0.6328697175177
   26.0      -0.6385533237999
   26.0      -0.6446425013123
   26.0      -0.6511005296995
   26.0      -0.6578966181062
   26.0      -0.6650046367948
   26.0      -0.6724021701650
   26.0      -0.6800698041211
   26.0      -0.6879905757174
   26.0      -0.6961495495488
   26.0      -0.7045334836309
   26.0      -0.7131305646789
   26.0      -0.7219301954969
   26.0      -0.7309228204045
   26.0      -0.7400997837354
   26.0      -0.7494532138275
   26.0      -0.7589759248824
   26.0      -0.7686613353777
   26.0      -0.7785033970390
   26.0      -0.7884965367279
   26.0      -0.7986356098788
   26.0      -0.8089158481023
   26.0      -0.8193328356301
   26.0      -0.8298824641473
   26.0      -0.8405609071765
   26.0      -0.8513646042111
   26.0      -0.8622902229614
   26.0      -0.8733346680148
   26.0      -0.8844950258205
   26.0      -0.8957685853236
   26.0      -0.9071528059236
   26.0      -0.9186453032326
   26.0      -0.9302438718236
   26.0      -0.9419464113337
   26.0      -0.9537510085378
   26.0      -0.9656558321452
   26.0      -0.9776592016056
   26.0      -0.9897595748874
   26.0      -1.0019554859722
   26.0      -1.0142455969377
   26.0      -1.0266287290441
   26.0      -1.0391036903877
   26.0      -1.0517109862951
   26.0      -1.0644685853376
   26.0      -1.0773183876553
   26.0      -1.0902540655900
   26.0      -1.1032749782645
   26.0      -1.1163798136122
   26.0      -1.1295644819021
   26.0      -1.1428352030492
   26.0      -1.1561850313762
   26.0      -1.1696172126087
   26.0      -1.1831245216153
   27.0      -0.5995875677943
   27.0      -0.5997234664879
   27.0      -0.6006584568758
   27.0      -0.6025361616865
   27.0      -0.6052772518488
   27.0      -0.6087725346358
   27.0      -0.6129215210486
   27.0      -0.6176411726864
   27.0      -0.6228644968764
   27.0      -0.6285373130762
   27.0      -0.6346153285451
   27.0      -0.6410618626286
   27.0      -0.6478461491990
   27.0      -0.6549420738337
   27.0      -0.6623272304133
   27.0      -0.6699822096009
   27.0      -0.6778900495293
   27.0      -0.6860358134346
   27.0      -0.6944062565827
   27.0      -0.7029895611888
   27.0      -0.7117751237905
   27.0      -0.7207533814536
   27.0      -0.7299156707876
   27.0      -0.7392541109033
   27.0      -0.7487615057307
   27.0      -0.7584312629250
   27.0      -0.7682573224797
   27.0      -0.7782340983874
   27.0      -0.7883564322905
   27.0      -0.7986195414299
   27.0      -0.8090189940179
   27.0      -0.8195506649689
   27.0      -0.8302107101275
   27.0      -0.8409955497031
   27.0      -0.8519018310346
   27.0      -0.8629264365398
   27.0      -0.8740664296772
   27.0      -0.8853190738714
   27.0      -0.8966818019949
   27.0      -0.9081522007336
   27.0      -0.9197280333512
   27.0      -0.9314071667592
   27.0      -0.9431876509862
   27.0      -0.9550676169605
   27.0      -0.9670453415929
   27.0      -0.9791192378231
   27.0      -0.9912877904043
   27.0      -1.0035496082358
   27.0      -1.0159034543229
   27.0      -1.0283480735180
   27.0      -1.0409239922963
   27.0      -1.0536495905584
   27.0      -1.0664668143423
   27.0      -1.0793694289388
   27.0      -1.0923567733231
   27.0      -1.1054275007926
   27.0      -1.1185774437667
   27.0      -1.1318130377397
   27.0      -1.1451271370732
   27.0      -1.1585231370394
   27.0      -1.1719935106468
   28.0      -0.5896663602320
   28.0      -0.5898023755916
   28.0      -0.5907362815194
   28.0      -0.5926100381802
   28.0      -0.5953448672068
   28.0      -0.5988323892443
   28.0      -0.6029726281055
   28.0      -0.6076828381358
   28.0      -0.6128961964302
   28.0      -0.6185586244847
   28.0      -0.6246258922321
   28.0      -0.6310613585813
   28.0      -0.6378342824061
   28.0      -0.6449185654758
   28.0      -0.6522918114490
   28.0      -0.6599346157958
   28.0      -0.6678300182811
   28.0      -0.6759630817941
   28.0      -0.6843205594940
   28.0      -0.6928906294213
   28.0      -0.7016626826170
   28.0      -0.7106271500945
   28.0      -0.7197753613837
   28.0      -0.7290994271616
   28.0      -0.7385921421613
   28.0      -0.7482469044553
   28.0      -0.7580576432390
   28.0      -0.7680187608474
   28.0      -0.7781250865761
   28.0      -0.7883718246385
   28.0      -0.7987545286820
   28.0      -0.8092690585298
   28.0      -0.8199115541362
   28.0      -0.8306784182214
   28.0      -0.8415662799051
   28.0      -0.8525720015816
   28.0      -0.8636926261059
   28.0      -0.8749253940857
   28.0      -0.8862677144780
   28.0      -0.8977171485217
   28.0      -0.9092714310186
   28.0      -0.9209284003928
   28.0      -0.9326860734197
   28.0      -0.9445425481029
   28.0      -0.9564960634371
   28.0      -0.9685449927925
   28.0      -0.9806877774597
   28.0      -0.9929229803109
   28.0      -1.0052493121684
   28.0      -1.0176654648876
   28.0      -1.0302116558402
   28.0      -1.0429064506475
   28.0      -1.0556922452138
   28.0      -1.0685629753581
   28.0      -1.0815179556061
   28.0      -1.0945557837754
   28.0      -1.1076722365863
   28.0      -1.1208739443198
   28.0      -1.1341535870477
   28.0      -1.1475146777730
   28.0      -1.1609494528935
   29.0      -0.5797791737722
   29.0      -0.5799153588245
   29.0      -0.5808483615606
   29.0      -0.5827184304396
   29.0      -0.5854473015099
   29.0      -0.5889273908057
   29.0      -0.5930592274898
   29.0      -0.5977603557434
   29.0      -0.6029641208698
   29.0      -0.6086165452571
   29.0      -0.6146734612057
   29.0      -0.6210982673291
   29.0      -0.6278602482817
   29.0      -0.6349333220981
   29.0      -0.6422951021415
   29.0      -0.6499261891294
   29.0      -0.6578096253393
   29.0      -0.6659304740692
   29.0      -0.6742754864150
   29.0      -0.6828328368601
   29.0      -0.6915919119270
   29.0      -0.7005431374759
   29.0      -0.7096778363305
   29.0      -0.7189881115793
   29.0      -0.7284667499813
   29.0      -0.7381071408366
   29.0      -0.7479032034400
   29.0      -0.7578493296322
   29.0      -0.7679403376777
   29.0      -0.7781714198818
   29.0      -0.7885381166534
   29.0      -0.7990362742870
   29.0      -0.8096620183795
   29.0      -0.8204117357772
   29.0      -0.8312820392880
   29.0      -0.8422697732172
   29.0      -0.8533719618815
   29.0      -0.8645858254878
   29.0      -0.8759087514358
   29.0      -0.8873382783820
   29.0      -0.8988721154870
   29.0      -0.9105080759188
   29.0      -0.9222441468698
   29.0      -0.9340783968490
   29.0      -0.9460090319573
   29.0      -0.9580343894594
   29.0      -0.9701528736840
   29.0      -0.9823630056609
   29.0      -0.9946634517147
   29.0      -1.0070528563278
   29.0      -1.0195708443855
   29.0      -1.0322359686116
   29.0      -1.0449914269779
   29.0      -1.0578313939886
   29.0      -1.0707551534425
   29.0      -1.0837612322452
   29.0      -1.0968453697580
   29.0      -1.1100143716467
   29.0      -1.1232607682486
   29.0      -1.1365881614335
   29.0      -1.1499886076579
   30.0      -0.5699254294840
   30.0      -0.5700618350011
   30.0      -0.5709941074797
   30.0      -0.5728607374419
   30.0      -0.5755839408047
   30.0      -0.5790569118967
   30.0      -0.5831806779504
   30.0      -0.5878730693871
   30.0      -0.5930675979875
   30.0      -0.5987103863547
   30.0      -0.6047573292142
   30.0      -0.6111718653902
   30.0      -0.6179233050172
   30.0      -0.6249855823186
   30.0      -0.6323363207198
   30.0      -0.6399561270321
   30.0      -0.6478280467146
   30.0      -0.6559371433591
   30.0      -0.6642701664844
   30.0      -0.6728152878129
   30.0      -0.6815618904203
   30.0      -0.6905003951164
   30.0      -0.6996221186740
   30.0      -0.7089191575446
   30.0      -0.7183842916070
   30.0      -0.7280109018431
   30.0      -0.7377928985704
   30.0      -0.7477246643863
   30.0      -0.7578010074962
   30.0      -0.7680171093166
   30.0      -0.7783684982697
   30.0      -0.7888510085413
   30.0      -0.7994607526726
   30.0      -0.8101941031015
   30.0      -0.8210476580497
   30.0      -0.8320182454320
   30.0      -0.8431028728567
   30.0      -0.8542987422608
   30.0      -0.8656032216354
   30.0      -0.8770138294383
   30.0      -0.8885282518344
   30.0      -0.9001442794221
   30.0      -0.9118598731394
   30.0      -0.9236730750192
   30.0      -0.9355820623277
   30.0      -0.9475851398500
   30.0      -0.9596806795823
   30.0      -0.9718671656824
   30.0      -0.9841432248608
   30.0      -0.9965074609898
   30.0      -1.0089986586776
   30.0      -1.0216351868112
   30.0      -1.0343613510233
   30.0      -1.0471716217115
   30.0      -1.0600652496366
   30.0      -1.0730406744343
   30.0      -1.0860936154356
   30.0      -1.0992310376188
   30.0      -1.1124453407845
   30.0      -1.1257401922595
   30.0      -1.1391075183666
   31.0      -0.5601045656765
   31.0      -0.5602412402607
   31.0      -0.5611729476012
   31.0      -0.5630363770391
   31.0      -0.5657541912664
   31.0      -0.5692203459383
   31.0      -0.5733363589537
   31.0      -0.5780203437177
   31.0      -0.5832059771349
   31.0      -0.5888394818348
   31.0      -0.5948768147744
   31.0      -0.6012814544181
   31.0      -0.6080227363637
   31.0      -0.6150746113368
   31.0      -0.6224147137035
   31.0      -0.6300236567262
   31.0      -0.6378844888646
   31.0      -0.6459822744084
   31.0      -0.6543037620192
   31.0      -0.6628371217277
   31.0      -0.6715717331337
   31.0      -0.6804980124601
   31.0      -0.6896072711784
   31.0      -0.6988916003327
   31.0      -0.7083437731818
   31.0      -0.7179571630636
   31.0      -0.7277256722710
   31.0      -0.7376436753915
   31.0      -0.7477059711443
   31.0      -0.7579077310698
   31.0      -0.7682444728850
   31.0      -0.7787120198067
   31.0      -0.7893064724715
   31.0      -0.8000241902696
   31.0      -0.8108617583962
   31.0      -0.8218159898382
   31.0      -0.8328838771417
   31.0      -0.8440626058679
   31.0      -0.8553495265189
   31.0      -0.8667421394125
   31.0      -0.8782381100895
   31.0      -0.8898352089850
   31.0      -0.9015313735240
   31.0      -0.9133246222032
   31.0      -0.9252131065667
   31.0      -0.9371951026214
   31.0      -0.9492689533997
   31.0      -0.9614331112490
   31.0      -0.9736861666483
   31.0      -0.9860266895360
   31.0      -0.9984924085635
   31.0      -1.0111013622484
   31.0      -1.0237992260860
   31.0      -1.0365808188428
   31.0      -1.0494453532741
   31.0      -1.0623911696191
   31.0      -1.0754139820195
   31.0      -1.0885208989769
   31.0      -1.1017042094561
   31.0      -1.1149676233478
   31.0      -1.1283029811331
   32.0      -0.5503160385491
   32.0      -0.5504530287495
   32.0      -0.5513843285796
   32.0      -0.5532447855707
   32.0      -0.5559574773811
   32.0      -0.5594171045646
   32.0      -0.5635256687315
   32.0      -0.5682015634724
   32.0      -0.5733786295500
   32.0      -0.5790031885425
   32.0      -0.5850312590581
   32.0      -0.5914263591544
   32.0      -0.5981578502956
   32.0      -0.6051997004544
   32.0      -0.6125295548242
   32.0      -0.6201280330037
   32.0      -0.6279781868180
   32.0      -0.6360650820155
   32.0      -0.6443754673160
   32.0      -0.6528975109029
   32.0      -0.6616205892478
   32.0      -0.6705351146264
   32.0      -0.6796323944079
   32.0      -0.6889045144820
   32.0      -0.6983442418781
   32.0      -0.7079449430435
   32.0      -0.7177005135079
   32.0      -0.7276053203505
   32.0      -0.7376541534911
   32.0      -0.7478421755787
   32.0      -0.7581648949497
   32.0      -0.7686181245838
   32.0      -0.7791979543172
   32.0      -0.7899007318308
   32.0      -0.8007230306086
   32.0      -0.8116616499884
   32.0      -0.8227135689594
   32.0      -0.8338759584025
   32.0      -0.8451461530108
   32.0      -0.8565216367848
   32.0      -0.8680000567402
   32.0      -0.8795791653190
   32.0      -0.8912568787179
   32.0      -0.9030311946287
   32.0      -0.9149002414788
   32.0      -0.9268622697909
   32.0      -0.9389155966859
   32.0      -0.9510586466379
   32.0      -0.9632899776151
   32.0      -0.9756081302062
   32.0      -0.9880495923877
   32.0      -1.0006319436082
   32.0      -1.0133024575415
   32.0      -1.0260563448930
   32.0      -1.0388927771604
   32.0      -1.0518099848677
   32.0      -1.0648036883844
   32.0      -1.0778811284959
   32.0      -1.0910344977662
   32.0      -1.1042675304595
   32.0      -1.1175720201916
   33.0      -0.5405593191616
   33.0      -0.5406966695980
   33.0      -0.5416277124110
   33.0      -0.5434854151455
   33.0      -0.5461932401672
   33.0      -0.5496466173105
   33.0      -0.5537480251040
   33.0      -0.5584161339933
   33.0      -0.5635849468749
   33.0      -0.5692008835535
   33.0      -0.5752200241832
   33.0      -0.5816059268744
   33.0      -0.5883279791051
   33.0      -0.5953601656953
   33.0      -0.6026801427231
   33.0      -0.6102685364895
   33.0      -0.6181084030748
   33.0      -0.6261848102162
   33.0      -0.6344845064452
   33.0      -0.6429956584240
   33.0      -0.6517076400978
   33.0      -0.6606108609446
   33.0      -0.6696966243979
   33.0      -0.6789570113925
   33.0      -0.6883847833623
   33.0      -0.6979733009965
   33.0      -0.7077164537126
   33.0      -0.7176086013961
   33.0      -0.7276445259593
   33.0      -0.7378193823864
   33.0      -0.7481286704081
   33.0      -0.7585681934825
   33.0      -0.7691340316846
   33.0      -0.7798225223771
   33.0      -0.7906302282609
   33.0      -0.8015539362131
   33.0      -0.8125906130989
   33.0      -0.8237374165891
   33.0      -0.8349916670310
   33.0      -0.8463508337528
   33.0      -0.8578125471084
   33.0      -0.8693745434701
   33.0      -0.8810347197833
   33.0      -0.8927910553733
   33.0      -0.9046416578848
   33.0      -0.9165847550579
   33.0      -0.9286186410504
   33.0      -0.9407417155227
   33.0      -0.9529525075994
   33.0      -0.9652495320570
   33.0      -0.9776678775619
   33.0      -0.9902245530131
   33.0      -1.0028686271194
   33.0      -1.0155957390752
   33.0      -1.0284050178985
   33.0      -1.0412945733812
   33.0      -1.0542601444939
   33.0      -1.0673090920864
   33.0      -1.0804335266126
   33.0      -1.0936371905311
   33.0      -1.1069118635236
   34.0      -0.5308338942840
   34.0      -0.5309716476779
   34.0      -0.5319025772260
   34.0      -0.5337577349216
   34.0      -0.5364609387501
   34.0      -0.5399083322773
   34.0      -0.5440028640760
   34.0      -0.5486634783761
   34.0      -0.5538243389507
   34.0      -0.5594319635658
   34.0      -0.5654424937942
   34.0      -0.5718195272750
   34.0      -0.5785324772408
   34.0      -0.5855553455103
   34.0      -0.5928657995884
   34.0      -0.6004444732868
   34.0      -0.6082744268957
   34.0      -0.6163407299856
   34.0      -0.6246301312438
   34.0      -0.6331307964960
   34.0      -0.6418320981858
   34.0      -0.6507244429281
   34.0      -0.6597991303751
   34.0      -0.6690482370593
   34.0      -0.6784645198830
   34.0      -0.6880413344544
   34.0      -0.6977725641402
   34.0      -0.7076525622856
   34.0      -0.7176761037896
   34.0      -0.7278383370118
   34.0      -0.7381347533696
   34.0      -0.7485611476460
   34.0      -0.7591135913243
   34.0      -0.7697884124957
   34.0      -0.7805821638546
   34.0      -0.7914916209218
   34.0      -0.8025137398939
   34.0      -0.8136456663540
   34.0      -0.8248847076280
   34.0      -0.8362283198989
   34.0      -0.8476741184943
   34.0      -0.8592198253988
   34.0      -0.8708633200635
   34.0      -0.8826025656017
   34.0      -0.8944356509666
   34.0      -0.9063607833788
   34.0      -0.9183762367431
   34.0      -0.9304803885062
   34.0      -0.9426717421231
   34.0      -0.9549487898508
   34.0      -0.9673450845783
   34.0      -0.9798769695215
   34.0      -0.9924954758564
   34.0      -1.0051967036751
   34.0      -1.0179797374102
   34.0      -1.0308425575694
   34.0      -1.0437809319258
   34.0      -1.0568023306189
   34.0      -1.0698987954467
   34.0      -1.0830740611238
   34.0      -1.0963199247105
   35.0      -0.5211392661447
   35.0      -0.5212774634684
   35.0      -0.5222084170487
   35.0      -0.5240612299069
   35.0      -0.5267600477402
   35.0      -0.5302017128938
   35.0      -0.5342896375942
   35.0      -0.5389430371881
   35.0      -0.5440962349456
   35.0      -0.5496958455680
   35.0      -0.5556980714573
   35.0      -0.5620665496734
   35.0      -0.5687707195006
   35.0      -0.5757846004076
   35.0      -0.5830858715028
   35.0      -0.5906551737690
   35.0      -0.5984755717939
   35.0      -0.6065321373676
   35.0      -0.6148116202154
   35.0      -0.6233021859370
   35.0      -0.6319932052074
   35.0      -0.6408750820063
   35.0      -0.6499391127293
   35.0      -0.6591773705921
   35.0      -0.6685826084417
   35.0      -0.6781481767494
   35.0      -0.6878679533763
   35.0      -0.6977362859893
   35.0      -0.7077479436071
   35.0      -0.7178980680309
   35.0      -0.7281821430061
   35.0      -0.7385959555395
   35.0      -0.7491355698167
   35.0      -0.7597973050476
   35.0      -0.7705777048152
   35.0      -0.7814735344151
   35.0      -0.7924817406561
   35.0      -0.8035994578957
   35.0      -0.8148239816582
   35.0      -0.8261527564806
   35.0      -0.8375833839970
   35.0      -0.8491135732952
   35.0      -0.8607411879346
   35.0      -0.8724641767105
   35.0      -0.8842806117300
   35.0      -0.8961886816595
   35.0      -0.9081866425604
   35.0      -0.9202728519941
   35.0      -0.9324457903350
   35.0      -0.9447039304464
   35.0      -0.9570791729278
   35.0      -0.9695871140839
   35.0      -0.9821808894822
   35.0      -0.9948570882591
   35.0      -1.0076147477903
   35.0      -1.0204517129082
   35.0      -1.0333637878360
   35.0      -1.0463585440102
   35.0      -1.0594279647362
   35.0      -1.0725757646515
   35.0      -1.0857937843812
   36.0      -0.5114749495381
   36.0      -0.5116136300765
   36.0      -0.5125447388542
   36.0      -0.5143953987031
   36.0      -0.5170900565027
   36.0      -0.5205262389510
   36.0      -0.5246078154376
   36.0      -0.5292542692872
   36.0      -0.5344000817142
   36.0      -0.5399919636878
   36.0      -0.5459861784149
   36.0      -0.5523464027089
   36.0      -0.5590421019557
   36.0      -0.5660473128944
   36.0      -0.5733397261274
   36.0      -0.5808999900464
   36.0      -0.5887111741713
   36.0      -0.5967583533020
   36.0      -0.6050282781481
   36.0      -0.6135091139063
   36.0      -0.6221902298013
   36.0      -0.6310620278090
   36.0      -0.6401158021138
   36.0      -0.6493436226897
   36.0      -0.6587382382975
   36.0      -0.6682929947559
   36.0      -0.6780017652779
   36.0      -0.6878588929001
   36.0      -0.6978591406826
   36.0      -0.7079976443463
   36.0      -0.7182698807067
   36.0      -0.7286716302976
   36.0      -0.7391989503363
   36.0      -0.7498481517242
   36.0      -0.7606157698227
   36.0      -0.7714985610616
   36.0      -0.7824934635023
   36.0      -0.7935976011865
   36.0      -0.8048082589971
   36.0      -0.8161228712635
   36.0      -0.8275390269286
   36.0      -0.8390544235419
   36.0      -0.8506669102960
   36.0      -0.8623744232764
   36.0      -0.8741750193681
   36.0      -0.8860668704385
   36.0      -0.8980482168259
   36.0      -0.9101173982779
   36.0      -0.9222728742734
   36.0      -0.9345131011045
   36.0      -0.9468682285864
   36.0      -0.9593530367876
   36.0      -0.9719228854279
   36.0      -0.9845748763186
   36.0      -0.9973079979157
   36.0      -1.0101199537443
   36.0      -1.0230065912114
   36.0      -1.0359755760719
   36.0      -1.0490188417876
   36.0      -1.0621400727589
   36.0      -1.0753311750901
   37.0      -0.5018404745342
   37.0      -0.5019796759220
   37.0      -0.5029110652011
   37.0      -0.5047597559857
   37.0      -0.5074504707016
   37.0      -0.5108814061309
   37.0      -0.5149568824802
   37.0      -0.5195966483038
   37.0      -0.5247353416644
   37.0      -0.5303197694268
   37.0      -0.5363062551540
   37.0      -0.5426585149055
   37.0      -0.5493460399494
   37.0      -0.5563428844193
   37.0      -0.5636267509143
   37.0      -0.5711782959123
   37.0      -0.5789805939375
   37.0      -0.5870187224960
   37.0      -0.5952794333999
   37.0      -0.6037508918471
   37.0      -0.6124224664896
   37.0      -0.6212845579168
   37.0      -0.6303284578345
   37.0      -0.6395462331104
   37.0      -0.6489306288885
   37.0      -0.6584749873119
   37.0      -0.6681731776907
   37.0      -0.6780195382385
   37.0      -0.6880088264645
   37.0      -0.6981361726748
   37.0      -0.7083970480048
   37.0      -0.7187872268134
   37.0      -0.7293027596489
   37.0      -0.7399399498408
   37.0      -0.7506953257423
   37.0      -0.7615656357011
   37.0      -0.7725478095167
   37.0      -0.7836389618449
   37.0      -0.7948363682536
   37.0      -0.8061374538257
   37.0      -0.8175397957434
   37.0      -0.8290410812570
   37.0      -0.8406391467057
   37.0      -0.8523319167083
   37.0      -0.8641174343922
   37.0      -0.8759938564445
   37.0      -0.8879594093208
   37.0      -0.9000124167747
   37.0      -0.9121513193013
   37.0      -0.9243745591069
   37.0      -0.9367104528707
   37.0      -0.9491729055464
   37.0      -0.9617196011129
   37.0      -0.9743481735516
   37.0      -0.9870575612214
   37.0      -0.9998453211665
   37.0      -1.0127073502648
   37.0      -1.0256514019022
   37.0      -1.0386693679371
   37.0      -1.0517648929405
   37.0      -1.0649299684004
   38.0      -0.4922353829853
   38.0      -0.4923751413755
   38.0      -0.4933069309170
   38.0      -0.4951538287331
   38.0      -0.4978408083678
   38.0      -0.5012667231040
   38.0      -0.5053363380569
   38.0      -0.5099696642246
   38.0      -0.5151014949581
   38.0      -0.5206787320693
   38.0      -0.5266577590582
   38.0      -0.5330023312222
   38.0      -0.5396819660863
   38.0      -0.5466707356344
   38.0      -0.5539463544049
   38.0      -0.5614894866488
   38.0      -0.5692832118997
   38.0      -0.5773126106743
   38.0      -0.5855644365959
   38.0      -0.5940268555786
   38.0      -0.6026892355888
   38.0      -0.6115419756553
   38.0      -0.6205763653026
   38.0      -0.6297844688945
   38.0      -0.6391590289827
   38.0      -0.6486933842278
   38.0      -0.6583813998727
   38.0      -0.6682174097160
   38.0      -0.6781961664045
   38.0      -0.6883127960123
   38.0      -0.6985627640954
   38.0      -0.7089418390159
   38.0      -0.7194460652801
   38.0      -0.7300717397251
   38.0      -0.7408153846061
   38.0      -0.7516737403273
   38.0      -0.7626437291933
   38.0      -0.7737224575116
   38.0      -0.7849071927674
   38.0      -0.7961953512633
   38.0      -0.8075844994094
   38.0      -0.8190723154366
   38.0      -0.8306566240779
   38.0      -0.8423353395123
   38.0      -0.8541064924331
   38.0      -0.8659682259219
   38.0      -0.8779187540498
   38.0      -0.8899563861904
   38.0      -0.9020795455774
   38.0      -0.9142866624999
   38.0      -0.9266041525345
   38.0      -0.9390449960211
   38.0      -0.9515692835940
   38.0      -0.9641751973970
   38.0      -0.9768616248872
   38.0      -0.9896259721569
   38.0      -1.0024641910881
   38.0      -1.0153841166798
   38.0      -1.0283776066267
   38.0      -1.0414482570018
   38.0      -1.0545881624874
   39.0      -0.4826592295695
   39.0      -0.4827995795712
   39.0      -0.4837318837665
   39.0      -0.4855771576495
   39.0      -0.4882606024257
   39.0      -0.4916817144242
   39.0      -0.4957456975061
   39.0      -0.5003728222522
   39.0      -0.5054980360049
   39.0      -0.5110683350946
   39.0      -0.5170401629648
   39.0      -0.5233773141710
   39.0      -0.5300493321744
   39.0      -0.5370303064912
   39.0      -0.5442979635857
   39.0      -0.5518329757647
   39.0      -0.5596184281920
   39.0      -0.5676394049893
   39.0      -0.5758826615051
   39.0      -0.5843363641136
   39.0      -0.5929898802541
   39.0      -0.6018336078322
   39.0      -0.6108588350649
   39.0      -0.6200576243764
   39.0      -0.6294227154566
   39.0      -0.6389474435531
   39.0      -0.6486256702675
   39.0      -0.6584517258575
   39.0      -0.6684203590141
   39.0      -0.6785266913975
   39.0      -0.6887661831967
   39.0      -0.6991345973385
   39.0      -0.7096279733602
   39.0      -0.7202426024024
   39.0      -0.7309750005853
   39.0      -0.7418219009771
   39.0      -0.7527802192442
   39.0      -0.7638470546791
   39.0      -0.7750196669274
   39.0      -0.7862954642373
   39.0      -0.7976720032076
   39.0      -0.8091469544969
   39.0      -0.8207181318619
   39.0      -0.8323834400871
   39.0      -0.8441408986908
   39.0      -0.8559886386233
   39.0      -0.8679248627358
   39.0      -0.8799478674770
   39.0      -0.8920560604368
   39.0      -0.9042478618272
   39.0      -0.9165477310075
   39.0      -0.9289676826290
   39.0      -0.9414702804397
   39.0      -0.9540542676883
   39.0      -0.9667184803599
   39.0      -0.9794601698835
   39.0      -0.9922753478229
   39.0      -1.0051719256134
   39.0      -1.0181417331894
   39.0      -1.0311883107050
   39.0      -1.0443038714146
   40.0      -0.4731115815816
   40.0      -0.4732525564649
   40.0      -0.4741854846861
   40.0      -0.4760292965237
   40.0      -0.4787093983446
   40.0      -0.4821259165555
   40.0      -0.4861844880306
   40.0      -0.4908056404556
   40.0      -0.4959244739929
   40.0      -0.5014880786629
   40.0      -0.5074529572499
   40.0      -0.5137829432023
   40.0      -0.5204476059005
   40.0      -0.5274210527104
   40.0      -0.5346810225230
   40.0      -0.5422081960376
   40.0      -0.5499856638458
   40.0      -0.5579985134367
   40.0      -0.5662335019933
   40.0      -0.5746787967469
   40.0      -0.5833237653589
   40.0      -0.5921588051915
   40.0      -0.6011752029613
   40.0      -0.6103650190052
   40.0      -0.6197209904387
   40.0      -0.6292364496959
   40.0      -0.6389052557219
   40.0      -0.6487217354893
   40.0      -0.6586806334927
   40.0      -0.6687770673000
   40.0      -0.6790064923113
   40.0      -0.6893646671592
   40.0      -0.6998476268349
   40.0      -0.7104516566838
   40.0      -0.7211732672176
   40.0      -0.7320091849451
   40.0      -0.7429563201923
   40.0      -0.7540117653686
   40.0      -0.7651727727474
   40.0      -0.7764367433187
   40.0      -0.7878012251914
   40.0      -0.7992638821708
   40.0      -0.8108225176321
   40.0      -0.8224750279741
   40.0      -0.8342194229539
   40.0      -0.8460538223793
   40.0      -0.8579764189468
   40.0      -0.8699854974966
   40.0      -0.8820794515657
   40.0      -0.8942566927298
   40.0      -0.9065396805562
   40.0      -0.9189394305145
   40.0      -0.9314210315637
   40.0      -0.9439837983006
   40.0      -0.9566265148674
   40.0      -0.9693462750121
   40.0      -0.9821391538592
   40.0      -0.9950131349267
   40.0      -1.0079600257399
   40.0      -1.0209833044068
   40.0      -1.0340753157148
