# P (GPa)             Gibbs free energy (Ry.)
# T= 0.000000 K
    0.0      -0.8830990094987
    1.0      -0.8719445720001
    2.0      -0.8608511469776
    3.0      -0.8498170920427
    4.0      -0.8388408427599
    5.0      -0.8279209074452
    6.0      -0.8170558623831
    7.0      -0.8062443473944
    8.0      -0.7954850618211
    9.0      -0.7847767608407
   10.0      -0.7741182520709
   11.0      -0.7635083924350
   12.0      -0.7529460852656
   13.0      -0.7424302776208
   14.0      -0.7319599578114
   15.0      -0.7215341531519
   16.0      -0.7111519278200
   17.0      -0.7008123808567
   18.0      -0.6905146442883
   19.0      -0.6802578813474
   20.0      -0.6700412848359
   21.0      -0.6598640759959
   22.0      -0.6497255029686
   23.0      -0.6396248391756
   24.0      -0.6295613819635
   25.0      -0.6195344521820
   26.0      -0.6095433929442
   27.0      -0.5995875677943
   28.0      -0.5896663602320
   29.0      -0.5797791737722
   30.0      -0.5699254294840
   31.0      -0.5601045656765
   32.0      -0.5503160385491
   33.0      -0.5405593191616
   34.0      -0.5308338942840
   35.0      -0.5211392661447
   36.0      -0.5114749495381
   37.0      -0.5018404745342
   38.0      -0.4922353829853
   39.0      -0.4826592295695
   40.0      -0.4731115815816
# T= 100.000000 K
    0.0      -0.8832649518711
    1.0      -0.8721076130934
    2.0      -0.8610114930076
    3.0      -0.8499749373400
    4.0      -0.8389963706253
    5.0      -0.8280742909278
    6.0      -0.8172072650016
    7.0      -0.8063939238085
    8.0      -0.7956329584289
    9.0      -0.7849231163274
   10.0      -0.7742631979121
   11.0      -0.7636520533607
   12.0      -0.7530885796862
   13.0      -0.7425717180204
   14.0      -0.7321004511194
   15.0      -0.7216738010754
   16.0      -0.7112908271502
   17.0      -0.7009506237554
   18.0      -0.6906523185543
   19.0      -0.6803950706642
   20.0      -0.6701780690118
   21.0      -0.6600005311848
   22.0      -0.6498617018520
   23.0      -0.6397608511522
   24.0      -0.6296972733305
   25.0      -0.6196702863019
   26.0      -0.6096792303869
   27.0      -0.5997234664879
   28.0      -0.5898023755916
   29.0      -0.5799153588245
   30.0      -0.5700618350011
   31.0      -0.5602412402607
   32.0      -0.5504530287495
   33.0      -0.5406966695980
   34.0      -0.5309716476779
   35.0      -0.5212774634684
   36.0      -0.5116136300765
   37.0      -0.5019796759220
   38.0      -0.4923751413755
   39.0      -0.4827995795712
   40.0      -0.4732525564649
# T= 200.000000 K
    0.0      -0.8843463519499
    1.0      -0.8731771475363
    2.0      -0.8620699155310
    3.0      -0.8510229567098
    4.0      -0.8400346539415
    5.0      -0.8291034666300
    6.0      -0.8182279256112
    7.0      -0.8074066284673
    8.0      -0.7966382352263
    9.0      -0.7859214644089
   10.0      -0.7752550894046
   11.0      -0.7646379351409
   12.0      -0.7540688750084
   13.0      -0.7435468280310
   14.0      -0.7330707562538
   15.0      -0.7226396623180
   16.0      -0.7122525872062
   17.0      -0.7019086081352
   18.0      -0.6916068365780
   19.0      -0.6813464163944
   20.0      -0.6711265222036
   21.0      -0.6609463581056
   22.0      -0.6508051559392
   23.0      -0.6407021737126
   24.0      -0.6306366942521
   25.0      -0.6206080247537
   26.0      -0.6106154952443
   27.0      -0.6006584568758
   28.0      -0.5907362815194
   29.0      -0.5808483615606
   30.0      -0.5709941074797
   31.0      -0.5611729476012
   32.0      -0.5513843285796
   33.0      -0.5416277124110
   34.0      -0.5319025772260
   35.0      -0.5222084170487
   36.0      -0.5125447388542
   37.0      -0.5029110652011
   38.0      -0.4933069309170
   39.0      -0.4837318837665
   40.0      -0.4741854846861
# T= 300.000000 K
    0.0      -0.8864953728189
    1.0      -0.8753071600384
    2.0      -0.8641819615390
    3.0      -0.8531180164013
    4.0      -0.8421136505722
    5.0      -0.8311672706492
    6.0      -0.8202773584245
    7.0      -0.8094424658864
    8.0      -0.7986612106300
    9.0      -0.7879322716446
   10.0      -0.7772543854462
   11.0      -0.7666263425222
   12.0      -0.7560469840622
   13.0      -0.7455151989451
   14.0      -0.7350299209578
   15.0      -0.7245901262197
   16.0      -0.7141948307912
   17.0      -0.7038430884418
   18.0      -0.6935339885592
   19.0      -0.6832666542228
   20.0      -0.6730402406597
   21.0      -0.6628539335014
   22.0      -0.6527069470635
   23.0      -0.6425985227641
   24.0      -0.6325279279767
   25.0      -0.6224944552856
   26.0      -0.6124974205911
   27.0      -0.6025361616865
   28.0      -0.5926100381802
   29.0      -0.5827184304396
   30.0      -0.5728607374419
   31.0      -0.5630363770391
   32.0      -0.5532447855707
   33.0      -0.5434854151455
   34.0      -0.5337577349216
   35.0      -0.5240612299069
   36.0      -0.5143953987031
   37.0      -0.5047597559857
   38.0      -0.4951538287331
   39.0      -0.4855771576495
   40.0      -0.4760292965237
# T= 400.000000 K
    0.0      -0.8895951340997
    1.0      -0.8783833790974
    2.0      -0.8672358289712
    3.0      -0.8561506523483
    4.0      -0.8451261099152
    5.0      -0.8341605480286
    6.0      -0.8232523927147
    7.0      -0.8124001441390
    8.0      -0.8016023716830
    9.0      -0.7908577094334
   10.0      -0.7801648520397
   11.0      -0.7695225509087
   12.0      -0.7589296107054
   13.0      -0.7483848861300
   14.0      -0.7378872789456
   15.0      -0.7274357352284
   16.0      -0.7170292428163
   17.0      -0.7066668289337
   18.0      -0.6963475580229
   19.0      -0.6860705298563
   20.0      -0.6758348775783
   21.0      -0.6656397658707
   22.0      -0.6554843892234
   23.0      -0.6453679703815
   24.0      -0.6352897594612
   25.0      -0.6252490323057
   26.0      -0.6152450888093
   27.0      -0.6052772518488
   28.0      -0.5953448672068
   29.0      -0.5854473015099
   30.0      -0.5755839408047
   31.0      -0.5657541912664
   32.0      -0.5559574773811
   33.0      -0.5461932401672
   34.0      -0.5364609387501
   35.0      -0.5267600477402
   36.0      -0.5170900565027
   37.0      -0.5074504707016
   38.0      -0.4978408083678
   39.0      -0.4882606024257
   40.0      -0.4787093983446
# T= 500.000000 K
    0.0      -0.8935048081300
    1.0      -0.8822666153163
    2.0      -0.8710939170211
    3.0      -0.8599848049877
    4.0      -0.8489374690343
    5.0      -0.8379501897843
    6.0      -0.8270213323088
    7.0      -0.8161493403020
    8.0      -0.8053327307539
    9.0      -0.7945700890298
   10.0      -0.7838600643813
   11.0      -0.7732013658649
   12.0      -0.7625927585913
   13.0      -0.7520330602733
   14.0      -0.7415211380417
   15.0      -0.7310559055047
   16.0      -0.7206363200411
   17.0      -0.7102613803408
   18.0      -0.6999301240771
   19.0      -0.6896416257367
   20.0      -0.6793949945851
   21.0      -0.6691893727441
   22.0      -0.6590239334136
   23.0      -0.6488978796328
   24.0      -0.6388104426671
   25.0      -0.6287608802576
   26.0      -0.6187484751546
   27.0      -0.6087725346358
   28.0      -0.5988323892443
   29.0      -0.5889273908057
   30.0      -0.5790569118967
   31.0      -0.5692203459383
   32.0      -0.5594171045646
   33.0      -0.5496466173105
   34.0      -0.5399083322773
   35.0      -0.5302017128938
   36.0      -0.5205262389510
   37.0      -0.5108814061309
   38.0      -0.5012667231040
   39.0      -0.4916817144242
   40.0      -0.4821259165555
# T= 600.000000 K
    0.0      -0.8981062969864
    1.0      -0.8868395881096
    2.0      -0.8756397473500
    3.0      -0.8645047831490
    4.0      -0.8534328083982
    5.0      -0.8424220330407
    6.0      -0.8314707568401
    7.0      -0.8205773629107
    8.0      -0.8097403119836
    9.0      -0.7989581371539
   10.0      -0.7882294390667
   11.0      -0.7775528815070
   12.0      -0.7669271873562
   13.0      -0.7563511348826
   14.0      -0.7458235543347
   15.0      -0.7353433248064
   16.0      -0.7249093713462
   17.0      -0.7145206622843
   18.0      -0.7041762067503
   19.0      -0.6938750523596
   20.0      -0.6836162830455
   21.0      -0.6733990170749
   22.0      -0.6632224054777
   23.0      -0.6530856302119
   24.0      -0.6429879023810
   25.0      -0.6329284605966
   26.0      -0.6229065699396
   27.0      -0.6129215210486
   28.0      -0.6029726281055
   29.0      -0.5930592274898
   30.0      -0.5831806779504
   31.0      -0.5733363589537
   32.0      -0.5635256687315
   33.0      -0.5537480251040
   34.0      -0.5440028640760
   35.0      -0.5342896375942
   36.0      -0.5246078154376
   37.0      -0.5149568824802
   38.0      -0.5053363380569
   39.0      -0.4957456975061
   40.0      -0.4861844880306
# T= 700.000000 K
    0.0      -0.9033071604191
    1.0      -0.8920102625479
    2.0      -0.8807816854443
    3.0      -0.8696193479517
    4.0      -0.8585212809550
    5.0      -0.8474856184040
    6.0      -0.8365105898071
    7.0      -0.8255945134605
    8.0      -0.8147357901520
    9.0      -0.8039328973197
   10.0      -0.7931843838670
   11.0      -0.7824888654251
   12.0      -0.7718450200096
   13.0      -0.7612515840361
   14.0      -0.7507073486614
   15.0      -0.7402111564185
   16.0      -0.7297618981156
   17.0      -0.7193585099706
   18.0      -0.7089999709539
   19.0      -0.6986853003202
   20.0      -0.6884135554227
   21.0      -0.6781838296868
   22.0      -0.6679952505593
   23.0      -0.6578469776189
   24.0      -0.6477382007755
   25.0      -0.6376681388631
   26.0      -0.6276360386075
   27.0      -0.6176411726864
   28.0      -0.6076828381358
   29.0      -0.5977603557434
   30.0      -0.5878730693871
   31.0      -0.5780203437177
   32.0      -0.5682015634724
   33.0      -0.5584161339933
   34.0      -0.5486634783761
   35.0      -0.5389430371881
   36.0      -0.5292542692872
   37.0      -0.5195966483038
   38.0      -0.5099696642246
   39.0      -0.5003728222522
   40.0      -0.4908056404556
# T= 800.000000 K
    0.0      -0.9090352787558
    1.0      -0.8977067198161
    2.0      -0.8864480143327
    3.0      -0.8752569851739
    4.0      -0.8641315744447
    5.0      -0.8530698348049
    6.0      -0.8420699210618
    7.0      -0.8311300823270
    8.0      -0.8202486552801
    9.0      -0.8094240580200
   10.0      -0.7986547844405
   11.0      -0.7879393990859
   12.0      -0.7772765324242
   13.0      -0.7666648765536
   14.0      -0.7561031812735
   15.0      -0.7455902504719
   16.0      -0.7351249387985
   17.0      -0.7247061486034
   18.0      -0.7143328271448
   19.0      -0.7040039639872
   20.0      -0.6937185885824
   21.0      -0.6834757680121
   22.0      -0.6732746048680
   23.0      -0.6631142352484
   24.0      -0.6529938271064
   25.0      -0.6429125788723
   26.0      -0.6328697175177
   27.0      -0.6228644968764
   28.0      -0.6128961964302
   29.0      -0.6029641208698
   30.0      -0.5930675979875
   31.0      -0.5832059771349
   32.0      -0.5733786295500
   33.0      -0.5635849468749
   34.0      -0.5538243389507
   35.0      -0.5440962349456
   36.0      -0.5344000817142
   37.0      -0.5247353416644
   38.0      -0.5151014949581
   39.0      -0.5054980360049
   40.0      -0.4959244739929
# T= 900.000000 K
    0.0      -0.9152336268766
    1.0      -0.9038720296242
    2.0      -0.8925819018614
    3.0      -0.8813609624155
    4.0      -0.8702070588916
    5.0      -0.8591181569281
    6.0      -0.8480923308973
    7.0      -0.8371277560021
    8.0      -0.8262227008543
    9.0      -0.8153755205072
   10.0      -0.8045846503839
   11.0      -0.7938486007441
   12.0      -0.7831659516222
   13.0      -0.7725353481960
   14.0      -0.7619554965460
   15.0      -0.7514251597709
   16.0      -0.7409431544237
   17.0      -0.7305083472353
   18.0      -0.7201196520968
   19.0      -0.7097760272689
   20.0      -0.6994764727937
   21.0      -0.6892200280804
   22.0      -0.6790057696573
   23.0      -0.6688328093041
   24.0      -0.6587002922008
   25.0      -0.6486073949516
   26.0      -0.6385533237999
   27.0      -0.6285373130762
   28.0      -0.6185586244847
   29.0      -0.6086165452571
   30.0      -0.5987103863547
   31.0      -0.5888394818348
   32.0      -0.5790031885425
   33.0      -0.5692008835535
   34.0      -0.5594319635658
   35.0      -0.5496958455680
   36.0      -0.5399919636878
   37.0      -0.5303197694268
   38.0      -0.5206787320693
   39.0      -0.5110683350946
   40.0      -0.5014880786629
# T= 1000.000000 K
    0.0      -0.9218563589381
    1.0      -0.9104603807761
    2.0      -0.8991375752599
    3.0      -0.8878855502410
    4.0      -0.8767020512878
    5.0      -0.8655849503339
    6.0      -0.8545322363310
    7.0      -0.8435420056472
    8.0      -0.8326124539658
    9.0      -0.8217418690709
   10.0      -0.8109286242897
   11.0      -0.8001711723592
   12.0      -0.7894680398983
   13.0      -0.7788178224276
   14.0      -0.7682191798095
   15.0      -0.7576708320718
   16.0      -0.7471715555761
   17.0      -0.7367201794979
   18.0      -0.7263155825857
   19.0      -0.7159566901675
   20.0      -0.7056424713790
   21.0      -0.6953719366702
   22.0      -0.6851441355296
   23.0      -0.6749581542383
   24.0      -0.6648131137888
   25.0      -0.6547081679147
   26.0      -0.6446425013123
   27.0      -0.6346153285451
   28.0      -0.6246258922321
   29.0      -0.6146734612057
   30.0      -0.6047573292142
   31.0      -0.5948768147744
   32.0      -0.5850312590581
   33.0      -0.5752200241832
   34.0      -0.5654424937942
   35.0      -0.5556980714573
   36.0      -0.5459861784149
   37.0      -0.5363062551540
   38.0      -0.5266577590582
   39.0      -0.5170401629648
   40.0      -0.5074529572499
# T= 1100.000000 K
    0.0      -0.9288660135504
    1.0      -0.9174343084463
    2.0      -0.9060775728642
    3.0      -0.8947932945595
    4.0      -0.8835791091864
    5.0      -0.8724327889620
    6.0      -0.8613522306826
    7.0      -0.8503354461430
    8.0      -0.8393805536092
    9.0      -0.8284857694025
   10.0      -0.8176494006806
   11.0      -0.8068698389503
   12.0      -0.7961455541391
   13.0      -0.7854750891820
   14.0      -0.7748570550758
   15.0      -0.7642901263622
   16.0      -0.7537730369978
   17.0      -0.7433045765745
   18.0      -0.7328835868540
   19.0      -0.7225089585846
   20.0      -0.7121796285671
   21.0      -0.7018945769409
   22.0      -0.6916528246625
   23.0      -0.6814534311497
   24.0      -0.6712954920671
   25.0      -0.6611781373474
   26.0      -0.6511005296995
   27.0      -0.6410618626286
   28.0      -0.6310613585813
   29.0      -0.6210982673291
   30.0      -0.6111718653902
   31.0      -0.6012814544181
   32.0      -0.5914263591544
   33.0      -0.5816059268744
   34.0      -0.5718195272750
   35.0      -0.5620665496734
   36.0      -0.5523464027089
   37.0      -0.5426585149055
   38.0      -0.5330023312222
   39.0      -0.5233773141710
   40.0      -0.5137829432023
# T= 1200.000000 K
    0.0      -0.9362315398405
    1.0      -0.9247627338665
    2.0      -0.9133707946035
    3.0      -0.9020530796246
    4.0      -0.8908071071284
    5.0      -0.8796305411434
    6.0      -0.8685211799843
    7.0      -0.8574769454940
    8.0      -0.8464958727599
    9.0      -0.8355761015898
   10.0      -0.8247158688478
   11.0      -0.8139135011234
   12.0      -0.8031674082148
   13.0      -0.7924760773037
   14.0      -0.7818380676347
   15.0      -0.7712520056529
   16.0      -0.7607165805587
   17.0      -0.7502305402404
   18.0      -0.7397926875456
   19.0      -0.7294018768583
   20.0      -0.7190570109459
   21.0      -0.7087570380473
   22.0      -0.6985009491702
   23.0      -0.6882877755767
   24.0      -0.6781165866104
   25.0      -0.6679864876774
   26.0      -0.6578966181062
   27.0      -0.6478461491990
   28.0      -0.6378342824061
   29.0      -0.6278602482817
   30.0      -0.6179233050172
   31.0      -0.6080227363637
   32.0      -0.5981578502956
   33.0      -0.5883279791051
   34.0      -0.5785324772408
   35.0      -0.5687707195006
   36.0      -0.5590421019557
   37.0      -0.5493460399494
   38.0      -0.5396819660863
   39.0      -0.5300493321744
   40.0      -0.5204476059005
# T= 1300.000000 K
    0.0      -0.9439268733486
    1.0      -0.9324195462602
    2.0      -0.9209910905549
    3.0      -0.9096387239188
    4.0      -0.8983598369074
    5.0      -0.8871519776782
    6.0      -0.8760128390119
    7.0      -0.8649402454970
    8.0      -0.8539321436214
    9.0      -0.8429865919438
   10.0      -0.8321017522070
   11.0      -0.8212758816961
   12.0      -0.8105073262781
   13.0      -0.7997945140621
   14.0      -0.7891359495363
   15.0      -0.7785302083009
   16.0      -0.7679759322848
   17.0      -0.7574718253702
   18.0      -0.7470166493820
   19.0      -0.7366092204080
   20.0      -0.7262484054121
   21.0      -0.7159331191125
   22.0      -0.7056623211624
   23.0      -0.6954350135497
   24.0      -0.6852502381190
   25.0      -0.6751070742714
   26.0      -0.6650046367948
   27.0      -0.6549420738337
   28.0      -0.6449185654758
   29.0      -0.6349333220981
   30.0      -0.6249855823186
   31.0      -0.6150746113368
   32.0      -0.6051997004544
   33.0      -0.5953601656953
   34.0      -0.5855553455103
   35.0      -0.5757846004076
   36.0      -0.5660473128944
   37.0      -0.5563428844193
   38.0      -0.5466707356344
   39.0      -0.5370303064912
   40.0      -0.5274210527104
# T= 1400.000000 K
    0.0      -0.9519299004981
    1.0      -0.9403825703357
    2.0      -0.9289162328489
    3.0      -0.9175279541348
    4.0      -0.9062149867842
    5.0      -0.8949747544099
    6.0      -0.8838048353948
    7.0      -0.8727029508749
    8.0      -0.8616669522976
    9.0      -0.8506948107392
   10.0      -0.8397846079516
   11.0      -0.8289345277054
   12.0      -0.8181428479434
   13.0      -0.8074079339330
   14.0      -0.7967282320272
   15.0      -0.7861022639741
   16.0      -0.7755286217275
   17.0      -0.7650059627124
   18.0      -0.7545330055018
   19.0      -0.7441085258651
   20.0      -0.7337313531485
   21.0      -0.7234003669520
   22.0      -0.7131144940680
   23.0      -0.7028727056512
   24.0      -0.6926740145873
   25.0      -0.6825174730344
   26.0      -0.6724021701650
   27.0      -0.6623272304133
   28.0      -0.6522918114490
   29.0      -0.6422951021415
   30.0      -0.6323363207198
   31.0      -0.6224147137035
   32.0      -0.6125295548242
   33.0      -0.6026801427231
   34.0      -0.5928657995884
   35.0      -0.5830858715028
   36.0      -0.5733397261274
   37.0      -0.5636267509143
   38.0      -0.5539463544049
   39.0      -0.5442979635857
   40.0      -0.5346810225230
# T= 1500.000000 K
    0.0      -0.9602216916251
    1.0      -0.9486328017855
    2.0      -0.9371271526906
    3.0      -0.9257016452345
    4.0      -0.9143533834375
    5.0      -0.9030796553933
    6.0      -0.8918779172779
    7.0      -0.8807457783953
    8.0      -0.8696809879051
    9.0      -0.8586814240234
   10.0      -0.8477450829347
   11.0      -0.8368700695811
   12.0      -0.8260545895061
   13.0      -0.8152969413541
   14.0      -0.8045955098763
   15.0      -0.7939487597733
   16.0      -0.7833552301079
   17.0      -0.7728135292065
   18.0      -0.7623223300037
   19.0      -0.7518803657872
   20.0      -0.7414864263022
   21.0      -0.7311393541763
   22.0      -0.7208380416302
   23.0      -0.7105814274389
   24.0      -0.7003684941163
   25.0      -0.6901982654279
   26.0      -0.6800698041211
   27.0      -0.6699822096009
   28.0      -0.6599346157958
   29.0      -0.6499261891294
   30.0      -0.6399561270321
   31.0      -0.6300236567262
   32.0      -0.6201280330037
   33.0      -0.6102685364895
   34.0      -0.6004444732868
   35.0      -0.5906551737690
   36.0      -0.5808999900464
   37.0      -0.5711782959123
   38.0      -0.5614894866488
   39.0      -0.5518329757647
   40.0      -0.5422081960376
# T= 1600.000000 K
    0.0      -0.9687859199711
    1.0      -0.9571538269127
    2.0      -0.9456073603763
    3.0      -0.9341432415621
    4.0      -0.9227584129952
    5.0      -0.9114500165705
    6.0      -0.9002153762373
    7.0      -0.8890519806267
    8.0      -0.8779574699073
    9.0      -0.8669296218813
   10.0      -0.8559663410489
   11.0      -0.8450656487148
   12.0      -0.8342256733527
   13.0      -0.8234446424626
   14.0      -0.8127208752268
   15.0      -0.8020527758232
   16.0      -0.7914388273405
   17.0      -0.7808775862088
   18.0      -0.7703676771681
   19.0      -0.7599077886885
   20.0      -0.7494966687785
   21.0      -0.7391331211402
   22.0      -0.7288160016452
   23.0      -0.7185442151365
   24.0      -0.7083167124624
   25.0      -0.6981324877245
   26.0      -0.6879905757174
   27.0      -0.6778900495293
   28.0      -0.6678300182811
   29.0      -0.6578096253393
   30.0      -0.6478280467146
   31.0      -0.6378844888646
   32.0      -0.6279781868180
   33.0      -0.6181084030748
   34.0      -0.6082744268957
   35.0      -0.5984755717939
   36.0      -0.5887111741713
   37.0      -0.5789805939375
   38.0      -0.5692832118997
   39.0      -0.5596184281920
   40.0      -0.5499856638458
# T= 1700.000000 K
    0.0      -0.9776084193268
    1.0      -0.9659313803086
    2.0      -0.9543425037183
    3.0      -0.9428383151338
    4.0      -0.9314155809735
    5.0      -0.9200712851691
    6.0      -0.9088026079273
    7.0      -0.8976069087312
    8.0      -0.8864817093200
    9.0      -0.8754246801839
   10.0      -0.8644336280721
   11.0      -0.8535064841871
   12.0      -0.8426412945366
   13.0      -0.8318362111282
   14.0      -0.8210894835563
   15.0      -0.8103994517257
   16.0      -0.7997645392921
   17.0      -0.7891832476893
   18.0      -0.7786541506899
   19.0      -0.7681758894492
   20.0      -0.7577471679865
   21.0      -0.7473667490581
   22.0      -0.7370334503813
   23.0      -0.7267461411692
   24.0      -0.7165037389409
   25.0      -0.7063052065714
   26.0      -0.6961495495488
   27.0      -0.6860358134346
   28.0      -0.6759630817941
   29.0      -0.6659304740692
   30.0      -0.6559371433591
   31.0      -0.6459822744084
   32.0      -0.6360650820155
   33.0      -0.6261848102162
   34.0      -0.6163407299856
   35.0      -0.6065321373676
   36.0      -0.5967583533020
   37.0      -0.5870187224960
   38.0      -0.5773126106743
   39.0      -0.5676394049893
   40.0      -0.5579985134367
# T= 1800.000000 K
    0.0      -0.9866768417803
    1.0      -0.9749530020425
    2.0      -0.9633200250239
    3.0      -0.9517742224474
    4.0      -0.9403121689455
    5.0      -0.9289306763315
    6.0      -0.9176267697893
    7.0      -0.9063976683505
    8.0      -0.8952407666384
    9.0      -0.8841536198752
   10.0      -0.8731339290029
   11.0      -0.8621795293398
   12.0      -0.8512883791024
   13.0      -0.8404585493639
   14.0      -0.8296882153852
   15.0      -0.8189756487803
   16.0      -0.8083192102429
   17.0      -0.7977173429761
   18.0      -0.7871685668297
   19.0      -0.7766714729605
   20.0      -0.7662247189640
   21.0      -0.7558270244286
   22.0      -0.7454771668703
   23.0      -0.7351739780045
   24.0      -0.7249163403173
   25.0      -0.7147031839014
   26.0      -0.7045334836309
   27.0      -0.6944062565827
   28.0      -0.6843205594940
   29.0      -0.6742754864150
   30.0      -0.6642701664844
   31.0      -0.6543037620192
   32.0      -0.6443754673160
   33.0      -0.6344845064452
   34.0      -0.6246301312438
   35.0      -0.6148116202154
   36.0      -0.6050282781481
   37.0      -0.5952794333999
   38.0      -0.5855644365959
   39.0      -0.5758826615051
   40.0      -0.5662335019933
# T= 1900.000000 K
    0.0      -0.9959803888556
    1.0      -0.9842077678272
    2.0      -0.9725288903205
    3.0      -0.9609398334950
    4.0      -0.9494369627222
    5.0      -0.9380169019997
    6.0      -0.9266765083945
    7.0      -0.9154128485743
    8.0      -0.9042231803453
    9.0      -0.8931049337743
   10.0      -0.8820556971543
   11.0      -0.8710732025373
   12.0      -0.8601553135637
   13.0      -0.8493000152591
   14.0      -0.8385054039325
   15.0      -0.8277696784087
   16.0      -0.8170911322969
   17.0      -0.8064681469618
   18.0      -0.7958991851341
   19.0      -0.7853827851040
   20.0      -0.7749175554406
   21.0      -0.7645021701914
   22.0      -0.7541353645068
   23.0      -0.7438159306476
   24.0      -0.7335427143344
   25.0      -0.7233146113957
   26.0      -0.7131305646789
   27.0      -0.7029895611888
   28.0      -0.6928906294213
   29.0      -0.6828328368601
   30.0      -0.6728152878129
   31.0      -0.6628371217277
   32.0      -0.6528975109029
   33.0      -0.6429956584240
   34.0      -0.6331307964960
   35.0      -0.6233021859370
   36.0      -0.6135091139063
   37.0      -0.6037508918471
   38.0      -0.5940268555786
   39.0      -0.5843363641136
   40.0      -0.5746787967469
# T= 2000.000000 K
    0.0      -1.0055096009308
    1.0      -0.9936860773531
    2.0      -0.9819593768557
    3.0      -0.9703253186686
    4.0      -0.9587800389003
    5.0      -0.9473199566899
    6.0      -0.9359417455906
    7.0      -0.9246423077106
    8.0      -0.9134187517169
    9.0      -0.9022683736868
   10.0      -0.8911886397927
   11.0      -0.8801771709886
   12.0      -0.8692317304037
   13.0      -0.8583502105876
   14.0      -0.8475306230975
   15.0      -0.8367710893045
   16.0      -0.8260698316622
   17.0      -0.8154251659077
   18.0      -0.8048354941719
   19.0      -0.7942992987192
   20.0      -0.7838151362552
   21.0      -0.7733816327463
   22.0      -0.7629974787037
   23.0      -0.7526614248799
   24.0      -0.7423722783345
   25.0      -0.7321288988272
   26.0      -0.7219301954969
   27.0      -0.7117751237905
   28.0      -0.7016626826170
   29.0      -0.6915919119270
   30.0      -0.6815618904203
   31.0      -0.6715717331337
   32.0      -0.6616205892478
   33.0      -0.6517076400978
   34.0      -0.6418320981858
   35.0      -0.6319932052074
   36.0      -0.6221902298013
   37.0      -0.6124224664896
   38.0      -0.6026892355888
   39.0      -0.5929898802541
   40.0      -0.5833237653589
# T= 2100.000000 K
    0.0      -1.0152561889288
    1.0      -1.0033794840672
    2.0      -0.9916029013912
    3.0      -0.9799219756953
    4.0      -0.9683325911225
    5.0      -0.9568309427616
    6.0      -0.9454135037413
    7.0      -0.9340769970894
    8.0      -0.9228183699981
    9.0      -0.9116347733266
   10.0      -0.9005235413175
   11.0      -0.8894821762003
   12.0      -0.8785083320903
   13.0      -0.8675998026471
   14.0      -0.8567545094147
   15.0      -0.8459704909279
   16.0      -0.8352458935350
   17.0      -0.8245789631055
   18.0      -0.8139680375106
   19.0      -0.8034115396969
   20.0      -0.7929079715071
   21.0      -0.7824559080968
   22.0      -0.7720539928508
   23.0      -0.7617009327460
   24.0      -0.7513954941149
   25.0      -0.7411364987634
   26.0      -0.7309228204045
   27.0      -0.7207533814536
   28.0      -0.7106271500945
   29.0      -0.7005431374759
   30.0      -0.6905003951164
   31.0      -0.6804980124601
   32.0      -0.6705351146264
   33.0      -0.6606108609446
   34.0      -0.6507244429281
   35.0      -0.6408750820063
   36.0      -0.6310620278090
   37.0      -0.6212845579168
   38.0      -0.6115419756553
   39.0      -0.6018336078322
   40.0      -0.5921588051915
# T= 2200.000000 K
    0.0      -1.0252129017761
    1.0      -1.0132805604299
    2.0      -1.0014518837294
    3.0      -0.9897220917931
    4.0      -0.9780867910878
    5.0      -0.9665419306970
    6.0      -0.9550837647322
    7.0      -0.9437088204752
    8.0      -0.9324138702072
    9.0      -0.9211959065598
   10.0      -0.9100521222095
   11.0      -0.8989798901129
   12.0      -0.8879767479684
   13.0      -0.8770403834766
   14.0      -0.8661686209618
   15.0      -0.8553594105390
   16.0      -0.8446108177643
   17.0      -0.8339210141943
   18.0      -0.8232882692433
   19.0      -0.8127109428078
   20.0      -0.8021874785731
   21.0      -0.7917163979395
   22.0      -0.7812962945098
   23.0      -0.7709258290800
   24.0      -0.7606037250831
   25.0      -0.7503287644346
   26.0      -0.7400997837354
   27.0      -0.7299156707876
   28.0      -0.7197753613837
   29.0      -0.7096778363305
   30.0      -0.6996221186740
   31.0      -0.6896072711784
   32.0      -0.6796323944079
   33.0      -0.6696966243979
   34.0      -0.6597991303751
   35.0      -0.6499391127293
   36.0      -0.6401158021138
   37.0      -0.6303284578345
   38.0      -0.6205763653026
   39.0      -0.6108588350649
   40.0      -0.6011752029613
# T= 2300.000000 K
    0.0      -1.0353734213286
    1.0      -1.0233827903014
    2.0      -1.0114996370987
    3.0      -0.9997188324956
    4.0      -0.9880356760009
    5.0      -0.9764458457567
    6.0      -0.9649453557611
    7.0      -0.9535305192593
    8.0      -0.9421979176336
    9.0      -0.9309443722968
   10.0      -0.9197669216588
   11.0      -0.9086627997836
   12.0      -0.8976294187262
   13.0      -0.8866643515300
   14.0      -0.8757653191659
   15.0      -0.8649301770843
   16.0      -0.8541569040002
   17.0      -0.8434435921376
   18.0      -0.8327884382636
   19.0      -0.8221897353897
   20.0      -0.8116458655218
   21.0      -0.8011552931085
   22.0      -0.7907165590930
   23.0      -0.7803282755093
   24.0      -0.7699891205664
   25.0      -0.7596978341694
   26.0      -0.7494532138275
   27.0      -0.7392541109033
   28.0      -0.7290994271616
   29.0      -0.7189881115793
   30.0      -0.7089191575446
   31.0      -0.6988916003327
   32.0      -0.6889045144820
   33.0      -0.6789570113925
   34.0      -0.6690482370593
   35.0      -0.6591773705921
   36.0      -0.6493436226897
   37.0      -0.6395462331104
   38.0      -0.6297844688945
   39.0      -0.6200576243764
   40.0      -0.6103650190052
# T= 2400.000000 K
    0.0      -1.0457322801427
    1.0      -1.0336804837139
    2.0      -1.0217402805457
    3.0      -1.0099061521710
    4.0      -0.9981730576192
    5.0      -0.9865363757463
    6.0      -0.9749918563202
    7.0      -0.9635355782075
    8.0      -0.9521639138873
    9.0      -0.9408734986274
   10.0      -0.9296612031010
   11.0      -0.9185241113751
   12.0      -0.9074594990281
   13.0      -0.8964648168384
   14.0      -0.8855376738158
   15.0      -0.8746758236615
   16.0      -0.8638771528515
   17.0      -0.8531396690111
   18.0      -0.8424614911754
   19.0      -0.8318408410644
   20.0      -0.8212760351893
   21.0      -0.8107654776782
   22.0      -0.8003076537616
   23.0      -0.7899011239352
   24.0      -0.7795445186599
   25.0      -0.7692365335334
   26.0      -0.7589759248824
   27.0      -0.7487615057307
   28.0      -0.7385921421613
   29.0      -0.7284667499813
   30.0      -0.7183842916070
   31.0      -0.7083437731818
   32.0      -0.6983442418781
   33.0      -0.6883847833623
   34.0      -0.6784645198830
   35.0      -0.6685826084417
   36.0      -0.6587382382975
   37.0      -0.6489306288885
   38.0      -0.6391590289827
   39.0      -0.6294227154566
   40.0      -0.6197209904387
# T= 2500.000000 K
    0.0      -1.0562847980520
    1.0      -1.0441687098179
    2.0      -1.0321686690282
    3.0      -1.0202787218539
    4.0      -1.0084934483070
    5.0      -0.9968078955635
    6.0      -0.9852175217317
    7.0      -0.9737181481040
    8.0      -0.9623059184062
    9.0      -0.9509772642968
   10.0      -0.9397288746998
   11.0      -0.9285576698693
   12.0      -0.9174607789879
   13.0      -0.9064355197138
   14.0      -0.8954793809527
   15.0      -0.8845900078053
   16.0      -0.8737651871071
   17.0      -0.8630028358251
   18.0      -0.8523009904332
   19.0      -0.8416577968794
   20.0      -0.8310715019916
   21.0      -0.8205404457509
   22.0      -0.8100630542918
   23.0      -0.7996378335610
   24.0      -0.7892633635708
   25.0      -0.7789382931843
   26.0      -0.7686613353777
   27.0      -0.7584312629250
   28.0      -0.7482469044553
   29.0      -0.7381071408366
   30.0      -0.7280109018431
   31.0      -0.7179571630636
   32.0      -0.7079449430435
   33.0      -0.6979733009965
   34.0      -0.6880413344544
   35.0      -0.6781481767494
   36.0      -0.6682929947559
   37.0      -0.6584749873119
   38.0      -0.6486933842278
   39.0      -0.6389474435531
   40.0      -0.6292364496959
# T= 2600.000000 K
    0.0      -1.0670270370848
    1.0      -1.0548432457845
    2.0      -1.0427803378571
    3.0      -1.0308318700960
    4.0      -1.0189919989959
    5.0      -1.0072554028451
    6.0      -0.9956172167930
    7.0      -0.9840729780452
    8.0      -0.9726185792696
    9.0      -0.9612502290538
   10.0      -0.9499644180147
   11.0      -0.9387578886460
   12.0      -0.9276276108676
   13.0      -0.9165707586842
   14.0      -0.9055846918920
   15.0      -0.8946669376515
   16.0      -0.8838151766293
   17.0      -0.8730272290468
   18.0      -0.8623010426287
   19.0      -0.8516346822725
   20.0      -0.8410263207374
   21.0      -0.8304742299678
   22.0      -0.8199767734398
   23.0      -0.8095323993177
   24.0      -0.7991396342500
   25.0      -0.7887970777412
   26.0      -0.7785033970390
   27.0      -0.7682573224797
   28.0      -0.7580576432390
   29.0      -0.7479032034400
   30.0      -0.7377928985704
   31.0      -0.7277256722710
   32.0      -0.7177005135079
   33.0      -0.7077164537126
   34.0      -0.6977725641402
   35.0      -0.6878679533763
   36.0      -0.6780017652779
   37.0      -0.6681731776907
   38.0      -0.6583813998727
   39.0      -0.6486256702675
   40.0      -0.6389052557219
# T= 2700.000000 K
    0.0      -1.0779557704287
    1.0      -1.0657005407280
    2.0      -1.0535714622014
    3.0      -1.0415615392814
    4.0      -1.0296644529846
    5.0      -1.0178744697924
    6.0      -1.0061863659903
    7.0      -0.9945953644612
    8.0      -0.9830970812892
    9.0      -0.9716874803662
   10.0      -0.9603628350344
   11.0      -0.9491196945794
   12.0      -0.9379548551774
   13.0      -0.9268653360408
   14.0      -0.9158483562469
   15.0      -0.9049013171412
   16.0      -0.8940217846810
   17.0      -0.8832074746891
   18.0      -0.8724562404946
   19.0      -0.8617660607175
   20.0      -0.8511350289241
   21.0      -0.8405613444743
   22.0      -0.8300433042457
   23.0      -0.8195792951546
   24.0      -0.8091677873800
   25.0      -0.7988073282506
   26.0      -0.7884965367279
   27.0      -0.7782340983874
   28.0      -0.7680187608474
   29.0      -0.7578493296322
   30.0      -0.7477246643863
   31.0      -0.7376436753915
   32.0      -0.7276053203505
   33.0      -0.7176086013961
   34.0      -0.7076525622856
   35.0      -0.6977362859893
   36.0      -0.6878588929001
   37.0      -0.6780195382385
   38.0      -0.6682174097160
   39.0      -0.6584517258575
   40.0      -0.6487217354893
# T= 2800.000000 K
    0.0      -1.0890684622919
    1.0      -1.0767376901822
    2.0      -1.0645388276736
    3.0      -1.0524642530591
    4.0      -1.0405071111370
    5.0      -1.0286612066486
    6.0      -1.0169209156617
    7.0      -1.0052811121221
    8.0      -0.9937371063544
    9.0      -0.9822845930536
   10.0      -0.9709196072046
   11.0      -0.9596384866601
   12.0      -0.9484378391059
   13.0      -0.9373145145732
   14.0      -0.9262655809833
   15.0      -0.9152883029029
   16.0      -0.9043801227000
   17.0      -0.8935386449972
   18.0      -0.8827616212590
   19.0      -0.8720469373966
   20.0      -0.8613926027410
   21.0      -0.8507967395273
   22.0      -0.8402575738191
   23.0      -0.8297734274280
   24.0      -0.8193427106072
   25.0      -0.8089639154437
   26.0      -0.7986356098788
   27.0      -0.7883564322905
   28.0      -0.7781250865761
   29.0      -0.7679403376777
   30.0      -0.7578010074962
   31.0      -0.7477059711443
   32.0      -0.7376541534911
   33.0      -0.7276445259593
   34.0      -0.7176761037896
   35.0      -0.7077479436071
   36.0      -0.6978591406826
   37.0      -0.6880088264645
   38.0      -0.6781961664045
   39.0      -0.6684203590141
   40.0      -0.6586806334927
# T= 2900.000000 K
    0.0      -1.1003632754743
    1.0      -1.0879524299529
    2.0      -1.0756798143453
    3.0      -1.0635370920750
    4.0      -1.0515168009343
    5.0      -1.0396122254177
    6.0      -1.0278172933740
    7.0      -1.0161264899629
    8.0      -1.0045347863690
    9.0      -0.9930375799903
   10.0      -0.9816306438246
   11.0      -0.9703100837495
   12.0      -0.9590723017846
   13.0      -0.9479139638738
   14.0      -0.9368319737563
   15.0      -0.9258234478311
   16.0      -0.9148856959459
   17.0      -0.9040162017434
   18.0      -0.8932126078466
   19.0      -0.8824727014166
   20.0      -0.8717944012981
   21.0      -0.8611757471343
   22.0      -0.8506148896018
   23.0      -0.8401100814302
   24.0      -0.8296596693417
   25.0      -0.8192620869098
   26.0      -0.8089158481023
   27.0      -0.7986195414299
   28.0      -0.7883718246385
   29.0      -0.7781714198818
   30.0      -0.7680171093166
   31.0      -0.7579077310698
   32.0      -0.7478421755787
   33.0      -0.7378193823864
   34.0      -0.7278383370118
   35.0      -0.7178980680309
   36.0      -0.7079976443463
   37.0      -0.6981361726748
   38.0      -0.6883127960123
   39.0      -0.6785266913975
   40.0      -0.6687770673000
# T= 3000.000000 K
    0.0      -1.1118390678316
    1.0      -1.0993431283749
    2.0      -1.0869923846692
    3.0      -1.0747776804941
    4.0      -1.0626908616733
    5.0      -1.0507246244564
    6.0      -1.0388723922689
    7.0      -1.0271282153809
    8.0      -1.0154866874929
    9.0      -1.0039428765554
   10.0      -0.9924922666219
   11.0      -0.9811307086913
   12.0      -0.9698543792319
   13.0      -0.9586597440422
   14.0      -0.9475435273572
   15.0      -0.9365026860720
   16.0      -0.9255343853279
   17.0      -0.9146359795370
   18.0      -0.9038049940024
   19.0      -0.8930391090723
   20.0      -0.8823361471729
   21.0      -0.8716940600838
   22.0      -0.8611109179815
   23.0      -0.8505848998557
   24.0      -0.8401142848602
   25.0      -0.8296974445080
   26.0      -0.8193328356301
   27.0      -0.8090189940179
   28.0      -0.7987545286820
   29.0      -0.7885381166534
   30.0      -0.7783684982697
   31.0      -0.7682444728850
   32.0      -0.7581648949497
   33.0      -0.7481286704081
   34.0      -0.7381347533696
   35.0      -0.7281821430061
   36.0      -0.7182698807067
   37.0      -0.7083970480048
   38.0      -0.6985627640954
   39.0      -0.6887661831967
   40.0      -0.6790064923113
# T= 3100.000000 K
    0.0      -1.1234954342101
    1.0      -1.1109088086127
    2.0      -1.0984750924340
    3.0      -1.0861841826400
    4.0      -1.0740271325565
    5.0      -1.0619959691101
    6.0      -1.0500835458938
    7.0      -1.0382834243731
    8.0      -1.0265897764728
    9.0      -1.0149973038068
   10.0      -1.0035011705513
   11.0      -0.9920969469452
   12.0      -0.9807805616604
   13.0      -0.9695482613497
   14.0      -0.9583965752278
   15.0      -0.9473222858066
   16.0      -0.9363224025256
   17.0      -0.9253941394965
   18.0      -0.9145348952132
   19.0      -0.9037422363169
   20.0      -0.8930138813177
   21.0      -0.8823476874425
   22.0      -0.8717416390903
   23.0      -0.8611938369016
   24.0      -0.8507024881974
   25.0      -0.8402658985453
   26.0      -0.8298824641473
   27.0      -0.8195506649689
   28.0      -0.8092690585298
   29.0      -0.7990362742870
   30.0      -0.7888510085413
   31.0      -0.7787120198067
   32.0      -0.7686181245838
   33.0      -0.7585681934825
   34.0      -0.7485611476460
   35.0      -0.7385959555395
   36.0      -0.7286716302976
   37.0      -0.7187872268134
   38.0      -0.7089418390159
   39.0      -0.6991345973385
   40.0      -0.6893646671592
# T= 3200.000000 K
    0.0      -1.1353327556580
    1.0      -1.1226491797158
    2.0      -1.1101270991347
    3.0      -1.0977553098922
    4.0      -1.0855239515456
    5.0      -1.0734242850376
    6.0      -1.0614485168529
    7.0      -1.0495896567212
    8.0      -1.0378414031173
    9.0      -1.0261980487597
   10.0      -1.0146544024590
   11.0      -1.0032057239969
   12.0      -0.9918476692863
   13.0      -0.9805762442567
   14.0      -0.9693877652625
   15.0      -0.9582788246787
   16.0      -0.9472462629624
   17.0      -0.9362871418435
   18.0      -0.9253987240041
   19.0      -0.9145784522864
   20.0      -0.9038239339111
   21.0      -0.8931329254568
   22.0      -0.8825033192686
   23.0      -0.8719331320270
   24.0      -0.8614204945001
   25.0      -0.8509636422446
   26.0      -0.8405609071765
   27.0      -0.8302107101275
   28.0      -0.8199115541362
   29.0      -0.8096620183795
   30.0      -0.7994607526726
   31.0      -0.7893064724715
   32.0      -0.7791979543172
   33.0      -0.7691340316846
   34.0      -0.7591135913243
   35.0      -0.7491355698167
   36.0      -0.7391989503363
   37.0      -0.7293027596489
   38.0      -0.7194460652801
   39.0      -0.7096279733602
   40.0      -0.6998476268349
# T= 3300.000000 K
    0.0      -1.1473522375019
    1.0      -1.1345646699996
    2.0      -1.1219481962440
    3.0      -1.1094903344662
    4.0      -1.0971801632894
    5.0      -1.0850080623534
    6.0      -1.0729654982995
    7.0      -1.0610448554113
    8.0      -1.0492392982956
    9.0      -1.0375426613164
   10.0      -1.0259493570677
   11.0      -1.0144543007819
   12.0      -1.0030528471740
   13.0      -0.9917407373097
   14.0      -0.9805140538737
   15.0      -0.9693691823883
   16.0      -0.9583027782790
   17.0      -0.9473117392546
   18.0      -0.9363931795219
   19.0      -0.9255444095169
   20.0      -0.9147629166562
   21.0      -0.9040463485201
   22.0      -0.8933924992005
   23.0      -0.8827992960577
   24.0      -0.8722647881867
   25.0      -0.8617871364008
   26.0      -0.8513646042111
   27.0      -0.8409955497031
   28.0      -0.8306784182214
   29.0      -0.8204117357772
   30.0      -0.8101941031015
   31.0      -0.8000241902696
   32.0      -0.7899007318308
   33.0      -0.7798225223771
   34.0      -0.7697884124957
   35.0      -0.7597973050476
   36.0      -0.7498481517242
   37.0      -0.7399399498408
   38.0      -0.7300717397251
   39.0      -0.7202426024024
   40.0      -0.7104516566838
# T= 3400.000000 K
    0.0      -1.1595558728478
    1.0      -1.1466565201097
    2.0      -1.1339388680486
    3.0      -1.1213891300607
    4.0      -1.1089951431585
    5.0      -1.0967462652400
    6.0      -1.0846331132116
    7.0      -1.0726473573161
    8.0      -1.0607815577486
    9.0      -1.0490290325874
   10.0      -1.0373837508418
   11.0      -1.0258402439697
   12.0      -1.0143935327629
   13.0      -1.0030390661301
   14.0      -0.9917726697103
   15.0      -0.9805905023489
   16.0      -0.9694890182122
   17.0      -0.9584649355743
   18.0      -0.9475152086977
   19.0      -0.9366370043223
   20.0      -0.9258276801200
   21.0      -0.9150847676171
   22.0      -0.9044059550885
   23.0      -0.8937890737002
   24.0      -0.8832320853970
   25.0      -0.8727330715543
   26.0      -0.8622902229614
   27.0      -0.8519018310346
   28.0      -0.8415662799051
   29.0      -0.8312820392880
   30.0      -0.8210476580497
   31.0      -0.8108617583962
   32.0      -0.8007230306086
   33.0      -0.7906302282609
   34.0      -0.7805821638546
   35.0      -0.7705777048152
   36.0      -0.7606157698227
   37.0      -0.7506953257423
   38.0      -0.7408153846061
   39.0      -0.7309750005853
   40.0      -0.7211732672176
# T= 3500.000000 K
    0.0      -1.1719463008254
    1.0      -1.1589267669317
    2.0      -1.1461003120511
    3.0      -1.1334521835368
    4.0      -1.1209688035851
    5.0      -1.1086383373204
    6.0      -1.0964504182561
    7.0      -1.0843958976300
    8.0      -1.0724666470890
    9.0      -1.0606554008751
   10.0      -1.0489556290522
   11.0      -1.0373614339913
   12.0      -1.0258674649666
   13.0      -1.0144688474312
   14.0      -1.0031611237381
   15.0      -0.9919402034748
   16.0      -0.9808023210036
   17.0      -0.9697439987271
   18.0      -0.9587620172961
   19.0      -0.9478533871789
   20.0      -0.9370153271232
   21.0      -0.9262452422434
   22.0      -0.9155407073416
   23.0      -0.9048994511883
   24.0      -0.8943193422643
   25.0      -0.8837983767924
   26.0      -0.8733346680148
   27.0      -0.8629264365398
   28.0      -0.8525720015816
   29.0      -0.8422697732172
   30.0      -0.8320182454320
   31.0      -0.8218159898382
   32.0      -0.8116616499884
   33.0      -0.8015539362131
   34.0      -0.7914916209218
   35.0      -0.7814735344151
   36.0      -0.7714985610616
   37.0      -0.7615656357011
   38.0      -0.7516737403273
   39.0      -0.7418219009771
   40.0      -0.7320091849451
# T= 3600.000000 K
    0.0      -1.1845269328059
    1.0      -1.1713782171118
    2.0      -1.1584345874633
    3.0      -1.1456807031425
    4.0      -1.1331016697804
    5.0      -1.1206842504615
    6.0      -1.1084169327547
    7.0      -1.0962896220401
    8.0      -1.0842934008156
    9.0      -1.0724203396049
   10.0      -1.0606633447512
   11.0      -1.0490160366474
   12.0      -1.0374726496403
   13.0      -1.0260279496706
   14.0      -1.0146771658632
   15.0      -1.0034159332161
   16.0      -0.9922402445379
   17.0      -0.9811464089840
   18.0      -0.9701310168931
   19.0      -0.9591909104689
   20.0      -0.9483231564290
   21.0      -0.9375250246111
   22.0      -0.9267939676679
   23.0      -0.9161276034135
   24.0      -0.9055237004639
   25.0      -0.8949801644218
   26.0      -0.8844950258205
   27.0      -0.8740664296772
   28.0      -0.8636926261059
   29.0      -0.8533719618815
   30.0      -0.8431028728567
   31.0      -0.8328838771417
   32.0      -0.8227135689594
   33.0      -0.8125906130989
   34.0      -0.8025137398939
   35.0      -0.7924817406561
   36.0      -0.7824934635023
   37.0      -0.7725478095167
   38.0      -0.7626437291933
   39.0      -0.7527802192442
   40.0      -0.7429563201923
# T= 3700.000000 K
    0.0      -1.1973018794478
    1.0      -1.1840143430761
    2.0      -1.1709445433875
    3.0      -1.1580766523549
    4.0      -1.1453949025607
    5.0      -1.1328845224924
    6.0      -1.1205326533132
    7.0      -1.1083281001029
    8.0      -1.0962610361057
    9.0      -1.0843227720618
   10.0      -1.0725055746362
   11.0      -1.0608025202908
   12.0      -1.0492073779971
   13.0      -1.0377145126466
   14.0      -1.0263188056421
   15.0      -1.0150155887506
   16.0      -1.0038005887830
   17.0      -0.9926698809790
   18.0      -0.9816198485756
   19.0      -0.9706471494915
   20.0      -0.9597486866526
   21.0      -0.9489215829671
   22.0      -0.9381631587363
   23.0      -0.9274709135987
   24.0      -0.9168425086212
   25.0      -0.9062757517905
   26.0      -0.8957685853236
   27.0      -0.8853190738714
   28.0      -0.8749253940857
   29.0      -0.8645858254878
   30.0      -0.8542987422608
   31.0      -0.8440626058679
   32.0      -0.8338759584025
   33.0      -0.8237374165891
   34.0      -0.8136456663540
   35.0      -0.8035994578957
   36.0      -0.7935976011865
   37.0      -0.7836389618449
   38.0      -0.7737224575116
   39.0      -0.7638470546791
   40.0      -0.7540117653686
# T= 3800.000000 K
    0.0      -1.2102760409179
    1.0      -1.1968393585059
    2.0      -1.1836337430518
    3.0      -1.1706428645306
    4.0      -1.1578503931638
    5.0      -1.1452402829408
    6.0      -1.1327980982365
    7.0      -1.1205113542623
    8.0      -1.1083691683365
    9.0      -1.0963619773343
   10.0      -1.0844813170634
   11.0      -1.0727196475794
   12.0      -1.0610702133562
   13.0      -1.0495269301003
   14.0      -1.0380842917558
   15.0      -1.0267372939183
   16.0      -1.0154813699255
   17.0      -1.0043123375137
   18.0      -0.9932263534937
   19.0      -0.9822198745529
   20.0      -0.9712896255840
   21.0      -0.9604325697019
   22.0      -0.9496458853873
   23.0      -0.9389269434721
   24.0      -0.9282732896587
   25.0      -0.9176826279743
   26.0      -0.9071528059236
   27.0      -0.8966818019949
   28.0      -0.8862677144780
   29.0      -0.8759087514358
   30.0      -0.8656032216354
   31.0      -0.8553495265189
   32.0      -0.8451461530108
   33.0      -0.8349916670310
   34.0      -0.8248847076280
   35.0      -0.8148239816582
   36.0      -0.8048082589971
   37.0      -0.7948363682536
   38.0      -0.7849071927674
   39.0      -0.7750196669274
   40.0      -0.7651727727474
# T= 3900.000000 K
    0.0      -1.2234551740868
    1.0      -1.2098582766149
    2.0      -1.1965064953496
    3.0      -1.1833829782048
    4.0      -1.1704708730941
    5.0      -1.1577533506628
    6.0      -1.1452143620364
    7.0      -1.1328398966069
    8.0      -1.1206178365237
    9.0      -1.1085376058909
   10.0      -1.0965899007865
   11.0      -1.0847664786346
   12.0      -1.0730599901139
   13.0      -1.0614638454225
   14.0      -1.0499721050707
   15.0      -1.0385793904712
   16.0      -1.0272808100596
   17.0      -1.0160718976231
   18.0      -1.0049485608520
   19.0      -0.9939070371846
   20.0      -0.9829438562320
   21.0      -0.9720558089229
   22.0      -0.9612399184086
   23.0      -0.9504934177246
   24.0      -0.9398137282406
   25.0      -0.9291984413177
   26.0      -0.9186453032326
   27.0      -0.9081522007336
   28.0      -0.8977171485217
   29.0      -0.8873382783820
   30.0      -0.8770138294383
   31.0      -0.8667421394125
   32.0      -0.8565216367848
   33.0      -0.8463508337528
   34.0      -0.8362283198989
   35.0      -0.8261527564806
   36.0      -0.8161228712635
   37.0      -0.8061374538257
   38.0      -0.7961953512633
   39.0      -0.7862954642373
   40.0      -0.7764367433187
# T= 4000.000000 K
    0.0      -1.2368457674664
    1.0      -1.2230768145701
    2.0      -1.2095677844361
    3.0      -1.1963012820980
    4.0      -1.1832599125888
    5.0      -1.1704262809419
    6.0      -1.1577831504303
    7.0      -1.1453147577761
    8.0      -1.1330075279784
    9.0      -1.1208497029891
   10.0      -1.1088310082759
   11.0      -1.0969423949497
   12.0      -1.0851758383706
   13.0      -1.0735241771700
   14.0      -1.0619809849262
   15.0      -1.0505404650421
   16.0      -1.0391973648044
   17.0      -1.0279469041272
   18.0      -1.0167847161360
   19.0      -1.0057067974662
   20.0      -0.9947094652507
   21.0      -0.9837893215232
   22.0      -0.9729432222375
   23.0      -0.9621682504471
   24.0      -0.9514616929307
   25.0      -0.9408210209968
   26.0      -0.9302438718236
   27.0      -0.9197280333512
   28.0      -0.9092714310186
   29.0      -0.8988721154870
   30.0      -0.8885282518344
   31.0      -0.8782381100895
   32.0      -0.8680000567402
   33.0      -0.8578125471084
   34.0      -0.8476741184943
   35.0      -0.8375833839970
   36.0      -0.8275390269286
   37.0      -0.8175397957434
   38.0      -0.8075844994094
   39.0      -0.7976720032076
   40.0      -0.7878012251914
# T= 4100.000000 K
    0.0      -1.2504554484140
    1.0      -1.2365017298921
    2.0      -1.2228235443024
    3.0      -1.2094029317307
    4.0      -1.1962219322625
    5.0      -1.1832625859836
    6.0      -1.1705069384201
    7.0      -1.1579375942794
    8.0      -1.1455392469916
    9.0      -1.1332987469429
   10.0      -1.1212046885560
   11.0      -1.1092470927716
   12.0      -1.0974171612980
   13.0      -1.0857070835923
   14.0      -1.0741098833486
   15.0      -1.0626192949883
   16.0      -1.0512296627692
   17.0      -1.0399358581286
   18.0      -1.0287332109949
   19.0      -1.0176174526288
   20.0      -1.0065846674916
   21.0      -0.9956312514971
   22.0      -0.9847538783649
   23.0      -0.9739494682794
   24.0      -0.9632151635225
   25.0      -0.9525483044613
   26.0      -0.9419464113337
   27.0      -0.9314071667592
   28.0      -0.9209284003928
   29.0      -0.9105080759188
   30.0      -0.9001442794221
   31.0      -0.8898352089850
   32.0      -0.8795791653190
   33.0      -0.8693745434701
   34.0      -0.8592198253988
   35.0      -0.8491135732952
   36.0      -0.8390544235419
   37.0      -0.8290410812570
   38.0      -0.8190723154366
   39.0      -0.8091469544969
   40.0      -0.7992638821708
# T= 4200.000000 K
    0.0      -1.2642925086974
    1.0      -1.2501404389240
    2.0      -1.2362803577884
    3.0      -1.2226937176047
    4.0      -1.2093619706876
    5.0      -1.1962665693509
    6.0      -1.1833889659088
    7.0      -1.1707106888820
    8.0      -1.1582145236788
    9.0      -1.1458856677993
   10.0      -1.1337113878513
   11.0      -1.1216806234321
   12.0      -1.1097836851465
   13.0      -1.0980120208266
   14.0      -1.0863580304426
   15.0      -1.0748149198094
   16.0      -1.0633765817237
   17.0      -1.0520374992874
   18.0      -1.0407926663844
   19.0      -1.0296375215212
   20.0      -1.0185678928971
   21.0      -1.0075799516547
   22.0      -0.9966701717193
   23.0      -0.9858352975050
   24.0      -0.9750723130316
   25.0      -0.9643784187339
   26.0      -0.9537510085378
   27.0      -0.9431876509862
   28.0      -0.9326860734197
   29.0      -0.9222441468698
   30.0      -0.9118598731394
   31.0      -0.9015313735240
   32.0      -0.8912568787179
   33.0      -0.8810347197833
   34.0      -0.8708633200635
   35.0      -0.8607411879346
   36.0      -0.8506669102960
   37.0      -0.8406391467057
   38.0      -0.8306566240779
   39.0      -0.8207181318619
   40.0      -0.8108225176321
# T= 4300.000000 K
    0.0      -1.2783666065534
    1.0      -1.2640016006250
    2.0      -1.2499459366846
    3.0      -1.2361804550843
    4.0      -1.2226859961745
    5.0      -1.2094434003057
    6.0      -1.1964335078288
    7.0      -1.1836371594421
    8.0      -1.1710355555318
    9.0      -1.1586119367874
   10.0      -1.1463519964437
   11.0      -1.1342434072506
   12.0      -1.1222754464821
   13.0      -1.1104387086267
   14.0      -1.0987248826415
   15.0      -1.0871265753831
   16.0      -1.0756371715895
   17.0      -1.0642507198634
   18.0      -1.0529618400098
   19.0      -1.0417656465407
   20.0      -1.0306576850302
   21.0      -1.0196338793124
   22.0      -1.0086904859734
   23.0      -0.9978240562343
   24.0      -0.9870314039583
   25.0      -0.9763095767598
   26.0      -0.9656558321452
   27.0      -0.9550676169605
   28.0      -0.9445425481029
   29.0      -0.9340783968490
   30.0      -0.9236730750192
   31.0      -0.9133246222032
   32.0      -0.9030311946287
   33.0      -0.8927910553733
   34.0      -0.8826025656017
   35.0      -0.8724641767105
   36.0      -0.8623744232764
   37.0      -0.8523319167083
   38.0      -0.8423353395123
   39.0      -0.8323834400871
   40.0      -0.8224750279741
# T= 4400.000000 K
    0.0      -1.2926883657030
    1.0      -1.2780947960604
    2.0      -1.2638288710212
    3.0      -1.2498707936306
    4.0      -1.2362007669300
    5.0      -1.2227989939631
    6.0      -1.2096456777731
    7.0      -1.1967210214031
    8.0      -1.1840052571897
    9.0      -1.1714796116079
   10.0      -1.1591278949035
   11.0      -1.1469362827169
   12.0      -1.1348928442790
   13.0      -1.1229871868326
   14.0      -1.1112101829292
   15.0      -1.0995537577004
   16.0      -1.0880107211553
   17.0      -1.0765746337003
   18.0      -1.0652396971513
   19.0      -1.0540006658332
   20.0      -1.0428527730296
   21.0      -1.0317916698599
   22.0      -1.0208133744253
   23.0      -1.0099142275518
   24.0      -0.9990908569206
   25.0      -0.9883401447560
   26.0      -0.9776592016056
   27.0      -0.9670453415929
   28.0      -0.9564960634371
   29.0      -0.9460090319573
   30.0      -0.9355820623277
   31.0      -0.9252131065667
   32.0      -0.9149002414788
   33.0      -0.9046416578848
   34.0      -0.8944356509666
   35.0      -0.8842806117300
   36.0      -0.8741750193681
   37.0      -0.8641174343922
   38.0      -0.8541064924331
   39.0      -0.8441408986908
   40.0      -0.8342194229539
# T= 4500.000000 K
    0.0      -1.3072693632182
    1.0      -1.2924305199640
    2.0      -1.2779386240551
    3.0      -1.2637732149132
    4.0      -1.2499138319660
    5.0      -1.2363400146389
    6.0      -1.2230313023565
    7.0      -1.2099672345441
    8.0      -1.1971273506268
    9.0      -1.1844913940906
   10.0      -1.1720409894722
   11.0      -1.1597605264729
   12.0      -1.1476366508524
   13.0      -1.1356578186330
   14.0      -1.1238139594102
   15.0      -1.1120962178878
   16.0      -1.1004967507696
   17.0      -1.0890085673585
   18.0      -1.0776254005783
   19.0      -1.0663416028822
   20.0      -1.0551520609466
   21.0      -1.0440521249867
   22.0      -1.0330375501613
   23.0      -1.0221044474410
   24.0      -1.0112492408015
   25.0      -1.0004686333358
   26.0      -0.9897595748874
   27.0      -0.9791192378231
   28.0      -0.9685449927925
   29.0      -0.9580343894594
   30.0      -0.9475851398500
   31.0      -0.9371951026214
   32.0      -0.9268622697909
   33.0      -0.9165847550579
   34.0      -0.9063607833788
   35.0      -0.8961886816595
   36.0      -0.8860668704385
   37.0      -0.8759938564445
   38.0      -0.8659682259219
   39.0      -0.8559886386233
   40.0      -0.8460538223793
# T= 4600.000000 K
    0.0      -1.3221228976533
    1.0      -1.3070208360423
    2.0      -1.2922860871549
    3.0      -1.2778974989114
    4.0      -1.2638339192290
    5.0      -1.2500741960223
    6.0      -1.2365971772080
    7.0      -1.2233817107027
    8.0      -1.2104066444228
    9.0      -1.1976508336655
   10.0      -1.1850938555330
   11.0      -1.1727179515670
   12.0      -1.1605080738631
   13.0      -1.1484513250168
   14.0      -1.1365365380094
   15.0      -1.1247539573228
   16.0      -1.1130949933868
   17.0      -1.1015520298724
   18.0      -1.0901182712666
   19.0      -1.0787876197860
   20.0      -1.0675545758264
   21.0      -1.0564141561458
   22.0      -1.0453618259725
   23.0      -1.0343934429205
   24.0      -1.0235052093175
   25.0      -1.0126936312933
   26.0      -1.0019554859722
   27.0      -0.9912877904043
   28.0      -0.9806877774597
   29.0      -0.9701528736840
   30.0      -0.9596806795823
   31.0      -0.9492689533997
   32.0      -0.9389155966859
   33.0      -0.9286186410504
   34.0      -0.9183762367431
   35.0      -0.9081866425604
   36.0      -0.8980482168259
   37.0      -0.8879594093208
   38.0      -0.8779187540498
   39.0      -0.8679248627358
   40.0      -0.8579764189468
# T= 4700.000000 K
    0.0      -1.3372635341093
    1.0      -1.3218790063618
    2.0      -1.3068832830879
    3.0      -1.2922544913389
    4.0      -1.2779707581643
    5.0      -1.2640102106132
    6.0      -1.2503509757346
    7.0      -1.2369711805785
    8.0      -1.2238489521942
    9.0      -1.2109624176309
   10.0      -1.1982898046637
   11.0      -1.1858109623079
   12.0      -1.1735088061810
   13.0      -1.1613688332015
   14.0      -1.1493785901260
   15.0      -1.1375272768902
   16.0      -1.1258054452532
   17.0      -1.1142047651506
   18.0      -1.1027178423511
   19.0      -1.0913380724375
   20.0      -1.0800595236416
   21.0      -1.0688768415565
   22.0      -1.0577851707045
   23.0      -1.0467800893873
   24.0      -1.0358575560335
   25.0      -1.0250138627783
   26.0      -1.0142455969377
   27.0      -1.0035496082358
   28.0      -0.9929229803109
   29.0      -0.9823630056609
   30.0      -0.9718671656824
   31.0      -0.9614331112490
   32.0      -0.9510586466379
   33.0      -0.9407417155227
   34.0      -0.9304803885062
   35.0      -0.9202728519941
   36.0      -0.9101173982779
   37.0      -0.9000124167747
   38.0      -0.8899563861904
   39.0      -0.8799478674770
   40.0      -0.8699854974966
# T= 4800.000000 K
    0.0      -1.3527066215497
    1.0      -1.3370190864598
    2.0      -1.3217430305115
    3.0      -1.3068558296536
    4.0      -1.2923348598323
    5.0      -1.2781574969954
    6.0      -1.2643011170873
    7.0      -1.2507430960551
    8.0      -1.2374608098451
    9.0      -1.2244316344034
   10.0      -1.2116329462727
   11.0      -1.1990425949110
   12.0      -1.1866410548450
   13.0      -1.1744118992991
   14.0      -1.1623411540680
   15.0      -1.1504167976313
   16.0      -1.1386283872904
   17.0      -1.1269667744724
   18.0      -1.1154238829912
   19.0      -1.1039925357795
   20.0      -1.0926663156644
   21.0      -1.0814394537088
   22.0      -1.0703067380421
   23.0      -1.0592634386966
   24.0      -1.0483052451938
   25.0      -1.0374282151390
   26.0      -1.0266287290441
   27.0      -1.0159034543229
   28.0      -1.0052493121684
   29.0      -0.9946634517147
   30.0      -0.9841432248608
   31.0      -0.9736861666483
   32.0      -0.9632899776151
   33.0      -0.9529525075994
   34.0      -0.9426717421231
   35.0      -0.9324457903350
   36.0      -0.9222728742734
   37.0      -0.9121513193013
   38.0      -0.9020795455774
   39.0      -0.8920560604368
   40.0      -0.8820794515657
# T= 4900.000000 K
    0.0      -1.3684710466582
    1.0      -1.3524582789441
    2.0      -1.3368809395884
    3.0      -1.3217156203968
    4.0      -1.3069389131622
    5.0      -1.2925274096842
    6.0      -1.2784577017640
    7.0      -1.2647063811982
    8.0      -1.2512500397862
    9.0      -1.2380652693261
   10.0      -1.2251286616168
   11.0      -1.2124168487071
   12.0      -1.1999077632618
   13.0      -1.1875826457745
   14.0      -1.1754257042684
   15.0      -1.1634234757096
   16.0      -1.1515643571931
   17.0      -1.1398382535070
   18.0      -1.1282363074293
   19.0      -1.1167506905198
   20.0      -1.1053744375733
   21.0      -1.0941013144940
   22.0      -1.0829257116959
   23.0      -1.0718425569342
   24.0      -1.0608472432784
   25.0      -1.0499355694553
   26.0      -1.0391036903877
   27.0      -1.0283480735180
   28.0      -1.0176654648876
   29.0      -1.0070528563278
   30.0      -0.9965074609898
   31.0      -0.9860266895360
   32.0      -0.9756081302062
   33.0      -0.9652495320570
   34.0      -0.9549487898508
   35.0      -0.9447039304464
   36.0      -0.9345131011045
   37.0      -0.9243745591069
   38.0      -0.9142866624999
   39.0      -0.9042478618272
   40.0      -0.8942566927298
# T= 5000.000000 K
    0.0      -1.3838029143362
    1.0      -1.3675514905162
    2.0      -1.3517495722949
    3.0      -1.3363735645191
    4.0      -1.3213998720323
    5.0      -1.3068048996860
    6.0      -1.2925650523292
    7.0      -1.2786567348100
    8.0      -1.2650563519771
    9.0      -1.2517403086793
   10.0      -1.2386850097651
   11.0      -1.2258668601342
   12.0      -1.2132626543003
   13.0      -1.2008518035669
   14.0      -1.1886170520201
   15.0      -1.1765437828313
   16.0      -1.1646194682175
   17.0      -1.1528332607969
   18.0      -1.1411756843143
   19.0      -1.1296383945130
   20.0      -1.1182139926166
   21.0      -1.1068958765384
   22.0      -1.0956781219190
   23.0      -1.0845553852995
   24.0      -1.0735228246915
   25.0      -1.0625760335640
   26.0      -1.0517109862951
   27.0      -1.0409239922963
   28.0      -1.0302116558402
   29.0      -1.0195708443855
   30.0      -1.0089986586776
   31.0      -0.9984924085635
   32.0      -0.9880495923877
   33.0      -0.9776678775619
   34.0      -0.9673450845783
   35.0      -0.9570791729278
   36.0      -0.9468682285864
   37.0      -0.9367104528707
   38.0      -0.9266041525345
   39.0      -0.9165477310075
   40.0      -0.9065396805562
# T= 5100.000000 K
    0.0      -1.3981550719045
    1.0      -1.3818231708565
    2.0      -1.3659384354419
    3.0      -1.3504779986636
    4.0      -1.3354189935151
    5.0      -1.3207385530013
    6.0      -1.3064138101165
    7.0      -1.2924218978632
    8.0      -1.2787399492403
    9.0      -1.2653450972472
   10.0      -1.2522144748837
   11.0      -1.2393252151493
   12.0      -1.2266545596247
   13.0      -1.2141814827571
   14.0      -1.2018882215724
   15.0      -1.1897597464530
   16.0      -1.1777831886404
   17.0      -1.1659474151297
   18.0      -1.1542427075224
   19.0      -1.1426605143822
   20.0      -1.1311932577567
   21.0      -1.1198341795142
   22.0      -1.1085772184021
   23.0      -1.0974169099910
   24.0      -1.0863483048010
   25.0      -1.0753669005758
   26.0      -1.0644685853376
   27.0      -1.0536495905584
   28.0      -1.0429064506475
   29.0      -1.0322359686116
   30.0      -1.0216351868112
   31.0      -1.0111013622484
   32.0      -1.0006319436082
   33.0      -0.9902245530131
   34.0      -0.9798769695215
   35.0      -0.9695871140839
   36.0      -0.9593530367876
   37.0      -0.9491729055464
   38.0      -0.9390449960211
   39.0      -0.9289676826290
   40.0      -0.9189394305145
# T= 5200.000000 K
    0.0      -1.4124507033384
    1.0      -1.3960604855315
    2.0      -1.3801129163217
    3.0      -1.3645859446988
    4.0      -1.3494575196203
    5.0      -1.3347055900521
    6.0      -1.3203081049659
    7.0      -1.3062430133273
    8.0      -1.2924882641044
    9.0      -1.2790218062651
   10.0      -1.2658215887773
   11.0      -1.2528655606085
   12.0      -1.2401316893013
   13.0      -1.2275989086351
   14.0      -1.2152490889542
   15.0      -1.2030668944295
   16.0      -1.1910391983749
   17.0      -1.1791546479691
   18.0      -1.1674033354484
   19.0      -1.1557765450214
   20.0      -1.1442665545851
   21.0      -1.1328664789994
   22.0      -1.1215701443254
   23.0      -1.1103719854808
   24.0      -1.0992669625376
   25.0      -1.0882504917093
   26.0      -1.0773183876553
   27.0      -1.0664668143423
   28.0      -1.0556922452138
   29.0      -1.0449914269779
   30.0      -1.0343613510233
   31.0      -1.0237992260860
   32.0      -1.0133024575415
   33.0      -1.0028686271194
   34.0      -0.9924954758564
   35.0      -0.9821808894822
   36.0      -0.9719228854279
   37.0      -0.9617196011129
   38.0      -0.9515692835940
   39.0      -0.9414702804397
   40.0      -0.9314210315637
# T= 5300.000000 K
    0.0      -1.4268660335583
    1.0      -1.4104146373284
    2.0      -1.3944017488261
    3.0      -1.3788060787961
    4.0      -1.3636063379718
    5.0      -1.3487812370954
    6.0      -1.3343094869056
    7.0      -1.3201697981392
    8.0      -1.3063408815327
    9.0      -1.2928014478246
   10.0      -1.2795302077528
   11.0      -1.2665058720552
   12.0      -1.2537071519366
   13.0      -1.2411131799357
   14.0      -1.2287054613127
   15.0      -1.2164683324270
   16.0      -1.2043883913000
   17.0      -1.1924540512524
   18.0      -1.1806552036414
   19.0      -1.1689829586611
   20.0      -1.1574294419848
   21.0      -1.1459876347094
   22.0      -1.1346512442737
   23.0      -1.1234145998980
   24.0      -1.1122725670314
   25.0      -1.1012204764559
   26.0      -1.0902540655900
   27.0      -1.0793694289388
   28.0      -1.0685629753581
   29.0      -1.0578313939886
   30.0      -1.0471716217115
   31.0      -1.0365808188428
   32.0      -1.0260563448930
   33.0      -1.0155957390752
   34.0      -1.0051967036751
   35.0      -0.9948570882591
   36.0      -0.9845748763186
   37.0      -0.9743481735516
   38.0      -0.9641751973970
   39.0      -0.9540542676883
   40.0      -0.9439837983006
# T= 5400.000000 K
    0.0      -1.4413861541698
    1.0      -1.4248726782598
    2.0      -1.4087937406534
    3.0      -1.3931287734881
    4.0      -1.3778572088859
    5.0      -1.3629584789878
    6.0      -1.3484120159313
    7.0      -1.3341972518468
    8.0      -1.3202936188713
    9.0      -1.3066805491395
   10.0      -1.2933374747855
   11.0      -1.2802438279443
   12.0      -1.2673790407507
   13.0      -1.2547226778937
   14.0      -1.2422559532216
   15.0      -1.2299628636803
   16.0      -1.2178297223453
   17.0      -1.2058447007507
   18.0      -1.1939974827742
   19.0      -1.1822789989470
   20.0      -1.1706812180091
   21.0      -1.1591969831738
   22.0      -1.1478198796475
   23.0      -1.1365441278110
   24.0      -1.1253644956897
   25.0      -1.1142762265294
   26.0      -1.1032749782645
   27.0      -1.0923567733231
   28.0      -1.0815179556061
   29.0      -1.0707551534425
   30.0      -1.0600652496366
   31.0      -1.0494453532741
   32.0      -1.0388927771604
   33.0      -1.0284050178985
   34.0      -1.0179797374102
   35.0      -1.0076147477903
   36.0      -0.9973079979157
   37.0      -0.9870575612214
   38.0      -0.9768616248872
   39.0      -0.9667184803599
   40.0      -0.9566265148674
# T= 5500.000000 K
    0.0      -1.4559681683622
    1.0      -1.4393970792298
    2.0      -1.4232562179886
    3.0      -1.4075257265531
    4.0      -1.3921857467963
    5.0      -1.3772164206155
    6.0      -1.3625978898958
    7.0      -1.3483102965241
    8.0      -1.3343337823924
    9.0      -1.3206484893880
   10.0      -1.3072345593988
   11.0      -1.2940721343134
   12.0      -1.2811413560204
   13.0      -1.2684223924469
   14.0      -1.2558963648631
   15.0      -1.2435469509868
   16.0      -1.2313601945991
   17.0      -1.2193240375192
   18.0      -1.2074279656381
   19.0      -1.1956627372933
   20.0      -1.1840201703676
   21.0      -1.1724929749407
   22.0      -1.1610746178973
   23.0      -1.1497592139717
   24.0      -1.1385414363232
   25.0      -1.1274164426551
   26.0      -1.1163798136122
   27.0      -1.1054275007926
   28.0      -1.0945557837754
   29.0      -1.0837612322452
   30.0      -1.0730406744343
   31.0      -1.0623911696191
   32.0      -1.0518099848677
   33.0      -1.0412945733812
   34.0      -1.0308425575694
   35.0      -1.0204517129082
   36.0      -1.0101199537443
   37.0      -0.9998453211665
   38.0      -0.9896259721569
   39.0      -0.9794601698835
   40.0      -0.9693462750121
# T= 5600.000000 K
    0.0      -1.4706549083694
    1.0      -1.4540248056919
    2.0      -1.4378208243711
    3.0      -1.4220237781324
    4.0      -1.4066144806925
    5.0      -1.3915737457812
    6.0      -1.3768823871104
    7.0      -1.3625212184048
    8.0      -1.3484710533858
    9.0      -1.3347127057735
   10.0      -1.3212269892895
   11.0      -1.3079947176548
   12.0      -1.2949967045905
   13.0      -1.2822137650985
   14.0      -1.2696271471281
   15.0      -1.2572202122063
   16.0      -1.2449787238975
   17.0      -1.2328903851927
   18.0      -1.2209444764438
   19.0      -1.2091315774011
   20.0      -1.1974433496879
   21.0      -1.1858723655240
   22.0      -1.1744119694408
   23.0      -1.1630561670311
   24.0      -1.1517995335107
   25.0      -1.1406371382284
   26.0      -1.1295644819021
   27.0      -1.1185774437667
   28.0      -1.1076722365863
   29.0      -1.0968453697580
   30.0      -1.0860936154356
   31.0      -1.0754139820195
   32.0      -1.0648036883844
   33.0      -1.0542601444939
   34.0      -1.0437809319258
   35.0      -1.0333637878360
   36.0      -1.0230065912114
   37.0      -1.0127073502648
   38.0      -1.0024641910881
   39.0      -0.9922753478229
   40.0      -0.9821391538592
# T= 5700.000000 K
    0.0      -1.4854067948227
    1.0      -1.4687213098123
    2.0      -1.4524576238291
    3.0      -1.4365972055084
    4.0      -1.4211215234486
    5.0      -1.4060120462800
    6.0      -1.3912502426115
    7.0      -1.3768175810583
    8.0      -1.3626955302371
    9.0      -1.3488655587632
   10.0      -1.3353091352525
   11.0      -1.3220077283211
   12.0      -1.3089428065844
   13.0      -1.2960958386579
   14.0      -1.2834484373820
   15.0      -1.2709837283499
   16.0      -1.2586872094563
   17.0      -1.2465463559391
   18.0      -1.2345502512664
   19.0      -1.2226893034401
   20.0      -1.2109550232715
   21.0      -1.1993398494387
   22.0      -1.1878370076482
   23.0      -1.1764403972441
   24.0      -1.1651444978430
   25.0      -1.1539442923794
   26.0      -1.1428352030492
   27.0      -1.1318130377397
   28.0      -1.1208739443198
   29.0      -1.1100143716467
   30.0      -1.0992310376188
   31.0      -1.0885208989769
   32.0      -1.0778811284959
   33.0      -1.0673090920864
   34.0      -1.0568023306189
   35.0      -1.0463585440102
   36.0      -1.0359755760719
   37.0      -1.0256514019022
   38.0      -1.0153841166798
   39.0      -1.0051719256134
   40.0      -0.9950131349267
# T= 5800.000000 K
    0.0      -1.5002713280228
    1.0      -1.4835278406181
    2.0      -1.4672021467914
    3.0      -1.4512763296425
    4.0      -1.4357324722591
    5.0      -1.4205526577182
    6.0      -1.4057189691130
    7.0      -1.3912134895265
    8.0      -1.3770183020461
    9.0      -1.3631154897575
   10.0      -1.3494871357479
   11.0      -1.3361153231030
   12.0      -1.3229821349093
   13.0      -1.3100696542530
   14.0      -1.2973599944066
   15.0      -1.2848361619203
   16.0      -1.2724833717157
   17.0      -1.2602888576410
   18.0      -1.2482414950080
   19.0      -1.2363315106857
   20.0      -1.2245502567333
   21.0      -1.2128900315252
   22.0      -1.2013439362296
   23.0      -1.1899057589093
   24.0      -1.1785698791896
   25.0      -1.1673311898462
   26.0      -1.1561850313762
   27.0      -1.1451271370732
   28.0      -1.1341535870477
   29.0      -1.1232607682486
   30.0      -1.1124453407845
   31.0      -1.1017042094561
   32.0      -1.0910344977662
   33.0      -1.0804335266126
   34.0      -1.0698987954467
   35.0      -1.0594279647362
   36.0      -1.0490188417876
   37.0      -1.0386693679371
   38.0      -1.0283776066267
   39.0      -1.0181417331894
   40.0      -1.0079600257399
# T= 5900.000000 K
    0.0      -1.5151889526878
    1.0      -1.4983920419209
    2.0      -1.4820086212230
    3.0      -1.4660213781071
    4.0      -1.4504130000287
    5.0      -1.4351661744824
    6.0      -1.4202635889405
    7.0      -1.4056879308854
    8.0      -1.3914218877985
    9.0      -1.3774481471567
   10.0      -1.3637493964425
   11.0      -1.3503083231356
   12.0      -1.3371076147157
   13.0      -1.3241299586632
   14.0      -1.3113580445178
   15.0      -1.2987749810154
   16.0      -1.2863657314639
   17.0      -1.2741173052697
   18.0      -1.2620183828794
   19.0      -1.2500590206349
   20.0      -1.2382304203554
   21.0      -1.2265247470203
   22.0      -1.2149349829612
   23.0      -1.2034548095405
   24.0      -1.1920785102200
   25.0      -1.1808008907511
   26.0      -1.1696172126087
   27.0      -1.1585231370394
   28.0      -1.1475146777730
   29.0      -1.1365881614335
   30.0      -1.1257401922595
   31.0      -1.1149676233478
   32.0      -1.1042675304595
   33.0      -1.0936371905311
   34.0      -1.0830740611238
   35.0      -1.0725757646515
   36.0      -1.0621400727589
   37.0      -1.0517648929405
   38.0      -1.0414482570018
   39.0      -1.0311883107050
   40.0      -1.0209833044068
# T= 6000.000000 K
    0.0      -1.5302743412394
    1.0      -1.5134146835708
    2.0      -1.4969650779549
    3.0      -1.4809087540666
    4.0      -1.4652289415703
    5.0      -1.4499088701425
    6.0      -1.4349317694496
    7.0      -1.4202808691684
    8.0      -1.4059393989711
    9.0      -1.3918905885289
   10.0      -1.3781176675147
   11.0      -1.3646038656010
   12.0      -1.3513324124599
   13.0      -1.3382865377636
   14.0      -1.3254494711846
   15.0      -1.3128045804554
   16.0      -1.3003365718809
   17.0      -1.2880321868240
   18.0      -1.2758798753541
   19.0      -1.2638694941458
   20.0      -1.2519920705722
   21.0      -1.2402396160216
   22.0      -1.2286049768780
   23.0      -1.2170817132488
   24.0      -1.2056639999899
   25.0      -1.1943465450889
   26.0      -1.1831245216153
   27.0      -1.1719935106468
   28.0      -1.1609494528935
   29.0      -1.1499886076579
   30.0      -1.1391075183666
   31.0      -1.1283029811331
   32.0      -1.1175720201916
   33.0      -1.1069118635236
   34.0      -1.0963199247105
   35.0      -1.0857937843812
   36.0      -1.0753311750901
   37.0      -1.0649299684004
   38.0      -1.0545881624874
   39.0      -1.0443038714146
   40.0      -1.0340753157148
