# T (K)       gamma
# P = 0.000000 (GPa)
    1.0      -4.8550095577968
  100.0       1.1610318335564
  200.0       1.0948181432880
  300.0       1.2682216809616
  400.0       1.3068821633574
  500.0       1.3528351944635
  600.0       1.3785747466366
  700.0       1.4025633350113
  800.0       1.4230210277986
  900.0       1.4425584585541
 1000.0       1.4613888489236
 1100.0       1.4801115731983
 1200.0       1.4988895937288
 1300.0       1.5178981301586
 1400.0       1.5373271207679
 1500.0       1.5571743044586
 1600.0       1.5775938314098
 1700.0       1.5986261981545
 1800.0       1.6203216637980
 1900.0       1.6427888256850
 2000.0       1.6660413767648
 2100.0       1.6901516620405
 2200.0       1.7152075630875
 2300.0       1.7412881064285
 2400.0       1.7685163468746
 2500.0       1.7968350550553
 2600.0       1.8263889876143
 2700.0       1.8576573196260
 2800.0       1.8898823959613
 2900.0       1.9244284212945
 3000.0       1.9604141917561
 3100.0       1.9981969163994
 3200.0       2.0389939069891
 3300.0       2.0808158396506
 3400.0       2.1264012850828
 3500.0       2.1702841536827
 3600.0       2.2161311360322
 3700.0       2.2588901443687
 3800.0       2.2984971816375
 3900.0       2.3365631849720
 4000.0       2.3608575733658
 4100.0       2.3872613938053
 4200.0       2.3947574756779
 4300.0       2.3952012834237
 4400.0       2.3726435884963
 4500.0       2.3858994134532
 4600.0       2.1257697485370
 4700.0       4.1531541242091
 4800.0       0.6839733790637
 4900.0      -0.1830819579681
 5000.0      -0.0334738849326
 5100.0       0.0483865813210
 5200.0       0.2412055618448
 5300.0       0.1339201291690
 5400.0       2.4330110845784
 5500.0       0.1010855606041
 5600.0      -2.0356081446115
 5700.0       0.0921908125383
 5800.0      -0.4771912438187
 5900.0       0.0790957372310
 6000.0       0.0538065645544
# P = 1.000000 (GPa)
    1.0      -4.5821877640492
  100.0       1.1079829553740
  200.0       1.0550402719881
  300.0       1.2307440771615
  400.0       1.2722669678717
  500.0       1.3190393541518
  600.0       1.3451911319889
  700.0       1.3691354571431
  800.0       1.3893389791496
  900.0       1.4084582637091
 1000.0       1.4267597178467
 1100.0       1.4448602495954
 1200.0       1.4629432765083
 1300.0       1.4811903242423
 1400.0       1.4997923492072
 1500.0       1.5187529757112
 1600.0       1.5382235079149
 1700.0       1.5582437106626
 1800.0       1.5788609487448
 1900.0       1.6001786542781
 2000.0       1.6222076139996
 2100.0       1.6450130226919
 2200.0       1.6686751639679
 2300.0       1.6932647398825
 2400.0       1.7188937695054
 2500.0       1.7454988057877
 2600.0       1.7732071695202
 2700.0       1.8024715165524
 2800.0       1.8325468463338
 2900.0       1.8647264718870
 3000.0       1.8981447252584
 3100.0       1.9331293484514
 3200.0       1.9707656259307
 3300.0       2.0093724848414
 3400.0       2.0522867405873
 3500.0       2.0951693542801
 3600.0       2.1412694266067
 3700.0       2.1869157560525
 3800.0       2.2308295685870
 3900.0       2.2757242860235
 4000.0       2.3100164184730
 4100.0       2.3472501796608
 4200.0       2.3684468392105
 4300.0       2.3846698533892
 4400.0       2.3821891803312
 4500.0       2.4021870979515
 4600.0       2.2121505994586
 4700.0       3.3968089478380
 4800.0       0.8966222274773
 4900.0      -0.2899958985754
 5000.0      -0.0535380172210
 5100.0       0.0843429599761
 5200.0       0.3103672439431
 5300.0       0.1961965016349
 5400.0       0.9199459360876
 5500.0       0.1531953702800
 5600.0       1.7346187825356
 5700.0       0.1367024038586
 5800.0      -2.4979822724152
 5900.0       0.1191999929740
 6000.0       0.0788735948231
# P = 2.000000 (GPa)
    1.0      -4.3186888025059
  100.0       1.0560733137337
  200.0       1.0162391663430
  300.0       1.1942327954525
  400.0       1.2385741219646
  500.0       1.2861729965272
  600.0       1.3127516001178
  700.0       1.3366759357539
  800.0       1.3566572372933
  900.0       1.3753932865601
 1000.0       1.3932045585495
 1100.0       1.4107279033710
 1200.0       1.4281621103338
 1300.0       1.4456971325076
 1400.0       1.4635279061502
 1500.0       1.4816624542650
 1600.0       1.5002485964724
 1700.0       1.5193266969996
 1800.0       1.5389428998753
 1900.0       1.5591951130901
 2000.0       1.5800921546720
 2100.0       1.6016935287163
 2200.0       1.6240728644780
 2300.0       1.6472936511238
 2400.0       1.6714588401340
 2500.0       1.6965010303203
 2600.0       1.7225327790110
 2700.0       1.7499818860803
 2800.0       1.7781200761629
 2900.0       1.8081768440189
 3000.0       1.8393061271449
 3100.0       1.8718016900495
 3200.0       1.9066755781052
 3300.0       1.9423015694704
 3400.0       1.9817949754472
 3500.0       2.0215175206725
 3600.0       2.0653708881884
 3700.0       2.1107036800794
 3800.0       2.1560303256781
 3900.0       2.2044404753190
 4000.0       2.2452878285771
 4100.0       2.2905010989743
 4200.0       2.3228817085289
 4300.0       2.3527016072773
 4400.0       2.3680595993525
 4500.0       2.3986015747172
 4600.0       2.2655363439537
 4700.0       3.0483998292872
 4800.0       1.1215518093966
 4900.0      -0.4647198378436
 5000.0      -0.0864793997701
 5100.0       0.1375293554686
 5200.0       0.3879554523478
 5300.0       0.2735895256375
 5400.0       0.7471004536935
 5500.0       0.2218108025179
 5600.0       0.9267887847297
 5700.0       0.1958863563970
 5800.0       2.1389615177950
 5900.0       0.1730316517331
 6000.0       0.1145878159195
# P = 3.000000 (GPa)
    1.0      -4.0641759774204
  100.0       1.0052411414308
  200.0       0.9783645764840
  300.0       1.1586377472020
  400.0       1.2057574115739
  500.0       1.2541898539821
  600.0       1.2812085356507
  700.0       1.3051373298829
  800.0       1.3249245475850
  900.0       1.3433100223684
 1000.0       1.3606690487915
 1100.0       1.3776536266557
 1200.0       1.3944829843390
 1300.0       1.4113544931181
 1400.0       1.4284634629836
 1500.0       1.4458254837021
 1600.0       1.4635869816054
 1700.0       1.4817874325215
 1800.0       1.5004713799732
 1900.0       1.5197334315994
 2000.0       1.5395805593214
 2100.0       1.5600680233029
 2200.0       1.5812631165936
 2300.0       1.6032230795655
 2400.0       1.6260439369475
 2500.0       1.6496547258000
 2600.0       1.6741563350063
 2700.0       1.6999553263463
 2800.0       1.7263385900247
 2900.0       1.7544800165335
 3000.0       1.7835552283670
 3100.0       1.8138271059876
 3200.0       1.8462499232139
 3300.0       1.8792418340554
 3400.0       1.9157599653779
 3500.0       1.9522805772145
 3600.0       1.9925543258132
 3700.0       2.0348558195530
 3800.0       2.0786724741219
 3900.0       2.1273247073040
 4000.0       2.1711465939665
 4100.0       2.2209953644583
 4200.0       2.2612560553371
 4300.0       2.3014762502274
 4400.0       2.3312859328031
 4500.0       2.3730282934860
 4600.0       2.2848848643395
 4700.0       2.8508900742492
 4800.0       1.3308802126632
 4900.0      -0.7471393487358
 5000.0      -0.1388326753976
 5100.0       0.2088798001244
 5200.0       0.4708296131304
 5300.0       0.3623816776688
 5400.0       0.7218764999898
 5500.0       0.3054468309023
 5600.0       0.7823798772039
 5700.0       0.2696362913727
 5800.0       1.1309218849715
 5900.0       0.2409314262735
 6000.0       0.1632662462562
# P = 4.000000 (GPa)
    1.0      -3.8183044875157
  100.0       0.9554566084600
  200.0       0.9413836240137
  300.0       1.1239206078613
  400.0       1.1737773633109
  500.0       1.2230482493743
  600.0       1.2505195985142
  700.0       1.2744750228313
  800.0       1.2940943059435
  900.0       1.3121607514602
 1000.0       1.3291000756890
 1100.0       1.3455840630073
 1200.0       1.3618491753002
 1300.0       1.3780985371943
 1400.0       1.3945335581698
 1500.0       1.4111740620125
 1600.0       1.4281634861968
 1700.0       1.4455440537032
 1800.0       1.4633594919684
 1900.0       1.4816994666003
 2000.0       1.5005706425540
 2100.0       1.5200240734255
 2200.0       1.5401226430749
 2300.0       1.5609184971830
 2400.0       1.5825004701113
 2500.0       1.6047962030105
 2600.0       1.6278962036147
 2700.0       1.6521873613636
 2800.0       1.6769748191371
 2900.0       1.7033795266362
 3000.0       1.7306001437738
 3100.0       1.7588746969853
 3200.0       1.7891060685298
 3300.0       1.8197571690413
 3400.0       1.8536452919449
 3500.0       1.8873667518344
 3600.0       1.9244842567833
 3700.0       1.9632655346536
 3800.0       2.0035104330466
 3900.0       2.0493463880478
 4000.0       2.0926528142749
 4100.0       2.1436216372317
 4200.0       2.1880549366057
 4300.0       2.2348918230950
 4400.0       2.2750584124299
 4500.0       2.3264482580807
 4600.0       2.2723993372842
 4700.0       2.7150187034915
 4800.0       1.4994505885769
 4900.0      -1.1977513888555
 5000.0      -0.2182886706393
 5100.0       0.2950375424761
 5200.0       0.5553025224132
 5300.0       0.4568492624408
 5400.0       0.7448500064237
 5500.0       0.3996469006496
 5600.0       0.7557837747459
 5700.0       0.3551938399443
 5800.0       0.9425815062824
 5900.0       0.3209404760633
 6000.0       0.2259901927342
# P = 5.000000 (GPa)
    1.0      -3.5807606555728
  100.0       0.9066951277609
  200.0       0.9052677041151
  300.0       1.0900495532687
  400.0       1.1426016003093
  500.0       1.1927136224846
  600.0       1.2206471856445
  700.0       1.2446485844918
  800.0       1.2641246095901
  900.0       1.2818999743686
 1000.0       1.2984513399549
 1100.0       1.3144693550851
 1200.0       1.3302057916186
 1300.0       1.3458747757203
 1400.0       1.3616780431005
 1500.0       1.3776419335819
 1600.0       1.3939104987133
 1700.0       1.4105241979085
 1800.0       1.4275269818625
 1900.0       1.4450067869902
 2000.0       1.4629692602893
 2100.0       1.4814614570215
 2200.0       1.5005419741449
 2300.0       1.5202593132458
 2400.0       1.5406963497487
 2500.0       1.5617799200625
 2600.0       1.5835913731273
 2700.0       1.6065000448103
 2800.0       1.6298299551076
 2900.0       1.6546527275318
 3000.0       1.6801916748092
 3100.0       1.7066615350895
 3200.0       1.7349222211679
 3300.0       1.7634793802711
 3400.0       1.7950261888356
 3500.0       1.8262746294458
 3600.0       1.8606121472925
 3700.0       1.8963535921622
 3800.0       1.9332755731354
 3900.0       1.9752213761962
 4000.0       2.0151648814348
 4100.0       2.0638064072264
 4200.0       2.1086281319669
 4300.0       2.1580714460243
 4400.0       2.2041721187106
 4500.0       2.2622176391670
 4600.0       2.2326813618374
 4700.0       2.6028145640237
 4800.0       1.6131320650912
 4900.0      -1.9035150463102
 5000.0      -0.3311714754399
 5100.0       0.3887339515250
 5200.0       0.6376256284145
 5300.0       0.5507692601085
 5400.0       0.7887242517372
 5500.0       0.4980507385651
 5600.0       0.7715811066987
 5700.0       0.4475291413569
 5800.0       0.8973819945813
 5900.0       0.4089188037437
 6000.0       0.3016189035018
# P = 6.000000 (GPa)
    1.0      -3.3512011236085
  100.0       0.8589295689799
  200.0       0.8699888188260
  300.0       1.0569954901253
  400.0       1.1121995989833
  500.0       1.1631543308280
  600.0       1.1915579121197
  700.0       1.2156230644695
  800.0       1.2349772581763
  900.0       1.2524870785192
 1000.0       1.2686796981760
 1100.0       1.2842623971310
 1200.0       1.2995056049075
 1300.0       1.3146302647363
 1400.0       1.3298408944959
 1500.0       1.3451721267110
 1600.0       1.3607634879259
 1700.0       1.3766590827475
 1800.0       1.3929030628607
 1900.0       1.4095782157929
 2000.0       1.4266914467842
 2100.0       1.4442880114775
 2200.0       1.4624221348196
 2300.0       1.4811377904898
 2400.0       1.5005135792280
 2500.0       1.5204765285187
 2600.0       1.5411000362221
 2700.0       1.5627365055178
 2800.0       1.5847302032663
 2900.0       1.6081060187058
 3000.0       1.6321127219935
 3100.0       1.6569456019116
 3200.0       1.6834229728365
 3300.0       1.7100966578020
 3400.0       1.7395456876125
 3500.0       1.7685919001416
 3600.0       1.8004675495585
 3700.0       1.8335368757243
 3800.0       1.8675535778687
 3900.0       1.9061565037569
 4000.0       1.9425995090716
 4100.0       1.9870706978918
 4200.0       2.0288129680845
 4300.0       2.0769085254596
 4400.0       2.1245181381610
 4500.0       2.1854280486752
 4600.0       2.1719950085640
 4700.0       2.4974984073227
 4800.0       1.6707962300746
 4900.0      -2.9770641692361
 5000.0      -0.4774601035301
 5100.0       0.4812227939601
 5200.0       0.7143941518235
 5300.0       0.6387351833727
 5400.0       0.8414239123408
 5500.0       0.5940717249970
 5600.0       0.8062157948265
 5700.0       0.5405900657023
 5800.0       0.9024776358144
 5900.0       0.4994606631916
 6000.0       0.3863219879687
# P = 7.000000 (GPa)
    1.0      -3.1293914577163
  100.0       0.8121352580381
  200.0       0.8355201867875
  300.0       1.0247295563105
  400.0       1.0825427217129
  500.0       1.1343405930243
  600.0       1.1632205891819
  700.0       1.1873655038580
  800.0       1.2066176383415
  900.0       1.2238856694272
 1000.0       1.2397452025109
 1100.0       1.2549219229625
 1200.0       1.2697033269094
 1300.0       1.2843168863689
 1400.0       1.2989727505297
 1500.0       1.3137086317734
 1600.0       1.3286654261259
 1700.0       1.3438882469747
 1800.0       1.3594194081913
 1900.0       1.3753421079371
 2000.0       1.3916624860456
 2100.0       1.4084216531846
 2200.0       1.4256726206749
 2300.0       1.4434567098383
 2400.0       1.4618466766874
 2500.0       1.4807708168947
 2600.0       1.5002954978841
 2700.0       1.5207575166026
 2800.0       1.5415224016533
 2900.0       1.5635696235118
 3000.0       1.5861747458099
 3100.0       1.6095154510516
 3200.0       1.6343725579954
 3300.0       1.6593433775358
 3400.0       1.6869000397717
 3500.0       1.7139742722893
 3600.0       1.7436534484756
 3700.0       1.7743537193059
 3800.0       1.8058125756625
 3900.0       1.8414907901592
 4000.0       1.8749085120253
 4100.0       1.9157383230484
 4200.0       1.9536718342601
 4300.0       1.9976540136448
 4400.0       2.0426177508432
 4500.0       2.1023257624374
 4600.0       2.0976548543229
 4700.0       2.3930313885931
 4800.0       1.6808336717570
 4900.0      -4.5355063461901
 5000.0      -0.6456131495539
 5100.0       0.5651315995015
 5200.0       0.7828775587627
 5300.0       0.7168673792463
 5400.0       0.8958867922090
 5500.0       0.6823101674745
 5600.0       0.8488069526160
 5700.0       0.6287593988225
 5800.0       0.9294150892761
 5900.0       0.5871633099011
 6000.0       0.4741529379461
# P = 8.000000 (GPa)
    1.0      -2.9150545141898
  100.0       0.7662860716754
  200.0       0.8018360010024
  300.0       0.9932246709684
  400.0       1.0536038735872
  500.0       1.1062441061725
  600.0       1.1356061455902
  700.0       1.1598451018228
  800.0       1.1790134234889
  900.0       1.1960612116820
 1000.0       1.2116120372004
 1100.0       1.2264096362627
 1200.0       1.2407574929247
 1300.0       1.2548918039081
 1400.0       1.2690254854623
 1500.0       1.2832023711984
 1600.0       1.2975635395274
 1700.0       1.3121531589729
 1800.0       1.3270172043669
 1900.0       1.3422339495274
 2000.0       1.3578103223757
 2100.0       1.3737878226162
 2200.0       1.3902140525474
 2300.0       1.4071277073760
 2400.0       1.4245996952467
 2500.0       1.4425588368484
 2600.0       1.4610649334200
 2700.0       1.4804394693193
 2800.0       1.5000707456046
 2900.0       1.5208939170737
 3000.0       1.5422121593923
 3100.0       1.5641876420199
 3200.0       1.5875653812656
 3300.0       1.6109898302285
 3400.0       1.6368311640074
 3500.0       1.6621281410125
 3600.0       1.6898359019059
 3700.0       1.7184213572491
 3800.0       1.7476102277327
 3900.0       1.7807078760733
 4000.0       1.8114783819598
 4100.0       1.8491392307211
 4200.0       1.8838225883254
 4300.0       1.9239870330359
 4400.0       1.9647474079899
 4500.0       2.0198114472076
 4600.0       2.0175091575697
 4700.0       2.2895243147477
 4800.0       1.6561536535923
 4900.0      -6.6416494839218
 5000.0      -0.8131976350612
 5100.0       0.6360775143712
 5200.0       0.8412849933657
 5300.0       0.7829807123532
 5400.0       0.9474575584036
 5500.0       0.7592381892819
 5600.0       0.8930331816430
 5700.0       0.7078608680590
 5800.0       0.9655668287733
 5900.0       0.6676627295095
 6000.0       0.5585746519563
# P = 9.000000 (GPa)
    1.0      -2.7079087284406
  100.0       0.7213551309586
  200.0       0.7689108575765
  300.0       0.9624546498987
  400.0       1.0253576303137
  500.0       1.0788381572093
  600.0       1.1086870234563
  700.0       1.1330327901643
  800.0       1.1521342352316
  900.0       1.1689817114577
 1000.0       1.1842465203826
 1100.0       1.1986892604338
 1200.0       1.2126306919578
 1300.0       1.2263144230597
 1400.0       1.2399565195971
 1500.0       1.2536080689387
 1600.0       1.2674076697332
 1700.0       1.2814032490418
 1800.0       1.2956395692522
 1900.0       1.3101930726838
 2000.0       1.3250735815104
 2100.0       1.3403169087109
 2200.0       1.3559712697616
 2300.0       1.3720733421500
 2400.0       1.3886877799024
 2500.0       1.4057470408618
 2600.0       1.4233064688433
 2700.0       1.4416717678246
 2800.0       1.4602542208350
 2900.0       1.4799460142937
 3000.0       1.5000788736061
 3100.0       1.5208008572587
 3200.0       1.5428223506546
 3300.0       1.5648366649789
 3400.0       1.5891151680344
 3500.0       1.6128045361447
 3600.0       1.6387308931067
 3700.0       1.6654163080901
 3800.0       1.6925787012979
 3900.0       1.7233795932985
 4000.0       1.7518146608985
 4100.0       1.7866948772089
 4200.0       1.8185503100998
 4300.0       1.8554203368463
 4400.0       1.8926010851547
 4500.0       1.9430285300124
 4600.0       1.9393534536942
 4700.0       2.1907531648308
 4800.0       1.6104415352405
 4900.0      -9.2168527858124
 5000.0      -0.9566998479107
 5100.0       0.6928004632233
 5200.0       0.8889732594779
 5300.0       0.8364745329948
 5400.0       0.9931779261688
 5500.0       0.8232483562692
 5600.0       0.9348765801953
 5700.0       0.7755053914280
 5800.0       1.0040085621269
 5900.0       0.7381295351487
 6000.0       0.6341610086253
# P = 10.000000 (GPa)
    1.0      -2.5077656588691
  100.0       0.6773146177157
  200.0       0.7367195634218
  300.0       0.9323936900926
  400.0       0.9977792260696
  500.0       1.0520975150486
  600.0       1.0824370081819
  700.0       1.1069013461752
  800.0       1.1259516352285
  900.0       1.1426171513400
 1000.0       1.1576168004858
 1100.0       1.1717276696006
 1200.0       1.1852875462758
 1300.0       1.1985469383883
 1400.0       1.2117265742050
 1500.0       1.2248826561998
 1600.0       1.2381537411055
 1700.0       1.2515898927934
 1800.0       1.2652350970185
 1900.0       1.2791666116175
 2000.0       1.2933914409582
 2100.0       1.3079471441881
 2200.0       1.3228786556106
 2300.0       1.3382189345437
 2400.0       1.3540330453603
 2500.0       1.3702532659153
 2600.0       1.3869293067307
 2700.0       1.4043547164557
 2800.0       1.4219646011344
 2900.0       1.4406079179987
 3000.0       1.4596452978757
 3100.0       1.4792125589496
 3200.0       1.4999864216569
 3300.0       1.5207099207720
 3400.0       1.5435579437497
 3500.0       1.5657858593485
 3600.0       1.5900959200228
 3700.0       1.6150649802393
 3800.0       1.6404057163733
 3900.0       1.6691485357237
 4000.0       1.6955102402878
 4100.0       1.7279259534014
 4200.0       1.7573001828371
 4300.0       1.7912988273636
 4400.0       1.8253760429653
 4500.0       1.8718974149062
 4600.0       1.8666847382438
 4700.0       2.1012105170347
 4800.0       1.5562352018037
 4900.0     -12.0069980003860
 5000.0      -1.0634622348107
 5100.0       0.7365457219604
 5200.0       0.9266014696568
 5300.0       0.8781641653186
 5400.0       1.0316451636371
 5500.0       0.8743977993627
 5600.0       0.9719418914762
 5700.0       0.8309700655323
 5800.0       1.0406269814618
 5900.0       0.7972863828618
 6000.0       0.6976441759721
# P = 11.000000 (GPa)
    1.0      -2.3143601489350
  100.0       0.6341374665626
  200.0       0.7052379131024
  300.0       0.9030175665016
  400.0       0.9708448646818
  500.0       1.0259978105741
  600.0       1.0568312077410
  700.0       1.0814252144693
  800.0       1.1004385715212
  900.0       1.1169394274597
 1000.0       1.1316932579577
 1100.0       1.1454936759574
 1200.0       1.1586948311938
 1300.0       1.1715548474463
 1400.0       1.1842983602346
 1500.0       1.1969871920385
 1600.0       1.2097602250690
 1700.0       1.2226683990305
 1800.0       1.2357575689048
 1900.0       1.2491022518771
 2000.0       1.2627112953341
 2100.0       1.2766210113630
 2200.0       1.2908727144543
 2300.0       1.3055009642299
 2400.0       1.3205644148317
 2500.0       1.3359990996877
 2600.0       1.3518521749866
 2700.0       1.3684011702700
 2800.0       1.3851050304940
 2900.0       1.4027737371940
 3000.0       1.4207962004504
 3100.0       1.4392964318293
 3200.0       1.4589184048685
 3300.0       1.4784564436933
 3400.0       1.4999899536097
 3500.0       1.5208841972107
 3600.0       1.5437200479060
 3700.0       1.5671310429511
 3800.0       1.5908277007276
 3900.0       1.6177120963566
 4000.0       1.6422228724530
 4100.0       1.6724368894537
 4200.0       1.6996177129445
 4300.0       1.7310875472008
 4400.0       1.7624541785221
 4500.0       1.8056018362285
 4600.0       1.7989697437505
 4700.0       2.0201104489927
 4800.0       1.5016064267945
 4900.0     -14.7029868126059
 5000.0      -1.1355273904244
 5100.0       0.7703898996816
 5200.0       0.9562358940010
 5300.0       0.9101541352961
 5400.0       1.0630310060923
 5500.0       0.9141171250060
 5600.0       1.0032714734021
 5700.0       0.8749046547889
 5800.0       1.0731707577328
 5900.0       0.8451812022384
 6000.0       0.7480556287051
# P = 12.000000 (GPa)
    1.0      -2.1274827368506
  100.0       0.5917979347923
  200.0       0.6744432605634
  300.0       0.8743031607426
  400.0       0.9445319599953
  500.0       1.0005162418855
  600.0       1.0318461551156
  700.0       1.0565798538497
  800.0       1.0755694732617
  900.0       1.0919220230170
 1000.0       1.1064479571549
 1100.0       1.1199579233618
 1200.0       1.1328214832796
 1300.0       1.1453056152585
 1400.0       1.1576372652461
 1500.0       1.1698854828308
 1600.0       1.1821878778163
 1700.0       1.1945980760272
 1800.0       1.2071625625582
 1900.0       1.2199541544898
 2000.0       1.2329837208322
 2100.0       1.2462845406674
 2200.0       1.2598988430055
 2300.0       1.2738570557979
 2400.0       1.2882168590585
 2500.0       1.3029173562758
 2600.0       1.3179985361456
 2700.0       1.3337292650376
 2800.0       1.3495900779969
 2900.0       1.3663502332072
 3000.0       1.3834286120554
 3100.0       1.4009399904848
 3200.0       1.4194954082661
 3300.0       1.4379406847486
 3400.0       1.4582619727864
 3500.0       1.4779344842395
 3600.0       1.4994204293443
 3700.0       1.5214103956683
 3800.0       1.5436158566878
 3900.0       1.5688138292130
 4000.0       1.5916636615515
 4100.0       1.6198940513077
 4200.0       1.6451253787247
 4300.0       1.6743488726529
 4400.0       1.7033292643965
 4500.0       1.7435109857975
 4600.0       1.7356712405623
 4700.0       1.9454994200147
 4800.0       1.4486883526423
 4900.0     -17.1169569480024
 5000.0      -1.1828481093979
 5100.0       0.7983753138048
 5200.0       0.9812056835069
 5300.0       0.9357608912063
 5400.0       1.0891147439101
 5500.0       0.9450021604058
 5600.0       1.0293098700940
 5700.0       0.9090619301153
 5800.0       1.1009233419008
 5900.0       0.8829212352391
 6000.0       0.7862718632682
# P = 13.000000 (GPa)
    1.0      -1.9469478078001
  100.0       0.5502725882874
  200.0       0.6443141551578
  300.0       0.8462285450598
  400.0       0.9188194747411
  500.0       0.9756312309908
  600.0       1.0074594908651
  700.0       1.0323422635403
  800.0       1.0513204746044
  900.0       1.0675397435773
 1000.0       1.0818545592256
 1100.0       1.0950927431135
 1200.0       1.1076388648294
 1300.0       1.1197684975816
 1400.0       1.1317113162548
 1500.0       1.1435431059517
 1600.0       1.1554008605156
 1700.0       1.1673408162232
 1800.0       1.1794094940023
 1900.0       1.1916795840100
 2000.0       1.2041621202038
 2100.0       1.2168898339136
 2200.0       1.2299035501530
 2300.0       1.2432319209164
 2400.0       1.2569319064123
 2500.0       1.2709417518866
 2600.0       1.2853018745783
 2700.0       1.3002667266834
 2800.0       1.3153381384769
 2900.0       1.3312526079336
 3000.0       1.3474522132759
 3100.0       1.3640432579611
 3200.0       1.3816082404677
 3300.0       1.3990433573374
 3400.0       1.4182428911400
 3500.0       1.4367919312150
 3600.0       1.4570367780844
 3700.0       1.4777254299973
 3800.0       1.4985725161653
 3900.0       1.5222316564601
 4000.0       1.5435844329961
 4100.0       1.5700179892366
 4200.0       1.5935049488253
 4300.0       1.6207180014405
 4400.0       1.6475832374182
 4500.0       1.6851221891066
 4600.0       1.6763093423997
 4700.0       1.8761012277887
 4800.0       1.3983302569752
 4900.0     -19.3092151616563
 5000.0      -1.2143695866957
 5100.0       0.8224846597326
 5200.0       1.0034352854441
 5300.0       0.9578903334482
 5400.0       1.1125005327279
 5500.0       0.9705101092701
 5600.0       1.0518631175087
 5700.0       0.9361235374958
 5800.0       1.1245784948439
 5900.0       0.9124703754916
 6000.0       0.8144099581883
# P = 14.000000 (GPa)
    1.0      -1.7725355641432
  100.0       0.5095386301005
  200.0       0.6148300447098
  300.0       0.8187732006530
  400.0       0.8936872584143
  500.0       0.9513221488346
  600.0       0.9836502898921
  700.0       1.0086908113541
  800.0       1.0276688773059
  900.0       1.0437689276881
 1000.0       1.0578884410314
 1100.0       1.0708722636688
 1200.0       1.0831197260820
 1300.0       1.0949147620561
 1400.0       1.1064903629458
 1500.0       1.1179283044095
 1600.0       1.1293658211304
 1700.0       1.1408606204092
 1800.0       1.1524611577843
 1900.0       1.1642381932390
 2000.0       1.1762042249068
 2100.0       1.1883914923663
 2200.0       1.2008388180039
 2300.0       1.2135749092209
 2400.0       1.2266529674008
 2500.0       1.2400155209079
 2600.0       1.2536982812123
 2700.0       1.2679450408561
 2800.0       1.2822800848540
 2900.0       1.2974019624470
 3000.0       1.3127816223985
 3100.0       1.3285175011725
 3200.0       1.3451604647509
 3300.0       1.3616576263701
 3400.0       1.3798167873189
 3500.0       1.3973292623796
 3600.0       1.4164286164729
 3700.0       1.4359205926476
 3800.0       1.4555251985934
 3900.0       1.4777737228112
 4000.0       1.4977714565744
 4100.0       1.5225671210514
 4200.0       1.5444869797248
 4300.0       1.5698894404467
 4400.0       1.5948659034962
 4500.0       1.6300238920968
 4600.0       1.6204743656827
 4700.0       1.8110126324632
 4800.0       1.3509078145853
 4900.0     -21.6103328345572
 5000.0      -1.2376047892408
 5100.0       0.8436441542982
 5200.0       1.0232383650785
 5300.0       0.9773051362641
 5400.0       1.1337110336608
 5500.0       0.9926087402667
 5600.0       1.0724657985034
 5700.0       0.9589677692118
 5800.0       1.1459317286780
 5900.0       0.9365068903539
 6000.0       0.8353298866125
# P = 15.000000 (GPa)
    1.0      -1.6040841875336
  100.0       0.4695750165879
  200.0       0.5859717047690
  300.0       0.7919173476000
  400.0       0.8691162021215
  500.0       0.9275697321561
  600.0       0.9603989147752
  700.0       0.9856048875042
  800.0       1.0045933769011
  900.0       1.0205874384127
 1000.0       1.0345264205425
 1100.0       1.0472719828057
 1200.0       1.0592384678455
 1300.0       1.0707176462401
 1400.0       1.0819460588212
 1500.0       1.0930112189893
 1600.0       1.1040511502721
 1700.0       1.1151245655586
 1800.0       1.1262822698184
 1900.0       1.1375926906339
 2000.0       1.1490710163886
 2100.0       1.1607474168979
 2200.0       1.1726606170592
 2300.0       1.1848377427917
 2400.0       1.1973306107901
 2500.0       1.2100839765296
 2600.0       1.2231296631166
 2700.0       1.2367040914298
 2800.0       1.2503468623370
 2900.0       1.2647287652858
 3000.0       1.2793426615430
 3100.0       1.2942781069774
 3200.0       1.3100634679550
 3300.0       1.3256893110790
 3400.0       1.3428806127402
 3500.0       1.3594330402157
 3600.0       1.3774730215147
 3700.0       1.3958606135272
 3800.0       1.4143235616333
 3900.0       1.4352730297519
 4000.0       1.4540390542851
 4100.0       1.4773344751023
 4200.0       1.4978392335013
 4300.0       1.5216015015388
 4400.0       1.5448835350314
 4500.0       1.5778750453700
 4600.0       1.5678119334647
 4700.0       1.7495801178952
 4800.0       1.3065136926953
 4900.0     -24.6257042664370
 5000.0      -1.2582609876178
 5100.0       0.8625340818929
 5200.0       1.0408521127474
 5300.0       0.9944439756260
 5400.0       1.1527357570027
 5500.0       1.0119549083437
 5600.0       1.0911154963084
 5700.0       0.9787298491979
 5800.0       1.1655775817316
 5900.0       0.9570968103392
 6000.0       0.8518608938416
# P = 16.000000 (GPa)
    1.0      -1.4414045453393
  100.0       0.4303611087144
  200.0       0.5577207476704
  300.0       0.7656424889326
  400.0       0.8450881810470
  500.0       0.9043557496053
  600.0       0.9376867134645
  700.0       0.9630650546716
  800.0       0.9820738450277
  900.0       0.9979741970327
 1000.0       1.0117465180295
 1100.0       1.0242689855511
 1200.0       1.0359709879249
 1300.0       1.0471517420302
 1400.0       1.0580518873852
 1500.0       1.0687640256694
 1600.0       1.0794274408540
 1700.0       1.0901018178086
 1800.0       1.1008399301660
 1900.0       1.1117089115545
 2000.0       1.1227254441061
 2100.0       1.1339190754563
 2200.0       1.1453274024783
 2300.0       1.1569769545607
 2400.0       1.1689180651231
 2500.0       1.1810970542933
 2600.0       1.1935442568867
 2700.0       1.2064853064363
 2800.0       1.2194794351209
 2900.0       1.2331672156463
 3000.0       1.2470632545130
 3100.0       1.2612530897015
 3200.0       1.2762362689596
 3300.0       1.2910497496440
 3400.0       1.3073422681504
 3500.0       1.3230028071740
 3600.0       1.3400592300593
 3700.0       1.3574254762493
 3800.0       1.3748363184755
 3900.0       1.3945858971399
 4000.0       1.4122258803093
 4100.0       1.4341402309528
 4200.0       1.4533615625204
 4300.0       1.4756304494692
 4400.0       1.4973834035754
 4500.0       1.5283890950869
 4600.0       1.5180183730212
 4700.0       1.6913169029690
 4800.0       1.2650842886430
 4900.0     -29.4979100438260
 5000.0      -1.2804679489447
 5100.0       0.8796545700377
 5200.0       1.0564759668110
 5300.0       1.0096400741183
 5400.0       1.1696133325079
 5500.0       1.0290344745553
 5600.0       1.1077822347078
 5700.0       0.9960020944931
 5800.0       1.1833311901538
 5900.0       0.9749579748362
 6000.0       0.8653180467292
# P = 17.000000 (GPa)
    1.0      -1.2843270991337
  100.0       0.3918777560461
  200.0       0.5300598061889
  300.0       0.7399308656116
  400.0       0.8215861597926
  500.0       0.8816629536231
  600.0       0.9154959093828
  700.0       0.9410527864907
  800.0       0.9600911783524
  900.0       0.9759095643440
 1000.0       0.9895279259193
 1100.0       1.0018415843493
 1200.0       1.0132946940074
 1300.0       1.0241935498570
 1400.0       1.0347828590597
 1500.0       1.0451607218446
 1600.0       1.0554670837073
 1700.0       1.0657632062560
 1800.0       1.0761036334012
 1900.0       1.0865544853524
 2000.0       1.0971333545420
 2100.0       1.1078703927786
 2200.0       1.1188009247840
 2300.0       1.1299522149568
 2400.0       1.1413717976198
 2500.0       1.1530095153015
 2600.0       1.1648920786538
 2700.0       1.1772372966151
 2800.0       1.1896217905974
 2900.0       1.2026570119898
 3000.0       1.2158815276650
 3100.0       1.2293711329905
 3200.0       1.2436057127696
 3300.0       1.2576616547380
 3400.0       1.2731142042579
 3500.0       1.2879466621309
 3600.0       1.3040901849803
 3700.0       1.3205078667137
 3800.0       1.3369451659920
 3900.0       1.3555855509863
 4000.0       1.3721916109331
 4100.0       1.3928310847475
 4200.0       1.4108811285061
 4300.0       1.4317832400270
 4400.0       1.4521497467916
 4500.0       1.4813221164958
 4600.0       1.4708275857846
 4700.0       1.6358538630328
 4800.0       1.2264751548894
 4900.0     -39.1831356321218
 5000.0      -1.3072680121450
 5100.0       0.8953757494681
 5200.0       1.0702794752425
 5300.0       1.0231515997857
 5400.0       1.1844104852999
 5500.0       1.0442167826121
 5600.0       1.1224816017362
 5700.0       1.0112334583452
 5800.0       1.1991042767660
 5900.0       0.9905877302848
 6000.0       0.8765421507555
# P = 18.000000 (GPa)
    1.0      -1.1326947509024
  100.0       0.3541065555381
  200.0       0.5029721339418
  300.0       0.7147653994041
  400.0       0.7985942531432
  500.0       0.8594752227018
  600.0       0.8938095497252
  700.0       0.9195506866301
  800.0       0.9386274911634
  900.0       0.9543748005831
 1000.0       0.9678510777686
 1100.0       0.9799694567966
 1200.0       0.9911883602998
 1300.0       1.0018205690403
 1400.0       1.0121155044700
 1500.0       1.0221766068444
 1600.0       1.0321442114512
 1700.0       1.0420816560583
 1800.0       1.0520447714558
 1900.0       1.0620991801215
 2000.0       1.0722631747708
 2100.0       1.0825676818611
 2200.0       1.0930457180380
 2300.0       1.1037255298555
 2400.0       1.1146523697633
 2500.0       1.1257785698202
 2600.0       1.1371284361778
 2700.0       1.1489121414681
 2800.0       1.1607221163052
 2900.0       1.1731444917112
 3000.0       1.1857372670603
 3100.0       1.1985708562797
 3200.0       1.2121042202384
 3300.0       1.2254504486458
 3400.0       1.2401212582298
 3500.0       1.2541800139175
 3600.0       1.2694734984381
 3700.0       1.2850121845056
 3800.0       1.3005458809350
 3900.0       1.3181576902793
 4000.0       1.3338107300843
 4100.0       1.3532728145062
 4200.0       1.3702484909952
 4300.0       1.3898946574861
 4400.0       1.4089965260263
 4500.0       1.4364673800026
 4600.0       1.4260093007552
 4700.0       1.5829019204422
 4800.0       1.1905020845531
 4900.0     -66.5942599785963
 5000.0      -1.3410997658225
 5100.0       0.9099728424137
 5200.0       1.0824081252029
 5300.0       1.0351812524313
 5400.0       1.1972091123072
 5500.0       1.0577849374852
 5600.0       1.1352590132549
 5700.0       1.0247665757391
 5800.0       1.2128710633452
 5900.0       1.0043678981544
 6000.0       0.8861555284117
# P = 19.000000 (GPa)
    1.0      -0.9863488042973
  100.0       0.3170295007878
  200.0       0.4764415335868
  300.0       0.6901306741519
  400.0       0.7760974952185
  500.0       0.8377768132737
  600.0       0.8726112887265
  700.0       0.8985423317440
  800.0       0.9176660368701
  900.0       0.9333519993965
 1000.0       0.9466974568778
 1100.0       0.9586333391237
 1200.0       0.9696317741179
 1300.0       0.9800115901084
 1400.0       0.9900277767214
 1500.0       0.9997886290553
 1600.0       1.0094345613989
 1700.0       1.0190316853584
 1800.0       1.0286365557457
 1900.0       1.0383146945147
 2000.0       1.0480852737302
 2100.0       1.0579793017221
 2200.0       1.0680288612420
 2300.0       1.0782619520929
 2400.0       1.0887226960549
 2500.0       1.0993647285956
 2600.0       1.1102118580050
 2700.0       1.1214651211716
 2800.0       1.1327339012527
 2900.0       1.1445786825074
 3000.0       1.1565771851985
 3100.0       1.1687949052339
 3200.0       1.1816693431246
 3300.0       1.1943525214733
 3400.0       1.2082896305304
 3500.0       1.2216270950192
 3600.0       1.2361289025815
 3700.0       1.2508469051427
 3800.0       1.2655430763830
 3900.0       1.2822014572445
 4000.0       1.2969707792057
 4100.0       1.3153438133569
 4200.0       1.3313311143303
 4300.0       1.3498208459874
 4400.0       1.3677636980839
 4500.0       1.3936555982624
 4600.0       1.3833482481598
 4700.0       1.5322534297738
 4800.0       1.1569663434227
 4900.0    -486.0583058342212
 5000.0      -1.3842055846590
 5100.0       0.9236535251169
 5200.0       1.0929882375012
 5300.0       1.0458900804253
 5400.0       1.2080990270733
 5500.0       1.0699586716346
 5600.0       1.1461777650074
 5700.0       1.0368645726423
 5800.0       1.2246472152470
 5900.0       1.0165931024368
 6000.0       0.8946179295832
# P = 20.000000 (GPa)
    1.0      -0.8451510188362
  100.0       0.2806301107142
  200.0       0.4504536450913
  300.0       0.6660119970741
  400.0       0.7540811343838
  500.0       0.8165524322499
  600.0       0.8518858321412
  700.0       0.8780124138401
  800.0       0.8971906829621
  900.0       0.9128240570648
 1000.0       0.9260495335041
 1100.0       0.9378152238143
 1200.0       0.9486057101495
 1300.0       0.9587468211387
 1400.0       0.9684990297222
 1500.0       0.9779749372354
 1600.0       0.9873153398606
 1700.0       0.9965891702253
 1800.0       1.0058538553934
 1900.0       1.0151745774398
 2000.0       1.0245716142198
 2100.0       1.0340761938627
 2200.0       1.0437193904421
 2300.0       1.0535287189545
 2400.0       1.0635481140869
 2500.0       1.0737318150460
 2600.0       1.0841035173809
 2700.0       1.0948555726953
 2800.0       1.1056132565264
 2900.0       1.1169131429812
 3000.0       1.1283523147947
 3100.0       1.1399898816465
 3200.0       1.1522459122755
 3300.0       1.1643056910184
 3400.0       1.1775559131875
 3500.0       1.1902188311878
 3600.0       1.2039790282209
 3700.0       1.2179344508157
 3800.0       1.2318485897319
 3900.0       1.2476206502496
 4000.0       1.2615728340918
 4100.0       1.2789360051215
 4200.0       1.2940092060905
 4300.0       1.3114326794471
 4400.0       1.3283101644163
 4500.0       1.3527405420918
 4600.0       1.3426396884155
 4700.0       1.4838619512717
 4800.0       1.1255112105946
 4900.0      74.3413673452522
 5000.0      -1.4389163715693
 5100.0       0.9365746630969
 5200.0       1.1021297100671
 5300.0       1.0554074236864
 5400.0       1.2171734388473
 5500.0       1.0809101716951
 5600.0       1.1553117140312
 5700.0       1.0477320525168
 5800.0       1.2344759150922
 5900.0       1.0274925760328
 6000.0       0.9022682143840
# P = 21.000000 (GPa)
    1.0      -0.7089563675886
  100.0       0.2448924557293
  200.0       0.4249941835830
  300.0       0.6423946525090
  400.0       0.7325307611059
  500.0       0.7957873672971
  600.0       0.8316192103553
  700.0       0.8579464859475
  800.0       0.8771856733887
  900.0       0.8927748733054
 1000.0       0.9058909298129
 1100.0       0.9174980228929
 1200.0       0.9280920960383
 1300.0       0.9380074990022
 1400.0       0.9475095956983
 1500.0       0.9567149159865
 1600.0       0.9657649226602
 1700.0       0.9747315941155
 1800.0       0.9836731524299
 1900.0       0.9926539221018
 2000.0       1.0016962207553
 2100.0       1.0108309469278
 2200.0       1.0200882341790
 2300.0       1.0294955102117
 2400.0       1.0390965277712
 2500.0       1.0488460668173
 2600.0       1.0587673241494
 2700.0       1.0690454258646
 2800.0       1.0793197208911
 2900.0       1.0901056669234
 3000.0       1.1010164377366
 3100.0       1.1121080449062
 3200.0       1.1237814088219
 3300.0       1.1352555669689
 3400.0       1.1478610595284
 3500.0       1.1598905828321
 3600.0       1.1729584651545
 3700.0       1.1861988499189
 3800.0       1.1993846826835
 3900.0       1.2143316376102
 4000.0       1.2275217195934
 4100.0       1.2439500427987
 4200.0       1.2581770708839
 4300.0       1.2746132466845
 4400.0       1.2905088327896
 4500.0       1.3135905099552
 4600.0       1.3037100439206
 4700.0       1.4377000042690
 4800.0       1.0956305739460
 4900.0      32.5624113952360
 5000.0      -1.5052681962588
 5100.0       0.9487920694012
 5200.0       1.1099297299858
 5300.0       1.0638392510742
 5400.0       1.2245262444039
 5500.0       1.0907753896626
 5600.0       1.1627406183459
 5700.0       1.0575279839194
 5800.0       1.2424174649240
 5900.0       1.0372454729731
 6000.0       0.9093556120521
# P = 22.000000 (GPa)
    1.0      -0.5776266141345
  100.0       0.2098006202978
  200.0       0.4000489295864
  300.0       0.6192643334854
  400.0       0.7114323477279
  500.0       0.7754685772356
  600.0       0.8117983209786
  700.0       0.8383301480259
  800.0       0.8576358832873
  900.0       0.8731895215041
 1000.0       0.8862063603980
 1100.0       0.8976649683403
 1200.0       0.9080736636614
 1300.0       0.9177758625619
 1400.0       0.9270411526174
 1500.0       0.9359889323579
 1600.0       0.9447630393114
 1700.0       0.9534380981201
 1800.0       0.9620718587893
 1900.0       0.9707294220013
 2000.0       0.9794347692034
 2100.0       0.9882175926308
 2200.0       0.9971082910099
 2300.0       1.0061340891309
 2400.0       1.0153376935199
 2500.0       1.0246756787241
 2600.0       1.0341698135142
 2700.0       1.0439993179516
 2800.0       1.0538161244349
 2900.0       1.0641162403078
 3000.0       1.0745280637393
 3100.0       1.0851044241706
 3200.0       1.0962285732645
 3300.0       1.1071516788834
 3400.0       1.1191501935567
 3500.0       1.1305859368119
 3600.0       1.1430032620879
 3700.0       1.1555749534605
 3800.0       1.1680800534744
 3900.0       1.1822550299981
 4000.0       1.1947380400523
 4100.0       1.2102936526277
 4200.0       1.2237361718193
 4300.0       1.2392595929048
 4400.0       1.2542454026418
 4500.0       1.2760822022397
 4600.0       1.2664132246274
 4700.0       1.3937044121302
 4800.0       1.0669406977171
 4900.0      20.5073898821073
 5000.0      -1.5801745984615
 5100.0       0.9601203567093
 5200.0       1.1164704283538
 5300.0       1.0712329266979
 5400.0       1.2302627346868
 5500.0       1.0996597551719
 5600.0       1.1685464741113
 5700.0       1.0663778409047
 5800.0       1.2485449861220
 5900.0       1.0459937058890
 6000.0       0.9160639184743
# P = 23.000000 (GPa)
    1.0      -0.4510405377711
  100.0       0.1753395311509
  200.0       0.3756042165112
  300.0       0.5966070524040
  400.0       0.6907737797645
  500.0       0.7555842142789
  600.0       0.7924098521508
  700.0       0.8191492127973
  800.0       0.8385272900221
  900.0       0.8540541807876
 1000.0       0.8669809140367
 1100.0       0.8783000949300
 1200.0       0.8885343397043
 1300.0       0.8980354193558
 1400.0       0.9070758717147
 1500.0       0.9157786275859
 1600.0       0.9242907055385
 1700.0       0.9326884095370
 1800.0       0.9410290386237
 1900.0       0.9493792000884
 2000.0       0.9577639723002
 2100.0       0.9662119967009
 2200.0       0.9747542845051
 2300.0       0.9834176000827
 2400.0       0.9922436208492
 2500.0       1.0011909998956
 2600.0       1.0102800050672
 2700.0       1.0196843071637
 2800.0       1.0290677604270
 2900.0       1.0389080268381
 3000.0       1.0488481971252
 3100.0       1.0589374260997
 3200.0       1.0695437600584
 3300.0       1.0799468442810
 3400.0       1.0913743064157
 3500.0       1.1022511348976
 3600.0       1.1140576431070
 3700.0       1.1260021261486
 3800.0       1.1378686971216
 3900.0       1.1513230560165
 4000.0       1.1631438864512
 4100.0       1.1778874514675
 4200.0       1.1905998723213
 4300.0       1.2052733744488
 4400.0       1.2194191299906
 4500.0       1.2401021856398
 4600.0       1.2306314116197
 4700.0       1.3517554085995
 4800.0       1.0391872452252
 4900.0      14.9587846674126
 5000.0      -1.6603483861356
 5100.0       0.9703701930590
 5200.0       1.1218228825254
 5300.0       1.0775604123986
 5400.0       1.2345621245317
 5500.0       1.1075626292782
 5600.0       1.1728413116082
 5700.0       1.0743703978469
 5800.0       1.2529380323479
 5900.0       1.0538491743037
 6000.0       0.9225293899575
# P = 24.000000 (GPa)
    1.0      -0.3290731525401
  100.0       0.1414946643454
  200.0       0.3516475350445
  300.0       0.5744114010962
  400.0       0.6705438494902
  500.0       0.7361215945479
  600.0       0.7734405509572
  700.0       0.8003903653589
  800.0       0.8198475253717
  900.0       0.8353554851658
 1000.0       0.8481996475779
 1100.0       0.8593884505671
 1200.0       0.8694591842259
 1300.0       0.8787704339450
 1400.0       0.8875966293190
 1500.0       0.8960667207495
 1600.0       0.9043299148210
 1700.0       0.9124634602841
 1800.0       0.9205249038664
 1900.0       0.9285824714762
 2000.0       0.9366622830532
 2100.0       0.9447914855430
 2200.0       0.9530022482026
 2300.0       0.9613210332519
 2400.0       0.9697880724802
 2500.0       0.9783643380683
 2600.0       0.9870688100192
 2700.0       0.9960695576029
 2800.0       1.0050423913858
 2900.0       1.0144466621429
 3000.0       1.0239407108653
 3100.0       1.0335689367394
 3200.0       1.0436863008870
 3300.0       1.0535984861438
 3400.0       1.0644874091228
 3500.0       1.0748377761170
 3600.0       1.0860697051956
 3700.0       1.0974244109253
 3800.0       1.1086925812773
 3900.0       1.1214703229896
 4000.0       1.1326729744730
 4100.0       1.1466567368683
 4200.0       1.1586882130630
 4300.0       1.1725724137255
 4400.0       1.1859344778646
 4500.0       1.2055480725126
 4600.0       1.1962687654003
 4700.0       1.3116822654495
 4800.0       1.0123067564944
 4900.0      11.8108065374861
 5000.0      -1.7429382182017
 5100.0       0.9794082737416
 5200.0       1.1260520400537
 5300.0       1.0828017805202
 5400.0       1.2376019721979
 5500.0       1.1144007453853
 5600.0       1.1758165480330
 5700.0       1.0814569461594
 5800.0       1.2557437419792
 5900.0       1.0608791908716
 6000.0       0.9288451057991
# P = 25.000000 (GPa)
    1.0      -0.2115953724480
  100.0       0.1082523017718
  200.0       0.3281673924585
  300.0       0.5526654774966
  400.0       0.6507302415512
  500.0       0.7170679934693
  600.0       0.7548778737574
  700.0       0.7820425306216
  800.0       0.8015846353318
  900.0       0.8170796008737
 1000.0       0.8298484226154
 1100.0       0.8409165862088
 1200.0       0.8508341855914
 1300.0       0.8599650836573
 1400.0       0.8685874300655
 1500.0       0.8768369903238
 1600.0       0.8848638116000
 1700.0       0.8927451416853
 1800.0       0.9005406086840
 1900.0       0.9083199977593
 2000.0       0.9161091232105
 2100.0       0.9239345230866
 2200.0       0.9318298978189
 2300.0       0.9398208827104
 2400.0       0.9479461812000
 2500.0       0.9561697694808
 2600.0       0.9645090431920
 2700.0       0.9731262834980
 2800.0       0.9817096037131
 2900.0       0.9907004820445
 3000.0       0.9997718136218
 3100.0       1.0089636088765
 3200.0       1.0186183508960
 3300.0       1.0280668456195
 3400.0       1.0384467361225
 3500.0       1.0483013653767
 3600.0       1.0589911570830
 3700.0       1.0697915589120
 3800.0       1.0804967837725
 3900.0       1.0926396724247
 4000.0       1.1032629944962
 4100.0       1.1165346837872
 4200.0       1.1279311758552
 4300.0       1.1410766158835
 4400.0       1.1537115710566
 4500.0       1.1723270442249
 4600.0       1.1632340222329
 4700.0       1.2733368065093
 4800.0       0.9862889006991
 4900.0       9.7700124030067
 5000.0      -1.8279894265422
 5100.0       0.9872368841526
 5200.0       1.1292174492591
 5300.0       1.0869564008586
 5400.0       1.2395280593980
 5500.0       1.1201146763772
 5600.0       1.1776462002399
 5700.0       1.0875331356309
 5800.0       1.2572019498498
 5900.0       1.0670120322230
 6000.0       0.9348950341950
# P = 26.000000 (GPa)
    1.0      -0.0985045392026
  100.0       0.0755991360184
  200.0       0.3051515303951
  300.0       0.5313567026402
  400.0       0.6313207967098
  500.0       0.6984120278296
  600.0       0.7367120345540
  700.0       0.7640946290275
  800.0       0.7837255908332
  900.0       0.7992131391506
 1000.0       0.8119150189452
 1100.0       0.8228720373860
 1200.0       0.8326449729175
 1300.0       0.8416042797069
 1400.0       0.8500337456071
 1500.0       0.8580744042543
 1600.0       0.8658757201241
 1700.0       0.8735161526666
 1800.0       0.8810587980799
 1900.0       0.8885735043984
 2000.0       0.8960848756537
 2100.0       0.9036209890032
 2200.0       0.9112162216587
 2300.0       0.9188949573799
 2400.0       0.9266948264281
 2500.0       0.9345829469486
 2600.0       0.9425750468621
 2700.0       0.9508276859412
 2800.0       0.9590411718865
 2900.0       0.9676396807397
 3000.0       0.9763100270571
 3100.0       0.9850883984812
 3200.0       0.9943047721331
 3300.0       1.0033149770125
 3400.0       1.0132133374466
 3500.0       1.0226002300362
 3600.0       1.0327783193923
 3700.0       1.0430565722518
 3800.0       1.0532319269793
 3900.0       1.0647776846465
 4000.0       1.0748572129106
 4100.0       1.0874612030532
 4200.0       1.0982627384151
 4300.0       1.1107183054482
 4400.0       1.1226734727500
 4500.0       1.1403569764910
 4600.0       1.1314490731871
 4700.0       1.2365840464399
 4800.0       0.9611187053103
 4900.0       8.3299132292888
 5000.0      -1.9164618256638
 5100.0       0.9939442322297
 5200.0       1.1313769933771
 5300.0       1.0900701189274
 5400.0       1.2404347541018
 5500.0       1.1246817350776
 5600.0       1.1784699937832
 5700.0       1.0925246021010
 5800.0       1.2575177080318
 5900.0       1.0721543884291
 6000.0       0.9403934712292
# P = 27.000000 (GPa)
    1.0       0.0103015429245
  100.0       0.0435221929810
  200.0       0.2825881971928
  300.0       0.5104733924863
  400.0       0.6123058813676
  500.0       0.6801447769722
  600.0       0.7189321907367
  700.0       0.7465343737242
  800.0       0.7662578227252
  900.0       0.7817450969148
 1000.0       0.7943882826095
 1100.0       0.8052415362229
 1200.0       0.8148774047870
 1300.0       0.8236745783001
 1400.0       0.8319221264469
 1500.0       0.8397639618892
 1600.0       0.8473494584384
 1700.0       0.8547607032698
 1800.0       0.8620632698144
 1900.0       0.8693250756000
 2000.0       0.8765711638988
 2100.0       0.8838319387208
 2200.0       0.8911415264653
 2300.0       0.8985221405713
 2400.0       0.9060120717306
 2500.0       0.9135812413946
 2600.0       0.9212427515174
 2700.0       0.9291485135559
 2800.0       0.9370107317312
 2900.0       0.9452365231954
 3000.0       0.9535259794019
 3100.0       0.9619124455537
 3200.0       0.9707132324935
 3300.0       0.9793084408505
 3400.0       0.9887510511851
 3500.0       0.9976956986919
 3600.0       1.0073907530543
 3700.0       1.0171758764308
 3800.0       1.0268523355211
 3900.0       1.0378350979914
 4000.0       1.0474043153380
 4100.0       1.0593800643921
 4200.0       1.0696243567297
 4300.0       1.0814331889643
 4400.0       1.0927529101690
 4500.0       1.1095645854564
 4600.0       1.1008372330252
 4700.0       1.2013156067446
 4800.0       0.9367704488679
 4900.0       7.2529941128819
 5000.0      -2.0094485465513
 5100.0       0.9996065022716
 5200.0       1.1325843075789
 5300.0       1.0922076730515
 5400.0       1.2403650339225
 5500.0       1.1281567831958
 5600.0       1.1783685152158
 5700.0       1.0964066660577
 5800.0       1.2568497083856
 5900.0       1.0762414641860
 6000.0       0.9451082393890
# P = 28.000000 (GPa)
    1.0       0.1149455634251
  100.0       0.0120085209361
  200.0       0.2604674888299
  300.0       0.4900066741396
  400.0       0.5936759556248
  500.0       0.6622550957271
  600.0       0.7015264817823
  700.0       0.7293500947826
  800.0       0.7491716910118
  900.0       0.7646654684611
 1000.0       0.7772558346023
 1100.0       0.7880117582591
 1200.0       0.7975189604258
 1300.0       0.8061641502950
 1400.0       0.8142390295534
 1500.0       0.8218905386460
 1600.0       0.8292703940026
 1700.0       0.8364643886751
 1800.0       0.8435380008554
 1900.0       0.8505575650631
 2000.0       0.8575509812885
 2100.0       0.8645497724179
 2200.0       0.8715866578160
 2300.0       0.8786825586392
 2400.0       0.8858775561814
 2500.0       0.8931431866765
 2600.0       0.9004894945623
 2700.0       0.9080651485730
 2800.0       0.9155934602748
 2900.0       0.9234647959607
 3000.0       0.9313923708084
 3100.0       0.9394069025491
 3200.0       0.9478133640417
 3300.0       0.9560151308855
 3400.0       0.9650260778241
 3500.0       0.9735521361572
 3600.0       0.9827906365962
 3700.0       0.9921094979211
 3800.0       1.0013156813859
 3900.0       1.0117672058275
 4000.0       1.0208561675919
 4100.0       1.0322408322245
 4200.0       1.0419616144399
 4300.0       1.0531635975766
 4400.0       1.0638881667477
 4500.0       1.0798818780722
 4600.0       1.0713325452131
 4700.0       1.1674358301676
 4800.0       0.9132060231667
 4900.0       6.4147943909947
 5000.0      -2.1080519816260
 5100.0       1.0042950596405
 5200.0       1.1328847703018
 5300.0       1.0934248571851
 5400.0       1.2393615904262
 5500.0       1.1306067045653
 5600.0       1.1773781214598
 5700.0       1.0992409803461
 5800.0       1.2552688313780
 5900.0       1.0792643548126
 6000.0       0.9488857581952
# P = 29.000000 (GPa)
    1.0       0.2155219902566
  100.0      -0.0189536653055
  200.0       0.2387788036189
  300.0       0.4699453910582
  400.0       0.5754198196466
  500.0       0.6447316524762
  600.0       0.6844850401683
  700.0       0.7125336574402
  800.0       0.7324575416445
  900.0       0.7479622271175
 1000.0       0.7605050715778
 1100.0       0.7711713899258
 1200.0       0.7805592460547
 1300.0       0.7890606156672
 1400.0       0.7969703542386
 1500.0       0.8044403926333
 1600.0       0.8116257140008
 1700.0       0.8186130240090
 1800.0       0.8254670641526
 1900.0       0.8322552223035
 2000.0       0.8390084613813
 2100.0       0.8457575834198
 2200.0       0.8525332546011
 2300.0       0.8593578689817
 2400.0       0.8662723210224
 2500.0       0.8732482750288
 2600.0       0.8802938659650
 2700.0       0.8875554616239
 2800.0       0.8947661809757
 2900.0       0.9022999209887
 3000.0       0.9098835363042
 3100.0       0.9175449069265
 3200.0       0.9255767660663
 3300.0       0.9334051354879
 3400.0       0.9420069896147
 3500.0       0.9501363743136
 3600.0       0.9589428398468
 3700.0       0.9678206507621
 3800.0       0.9765824943826
 3900.0       0.9865328546432
 4000.0       0.9951684313689
 4100.0       1.0059968018519
 4200.0       1.0152243571873
 4300.0       1.0258568700723
 4400.0       1.0360221582666
 4500.0       1.0512485365562
 4600.0       1.0428719409327
 4700.0       1.1348622558935
 4800.0       0.8903829412838
 4900.0       5.7439165069513
 5000.0      -2.2129479509657
 5100.0       1.0080540756715
 5200.0       1.1323250033401
 5300.0       1.0937716421715
 5400.0       1.2374598760124
 5500.0       1.1320956667368
 5600.0       1.1755316536110
 5700.0       1.1010929134616
 5800.0       1.2528069502464
 5900.0       1.0812853458676
 6000.0       0.9517437481959
# P = 30.000000 (GPa)
    1.0       0.3121188856376
  100.0      -0.0493757782073
  200.0       0.2175114545329
  300.0       0.4502785677732
  400.0       0.5575280584930
  500.0       0.6275668582020
  600.0       0.6678001345432
  700.0       0.6960749432457
  800.0       0.7161037257501
  900.0       0.7316236219050
 1000.0       0.7441263235183
 1100.0       0.7547112267277
 1200.0       0.7639864791627
 1300.0       0.7723506845167
 1400.0       0.7801032528206
 1500.0       0.7874022391130
 1600.0       0.7944027533785
 1700.0       0.8011917914956
 1800.0       0.8078355398377
 1900.0       0.8144039477243
 2000.0       0.8209286753902
 2100.0       0.8274385084381
 2200.0       0.8339644308282
 2300.0       0.8405308909785
 2400.0       0.8471780470462
 2500.0       0.8538769910942
 2600.0       0.8606359064899
 2700.0       0.8675987043600
 2800.0       0.8745068639039
 2900.0       0.8817189747207
 3000.0       0.8889753964551
 3100.0       0.8963011091288
 3200.0       0.9039767937035
 3300.0       0.9114506208144
 3400.0       0.9196645129215
 3500.0       0.9274175843631
 3600.0       0.9358144831560
 3700.0       0.9442750708086
 3800.0       0.9526164776125
 3900.0       0.9620931623792
 4000.0       0.9703006159057
 4100.0       0.9806044994709
 4200.0       0.9893673332212
 4300.0       0.9994638113074
 4400.0       1.0091037840561
 4500.0       1.0236080355688
 4600.0       1.0153999783837
 4700.0       1.1035179155915
 4800.0       0.8682633952124
 4900.0       5.1949061674002
 5000.0      -2.3247476886310
 5100.0       1.0109189384822
 5200.0       1.1309432541831
 5300.0       1.0932880008616
 5400.0       1.2347017117249
 5500.0       1.1326733056400
 5600.0       1.1728644149359
 5700.0       1.1020220497696
 5800.0       1.2494905508192
 5900.0       1.0823680427802
 6000.0       0.9537579444793
# P = 31.000000 (GPa)
    1.0       0.4048283831021
  100.0      -0.0792694435874
  200.0       0.1966565312782
  300.0       0.4309984555202
  400.0       0.5399932739959
  500.0       0.6107516811789
  600.0       0.6514609865152
  700.0       0.6799627336851
  800.0       0.7001001496262
  900.0       0.7156419422591
 1000.0       0.7281108301597
 1100.0       0.7386196202358
 1200.0       0.7477880663702
 1300.0       0.7560227476076
 1400.0       0.7636279635121
 1500.0       0.7707644498901
 1600.0       0.7775876217839
 1700.0       0.7841865566711
 1800.0       0.7906309376938
 1900.0       0.7969905485536
 2000.0       0.8032960691104
 2100.0       0.8095765236643
 2200.0       0.8158646537885
 2300.0       0.8221855645169
 2400.0       0.8285769950071
 2500.0       0.8350108158325
 2600.0       0.8414970074285
 2700.0       0.8481755443412
 2800.0       0.8547945795266
 2900.0       0.8617002632423
 3000.0       0.8686454630977
 3100.0       0.8756518942482
 3200.0       0.8829885378477
 3300.0       0.8901255822009
 3400.0       0.8979710640875
 3500.0       0.9053668220865
 3600.0       0.9133753926728
 3700.0       0.9214406915488
 3800.0       0.9293837661972
 3900.0       0.9384124538931
 4000.0       0.9462153825211
 4100.0       0.9560236794544
 4200.0       0.9643485195268
 4300.0       0.9739392578363
 4400.0       0.9830855730238
 4500.0       0.9969087379837
 4600.0       0.9888650436885
 4700.0       1.0733329558945
 4800.0       0.8468138274454
 4900.0       4.7373549484815
 5000.0      -2.4441673890665
 5100.0       1.0129199436707
 5200.0       1.1287766187178
 5300.0       1.0920098485287
 5400.0       1.2311257396405
 5500.0       1.1323818294852
 5600.0       1.1694108796480
 5700.0       1.1020775428194
 5800.0       1.2453522291479
 5900.0       1.0825654871827
 6000.0       0.9549914949672
# P = 32.000000 (GPa)
    1.0       0.4937498061629
  100.0      -0.1086456358112
  200.0       0.1762045384166
  300.0       0.4120951281363
  400.0       0.5228050425476
  500.0       0.5942754549347
  600.0       0.6354581446656
  700.0       0.6641897154567
  800.0       0.6844400325594
  900.0       0.7000077030579
 1000.0       0.7124468673266
 1100.0       0.7228848616413
 1200.0       0.7319543457158
 1300.0       0.7400682846111
 1400.0       0.7475332411351
 1500.0       0.7545138175213
 1600.0       0.7611672369960
 1700.0       0.7675863277119
 1800.0       0.7738414360449
 1900.0       0.7800006394779
 2000.0       0.7860955757624
 2100.0       0.7921575317914
 2200.0       0.7982198752182
 2300.0       0.8043058178223
 2400.0       0.8104519392741
 2500.0       0.8166331158098
 2600.0       0.8228600089246
 2700.0       0.8292668706996
 2800.0       0.8356095192598
 2900.0       0.8422235349155
 3000.0       0.8488728456019
 3100.0       0.8555747418992
 3200.0       0.8625886143101
 3300.0       0.8694056296417
 3400.0       0.8769009960388
 3500.0       0.8839571224357
 3600.0       0.8915970574282
 3700.0       0.8992876659069
 3800.0       0.9068530687019
 3900.0       0.9154574552031
 4000.0       0.9228778450583
 4100.0       0.9322171827095
 4200.0       0.9401287428963
 4300.0       0.9492419225165
 4400.0       0.9579231847004
 4500.0       0.9711041697215
 4600.0       0.9632195501623
 4700.0       1.0442438001373
 4800.0       0.8260034972484
 4900.0       4.3501574038794
 5000.0      -2.5720375963023
 5100.0       1.0140860952052
 5200.0       1.1258604007545
 5300.0       1.0899677271661
 5400.0       1.2267724415870
 5500.0       1.1312536463975
 5600.0       1.1652094820043
 5700.0       1.1012960366415
 5800.0       1.2404251409262
 5900.0       1.0819247127969
 6000.0       0.9554998805623
# P = 33.000000 (GPa)
    1.0       0.5789762361253
  100.0      -0.1375146770634
  200.0       0.1561459293369
  300.0       0.3935589620560
  400.0       0.5059552487752
  500.0       0.5781317672320
  600.0       0.6197855885686
  700.0       0.6487477036571
  800.0       0.6691127677522
  900.0       0.6847096226072
 1000.0       0.6971245759285
 1100.0       0.7074995858573
 1200.0       0.7164770444647
 1300.0       0.7244759399602
 1400.0       0.7318064640670
 1500.0       0.7386386052475
 1600.0       0.7451321896998
 1700.0       0.7513803540177
 1800.0       0.7574534552950
 1900.0       0.7634199962474
 2000.0       0.7693145784298
 2100.0       0.7751692407885
 2200.0       0.7810154100165
 2300.0       0.7868756223058
 2400.0       0.7927873451596
 2500.0       0.7987286127864
 2600.0       0.8047079750317
 2700.0       0.8108543774105
 2800.0       0.8169333883763
 2900.0       0.8232701426161
 3000.0       0.8296374508358
 3100.0       0.8360483145138
 3200.0       0.8427550309706
 3300.0       0.8492680743237
 3400.0       0.8564299823250
 3500.0       0.8631631658677
 3600.0       0.8704530820193
 3700.0       0.8777881592287
 3800.0       0.8849950052306
 3900.0       0.8931970984762
 4000.0       0.9002555392234
 4100.0       0.9091507139417
 4200.0       0.9166716367476
 4300.0       0.9253336585471
 4400.0       0.9335761534894
 4500.0       0.9461508718140
 4600.0       0.9384199988290
 4700.0       1.0161907855440
 4800.0       0.8058064765731
 4900.0       4.0180791562615
 5000.0      -2.7093904144325
 5100.0       1.0144462454344
 5200.0       1.1222254590930
 5300.0       1.0871927173350
 5400.0       1.2216769386652
 5500.0       1.1293202708504
 5600.0       1.1602965360490
 5700.0       1.0997069351772
 5800.0       1.2347498918654
 5900.0       1.0804784502692
 6000.0       0.9553064531789
# P = 34.000000 (GPa)
    1.0       0.6605855830881
  100.0      -0.1658873162057
  200.0       0.1364727772823
  300.0       0.3753832094980
  400.0       0.4894372796006
  500.0       0.5623123146958
  600.0       0.6044331479664
  700.0       0.6336261456185
  800.0       0.6541090538158
  900.0       0.6697408860892
 1000.0       0.6821376407460
 1100.0       0.6924544149324
 1200.0       0.7013445296195
 1300.0       0.7092339424256
 1400.0       0.7164382121884
 1500.0       0.7231309178930
 1600.0       0.7294717632149
 1700.0       0.7355555160103
 1800.0       0.7414537996485
 1900.0       0.7472375737233
 2000.0       0.7529422019495
 2100.0       0.7585979754967
 2200.0       0.7642361704559
 2300.0       0.7698805264834
 2400.0       0.7755698501904
 2500.0       0.7812821703958
 2600.0       0.7870238779301
 2700.0       0.7929210629670
 2800.0       0.7987496271364
 2900.0       0.8048223741501
 3000.0       0.8109195979861
 3100.0       0.8170527378402
 3200.0       0.8234675637459
 3300.0       0.8296914385370
 3400.0       0.8365351270682
 3500.0       0.8429612072338
 3600.0       0.8499189003261
 3700.0       0.8569159108338
 3800.0       0.8637821796451
 3900.0       0.8716026711787
 4000.0       0.8783182435669
 4100.0       0.8867922362672
 4200.0       0.8939435304193
 4300.0       0.9021791598699
 4400.0       0.9100067543999
 4500.0       0.9220084813922
 4600.0       0.9144266248664
 4700.0       0.9891188673368
 4800.0       0.7861996812687
 4900.0       3.7299131409196
 5000.0      -2.8575746520510
 5100.0       1.0140292727569
 5200.0       1.1179014096291
 5300.0       1.0837135243955
 5400.0       1.2158708819612
 5500.0       1.1266125606617
 5600.0       1.1547032189824
 5700.0       1.0973404187458
 5800.0       1.2283615093500
 5900.0       1.0782536944441
 6000.0       0.9544381088400
# P = 35.000000 (GPa)
    1.0       0.7386535160336
  100.0      -0.1937729463011
  200.0       0.1171763234129
  300.0       0.3575582300737
  400.0       0.4732412650322
  500.0       0.5468075754697
  600.0       0.5893929881472
  700.0       0.6188193347228
  800.0       0.6394234516421
  900.0       0.6550934092434
 1000.0       0.6674752988706
 1100.0       0.6777381915260
 1200.0       0.6865473871957
 1300.0       0.6943354782272
 1400.0       0.7014205706068
 1500.0       0.7079795044458
 1600.0       0.7141733958552
 1700.0       0.7200999778788
 1800.0       0.7258333708046
 1900.0       0.7314434070274
 2000.0       0.7369652668580
 2100.0       0.7424295189804
 2200.0       0.7478690467664
 2300.0       0.7533089394765
 2400.0       0.7587857984417
 2500.0       0.7642780143299
 2600.0       0.7697918073966
 2700.0       0.7754522068411
 2800.0       0.7810425525603
 2900.0       0.7868622650105
 3000.0       0.7927007798053
 3100.0       0.7985699204232
 3200.0       0.8047073637199
 3300.0       0.8106548467359
 3400.0       0.8171949200112
 3500.0       0.8233292814511
 3600.0       0.8299712719132
 3700.0       0.8366462179909
 3800.0       0.8431889756366
 3900.0       0.8506473535810
 4000.0       0.8570375713118
 4100.0       0.8651119499265
 4200.0       0.8719131797552
 4300.0       0.8797452588850
 4400.0       0.8871803119352
 4500.0       0.8986397325116
 4600.0       0.8912027128562
 4700.0       0.9629777149677
 4800.0       0.7671609615722
 4900.0       3.4773132565604
 5000.0      -3.0182173592563
 5100.0       1.0128630170140
 5200.0       1.1129160822986
 5300.0       1.0795570535052
 5400.0       1.2093844439580
 5500.0       1.1231588722215
 5600.0       1.1484595781066
 5700.0       1.0942243259420
 5800.0       1.2212919190704
 5900.0       1.0752802266559
 6000.0       0.9529073936407
# P = 36.000000 (GPa)
    1.0       0.8132581861795
  100.0      -0.2211810925548
  200.0       0.0982484464704
  300.0       0.3400765785021
  400.0       0.4573614367317
  500.0       0.5316127653054
  600.0       0.5746595207513
  700.0       0.6043191183812
  800.0       0.6250456798416
  900.0       0.6407567257158
 1000.0       0.6531289666575
 1100.0       0.6633449196637
 1200.0       0.6720794303421
 1300.0       0.6797711085344
 1400.0       0.6867417425119
 1500.0       0.6931727396767
 1600.0       0.6992279700585
 1700.0       0.7050063633044
 1800.0       0.7105819330875
 1900.0       0.7160245182240
 2000.0       0.7213704114461
 2100.0       0.7266526701783
 2200.0       0.7319041074323
 2300.0       0.7371479583009
 2400.0       0.7424203341965
 2500.0       0.7477012312290
 2600.0       0.7529987829162
 2700.0       0.7584339719295
 2800.0       0.7637956535103
 2900.0       0.7693725075606
 3000.0       0.7749647501579
 3100.0       0.7805832697199
 3200.0       0.7864555226560
 3300.0       0.7921383748391
 3400.0       0.7983895587379
 3500.0       0.8042471006704
 3600.0       0.8105879474050
 3700.0       0.8169558902816
 3800.0       0.8231914573552
 3900.0       0.8303060951791
 4000.0       0.8363870987528
 4100.0       0.8440819282582
 4200.0       0.8505514256046
 4300.0       0.8580013635783
 4400.0       0.8650644655323
 4500.0       0.8760099657188
 4600.0       0.8687139238250
 4700.0       0.9377211869264
 4800.0       0.7486695117828
 4900.0       3.2539359146672
 5000.0      -3.1932806340322
 5100.0       1.0109737441551
 5200.0       1.1072951110727
 5300.0       1.0747492653713
 5400.0       1.2022449196561
 5500.0       1.1189868259022
 5600.0       1.1415929403133
 5700.0       1.0903851370083
 5800.0       1.2135711159571
 5900.0       1.0715848053747
 6000.0       0.9507281385655
# P = 37.000000 (GPa)
    1.0       0.8844781897880
  100.0      -0.2481217705300
  200.0       0.0796816990961
  300.0       0.3229312755556
  400.0       0.4417901895279
  500.0       0.5167187520087
  600.0       0.5602228658573
  700.0       0.5901163198116
  800.0       0.6109688231185
  900.0       0.6267261181662
 1000.0       0.6390931806662
 1100.0       0.6492659532217
 1200.0       0.6579296635872
 1300.0       0.6655297781451
 1400.0       0.6723930591380
 1500.0       0.6787043938864
 1600.0       0.6846277259111
 1700.0       0.6902634765765
 1800.0       0.6956868216771
 1900.0       0.7009691838015
 2000.0       0.7061489904562
 2100.0       0.7112581424498
 2200.0       0.7163285526526
 2300.0       0.7213834964296
 2400.0       0.7264599234359
 2500.0       0.7315407667809
 2600.0       0.7366322841969
 2700.0       0.7418509252177
 2800.0       0.7469927831572
 2900.0       0.7523383026412
 3000.0       0.7576969657533
 3100.0       0.7630757728975
 3200.0       0.7686936348688
 3300.0       0.7741240337754
 3400.0       0.7801010268521
 3500.0       0.7856948085967
 3600.0       0.7917477472858
 3700.0       0.7978234618258
 3800.0       0.8037675357671
 3900.0       0.8105551554346
 4000.0       0.8163417211329
 4100.0       0.8236761839959
 4200.0       0.8298313818993
 4300.0       0.8369185488586
 4400.0       0.8436290656579
 4500.0       0.8540871895668
 4600.0       0.8469285361956
 4700.0       0.9133065763998
 4800.0       0.7307056145688
 4900.0       3.0548730776901
 5000.0      -3.3851537414048
 5100.0       1.0083862053969
 5200.0       1.1010626005463
 5300.0       1.0693143839256
 5400.0       1.1944773897468
 5500.0       1.1141230358750
 5600.0       1.1341277958270
 5700.0       1.0858493512659
 5800.0       1.2052258803383
 5900.0       1.0671921823070
 6000.0       0.9479206060047
# P = 38.000000 (GPa)
    1.0       0.9523812572350
  100.0      -0.2746029392494
  200.0       0.0614680897970
  300.0       0.3061136332395
  400.0       0.4265194477416
  500.0       0.5021189417414
  600.0       0.5460783633631
  700.0       0.5762069549937
  800.0       0.5971870958367
  900.0       0.6129927391795
 1000.0       0.6253573867546
 1100.0       0.6354912472728
 1200.0       0.6440905757854
 1300.0       0.6516063198765
 1400.0       0.6583682241496
 1500.0       0.6645645895752
 1600.0       0.6703607801390
 1700.0       0.6758599207089
 1800.0       0.6811395011482
 1900.0       0.6862704887697
 2000.0       0.6912910384522
 2100.0       0.6962330678838
 2200.0       0.7011290584845
 2300.0       0.7060042118373
 2400.0       0.7108952670532
 2500.0       0.7157846581216
 2600.0       0.7206776814421
 2700.0       0.7256879846606
 2800.0       0.7306208317183
 2900.0       0.7357469660448
 3000.0       0.7408818139607
 3100.0       0.7460303214536
 3200.0       0.7514048621364
 3300.0       0.7565960471710
 3400.0       0.7623119180789
 3500.0       0.7676529634577
 3600.0       0.7734308486014
 3700.0       0.7792291200273
 3800.0       0.7848964274954
 3900.0       0.7913719171157
 4000.0       0.7968780893462
 4100.0       0.8038706016483
 4200.0       0.8097276043812
 4300.0       0.8164698035846
 4400.0       0.8228460694489
 4500.0       0.8328416989326
 4600.0       0.8258167038048
 4700.0       0.8896943428270
 4800.0       0.7132512982030
 4900.0       2.8762602105008
 5000.0      -3.5967805489845
 5100.0       1.0051235985997
 5200.0       1.0942410382974
 5300.0       1.0632751078433
 5400.0       1.1861053875595
 5500.0       1.1085924213750
 5600.0       1.1260871536235
 5700.0       1.0806419321388
 5800.0       1.1962805547035
 5900.0       1.0621271813680
 6000.0       0.9445062303048
# P = 39.000000 (GPa)
    1.0       1.0170425308813
  100.0      -0.3006345660377
  200.0       0.0436006885347
  300.0       0.2896181912169
  400.0       0.4115445541092
  500.0       0.4878078337450
  600.0       0.5322183980514
  700.0       0.5625815139238
  800.0       0.5836907171232
  900.0       0.5995483007630
 1000.0       0.6119161044078
 1100.0       0.6220167859025
 1200.0       0.6305561180379
 1300.0       0.6379913371341
 1400.0       0.6446559517539
 1500.0       0.6507427591216
 1600.0       0.6564194315352
 1700.0       0.6617900553798
 1800.0       0.6669321708463
 1900.0       0.6719170093004
 2000.0       0.6767837509074
 2100.0       0.6815660617434
 2200.0       0.6862973394595
 2300.0       0.6910014722312
 2400.0       0.6957141396984
 2500.0       0.7004187203817
 2600.0       0.7051212054399
 2700.0       0.7099341786391
 2800.0       0.7146684450292
 2900.0       0.7195838109138
 3000.0       0.7245032820566
 3100.0       0.7294314280884
 3200.0       0.7345755483060
 3300.0       0.7395388551718
 3400.0       0.7450041402785
 3500.0       0.7501030465554
 3600.0       0.7556196930002
 3700.0       0.7611546937429
 3800.0       0.7665575191881
 3900.0       0.7727347241763
 4000.0       0.7779748487517
 4100.0       0.7846429041938
 4200.0       0.7902158326911
 4300.0       0.7966299159801
 4400.0       0.8026893030104
 4500.0       0.8122457026725
 4600.0       0.8053507272240
 4700.0       0.8668476417469
 4800.0       0.6962896932099
 4900.0       2.7149980291847
 5000.0      -3.8318807926700
 5100.0       1.0012079740624
 5200.0       1.0868516848244
 5300.0       1.0566526599381
 5400.0       1.1771513372106
 5500.0       1.1024182337149
 5600.0       1.1174925205476
 5700.0       1.0747864934987
 5800.0       1.1867580001212
 5900.0       1.0564135598992
 6000.0       0.9405040102562
# P = 40.000000 (GPa)
    1.0       1.0785257827327
  100.0      -0.3262237840893
  200.0       0.0260722584520
  300.0       0.2734366555735
  400.0       0.3968568475831
  500.0       0.4737768241419
  600.0       0.5186356163069
  700.0       0.5492347971070
  800.0       0.5704761159911
  900.0       0.5863887448087
 1000.0       0.5987624683979
 1100.0       0.6088327587023
 1200.0       0.6173157050751
 1300.0       0.6246758311792
 1400.0       0.6312501552381
 1500.0       0.6372342741796
 1600.0       0.6427968070873
 1700.0       0.6480433737337
 1800.0       0.6530528228978
 1900.0       0.6578978572281
 2000.0       0.6626194943123
 2100.0       0.6672506193010
 2200.0       0.6718235378944
 2300.0       0.6763624562038
 2400.0       0.6809031292159
 2500.0       0.6854316495534
 2600.0       0.6899541202740
 2700.0       0.6945784535500
 2800.0       0.6991213431013
 2900.0       0.7038337197625
 3000.0       0.7085476439400
 3100.0       0.7132673666976
 3200.0       0.7181914028858
 3300.0       0.7229356983440
 3400.0       0.7281604287306
 3500.0       0.7330293747414
 3600.0       0.7382983580481
 3700.0       0.7435815839377
 3800.0       0.7487310206639
 3900.0       0.7546241127871
 4000.0       0.7596123948634
 4100.0       0.7659714055956
 4200.0       0.7712731066234
 4300.0       0.7773753460023
 4400.0       0.7831346656800
 4500.0       0.7922731297181
 4600.0       0.7855042966800
 4700.0       0.8447323592918
 4800.0       0.6798052847490
 4900.0       2.5685871148530
 5000.0      -4.0952034311260
 5100.0       0.9966606715067
 5200.0       1.0789144478280
 5300.0       1.0494672025722
 5400.0       1.1676360279624
 5500.0       1.0956222828401
 5600.0       1.1083644971319
 5700.0       1.0683049634545
 5800.0       1.1766793861331
 5900.0       1.0500740578528
 6000.0       0.9359312435966
