# V (a.u.^3)  Helmholtz Free Energy (Ry.)
# T= 0.000000 K
 188.6160     -0.866250999
 178.0210     -0.877106688
 167.8990     -0.882367185
 162.9050     -0.882878497
 158.1140     -0.881420893
 153.3900     -0.878057564
 148.7330     -0.872307916
 144.1450     -0.864180186
 139.6910     -0.853074465
 135.3720     -0.839116202
 131.0530     -0.821563889
 126.8690     -0.800495582
 122.7520     -0.775054826
 118.7710     -0.745468057
 114.8570     -0.710645470
# T= 100.000000 K
 188.6160     -0.866532101
 178.0210     -0.877352159
 167.8990     -0.882516670
 162.9050     -0.883032022
 158.1140     -0.881562650
 153.3900     -0.878205658
 148.7330     -0.872449223
 144.1450     -0.864329372
 139.6910     -0.853220161
 135.3720     -0.839274359
 131.0530     -0.821726696
 126.8690     -0.800677621
 122.7520     -0.775244271
 118.7710     -0.745707755
 114.8570     -0.710919741
# T= 200.000000 K
 188.6160     -0.868048634
 178.0210     -0.878724347
 167.8990     -0.883563715
 162.9050     -0.884075994
 158.1140     -0.882548030
 153.3900     -0.879197785
 148.7330     -0.873402336
 144.1450     -0.865294431
 139.6910     -0.854159689
 135.3720     -0.840240292
 131.0530     -0.822692527
 126.8690     -0.801686929
 122.7520     -0.776259919
 118.7710     -0.746833750
 114.8570     -0.712104483
# T= 300.000000 K
 188.6160     -0.870820770
 178.0210     -0.881280500
 167.8990     -0.885685919
 162.9050     -0.886170073
 158.1140     -0.884544730
 153.3900     -0.881178924
 148.7330     -0.875311909
 144.1450     -0.867194321
 139.6910     -0.856006515
 135.3720     -0.842096497
 131.0530     -0.824527065
 126.8690     -0.803552032
 122.7520     -0.778110643
 118.7710     -0.748791111
 114.8570     -0.714105434
# T= 400.000000 K
 188.6160     -0.874630971
 178.0210     -0.884839467
 167.8990     -0.888760080
 162.9050     -0.889198816
 158.1140     -0.887453612
 153.3900     -0.884054585
 148.7330     -0.878094649
 144.1450     -0.869947643
 139.6910     -0.858686780
 135.3720     -0.844767295
 131.0530     -0.827156964
 126.8690     -0.806194826
 122.7520     -0.780718369
 118.7710     -0.751491742
 114.8570     -0.716829652
# T= 500.000000 K
 188.6160     -0.879288696
 178.0210     -0.889228192
 167.8990     -0.892638496
 162.9050     -0.893021957
 158.1140     -0.891144585
 153.3900     -0.887701816
 148.7330     -0.881636510
 144.1450     -0.873447236
 139.6910     -0.862101372
 135.3720     -0.848159298
 131.0530     -0.830495306
 126.8690     -0.809532988
 122.7520     -0.784006702
 118.7710     -0.754861530
 114.8570     -0.720206630
# T= 600.000000 K
 188.6160     -0.884652488
 178.0210     -0.894313129
 167.8990     -0.897199054
 162.9050     -0.897521421
 158.1140     -0.895504771
 153.3900     -0.892011985
 148.7330     -0.885833856
 144.1450     -0.877594100
 139.6910     -0.866156227
 135.3720     -0.852182939
 131.0530     -0.834457232
 126.8690     -0.813485989
 122.7520     -0.787900128
 118.7710     -0.758828452
 114.8570     -0.724168721
# T= 700.000000 K
 188.6160     -0.890617920
 178.0210     -0.899993755
 167.8990     -0.902346874
 162.9050     -0.902604487
 158.1140     -0.900444171
 153.3900     -0.896897449
 148.7330     -0.890601781
 144.1450     -0.882306070
 139.6910     -0.870771973
 135.3720     -0.856761656
 131.0530     -0.838969064
 126.8690     -0.817983028
 122.7520     -0.792331132
 118.7710     -0.763327580
 114.8570     -0.728654271
# T= 800.000000 K
 188.6160     -0.897106054
 178.0210     -0.906193236
 167.8990     -0.908008170
 162.9050     -0.908198590
 158.1140     -0.905891735
 153.3900     -0.902288509
 148.7330     -0.895872155
 144.1450     -0.887516656
 139.6910     -0.875883729
 135.3720     -0.861832306
 131.0530     -0.843969402
 126.8690     -0.822964524
 122.7520     -0.797242205
 118.7710     -0.768303111
 114.8570     -0.733609713
# T= 900.000000 K
 188.6160     -0.904055587
 178.0210     -0.912851498
 167.8990     -0.914124636
 162.9050     -0.914246154
 158.1140     -0.911790790
 153.3900     -0.908129305
 148.7330     -0.901590067
 144.1450     -0.893171975
 139.6910     -0.881438574
 135.3720     -0.867343067
 131.0530     -0.849407507
 126.8690     -0.828380903
 122.7520     -0.802585092
 118.7710     -0.773707907
 114.8570     -0.738989429
# T= 1000.000000 K
 188.6160     -0.911417737
 178.0210     -0.919920516
 167.8990     -0.920649336
 162.9050     -0.920700706
 158.1140     -0.918095427
 153.3900     -0.914374441
 148.7330     -0.907710725
 144.1450     -0.899227903
 139.6910     -0.887392983
 135.3720     -0.873251138
 131.0530     -0.855241277
 126.8690     -0.834190832
 122.7520     -0.808319322
 118.7710     -0.779502239
 114.8570     -0.744754737
# T= 1100.000000 K
 188.6160     -0.919152851
 178.0210     -0.927361130
 167.8990     -0.927543814
 162.9050     -0.927524097
 158.1140     -0.924767868
 153.3900     -0.920986475
 148.7330     -0.914197087
 144.1450     -0.905647855
 139.6910     -0.893710757
 135.3720     -0.879520816
 131.0530     -0.861435472
 126.8690     -0.840359588
 122.7520     -0.814410759
 118.7710     -0.785652471
 114.8570     -0.750872748
# T= 1200.000000 K
 188.6160     -0.927228109
 178.0210     -0.935140853
 167.8990     -0.934776061
 162.9050     -0.934684527
 158.1140     -0.931776564
 153.3900     -0.927934089
 148.7330     -0.921018108
 144.1450     -0.912401109
 139.6910     -0.900361429
 135.3720     -0.886121982
 131.0530     -0.867960290
 126.8690     -0.846857735
 122.7520     -0.820830372
 118.7710     -0.792129922
 114.8570     -0.757315325
# T= 1300.000000 K
 188.6160     -0.935615927
 178.0210     -0.943232335
 167.8990     -0.942319053
 162.9050     -0.942155123
 158.1140     -0.939094819
 153.3900     -0.935190750
 148.7330     -0.928147450
 144.1450     -0.919461561
 139.6910     -0.907319069
 135.3720     -0.893028961
 131.0530     -0.874790278
 126.8690     -0.853660083
 122.7520     -0.827553255
 118.7710     -0.798909935
 114.8570     -0.764058217
# T= 1400.000000 K
 188.6160     -0.944292809
 178.0210     -0.951612248
 167.8990     -0.950149701
 162.9050     -0.949912903
 158.1140     -0.946699781
 153.3900     -0.942733719
 148.7330     -0.935562519
 144.1450     -0.926806791
 139.6910     -0.914561377
 135.3720     -0.900219639
 131.0530     -0.881903486
 126.8690     -0.860744871
 122.7520     -0.834557861
 118.7710     -0.805971140
 114.8570     -0.771080368
# T= 1500.000000 K
 188.6160     -0.953238511
 178.0210     -0.960260473
 167.8990     -0.958248058
 162.9050     -0.957938003
 158.1140     -0.954571678
 153.3900     -0.950543313
 148.7330     -0.943243735
 144.1450     -0.934417354
 139.6910     -0.922068993
 135.3720     -0.907674804
 131.0530     -0.889280818
 126.8690     -0.868093148
 122.7520     -0.841825392
 118.7710     -0.813294874
 114.8570     -0.778363355
# T= 1600.000000 K
 188.6160     -0.962435418
 178.0210     -0.969159488
 167.8990     -0.966596729
 162.9050     -0.966213091
 158.1140     -0.962693253
 153.3900     -0.958602337
 148.7330     -0.951173984
 144.1450     -0.942276241
 139.6910     -0.929824969
 135.3720     -0.915377618
 131.0530     -0.896905524
 126.8690     -0.875688274
 122.7520     -0.849339327
 118.7710     -0.820864714
 114.8570     -0.785890951
# T= 1700.000000 K
 188.6160     -0.971868064
 178.0210     -0.978293900
 167.8990     -0.975180420
 162.9050     -0.974722920
 158.1140     -0.971049311
 153.3900     -0.966895646
 148.7330     -0.959338186
 144.1450     -0.950368455
 139.6910     -0.937814349
 135.3720     -0.923313216
 131.0530     -0.904762806
 126.8690     -0.883515537
 122.7520     -0.857085043
 118.7710     -0.828666114
 114.8570     -0.793648766
# T= 1800.000000 K
 188.6160     -0.981522764
 178.0210     -0.987650079
 167.8990     -0.983985577
 162.9050     -0.983453977
 158.1140     -0.979626383
 153.3900     -0.975409809
 148.7330     -0.967722957
 144.1450     -0.958680681
 139.6910     -0.946023851
 135.3720     -0.931468385
 131.0530     -0.912839503
 126.8690     -0.891561844
 122.7520     -0.865049516
 118.7710     -0.836686108
 114.8570     -0.801623963
# T= 1900.000000 K
 188.6160     -0.991387326
 178.0210     -0.997215879
 167.8990     -0.993000114
 162.9050     -0.992394204
 158.1140     -0.988412445
 153.3900     -0.984132833
 148.7330     -0.976316345
 144.1450     -0.967201020
 139.6910     -0.954441597
 135.3720     -0.939831309
 131.0530     -0.921123839
 126.8690     -0.899815471
 122.7520     -0.873221080
 118.7710     -0.844913073
 114.8570     -0.809805029
# T= 2000.000000 K
 188.6160     -1.001450823
 178.0210     -1.006980407
 167.8990     -1.002213184
 162.9050     -1.001532781
 158.1140     -0.997396704
 153.3900     -0.993053947
 148.7330     -0.985107610
 144.1450     -0.975918781
 139.6910     -0.963056913
 135.3720     -0.948391360
 131.0530     -0.929605216
 126.8690     -0.908265865
 122.7520     -0.881589224
 118.7710     -0.853336537
 114.8570     -0.818181580
# T= 2100.000000 K
 188.6160     -1.011703400
 178.0210     -1.016933839
 167.8990     -1.011615001
 162.9050     -1.010859941
 158.1140     -1.006569417
 153.3900     -1.002163427
 148.7330     -0.994087055
 144.1450     -0.984824305
 139.6910     -0.971860151
 135.3720     -0.957138931
 131.0530     -0.938274053
 126.8690     -0.916903481
 122.7520     -0.890144439
 118.7710     -0.861947016
 114.8570     -0.826744210
# T= 2200.000000 K
 188.6160     -1.022136133
 178.0210     -1.027067273
 167.8990     -1.021196692
 162.9050     -1.020366830
 158.1140     -1.015921746
 153.3900     -1.011452453
 148.7330     -1.003245881
 144.1450     -0.993908825
 139.6910     -0.980842552
 135.3720     -0.966065298
 131.0530     -0.947121646
 126.8690     -0.925719643
 122.7520     -0.898878078
 118.7710     -0.870735886
 114.8570     -0.835484363
# T= 2300.000000 K
 188.6160     -1.032740896
 178.0210     -1.037372604
 167.8990     -1.030950177
 162.9050     -1.030045382
 158.1140     -1.025445640
 153.3900     -1.020912985
 148.7330     -1.012576066
 144.1450     -1.003164350
 139.6910     -0.989996129
 135.3720     -0.975162503
 131.0530     -0.956140052
 126.8690     -0.934706435
 122.7520     -0.907782246
 118.7710     -0.879695271
 114.8570     -0.844394221
# T= 2400.000000 K
 188.6160     -1.043510262
 178.0210     -1.047842421
 167.8990     -1.040868067
 162.9050     -1.039888220
 158.1140     -1.035133735
 153.3900     -1.030537670
 148.7330     -1.022070273
 144.1450     -1.012583565
 139.6910     -0.999313571
 135.3720     -0.984423261
 131.0530     -0.965322000
 126.8690     -0.943856604
 122.7520     -0.916849712
 118.7710     -0.888817954
 114.8570     -0.853466616
# T= 2500.000000 K
 188.6160     -1.054437419
 178.0210     -1.058469926
 167.8990     -1.050943579
 162.9050     -1.049888571
 158.1140     -1.044979269
 153.3900     -1.040319754
 148.7330     -1.031721760
 144.1450     -1.022159751
 139.6910     -1.008788162
 135.3720     -0.993840877
 131.0530     -0.974660805
 126.8690     -0.953163484
 122.7520     -0.926073825
 118.7710     -0.898097295
 114.8570     -0.862694953
# T= 2600.000000 K
 188.6160     -1.065516093
 178.0210     -1.069248856
 167.8990     -1.061170464
 162.9050     -1.060040197
 158.1140     -1.054976012
 153.3900     -1.050253014
 148.7330     -1.041524316
 144.1450     -1.031886717
 139.6910     -1.018413709
 135.3720     -1.003409177
 131.0530     -0.984150301
 126.8690     -0.962620924
 122.7520     -0.935448447
 118.7710     -0.907527166
 114.8570     -0.872073145
# T= 2700.000000 K
 188.6160     -1.076740489
 178.0210     -1.080173427
 167.8990     -1.071542950
 162.9050     -1.070337331
 158.1140     -1.065118205
 153.3900     -1.060331698
 148.7330     -1.051472199
 144.1450     -1.041758735
 139.6910     -1.028184486
 135.3720     -1.013122454
 131.0530     -0.993784788
 126.8690     -0.972223235
 122.7520     -0.944967901
 118.7710     -0.917101898
 114.8570     -0.881595558
# T= 2800.000000 K
 188.6160     -1.088105238
 178.0210     -1.091238277
 167.8990     -1.082055686
 162.9050     -1.080774630
 158.1140     -1.075400512
 153.3900     -1.070550475
 148.7330     -1.061560084
 144.1450     -1.051770498
 139.6910     -1.038095183
 135.3720     -1.022975411
 131.0530     -1.003558975
 126.8690     -0.981965140
 122.7520     -0.954626918
 118.7710     -0.926816228
 114.8570     -0.891256961
# T= 2900.000000 K
 188.6160     -1.099605351
 178.0210     -1.102438426
 167.8990     -1.092703698
 162.9050     -1.091347126
 158.1140     -1.085817971
 153.3900     -1.080904386
 148.7330     -1.071783021
 144.1450     -1.061917068
 139.6910     -1.048140862
 135.3720     -1.032963124
 131.0530     -1.013467944
 126.8690     -0.991841728
 122.7520     -0.964420596
 118.7710     -0.936665258
 114.8570     -0.901052485
# T= 3000.000000 K
 188.6160     -1.111236181
 178.0210     -1.113769233
 167.8990     -1.103482353
 162.9050     -1.102050193
 158.1140     -1.096365958
 153.3900     -1.091388813
 148.7330     -1.082136398
 144.1450     -1.072193844
 139.6910     -1.058316921
 135.3720     -1.043081003
 131.0530     -1.023507106
 126.8690     -1.001848420
 122.7520     -0.974344363
 118.7710     -0.946644422
 114.8570     -0.910977588
# T= 3100.000000 K
 188.6160     -1.122993390
 178.0210     -1.125226365
 167.8990     -1.114387323
 162.9050     -1.112879506
 158.1140     -1.107040155
 153.3900     -1.101999440
 148.7330     -1.092615904
 144.1450     -1.082596529
 139.6910     -1.068619058
 135.3720     -1.053324757
 131.0530     -1.033672176
 126.8690     -1.011980937
 122.7520     -0.984393944
 118.7710     -0.956749447
 114.8570     -0.921028024
# T= 3200.000000 K
 188.6160     -1.134872916
 178.0210     -1.136805766
 167.8990     -1.125414559
 162.9050     -1.123831019
 158.1140     -1.117836520
 153.3900     -1.112732226
 148.7330     -1.103217505
 144.1450     -1.093121095
 139.6910     -1.079043246
 135.3720     -1.063690368
 131.0530     -1.043959136
 126.8690     -1.022235270
 122.7520     -0.994565336
 118.7710     -0.966976333
 114.8570     -0.931199814
# T= 3300.000000 K
 188.6160     -1.146870952
 178.0210     -1.148503631
 167.8990     -1.136560259
 162.9050     -1.134900936
 158.1140     -1.128751258
 153.3900     -1.123583381
 148.7330     -1.113937413
 144.1450     -1.103763767
 139.6910     -1.089585705
 135.3720     -1.074174066
 131.0530     -1.054364220
 126.8690     -1.032607655
 122.7520     -1.004854780
 118.7710     -0.977321324
 114.8570     -0.941489220
# T= 3400.000000 K
 188.6160     -1.158983917
 178.0210     -1.160316387
 167.8990     -1.147820854
 162.9050     -1.146085690
 158.1140     -1.139780805
 153.3900     -1.134549343
 148.7330     -1.124772070
 144.1450     -1.114520993
 139.6910     -1.100242882
 135.3720     -1.084772306
 131.0530     -1.064883883
 126.8690     -1.043094556
 122.7520     -1.015258741
 118.7710     -0.987780886
 114.8570     -0.951892729
# T= 3500.000000 K
 188.6160     -1.171208444
 178.0210     -1.172240666
 167.8990     -1.159192979
 162.9050     -1.157381920
 158.1140     -1.150921805
 153.3900     -1.145626754
 148.7330     -1.135718125
 144.1450     -1.125389429
 139.6910     -1.111011430
 135.3720     -1.095481747
 131.0530     -1.075514788
 126.8690     -1.053692637
 122.7520     -1.025773890
 118.7710     -0.998351690
 114.8570     -0.962407027
# T= 3600.000000 K
 188.6160     -1.183541354
 178.0210     -1.184273295
 167.8990     -1.170673463
 162.9050     -1.168786458
 158.1140     -1.162171089
 153.3900     -1.156812451
 148.7330     -1.146772413
 144.1450     -1.136365920
 139.6910     -1.121888192
 135.3720     -1.106299239
 131.0530     -1.086253784
 126.8690     -1.064398754
 122.7520     -1.036397081
 118.7710     -1.009030594
 114.8570     -0.973028990
# T= 3700.000000 K
 188.6160     -1.195979646
 178.0210     -1.196411274
 167.8990     -1.182259308
 162.9050     -1.180296308
 158.1140     -1.173525665
 153.3900     -1.168103442
 148.7330     -1.157931948
 144.1450     -1.147447484
 139.6910     -1.132870181
 135.3720     -1.117221804
 131.0530     -1.097097894
 126.8690     -1.075209932
 122.7520     -1.047125345
 118.7710     -1.019814627
 114.8570     -0.983755660
# T= 3800.000000 K
 188.6160     -1.208520478
 178.0210     -1.208651765
 167.8990     -1.193947680
 162.9050     -1.191908637
 158.1140     -1.184982702
 153.3900     -1.179496896
 148.7330     -1.169193902
 144.1450     -1.158631299
 139.6910     -1.143954575
 135.3720     -1.128246623
 131.0530     -1.108044300
 126.8690     -1.086123356
 122.7520     -1.057955868
 118.7710     -1.030700977
 114.8570     -0.994584239
# T= 3900.000000 K
 188.6160     -1.221161160
 178.0210     -1.220992079
 167.8990     -1.205735891
 162.9050     -1.203620760
 158.1140     -1.196539516
 153.3900     -1.190990130
 148.7330     -1.180555593
 144.1450     -1.169914690
 139.6910     -1.155138696
 135.3720     -1.139371024
 131.0530     -1.119090330
 126.8690     -1.097136359
 122.7520     -1.068885983
 118.7710     -1.041686977
 114.8570     -1.005512074
# T= 4000.000000 K
 188.6160     -1.233899138
 178.0210     -1.233429664
 167.8990     -1.217621389
 162.9050     -1.215430129
 158.1140     -1.208193559
 153.3900     -1.202580599
 148.7330     -1.192014477
 144.1450     -1.181295118
 139.6910     -1.166420001
 135.3720     -1.150592470
 131.0530     -1.130233448
 126.8690     -1.108246406
 122.7520     -1.079913159
 118.7710     -1.052770095
 114.8570     -1.016536644
# T= 4100.000000 K
 188.6160     -1.246731985
 178.0210     -1.245962094
 167.8990     -1.229601752
 162.9050     -1.227334320
 158.1140     -1.219942412
 153.3900     -1.214265881
 148.7330     -1.203568137
 144.1450     -1.192770170
 139.6910     -1.177796076
 135.3720     -1.161908551
 131.0530     -1.141471243
 126.8690     -1.119451090
 122.7520     -1.091034988
 118.7710     -1.063947925
 114.8570     -1.027655554
# T= 4200.000000 K
 188.6160     -1.259657392
 178.0210     -1.258587063
 167.8990     -1.241674673
 162.9050     -1.239331031
 158.1140     -1.231783769
 153.3900     -1.226043675
 148.7330     -1.215214271
 144.1450     -1.204337550
 139.6910     -1.189264622
 135.3720     -1.173316971
 131.0530     -1.152801421
 126.8690     -1.130748118
 122.7520     -1.102249179
 118.7710     -1.075218175
 114.8570     -1.038866523
# T= 4300.000000 K
 188.6160     -1.272673160
 178.0210     -1.271302373
 167.8990     -1.253837955
 162.9050     -1.251418065
 158.1140     -1.243715439
 153.3900     -1.237911786
 148.7330     -1.226950689
 144.1450     -1.215995071
 139.6910     -1.200823449
 135.3720     -1.184815545
 131.0530     -1.164221797
 126.8690     -1.142135306
 122.7520     -1.113553549
 118.7710     -1.086578663
 114.8570     -1.050167379
# T= 4400.000000 K
 188.6160     -1.285777193
 178.0210     -1.284105929
 167.8990     -1.266089504
 162.9050     -1.263593329
 158.1140     -1.255735326
 153.3900     -1.249868123
 148.7330     -1.238775298
 144.1450     -1.227740645
 139.6910     -1.212470467
 135.3720     -1.196402189
 131.0530     -1.175730284
 126.8690     -1.153610571
 122.7520     -1.124946017
 118.7710     -1.098027306
 114.8570     -1.061556049
# T= 4500.000000 K
 188.6160     -1.298967487
 178.0210     -1.296995729
 167.8990     -1.278427319
 162.9050     -1.275854824
 158.1140     -1.267841435
 153.3900     -1.261910689
 148.7330     -1.250686104
 144.1450     -1.239572280
 139.6910     -1.224203682
 135.3720     -1.208074910
 131.0530     -1.187324892
 126.8690     -1.165171924
 122.7520     -1.136424592
 118.7710     -1.109562114
 114.8570     -1.073030551
# T= 4600.000000 K
 188.6160     -1.312242129
 178.0210     -1.309969861
 167.8990     -1.290849489
 162.9050     -1.288200639
 158.1140     -1.280031855
 153.3900     -1.274037572
 148.7330     -1.262681197
 144.1450     -1.251488073
 139.6910     -1.236021188
 135.3720     -1.219831805
 131.0530     -1.199003717
 126.8690     -1.176817463
 122.7520     -1.147987374
 118.7710     -1.121181186
 114.8570     -1.084588993
# T= 4700.000000 K
 188.6160     -1.325599290
 178.0210     -1.323026495
 167.8990     -1.303354184
 162.9050     -1.300628947
 158.1140     -1.292304758
 153.3900     -1.286246948
 148.7330     -1.274758753
 144.1450     -1.263486200
 139.6910     -1.247921159
 135.3720     -1.231671053
 131.0530     -1.210764938
 126.8690     -1.188545367
 122.7520     -1.159632543
 118.7710     -1.132882701
 114.8570     -1.096229563
# T= 4800.000000 K
 188.6160     -1.339037215
 178.0210     -1.336163880
 167.8990     -1.315939653
 162.9050     -1.313137998
 158.1140     -1.304658396
 153.3900     -1.298537066
 148.7330     -1.286917022
 144.1450     -1.275564917
 139.6910     -1.259901849
 135.3720     -1.243590910
 131.0530     -1.222606810
 126.8690     -1.200353894
 122.7520     -1.171358357
 118.7710     -1.144664918
 114.8570     -1.107950526
# T= 4900.000000 K
 188.6160     -1.352554227
 178.0210     -1.349380337
 167.8990     -1.328604217
 162.9050     -1.325726113
 158.1140     -1.317091090
 153.3900     -1.310906250
 148.7330     -1.299154330
 144.1450     -1.287722550
 139.6910     -1.271961583
 135.3720     -1.255589704
 131.0530     -1.234527662
 126.8690     -1.212241372
 122.7520     -1.183163144
 118.7710     -1.156526165
 114.8570     -1.119750217
# T= 5000.000000 K
 188.6160     -1.366148712
 178.0210     -1.362674255
 167.8990     -1.341346267
 162.9050     -1.338391684
 158.1140     -1.329601233
 153.3900     -1.323352890
 148.7330     -1.311469068
 144.1450     -1.299957496
 139.6910     -1.284098754
 135.3720     -1.267665831
 131.0530     -1.246525887
 126.8690     -1.224206199
 122.7520     -1.195045302
 118.7710     -1.168464838
 114.8570     -1.131627040
# T= 5100.000000 K
 188.6160     -1.379819124
 178.0210     -1.376044088
 167.8990     -1.354164255
 162.9050     -1.351133164
 158.1140     -1.342187279
 153.3900     -1.335875443
 148.7330     -1.323859693
 144.1450     -1.312268213
 139.6910     -1.296311818
 135.3720     -1.279817750
 131.0530     -1.258599947
 126.8690     -1.236246835
 122.7520     -1.207003292
 118.7710     -1.180479397
 114.8570     -1.143579462
# T= 5200.000000 K
 188.6160     -1.393563976
 178.0210     -1.389488349
 167.8990     -1.367056696
 162.9050     -1.363949069
 158.1140     -1.354847744
 153.3900     -1.348472423
 148.7330     -1.336324721
 144.1450     -1.324653220
 139.6910     -1.308599294
 135.3720     -1.292043981
 131.0530     -1.270748359
 126.8690     -1.248361799
 122.7520     -1.219035633
 118.7710     -1.192568363
 114.8570     -1.155606008
# T= 5300.000000 K
 188.6160     -1.407381839
 178.0210     -1.403005610
 167.8990     -1.380022161
 162.9050     -1.376837971
 158.1140     -1.367581200
 153.3900     -1.361142404
 148.7330     -1.348862726
 144.1450     -1.337111094
 139.6910     -1.320959754
 135.3720     -1.304343100
 131.0530     -1.282969701
 126.8690     -1.260549669
 122.7520     -1.231140903
 118.7710     -1.204730312
 114.8570     -1.167705263
# T= 5400.000000 K
 188.6160     -1.421271336
 178.0210     -1.416594495
 167.8990     -1.393059275
 162.9050     -1.389798495
 158.1140     -1.380386273
 153.3900     -1.373884011
 148.7330     -1.361472334
 144.1450     -1.349640463
 139.6910     -1.333391827
 135.3720     -1.316713736
 131.0530     -1.295262600
 126.8690     -1.272809076
 122.7520     -1.243317732
 118.7710     -1.216963873
 114.8570     -1.179875860
# T= 5500.000000 K
 188.6160     -1.435231144
 178.0210     -1.430253681
 167.8990     -1.406166714
 162.9050     -1.402829319
 158.1140     -1.393261640
 153.3900     -1.386695922
 148.7330     -1.374152223
 144.1450     -1.362240007
 139.6910     -1.345894191
 135.3720     -1.329154571
 131.0530     -1.307625738
 126.8690     -1.285138698
 122.7520     -1.255564801
 118.7710     -1.229267727
 114.8570     -1.192116485
# T= 5600.000000 K
 188.6160     -1.449259984
 178.0210     -1.443981891
 167.8990     -1.419343202
 162.9050     -1.415929165
 158.1140     -1.406206026
 153.3900     -1.399576861
 148.7330     -1.386901118
 144.1450     -1.374908454
 139.6910     -1.358465571
 135.3720     -1.341664331
 131.0530     -1.320057841
 126.8690     -1.297537266
 122.7520     -1.267880838
 118.7710     -1.241640601
 114.8570     -1.204425872
# T= 5700.000000 K
 188.6160     -1.463356627
 178.0210     -1.457777893
 167.8990     -1.432587507
 162.9050     -1.429096805
 158.1140     -1.419218201
 153.3900     -1.412525598
 148.7330     -1.399717791
 144.1450     -1.387644577
 139.6910     -1.371104738
 135.3720     -1.354241790
 131.0530     -1.332557683
 126.8690     -1.310003552
 122.7520     -1.280264617
 118.7710     -1.254081269
 114.8570     -1.216802799
# T= 5800.000000 K
 188.6160     -1.477519884
 178.0210     -1.471640502
 167.8990     -1.445898442
 162.9050     -1.442331051
 158.1140     -1.432296978
 153.3900     -1.425540947
 148.7330     -1.412601055
 144.1450     -1.400447192
 139.6910     -1.383810508
 135.3720     -1.366885764
 131.0530     -1.345124078
 126.8690     -1.322536373
 122.7520     -1.292714953
 118.7710     -1.266588546
 114.8570     -1.229246087
# T= 5900.000000 K
 188.6160     -1.491748607
 178.0210     -1.485568568
 167.8990     -1.459274860
 162.9050     -1.455630757
 158.1140     -1.445441211
 153.3900     -1.438621761
 148.7330     -1.425549765
 144.1450     -1.413315156
 139.6910     -1.396581733
 135.3720     -1.379595109
 131.0530     -1.357755884
 126.8690     -1.335134585
 122.7520     -1.305230704
 118.7710     -1.279161288
 114.8570     -1.241754595
# T= 6000.000000 K
 188.6160     -1.506041688
 178.0210     -1.499560985
 167.8990     -1.472715653
 162.9050     -1.468994814
 158.1140     -1.458649792
 153.3900     -1.451766933
 148.7330     -1.438562813
 144.1450     -1.426247362
 139.6910     -1.409417309
 135.3720     -1.392368722
 131.0530     -1.370451994
 126.8690     -1.347797084
 122.7520     -1.317810765
 118.7710     -1.291798391
 114.8570     -1.254327224
