#T (K)      V (a.u.^3)
# P= 0.000000 GPa
    0.0     164.5448273948292
  100.0     164.5890850508083
  200.0     164.7694130751447
  300.0     165.0570225382786
  400.0     165.4124616146523
  500.0     165.8112664385228
  600.0     166.2412864370743
  700.0     166.6965376219899
  800.0     167.1740656923860
  900.0     167.6725027455985
 1000.0     168.1913802925677
 1100.0     168.7307896537441
 1200.0     169.2911971321851
 1300.0     169.8733497450886
 1400.0     170.4782244976325
 1500.0     171.1069974163533
 1600.0     171.7610389077254
 1700.0     172.4419111396733
 1800.0     173.1513776377371
 1900.0     173.8914204337686
 2000.0     174.6642584348780
 2100.0     175.4723791148680
 2200.0     176.3185747975768
 2300.0     177.2059845813680
 2400.0     178.1381446750817
 2500.0     179.1190495402396
 2600.0     180.1532461309017
 2700.0     181.2459253162779
 2800.0     182.4030143434570
 2900.0     183.6313931403634
 3000.0     184.9389883025626
 3100.0     186.3350893466269
 3200.0     187.8306677221896
 3300.0     189.4386446740225
 3400.0     191.1740177469403
 3500.0     193.0535688074365
 3600.0     195.0964185665466
 3700.0     197.3241156364165
 3800.0     199.7605835795239
 3900.0     202.4335944005616
 4000.0     205.3733029972936
 4100.0     208.6145471207856
 4200.0     212.1957605250209
 4300.0     216.1610757086164
 4400.0     220.5602304809727
 4500.0     225.4470169729029
 4600.0     230.8821313607623
 4700.0     236.9417954725795
 4800.0     243.6948572024121
 4900.0     251.2351525278063
 5000.0     256.8480614563450
 5100.0     258.5291468428914
 5200.0     259.6486023626057
 5300.0     260.8298822992947
 5400.0     262.0365640664240
 5500.0     263.1319649802754
 5600.0     264.2509970921092
 5700.0     265.2897827300476
 5800.0     266.3928907477530
 5900.0     267.3811000098940
 6000.0     268.5917587589938
# P= 1.000000 GPa
    0.0     163.6348194887890
  100.0     163.6759515534348
  200.0     163.8448423258499
  300.0     164.1166464425520
  400.0     164.4540273286366
  500.0     164.8332602283522
  600.0     165.2424300181555
  700.0     165.6756137745882
  800.0     166.1298443760035
  900.0     166.6037043858504
 1000.0     167.0966530689728
 1100.0     167.6086903659286
 1200.0     168.1401764346895
 1300.0     168.6917366604280
 1400.0     169.2642093046978
 1500.0     169.8586140687286
 1600.0     170.4761449553997
 1700.0     171.1181649729014
 1800.0     171.7862123046080
 1900.0     172.4820129690559
 2000.0     173.2074950449426
 2100.0     173.9648134698778
 2200.0     174.7563787045482
 2300.0     175.5848900587762
 2400.0     176.4533747072343
 2500.0     177.3652355135245
 2600.0     178.3243250399042
 2700.0     179.3350159766305
 2800.0     180.4022694990209
 2900.0     181.5318038909429
 3000.0     182.7301564536073
 3100.0     184.0049245695438
 3200.0     185.3649996798322
 3300.0     186.8207755168540
 3400.0     188.3846489754246
 3500.0     190.0711313457492
 3600.0     191.8969965137334
 3700.0     193.8811183262192
 3800.0     196.0447540790665
 3900.0     198.4122523576571
 4000.0     201.0104854828751
 4100.0     203.8704296873511
 4200.0     207.0262894611369
 4300.0     210.5174507509946
 4400.0     214.3882695957436
 4500.0     218.6872041867173
 4600.0     223.4691592997988
 4700.0     228.8014097660780
 4800.0     234.7476671801996
 4900.0     241.3920917423093
 5000.0     246.4231692174217
 5100.0     248.1106481767492
 5200.0     249.3181208743481
 5300.0     250.5786613760283
 5400.0     251.8599656155566
 5500.0     253.0438742011320
 5600.0     254.2483552271733
 5700.0     255.3799728916492
 5800.0     256.5665501682088
 5900.0     257.6506305685034
 6000.0     258.9300684777554
# P= 2.000000 GPa
    0.0     162.7495722276150
  100.0     162.7877605044786
  200.0     162.9459026348324
  300.0     163.2028445120762
  400.0     163.5232450553317
  500.0     163.8840853477162
  600.0     164.2736805725976
  700.0     164.6861705881782
  800.0     165.1185820977803
  900.0     165.5694569404597
 1000.0     166.0381914530161
 1100.0     166.5247072588032
 1200.0     167.0292721901500
 1300.0     167.5524052124878
 1400.0     168.0948245766058
 1500.0     168.6574151333122
 1600.0     169.2412183660866
 1700.0     169.8474257280629
 1800.0     170.4773824910346
 1900.0     171.1325965296118
 2000.0     171.8147488323334
 2100.0     172.5257133663382
 2200.0     173.2675797915909
 2300.0     174.0426796765657
 2400.0     174.8536173610819
 2500.0     175.7033073711931
 2600.0     176.5950335799499
 2700.0     177.5325028758135
 2800.0     178.5198964915759
 2900.0     179.5620049554144
 3000.0     180.6642643886516
 3100.0     181.8329471381723
 3200.0     183.0753327005343
 3300.0     184.3998516566393
 3400.0     185.8164613940596
 3500.0     187.3368103762046
 3600.0     188.9749490473613
 3700.0     190.7472651139833
 3800.0     192.6724282631890
 3900.0     194.7717288041590
 4000.0     197.0689043290522
 4100.0     199.5913281535031
 4200.0     202.3692780047022
 4300.0     205.4377095970121
 4400.0     208.8359867408144
 4500.0     212.6075075692061
 4600.0     216.8016569394094
 4700.0     221.4776533498953
 4800.0     226.6939962606120
 4900.0     232.5258948332048
 5000.0     237.0187093846034
 5100.0     238.6887209351407
 5200.0     239.9522778469836
 5300.0     241.2620994976605
 5400.0     242.5896719242446
 5500.0     243.8333810394397
 5600.0     245.0957761110039
 5700.0     246.2931580573786
 5800.0     247.5379658539314
 5900.0     248.6924516039435
 6000.0     250.0183967617340
# P= 3.000000 GPa
    0.0     161.8878979383462
  100.0     161.9233108591037
  200.0     162.0713414213095
  300.0     162.3142928361905
  400.0     162.6187082538081
  500.0     162.9622435543554
  600.0     163.3334384385361
  700.0     163.7264970394148
  800.0     164.1384457851885
  900.0     164.5677920342341
 1000.0     165.0138791745637
 1100.0     165.4765601871625
 1200.0     165.9560221436291
 1300.0     166.4526922267032
 1400.0     166.9671837230218
 1500.0     167.5002638151917
 1600.0     168.0528423981271
 1700.0     168.6259631897569
 1800.0     169.2208051168990
 1900.0     169.8386889131066
 2000.0     170.4810849443761
 2100.0     171.1496285330719
 2200.0     171.8461382720051
 2300.0     172.5726363952939
 2400.0     173.3313736885444
 2500.0     174.1248588968129
 2600.0     174.9559059960472
 2700.0     175.8276762213363
 2800.0     176.7437161081449
 2900.0     177.7080658877421
 3000.0     178.7252818307023
 3100.0     179.8005848117568
 3200.0     180.9399899111372
 3300.0     182.1504050899949
 3400.0     183.4399194210651
 3500.0     184.8178956460430
 3600.0     186.2955188195514
 3700.0     187.8860054784357
 3800.0     189.6052106595187
 3900.0     191.4716466315590
 4000.0     193.5060911618411
 4100.0     195.7325636722117
 4200.0     198.1777018387711
 4300.0     200.8723376363669
 4400.0     203.8512145655841
 4500.0     207.1529480301833
 4600.0     210.8216793539323
 4700.0     214.9093883426685
 4800.0     219.4693416051741
 4900.0     224.5684832617408
 5000.0     228.5658039787668
 5100.0     230.1979564757203
 5200.0     231.4894619623083
 5300.0     232.8220968250534
 5400.0     234.1708279135637
 5500.0     235.4487400143989
 5600.0     236.7444282262004
 5700.0     237.9832460450125
 5800.0     239.2635662134853
 5900.0     240.4654091543052
 6000.0     241.8177510339883
# P= 4.000000 GPa
    0.0     161.0486895500139
  100.0     161.0814833627938
  200.0     161.2199925715800
  300.0     161.4497607826076
  400.0     161.7391114725371
  500.0     162.0663465790777
  600.0     162.4202239075903
  700.0     162.7950137026836
  800.0     163.1877458411258
  900.0     163.5969000478069
 1000.0     164.0217739976092
 1100.0     164.4621607033756
 1200.0     164.9181776972388
 1300.0     165.3901707854128
 1400.0     165.8786619494639
 1500.0     166.3843166048700
 1600.0     166.9079294696257
 1700.0     167.4504160043295
 1800.0     168.0128120664315
 1900.0     168.5962774319333
 2000.0     169.2021016043696
 2100.0     169.8317162158503
 2200.0     170.4867094101070
 2300.0     171.1688421320654
 2400.0     171.8800677347105
 2500.0     172.6225553989946
 2600.0     173.3987284310992
 2700.0     174.2112969348826
 2800.0     175.0632868875242
 2900.0     175.9581274399442
 3000.0     176.8996631941144
 3100.0     177.8922731345801
 3200.0     178.9409686138214
 3300.0     180.0514612880833
 3400.0     181.2303886635740
 3500.0     182.4853603735699
 3600.0     183.8253859526297
 3700.0     185.2609912402099
 3800.0     186.8047066285361
 3900.0     188.4716287314024
 4000.0     190.2795776072085
 4100.0     192.2494573965184
 4200.0     194.4045366463793
 4300.0     196.7718202586429
 4400.0     199.3817857191443
 4500.0     202.2685464791357
 4600.0     205.4712816170504
 4700.0     209.0354768601246
 4800.0     213.0092003769823
 4900.0     217.4517784905620
 5000.0     220.9955750211084
 5100.0     222.5729461523297
 5200.0     223.8680618985964
 5300.0     225.2005535199423
 5400.0     226.5485785013298
 5500.0     227.8382056399714
 5600.0     229.1454800589127
 5700.0     230.4041446691845
 5800.0     231.6997796586365
 5900.0     232.9283492472605
 6000.0     234.2891387181589
# P= 5.000000 GPa
    0.0     160.2309135757023
  100.0     160.2612334693758
  200.0     160.3907689650031
  300.0     160.6081025377279
  400.0     160.8832411196406
  500.0     161.1951057919003
  600.0     161.5326659818709
  700.0     161.8902593240204
  800.0     162.2649223567092
  900.0     162.6551131495825
 1000.0     163.0600893545894
 1100.0     163.4795927893879
 1200.0     163.9136790341255
 1300.0     164.3626232911225
 1400.0     164.8268678625558
 1500.0     165.3069881079386
 1600.0     165.8036792842253
 1700.0     166.3177454478202
 1800.0     166.8500976005380
 1900.0     167.4017566166439
 2000.0     167.9738567543079
 2100.0     168.5676549552508
 2200.0     169.1845423745549
 2300.0     169.8260577764684
 2400.0     170.4939030355771
 2500.0     171.1899616375242
 2600.0     171.9163298528188
 2700.0     172.6753424083005
 2800.0     173.4695949366005
 2900.0     174.3020145499626
 3000.0     175.1758661531023
 3100.0     176.0948473853452
 3200.0     177.0631640546783
 3300.0     178.0855784384526
 3400.0     179.1675846560783
 3500.0     180.3154300625854
 3600.0     181.5364507188980
 3700.0     182.8391327353848
 3800.0     184.2334728535002
 3900.0     185.7313765496704
 4000.0     187.3468952911364
 4100.0     189.0973304794997
 4200.0     191.0027581105484
 4300.0     193.0866428533557
 4400.0     195.3755328507023
 4500.0     197.8993238256971
 4600.0     200.6925188027526
 4700.0     203.7947810195037
 4800.0     207.2490697380490
 4900.0     211.1077019812365
 5000.0     214.2391445337416
 5100.0     215.7482813220558
 5200.0     217.0264663365379
 5300.0     218.3393697439169
 5400.0     219.6680686076579
 5500.0     220.9500324322435
 5600.0     222.2501000921184
 5700.0     223.5097617477586
 5800.0     224.8030345978041
 5900.0     226.0401179163018
 6000.0     227.3935672366642
# P= 6.000000 GPa
    0.0     159.4336038971026
  100.0     159.4615849786346
  200.0     159.5826554406075
  300.0     159.7882496105136
  400.0     160.0499673282492
  500.0     160.3473230501076
  600.0     160.6694920665570
  700.0     161.0108796633909
  800.0     161.3685324583544
  900.0     161.7408909736893
 1000.0     162.1271790201054
 1100.0     162.5270934786786
 1200.0     162.9406355790373
 1300.0     163.3680190826536
 1400.0     163.8096152977059
 1500.0     164.2659218596050
 1600.0     164.7375463389529
 1700.0     165.2251951638738
 1800.0     165.7296717520009
 1900.0     166.2518761593027
 2000.0     166.7928078826222
 2100.0     167.3535737103871
 2200.0     167.9353963069421
 2300.0     168.5396244592187
 2400.0     169.1677459195831
 2500.0     169.8214026177499
 2600.0     170.5024154032463
 2700.0     171.2128047617388
 2800.0     171.9548079550827
 2900.0     172.7309368279224
 3000.0     173.5439797885113
 3100.0     174.3970788175050
 3200.0     175.2937874759508
 3300.0     176.2381049989912
 3400.0     177.2346169946904
 3500.0     178.2884971551955
 3600.0     179.4057777133848
 3700.0     180.5933741727993
 3800.0     181.8593583089229
 3900.0     183.2132456599359
 4000.0     184.6661293946422
 4100.0     186.2315235814030
 4200.0     187.9253419143051
 4300.0     189.7672908101592
 4400.0     191.7802886094923
 4500.0     193.9903009793486
 4600.0     196.4274459849612
 4700.0     199.1261629374349
 4800.0     202.1244468504919
 4900.0     205.4681751962707
 5000.0     208.2276345383070
 5100.0     209.6585533406032
 5200.0     210.9030639565171
 5300.0     212.1804456585669
 5400.0     213.4744431522122
 5500.0     214.7324749058171
 5600.0     216.0094568106724
 5700.0     217.2540050950483
 5800.0     218.5297594408039
 5900.0     219.7595611934084
 6000.0     221.0920440122427
# P= 7.000000 GPa
    0.0     158.6558560958805
  100.0     158.6816241955857
  200.0     158.7947029611035
  300.0     158.9892041815384
  400.0     159.2382362731597
  500.0     159.5218826396922
  600.0     159.8295188341571
  700.0     160.1556176019946
  800.0     160.4972386963716
  900.0     160.8528085372330
 1000.0     161.2215225269642
 1100.0     161.6030376434267
 1200.0     161.9973083607328
 1300.0     162.4044932976849
 1400.0     162.8249022173199
 1500.0     163.2589639820110
 1600.0     163.7072089214622
 1700.0     164.1702590697220
 1800.0     164.6488228096642
 1900.0     165.1436952717139
 2000.0     165.6557598355097
 2100.0     166.1859929043084
 2200.0     166.7354714943292
 2300.0     167.3053819877549
 2400.0     167.8970293730617
 2500.0     168.5118498577303
 2600.0     169.1514311248927
 2700.0     169.8175288547083
 2800.0     170.5120802964454
 2900.0     171.2372510835378
 3000.0     171.9954354250694
 3100.0     172.7893182263691
 3200.0     173.6219202502943
 3300.0     174.4966230104734
 3400.0     175.4172806793671
 3500.0     176.3882129773377
 3600.0     177.4144232674803
 3700.0     178.5016009749720
 3800.0     179.6563336658385
 3900.0     180.8863161750332
 4000.0     182.2004227763169
 4100.0     183.6093559517066
 4200.0     185.1255401905285
 4300.0     186.7642508087332
 4400.0     188.5438856447097
 4500.0     190.4864988496883
 4600.0     192.6181182376738
 4700.0     194.9684847308754
 4800.0     197.5708288767692
 4900.0     200.4651195975257
 5000.0     202.8921670563977
 5100.0     204.2383535641820
 5200.0     205.4362434382783
 5300.0     206.6656814246599
 5400.0     207.9128470545256
 5500.0     209.1337875761601
 5600.0     210.3747186980763
 5700.0     211.5907825276809
 5800.0     212.8363825979322
 5900.0     214.0455251101812
 6000.0     215.3455764686951
# P= 8.000000 GPa
    0.0     157.8968223470800
  100.0     157.9204948458526
  200.0     158.0260228417656
  300.0     158.2100331375189
  400.0     158.4470637574866
  500.0     158.7177439862636
  600.0     159.0116441853129
  700.0     159.3233042505649
  800.0     159.6497993416689
  900.0     159.9895451114011
 1000.0     160.3417128399364
 1100.0     160.7059246656754
 1200.0     161.0820939314526
 1300.0     161.4703305102710
 1400.0     161.8708902976884
 1500.0     162.2841407649225
 1600.0     162.7105454787721
 1700.0     163.1506511747938
 1800.0     163.6050836606677
 1900.0     164.0745467951925
 2000.0     164.5598217487848
 2100.0     165.0617725846558
 2200.0     165.5813507756532
 2300.0     166.1196018320331
 2400.0     166.6776740598981
 2500.0     167.2568282003467
 2600.0     167.8584535089219
 2700.0     168.4840812700963
 2800.0     169.1353958327376
 2900.0     169.8142727161335
 3000.0     170.5227775310615
 3100.0     171.2632165308700
 3200.0     172.0381719683458
 3300.0     172.8505204702737
 3400.0     173.7035230013804
 3500.0     174.6008121711085
 3600.0     175.5465700931839
 3700.0     176.5455192672767
 3800.0     177.6030856798909
 3900.0     178.7255578002094
 4000.0     179.9201175357554
 4100.0     181.1953503372119
 4200.0     182.5610985622569
 4300.0     184.0293337905088
 4400.0     185.6142676542229
 4500.0     187.3329383462431
 4600.0     189.2065906348388
 4700.0     191.2606085166211
 4800.0     193.5237129790471
 4900.0     196.0304566470686
 5000.0     198.1638641096015
 5100.0     199.4222733486113
 5200.0     200.5643934620275
 5300.0     201.7369772034981
 5400.0     202.9284252345169
 5500.0     204.1022249588350
 5600.0     205.2970542389376
 5700.0     206.4740018614175
 5800.0     207.6793324787141
 5900.0     208.8568556986065
 6000.0     210.1151720290509
# P= 9.000000 GPa
    0.0     157.1557068850636
  100.0     157.1773934864837
  200.0     157.2757819481127
  300.0     157.4498626218701
  400.0     157.6755292699871
  500.0     157.9339352368530
  600.0     158.2148401642539
  700.0     158.5128509035615
  800.0     158.8250596041962
  900.0     159.1498743763807
 1000.0     159.4864457298867
 1100.0     159.8343657520425
 1200.0     160.1935110597850
 1300.0     160.5639491777288
 1400.0     160.9458875827635
 1500.0     161.3396402959667
 1600.0     161.7456114309384
 1700.0     162.1642815506833
 1800.0     162.5962045547907
 1900.0     163.0420030634565
 2000.0     163.5023704389976
 2100.0     163.9780721250283
 2200.0     164.4699501616000
 2300.0     164.9789292666634
 2400.0     165.5060223636010
 2500.0     166.0523389740632
 2600.0     166.6190990698997
 2700.0     167.2076431458177
 2800.0     167.8194412182876
 2900.0     168.4561239417360
 3000.0     169.1194815031990
 3100.0     169.8115043596704
 3200.0     170.5344110817101
 3300.0     171.2906625456150
 3400.0     172.0830343465060
 3500.0     172.9146016640132
 3600.0     173.7888848087416
 3700.0     174.7098334456580
 3800.0     175.6819561184094
 3900.0     176.7104390752552
 4000.0     177.8011551579877
 4100.0     178.9610697441910
 4200.0     180.1980800019839
 4300.0     181.5217013121288
 4400.0     182.9430883086031
 4500.0     184.4754250530755
 4600.0     186.1349472369659
 4700.0     187.9413964114435
 4800.0     189.9185963196471
 4900.0     192.0961078069591
 5000.0     193.9738477196263
 5100.0     195.1449040499383
 5200.0     196.2259027078744
 5300.0     197.3362331564576
 5400.0     198.4663226117518
 5500.0     199.5860415691914
 5600.0     200.7276319171870
 5700.0     201.8575709122051
 5800.0     203.0150374929908
 5900.0     204.1523989904672
 6000.0     205.3618381167325
# P= 10.000000 GPa
    0.0     156.4317620259704
  100.0     156.4515652268859
  200.0     156.5431982444438
  300.0     156.7078732887028
  400.0     156.9227707038702
  500.0     157.1695473104085
  600.0     157.4381465881965
  700.0     157.7232419369188
  800.0     158.0219439013937
  900.0     158.3326557293423
 1000.0     158.6545101479790
 1100.0     158.9870732943131
 1200.0     159.3301891413324
 1300.0     159.6838879917811
 1400.0     160.0483341222006
 1500.0     160.4237947679223
 1600.0     160.8106206871194
 1700.0     161.2092351471513
 1800.0     161.6201273676438
 1900.0     162.0438499812105
 2000.0     162.4810184888872
 2100.0     162.9323121263685
 2200.0     163.3984786055635
 2300.0     163.8803365361465
 2400.0     164.3787820678799
 2500.0     164.8947951813285
 2600.0     165.4294496148547
 2700.0     165.9839225066865
 2800.0     166.5595017844862
 2900.0     167.1576106903834
 3000.0     167.7798068746210
 3100.0     168.4278157556802
 3200.0     169.1035524268461
 3300.0     169.8091328408668
 3400.0     170.5469323678293
 3500.0     171.3195700139233
 3600.0     172.1300281035581
 3700.0     172.9816335299385
 3800.0     173.8781605040220
 3900.0     174.8239220997912
 4000.0     175.8237664352782
 4100.0     176.8833997541578
 4200.0     178.0092316910262
 4300.0     179.2089183961322
 4400.0     180.4913378445339
 4500.0     181.8668524221618
 4600.0     183.3480756819864
 4700.0     184.9501143951715
 4800.0     186.6909785152545
 4900.0     188.5939945392695
 5000.0     190.2532399081204
 5100.0     191.3408370241359
 5200.0     192.3591598558833
 5300.0     193.4053494448344
 5400.0     194.4716841057716
 5500.0     195.5334919224292
 5600.0     196.6176202169854
 5700.0     197.6953974961471
 5800.0     198.7999260506440
 5900.0     199.8910010177933
 6000.0     201.0465821547987
# P= 11.000000 GPa
    0.0     155.7242842069457
  100.0     155.7423000336817
  200.0     155.8275366720215
  300.0     155.9832958865462
  400.0     156.1879796733112
  500.0     156.4237287617596
  600.0     156.6806652838678
  700.0     156.9535286288112
  800.0     157.2394488986308
  900.0     157.5368266744006
 1000.0     157.8447797192382
 1100.0     158.1628515437361
 1200.0     158.4908573332160
 1300.0     158.8287943623178
 1400.0     159.1767886978401
 1500.0     159.5350658644772
 1600.0     159.9039296527512
 1700.0     160.2837523212877
 1800.0     160.6749661860969
 1900.0     161.0780622774803
 2000.0     161.4935870943178
 2100.0     161.9221454802169
 2200.0     162.3644013224087
 2300.0     162.8210817959734
 2400.0     163.2929816320220
 2500.0     163.7809675931268
 2600.0     164.2859884312367
 2700.0     164.8090809644662
 2800.0     165.3513766797753
 2900.0     165.9141220681331
 3000.0     166.4986781538054
 3100.0     167.1065465852742
 3200.0     167.7393873812937
 3300.0     168.3990285837423
 3400.0     169.0875131350411
 3500.0     169.8070839648663
 3600.0     170.5602822786782
 3700.0     171.3499283739240
 3800.0     172.1792040638254
 3900.0     173.0517227945061
 4000.0     173.9715198266459
 4100.0     174.9433127675718
 4200.0     175.9723559381849
 4300.0     177.0648766485481
 4400.0     178.2280278733637
 4500.0     179.4700663483135
 4600.0     180.8009411098083
 4700.0     182.2324131900218
 4800.0     183.7782812294392
 4900.0     185.4562063805062
 5000.0     186.9331629097285
 5100.0     187.9446636272028
 5200.0     188.9025535861440
 5300.0     189.8862262299411
 5400.0     190.8896546362689
 5500.0     191.8928305339178
 5600.0     192.9181876225625
 5700.0     193.9413894291615
 5800.0     194.9904265614441
 5900.0     196.0315078125650
 6000.0     197.1304115664980
# P= 12.000000 GPa
    0.0     155.0326108652629
  100.0     155.0489292827480
  200.0     155.1281056042428
  300.0     155.2754073480538
  400.0     155.4703971125293
  500.0     155.6956810713851
  600.0     155.9415549684374
  700.0     156.2028234739713
  800.0     156.4766371843477
  900.0     156.7613959526487
 1000.0     157.0562050639443
 1100.0     157.3605882269735
 1200.0     157.6743352995327
 1300.0     157.9974140935390
 1400.0     158.3299170719258
 1500.0     158.6720321671914
 1600.0     159.0240221173907
 1700.0     159.3862131450996
 1800.0     159.7589881129520
 1900.0     160.1427826645046
 2000.0     160.5380835669045
 2100.0     160.9454292496017
 2200.0     161.3654107292231
 2300.0     161.7986753152439
 2400.0     162.2459284190349
 2500.0     162.7079400067996
 2600.0     163.1855494581303
 2700.0     163.6796723900887
 2800.0     164.1913069094297
 2900.0     164.7215477381365
 3000.0     165.2715877270259
 3100.0     165.8427391557470
 3200.0     166.4364468620063
 3300.0     167.0542968974013
 3400.0     167.6980542015619
 3500.0     168.3696494515101
 3600.0     169.0712594498206
 3700.0     169.8052891028490
 3800.0     170.5744376573863
 3900.0     171.3817531688097
 4000.0     172.2306200004850
 4100.0     173.1249688510056
 4200.0     174.0691463114362
 4300.0     175.0682674941378
 4400.0     176.1281567112973
 4500.0     177.2554736024168
 4600.0     178.4581695129586
 4700.0     179.7455378982238
 4800.0     181.1283315220228
 4900.0     182.6201751742183
 5000.0     183.9463576828873
 5100.0     184.8914215363917
 5200.0     185.7945481963320
 5300.0     186.7207655233484
 5400.0     187.6653791228649
 5500.0     188.6123119189951
 5600.0     189.5805026180285
 5700.0     190.5494545271937
 5800.0     191.5429674352020
 5900.0     192.5327654066517
 6000.0     193.5743337750366
# P= 13.000000 GPa
    0.0     154.3561172294305
  100.0     154.3708226252922
  200.0     154.4442535478784
  300.0     154.5835272042680
  400.0     154.7693094722523
  500.0     154.9846544742734
  600.0     155.2200266169442
  700.0     155.4702950952476
  800.0     155.7326318007570
  900.0     156.0054374449135
 1000.0     156.2878070417978
 1100.0     156.5792470040454
 1200.0     156.8795249222426
 1300.0     157.1885823114422
 1400.0     157.5064818250097
 1500.0     157.8333778538807
 1600.0     158.1694966256325
 1700.0     158.5151235029915
 1800.0     158.8705974558677
 1900.0     159.2363049533846
 2000.0     159.6126802917305
 2100.0     160.0002028300293
 2200.0     160.3994003637198
 2300.0     160.8108489478073
 2400.0     161.2351774048314
 2500.0     161.6730699318624
 2600.0     162.1252714534506
 2700.0     162.5925932960150
 2800.0     163.0759170230850
 2900.0     163.5762077418933
 3000.0     164.0945149407201
 3100.0     164.6319883573104
 3200.0     165.1898902401282
 3300.0     165.7696025554371
 3400.0     166.3726567046645
 3500.0     167.0007221123754
 3600.0     167.6556724618155
 3700.0     168.3395694394519
 3800.0     169.0547161808711
 3900.0     169.8036995666853
 4000.0     170.5893777447537
 4100.0     171.4150493795293
 4200.0     172.2843398200314
 4300.0     173.2014857815403
 4400.0     174.1712768223092
 4500.0     175.1991417253627
 4600.0     176.2915090458834
 4700.0     177.4558186445166
 4800.0     178.7005742560207
 4900.0     180.0364563089247
 5000.0     181.2361993546254
 5100.0     182.1231286270026
 5200.0     182.9774499763544
 5300.0     183.8525121384423
 5400.0     184.7445089167847
 5500.0     185.6402883687128
 5600.0     186.5557383280329
 5700.0     187.4735006062188
 5800.0     188.4139770817192
 5900.0     189.3536198319883
 6000.0     190.3393562036055
# P= 14.000000 GPa
    0.0     153.6942135919314
  100.0     153.7073852652933
  200.0     153.7753661337286
  300.0     153.9070143807439
  400.0     154.0840452306801
  500.0     154.2899440592371
  600.0     154.5153392687200
  700.0     154.7551637151651
  800.0     155.0066112099730
  900.0     155.2680846580379
 1000.0     155.5386707968354
 1100.0     155.8178609173653
 1200.0     156.1054030310467
 1300.0     156.4012151702923
 1400.0     156.7053334656538
 1500.0     157.0178824079898
 1600.0     157.3390556337066
 1700.0     157.6691021912482
 1800.0     158.0083218343167
 1900.0     158.3570578242796
 2000.0     158.7156973125679
 2100.0     159.0846682057690
 2200.0     159.4644418160694
 2300.0     159.8555322316845
 2400.0     160.2585005870174
 2500.0     160.6739560930152
 2600.0     161.1025620325180
 2700.0     161.5450376838661
 2800.0     162.0021652687618
 2900.0     162.4747971973236
 3000.0     162.9638589191568
 3100.0     163.4703624734160
 3200.0     163.9954137839817
 3300.0     164.5402209605731
 3400.0     165.1061181031788
 3500.0     165.6945554527543
 3600.0     166.3071528044721
 3700.0     166.9456862540690
 3800.0     167.6121312288065
 3900.0     168.3086955069381
 4000.0     169.0378082152937
 4100.0     169.8022554087054
 4200.0     170.6050835388376
 4300.0     171.4498291473880
 4400.0     172.3404642851369
 4500.0     173.2814569146737
 4600.0     174.2780589132462
 4700.0     175.3362936431809
 4800.0     176.4629747732005
 4900.0     177.6665903684276
 5000.0     178.7589105800856
 5100.0     179.5944045802156
 5200.0     180.4048422294944
 5300.0     181.2340283135128
 5400.0     182.0788799857449
 5500.0     182.9286335552575
 5600.0     183.7966293399898
 5700.0     184.6679463978619
 5800.0     185.5599894486132
 5900.0     186.4529242032412
 6000.0     187.3864862754101
# P= 15.000000 GPa
    0.0     153.0463428119002
  100.0     153.0580552819944
  200.0     153.1208634225807
  300.0     153.2452642678315
  400.0     153.4139716280967
  500.0     153.6108863469193
  600.0     153.8267962916849
  700.0     154.0566970415931
  800.0     154.2978047531305
  900.0     154.5485258043215
 1000.0     154.8079403094788
 1100.0     155.0755264034595
 1200.0     155.3510147819097
 1300.0     155.6343026735812
 1400.0     155.9254024176576
 1500.0     156.2244118953172
 1600.0     156.5314955089093
 1700.0     156.8468701374701
 1800.0     157.1708002674268
 1900.0     157.5035910791682
 2000.0     157.8455874824205
 2100.0     158.1971723235061
 2200.0     158.5587662743640
 2300.0     158.9308296182780
 2400.0     159.3138629333531
 2500.0     159.7084109507472
 2600.0     160.1150639953192
 2700.0     160.5344625588952
 2800.0     160.9673015119538
 2900.0     161.4143355612864
 3000.0     161.8763843446902
 3100.0     162.3543397317736
 3200.0     162.8491743232151
 3300.0     163.3619487161834
 3400.0     163.8938283692168
 3500.0     164.4460781157238
 3600.0     165.0201044340489
 3700.0     165.6174443977232
 3800.0     166.2398004085712
 3900.0     166.8890663145960
 4000.0     167.5673184898167
 4100.0     168.2769239110977
 4200.0     169.0204600038308
 4300.0     169.8008992677271
 4400.0     170.6215617213126
 4500.0     171.4861564468186
 4600.0     172.3990122880831
 4700.0     173.3650564772181
 4800.0     174.3898115915609
 4900.0     175.4801038561910
 5000.0     176.4801287179410
 5100.0     177.2696840532027
 5200.0     178.0403584078045
 5300.0     178.8280722425406
 5400.0     179.6303388652866
 5500.0     180.4383651571589
 5600.0     181.2633839274507
 5700.0     182.0924913859638
 5800.0     182.9406125339649
 5900.0     183.7909546057032
 6000.0     184.6771889395102
# P= 16.000000 GPa
    0.0     152.4119780090338
  100.0     152.4223014007686
  200.0     152.4801974010846
  300.0     152.5977060604967
  400.0     152.7584918840519
  500.0     152.9468561792616
  600.0     153.1537420086581
  700.0     153.3742065512694
  800.0     153.6054887032822
  900.0     153.8459993762659
 1000.0     154.0948135384637
 1100.0     154.3513979105932
 1200.0     154.6154678908197
 1300.0     154.8869021852086
 1400.0     155.1656918442188
 1500.0     155.4519110320823
 1600.0     155.7456978711151
 1700.0     156.0472406314645
 1800.0     156.3567722117320
 1900.0     156.6745638521990
 2000.0     157.0009229461370
 2100.0     157.3361921474296
 2200.0     157.6807475775955
 2300.0     158.0350014855928
 2400.0     158.3994015593606
 2500.0     158.7744353104151
 2600.0     159.1606294259614
 2700.0     159.5585553902953
 2800.0     159.9688313520099
 2900.0     160.3921282826091
 3000.0     160.8291723737737
 3100.0     161.2807533078789
 3200.0     161.7477284409427
 3300.0     162.2310309260928
 3400.0     162.7316836344234
 3500.0     163.2507935249053
 3600.0     163.7895856857467
 3700.0     164.3493963397976
 3800.0     164.9316994925675
 3900.0     165.5381271286695
 4000.0     166.1704634605091
 4100.0     166.8307300456655
 4200.0     167.5211211974932
 4300.0     168.2441509835933
 4400.0     169.0026138013453
 4500.0     169.7996131446880
 4600.0     170.6387463825309
 4700.0     171.5240803633888
 4800.0     172.4601368916514
 4900.0     173.4524643939068
 5000.0     174.3724133160927
 5100.0     175.1206057230771
 5200.0     175.8550097667930
 5300.0     176.6049727799524
 5400.0     177.3685035724046
 5500.0     178.1384505801890
 5600.0     178.9242869437961
 5700.0     179.7147946526653
 5800.0     180.5228251904292
 5900.0     181.3341255509443
 6000.0     182.1772986860472
# P= 17.000000 GPa
    0.0     151.7906204018896
  100.0     151.7996207630219
  200.0     151.8528497337037
  300.0     151.9638003012788
  400.0     152.1170424950776
  500.0     152.2972639020560
  600.0     152.4955585484869
  700.0     152.7070441106916
  800.0     152.9289824660598
  900.0     153.1597901206338
 1000.0     153.3985380523048
 1100.0     153.6446831134685
 1200.0     153.8979272671009
 1300.0     154.1581327061646
 1400.0     154.4252713893758
 1500.0     154.6993962480654
 1600.0     154.9806219105216
 1700.0     155.2691109001743
 1800.0     155.5650680153832
 1900.0     155.8687340793121
 2000.0     156.1803831301018
 2100.0     156.5003218563157
 2200.0     156.8288871180200
 2300.0     157.1664482079193
 2400.0     157.5134065137510
 2500.0     157.8701983849581
 2600.0     158.2372954463372
 2700.0     158.6152074252244
 2800.0     159.0044867675948
 2900.0     159.4057298601568
 3000.0     159.8195829130332
 3100.0     160.2467463209768
 3200.0     160.6879775047557
 3300.0     161.1441013436506
 3400.0     161.6160166609288
 3500.0     162.1046962798247
 3600.0     162.6112118535540
 3700.0     163.1367284617298
 3800.0     163.6825275747696
 3900.0     164.2500219510609
 4000.0     164.8407526062918
 4100.0     165.4564539720039
 4200.0     166.0990050361447
 4300.0     166.7705441349004
 4400.0     167.4734384966847
 4500.0     168.2103031214573
 4600.0     168.9841495641721
 4700.0     169.7983618322566
 4800.0     170.6566774418071
 4900.0     171.5636463982114
 5000.0     172.4135223877096
 5100.0     173.1242088552336
 5200.0     173.8253361264918
 5300.0     174.5407284436991
 5400.0     175.2688097827262
 5500.0     176.0038071369578
 5600.0     176.7537120684789
 5700.0     177.5087274168661
 5800.0     178.2799565427086
 5900.0     179.0552846911413
 6000.0     179.8590438714553
# P= 18.000000 GPa
    0.0     151.1817973910003
  100.0     151.1895369749776
  200.0     151.2383296623208
  300.0     151.3430366199311
  400.0     151.4890908227428
  500.0     151.6615527524409
  600.0     151.8516630732661
  700.0     152.0545989376245
  800.0     152.2676454030093
  900.0     152.4892254638254
 1000.0     152.7184070950393
 1100.0     152.9546386806004
 1200.0     153.1976104142326
 1300.0     153.4471697177605
 1400.0     153.7032713883325
 1500.0     153.9659494260108
 1600.0     154.2352972939468
 1700.0     154.5114544771998
 1800.0     154.7946005707004
 1900.0     155.0849491564748
 2000.0     155.3827445453833
 2100.0     155.6882612393469
 2200.0     156.0018012821261
 2300.0     156.3236955896187
 2400.0     156.6543047729436
 2500.0     156.9940197454230
 2600.0     157.3432635610893
 2700.0     157.7024916594194
 2800.0     158.0721987817025
 2900.0     158.4529158995300
 3000.0     158.8452198988331
 3100.0     159.2497324759431
 3200.0     159.6671259115876
 3300.0     160.0981296671910
 3400.0     160.5435373015316
 3500.0     161.0042061339309
 3600.0     161.4810755246045
 3700.0     161.9751665502851
 3800.0     162.4875970689113
 3900.0     163.0195942522778
 4000.0     163.5724955383911
 4100.0     164.1477959181298
 4200.0     164.7471127043263
 4300.0     165.3722738142032
 4400.0     166.0252964003645
 4500.0     166.7083983711036
 4600.0     167.4241172929559
 4700.0     168.1752896997174
 4800.0     168.9650306880972
 4900.0     169.7971020415611
 5000.0     170.5851919885672
 5100.0     171.2616590567824
 5200.0     171.9320993261122
 5300.0     172.6156652490343
 5400.0     173.3111308013218
 5500.0     174.0138885116104
 5600.0     174.7306740334469
 5700.0     175.4528963229494
 5800.0     176.1901740729654
 5900.0     176.9322060888600
 6000.0     177.6996988222256
# P= 19.000000 GPa
    0.0     150.5850607442107
  100.0     150.5915982809487
  200.0     150.6361720635022
  300.0     150.7349317285502
  400.0     150.8741330971930
  500.0     151.0391965012440
  600.0     151.2215052115409
  700.0     151.4162947649358
  800.0     151.6208737872747
  900.0     151.8336722239100
 1000.0     152.0537560184462
 1100.0     152.2805663494938
 1200.0     152.5137831218264
 1300.0     152.7532404832585
 1400.0     152.9988778434015
 1500.0     153.2507123007148
 1600.0     153.5088182301180
 1700.0     153.7733143938468
 1800.0     154.0443578770442
 1900.0     154.3221376786955
 2000.0     154.6068716761951
 2100.0     154.8988054674632
 2200.0     155.1982100610613
 2300.0     155.5053823286988
 2400.0     155.8206463993219
 2500.0     156.1443532102347
 2600.0     156.4768824226298
 2700.0     156.8186422001042
 2800.0     157.1700756306981
 2900.0     157.5316573077019
 3000.0     157.9039021744924
 3100.0     158.2873645938499
 3200.0     158.6826414084474
 3300.0     159.0903803674087
 3400.0     159.5112835570331
 3500.0     159.9461081730101
 3600.0     160.3956817214204
 3700.0     160.8609002463478
 3800.0     161.3427430410575
 3900.0     161.8422807539363
 4000.0     162.3606779178423
 4100.0     162.8992284008661
 4200.0     163.4593317786612
 4300.0     164.0425578646503
 4400.0     164.6506342563565
 4500.0     165.2854534544496
 4600.0     165.9491664771789
 4700.0     166.6441666921389
 4800.0     167.3730704857030
 4900.0     168.1390097175079
 5000.0     168.8722501487735
 5100.0     169.5173259354201
 5200.0     170.1593389685925
 5300.0     170.8134673255932
 5400.0     171.4787817445466
 5500.0     172.1516660998651
 5600.0     172.8377849865312
 5700.0     173.5295775408331
 5800.0     174.2353938203129
 5900.0     174.9464802951385
 6000.0     175.6804464530251
# P= 20.000000 GPa
    0.0     149.9999849136355
  100.0     150.0053758518773
  200.0     150.0459357949906
  300.0     150.1390277405637
  400.0     150.2716923094025
  500.0     150.4296972681541
  600.0     150.6045646606533
  700.0     150.7915874576915
  800.0     150.9880980423225
  900.0     151.1925336249959
 1000.0     151.4039589918393
 1100.0     151.6218094024856
 1200.0     151.8457556175047
 1300.0     152.0756198567842
 1400.0     152.3113278432355
 1500.0     152.5528814550750
 1600.0     152.8003378647828
 1700.0     153.0537971835753
 1800.0     153.3133963002461
 1900.0     153.5793021360743
 2000.0     153.8517087974833
 2100.0     154.1308361110936
 2200.0     154.4169272562565
 2300.0     154.7102487675582
 2400.0     155.0110921986867
 2500.0     155.3197731548896
 2600.0     155.6366325457111
 2700.0     155.9620370248263
 2800.0     156.2963837624804
 2900.0     156.6400979258586
 3000.0     156.9936398960960
 3100.0     157.3575053859858
 3200.0     157.7322247923797
 3300.0     158.1183756014589
 3400.0     158.5165791357934
 3500.0     158.9275079623797
 3600.0     159.3518909499947
 3700.0     159.7905185228942
 3800.0     160.2442509979444
 3900.0     160.7140244514202
 4000.0     161.2008586830852
 4100.0     161.7058768081571
 4200.0     162.2302948974312
 4300.0     162.7754674737326
 4400.0     163.3428817654261
 4500.0     163.9341610514816
 4600.0     164.5511383872249
 4700.0     165.1958455614800
 4800.0     165.8704957151906
 4900.0     166.5777123349559
 5000.0     167.2619647997946
 5100.0     167.8781033752150
 5200.0     168.4936753332454
 5300.0     169.1204612464821
 5400.0     169.7577847688087
 5500.0     170.4028773474515
 5600.0     171.0604851464132
 5700.0     171.7239322105567
 5800.0     172.4004784827211
 5900.0     173.0826982280720
 6000.0     173.7855411872512
# P= 21.000000 GPa
    0.0     149.4261658597673
  100.0     149.4304626167620
  200.0     149.4672022836818
  300.0     149.5548904016362
  400.0     149.6813163318850
  500.0     149.8325835095016
  600.0     150.0003490932592
  700.0     150.1799627455508
  800.0     150.3687802660004
  900.0     150.5652465977781
 1000.0     150.7684261728110
 1100.0     150.9777495304600
 1200.0     151.1928791546484
 1300.0     151.4136266079418
 1400.0     151.6399054623188
 1500.0     151.8717038328062
 1600.0     152.1090633782824
 1700.0     152.3520674190769
 1800.0     152.6008347175125
 1900.0     152.8555123013675
 2000.0     153.1162728702291
 2100.0     153.3833132428493
 2200.0     153.6568515594059
 2300.0     153.9371273011329
 2400.0     154.2244028881642
 2500.0     154.5189625767692
 2600.0     154.8211127028475
 2700.0     155.1311830967085
 2800.0     155.4495304370044
 2900.0     155.7765360206346
 3000.0     156.1126125808858
 3100.0     156.4582036167188
 3200.0     156.8137823471486
 3300.0     157.1798635982168
 3400.0     157.5569998270549
 3500.0     157.9457886475040
 3600.0     158.3468747318493
 3700.0     158.7609570194722
 3800.0     159.1887928818452
 3900.0     159.6312050400874
 4000.0     160.0890878417327
 4100.0     160.5634204551905
 4200.0     161.0552647034895
 4300.0     161.5657924567051
 4400.0     162.0962902888078
 4500.0     162.6481583035652
 4600.0     163.2229658635443
 4700.0     163.8224469889207
 4800.0     164.4484860368042
 4900.0     165.1032928472926
 5000.0     165.7435520767218
 5100.0     166.3328994658508
 5200.0     166.9237880143247
 5300.0     167.5250821838872
 5400.0     168.1363217939251
 5500.0     168.7554659017839
 5600.0     169.3864696618411
 5700.0     170.0234208283538
 5800.0     170.6726381439745
 5900.0     171.3278406214015
 6000.0     172.0016828425069
# P= 22.000000 GPa
    0.0     148.8632195438878
  100.0     148.8664716897531
  200.0     148.8995738704936
  300.0     148.9821073774137
  400.0     149.1025761766386
  500.0     149.2474081960862
  600.0     149.4083924321862
  700.0     149.5809340108393
  800.0     149.7624119317676
  900.0     149.9512792799592
 1000.0     150.1466011282920
 1100.0     150.3478039263543
 1200.0     150.5545428076540
 1300.0     150.7666198896506
 1400.0     150.9839379980109
 1500.0     151.2064726770923
 1600.0     151.4342515254575
 1700.0     151.6673429621344
 1800.0     151.9058492511467
 1900.0     152.1498994198417
 2000.0     152.3996471195855
 2100.0     152.6552683613940
 2200.0     152.9169587803409
 2300.0     153.1849337520711
 2400.0     153.4594295759599
 2500.0     153.7407024398388
 2600.0     154.0290280792349
 2700.0     154.3247033198544
 2800.0     154.6280492578420
 2900.0     154.9394079658397
 3000.0     155.2591505659958
 3100.0     155.5876740790523
 3200.0     155.9254019146600
 3300.0     156.2727936106018
 3400.0     156.6303418609097
 3500.0     156.9985784381818
 3600.0     157.3780757771269
 3700.0     157.7694522216016
 3800.0     158.1733783377143
 3900.0     158.5905770709930
 4000.0     159.0218373760868
 4100.0     159.4680147258407
 4200.0     159.9300391945538
 4300.0     160.4089301423346
 4400.0     160.9058037692406
 4500.0     161.4218732084113
 4600.0     161.9584889747745
 4700.0     162.5171382315563
 4800.0     163.0994345539934
 4900.0     163.7072483995430
 5000.0     164.3078032129022
 5100.0     164.8722490701051
 5200.0     165.4400193186352
 5300.0     166.0174663996686
 5400.0     166.6043156070741
 5500.0     167.1991531294078
 5600.0     167.8052502262182
 5700.0     168.4173562545615
 5800.0     169.0409744779377
 5900.0     169.6708145565779
 6000.0     170.3175422234788
# P= 23.000000 GPa
    0.0     148.3107804390110
  100.0     148.3130348765973
  200.0     148.3426723278350
  300.0     148.4202867324133
  400.0     148.5350644379495
  500.0     148.6737474346379
  600.0     148.8282529496580
  700.0     148.9940403531293
  800.0     149.1685117498627
  900.0     149.3501289242483
 1000.0     149.5379582889652
 1100.0     149.7314226254246
 1200.0     149.9301706536806
 1300.0     150.1339962988711
 1400.0     150.3427926604767
 1500.0     150.5565238162274
 1600.0     150.7752047463077
 1700.0     150.9988905137337
 1800.0     151.2276683600230
 1900.0     151.4616510910135
 2000.0     151.7009752481336
 2100.0     151.9457980600954
 2200.0     152.1962949440378
 2300.0     152.4526596950527
 2400.0     152.7151051559753
 2500.0     152.9838624051609
 2600.0     153.2591798881198
 2700.0     153.5413250360570
 2800.0     153.8305872812969
 2900.0     154.1272738798143
 3000.0     154.4317191424996
 3100.0     154.7442790558912
 3200.0     155.0653330187738
 3300.0     155.3952923120713
 3400.0     155.7345966816550
 3500.0     156.0837212013496
 3600.0     156.4431742354657
 3700.0     156.8135054794393
 3800.0     157.1953088279159
 3900.0     157.5892224415273
 4000.0     157.9959439570084
 4100.0     158.4162224743864
 4200.0     158.8508773080152
 4300.0     159.3007956673512
 4400.0     159.7669516357182
 4500.0     160.2504007033654
 4600.0     160.7523084930448
 4700.0     161.2739574059927
 4800.0     161.8167371541665
 4900.0     162.3822369077491
 5000.0     162.9467954711638
 5100.0     163.4880140146312
 5200.0     164.0340668801097
 5300.0     164.5891367327946
 5400.0     165.1531082729802
 5500.0     165.7251096928766
 5600.0     166.3078192196403
 5700.0     166.8965615106348
 5800.0     167.4961304759629
 5900.0     168.1020959827611
 6000.0     168.7233945640110
# P= 24.000000 GPa
    0.0     147.7685002898121
  100.0     147.7698014370803
  200.0     147.7961375797908
  300.0     147.8690557876855
  400.0     147.9783943030135
  500.0     148.1111988542490
  600.0     148.2595114844445
  700.0     148.4188447507208
  800.0     148.5866238938059
  900.0     148.7613199388447
 1000.0     148.9420007238145
 1100.0     149.1280860767214
 1200.0     149.3192192158428
 1300.0     149.5151870225035
 1400.0     149.7158735004305
 1500.0     149.9212323888891
 1600.0     150.1312675104063
 1700.0     150.3460217146761
 1800.0     150.5655686368852
 1900.0     150.7900064486265
 2000.0     151.0194563280663
 2100.0     151.2540584977241
 2200.0     151.4939701335466
 2300.0     151.7393657096907
 2400.0     151.9904370061946
 2500.0     152.2473925418207
 2600.0     152.5104564219612
 2700.0     152.7798697696085
 2800.0     153.0558938639167
 2900.0     153.3388049785833
 3000.0     153.6289046621541
 3100.0     153.9265127851866
 3200.0     154.2319695468449
 3300.0     154.5456441741219
 3400.0     154.8679293050539
 3500.0     155.1992509139380
 3600.0     155.5400607018738
 3700.0     155.8908492078398
 3800.0     156.2521429385474
 3900.0     156.6245075543279
 4000.0     157.0085605361908
 4100.0     157.4049612540988
 4200.0     157.8144318414987
 4300.0     158.2377490889210
 4400.0     158.6757643438680
 4500.0     159.1293999463145
 4600.0     159.5996671460592
 4700.0     160.0876745052000
 4800.0     160.5946257860790
 4900.0     161.1218769414138
 5000.0     161.6536660840339
 5100.0     162.1731490555286
 5200.0     162.6987447922130
 5300.0     163.2327578889947
 5400.0     163.7752098216611
 5500.0     164.3256986080915
 5600.0     164.8863868733789
 5700.0     165.4531010670129
 5800.0     166.0300159287383
 5900.0     166.6134508359586
 6000.0     167.2108340414306
# P= 25.000000 GPa
    0.0     147.2360475530405
  100.0     147.2364375261094
  200.0     147.2596270958201
  300.0     147.3280602452727
  400.0     147.4321979833060
  500.0     147.5593799691884
  600.0     147.7017698487261
  700.0     147.8549325481887
  800.0     148.0163164913790
  900.0     148.1844017896423
 1000.0     148.3582580776394
 1100.0     148.5373029855706
 1200.0     148.7211752702123
 1300.0     148.9096552234619
 1400.0     149.1026185786053
 1500.0     149.3000098679970
 1600.0     149.5018230488293
 1700.0     149.7080896436248
 1800.0     149.9188709212710
 1900.0     150.1342520335902
 2000.0     150.3543402229354
 2100.0     150.5792602314337
 2200.0     150.8091528937649
 2300.0     151.0441753061172
 2400.0     151.2845002359463
 2500.0     151.5303159310801
 2600.0     151.7818248242042
 2700.0     152.0392443727323
 2800.0     152.3028107017956
 2900.0     152.5727726046456
 3000.0     152.8494023677193
 3100.0     153.1329878923515
 3200.0     153.4238345730823
 3300.0     153.7222745801599
 3400.0     154.0286589480188
 3500.0     154.3433704457311
 3600.0     154.6668113875236
 3700.0     154.9994199642414
 3800.0     155.3416648520048
 3900.0     155.6940474827389
 4000.0     156.0571173284171
 4100.0     156.4314546256054
 4200.0     156.8176994526001
 4300.0     157.2165325775474
 4400.0     157.6287010074134
 4500.0     158.0550146429685
 4600.0     158.4963516702622
 4700.0     158.9536765477306
 4800.0     159.4280357715855
 4900.0     159.9205893123381
 5000.0     160.4224330387161
 5100.0     160.9215170130018
 5200.0     161.4277944168976
 5300.0     161.9419420729511
 5400.0     162.4640997017418
 5500.0     162.9942724866517
 5600.0     163.5341739087681
 5700.0     164.0800692922930
 5800.0     164.6355918797016
 5900.0     165.1977152107314
 6000.0     165.7725488574491
# P= 26.000000 GPa
    0.0     146.7131062574988
  100.0     146.7126249922115
  200.0     146.7328145377153
  300.0     146.7969625457284
  400.0     146.8961252075077
  500.0     147.0179267995512
  600.0     147.1546497325131
  700.0     147.3019103606871
  800.0     147.4571797420667
  900.0     147.6189472129272
 1000.0     147.7862847076707
 1100.0     147.9586086089685
 1200.0     148.1355535161363
 1300.0     148.3168936869588
 1400.0     148.5024974808487
 1500.0     148.6923014885556
 1600.0     148.8862904442151
 1700.0     149.0844855249339
 1800.0     149.2869368373087
 1900.0     149.4937180519985
 2000.0     149.7049234387991
 2100.0     149.9206638032499
 2200.0     150.1410653669886
 2300.0     150.3662694939450
 2400.0     150.5964317654847
 2500.0     150.8317222350985
 2600.0     151.0723239089387
 2700.0     151.3184330163730
 2800.0     151.5702631427025
 2900.0     151.8280385995755
 3000.0     152.0920055170149
 3100.0     152.3624234365422
 3200.0     152.6395668200180
 3300.0     152.9237349548565
 3400.0     153.2152423072275
 3500.0     153.5144332235649
 3600.0     153.8216670519155
 3700.0     154.1373355012296
 3800.0     154.4618573011795
 3900.0     154.7956771757084
 4000.0     155.1392861224581
 4100.0     155.4931950649581
 4200.0     155.8579740464950
 4300.0     156.2342200181475
 4400.0     156.6225919248141
 4500.0     157.0238014586223
 4600.0     157.4386162166410
 4700.0     157.8678757390897
 4800.0     158.3124954406516
 4900.0     158.7734705977499
 5000.0     159.2478528577444
 5100.0     159.7277403096285
 5200.0     160.2157335440247
 5300.0     160.7110952537072
 5400.0     161.2140682348985
 5500.0     161.7250117684857
 5600.0     162.2452462676343
 5700.0     162.7714221114200
 5800.0     163.3066981983673
 5900.0     163.8486200548662
 6000.0     164.4021416966330
# P= 27.000000 GPa
    0.0     146.1993745346528
  100.0     146.1980599250526
  200.0     146.2153883291072
  300.0     146.2754406445806
  400.0     146.3698422169102
  500.0     146.4864932181157
  600.0     146.6177916907678
  700.0     146.7594042306546
  800.0     146.9088242845305
  900.0     147.0645506827866
 1000.0     147.2256584179523
 1100.0     147.3915627385396
 1200.0     147.5618945317224
 1300.0     147.7364226594036
 1400.0     147.9150092614140
 1500.0     148.0975836191606
 1600.0     148.2841218707670
 1700.0     148.4746357869647
 1800.0     148.6691657763856
 1900.0     148.8677748389853
 2000.0     149.0705453689804
 2100.0     149.2775756397239
 2200.0     149.4889788665703
 2300.0     149.7048819813059
 2400.0     149.9254250079690
 2500.0     150.1507618220617
 2600.0     150.3810578708780
 2700.0     150.6164902307817
 2800.0     150.8572523917161
 2900.0     151.1035467807441
 3000.0     151.3555960547094
 3100.0     151.6136345053356
 3200.0     151.8779091793616
 3300.0     152.1486900192368
 3400.0     152.4262592362251
 3500.0     152.7109270871318
 3600.0     153.0030151444166
 3700.0     153.3028741942758
 3800.0     153.6108790335759
 3900.0     153.9274250365756
 4000.0     154.2529516958825
 4100.0     154.5879104742293
 4200.0     154.9328094085089
 4300.0     155.2881745789936
 4400.0     155.6545872465546
 4500.0     156.0326768095256
 4600.0     156.4231141549596
 4700.0     156.8266339670909
 4800.0     157.2440400424882
 4900.0     157.6761872421659
 5000.0     158.1253056503934
 5100.0     158.5870829902683
 5200.0     159.0577335040697
 5300.0     159.5352925096335
 5400.0     160.0200897732917
 5500.0     160.5127938004141
 5600.0     161.0143820082745
 5700.0     161.5218414147512
 5800.0     162.0379149572369
 5900.0     162.5606499926807
 6000.0     163.0939855817971
# P= 28.000000 GPa
    0.0     145.6945641179199
  100.0     145.6924521524897
  200.0     145.7070511686411
  300.0     145.7631877438755
  400.0     145.8530314700230
  500.0     145.9647497732058
  600.0     146.0908534008664
  700.0     146.2270581794482
  800.0     146.3708799686735
  900.0     146.5208274524537
 1000.0     146.6759786296176
 1100.0     146.8357478562590
 1200.0     146.9997629047700
 1300.0     147.1677882011543
 1400.0     147.3396802755428
 1500.0     147.5153614467683
 1600.0     147.6948000547146
 1700.0     147.8779996625254
 1800.0     148.0649919080386
 1900.0     148.2558297483887
 2000.0     148.4505848729125
 2100.0     148.6493444796481
 2200.0     148.8522098414488
 2300.0     149.0592947242149
 2400.0     149.2707251474828
 2500.0     149.4866405972872
 2600.0     149.7071904842456
 2700.0     149.9325346738471
 2800.0     150.1628486859214
 2900.0     150.3983153244056
 3000.0     150.6391361690797
 3100.0     150.8855230333562
 3200.0     151.1376984845468
 3300.0     151.3959063477566
 3400.0     151.6604001959960
 3500.0     151.9314601135363
 3600.0     152.2093742335452
 3700.0     152.4944573204524
 3800.0     152.7870453215015
 3900.0     153.0874907321360
 4000.0     153.3961873227204
 4100.0     153.7135353886255
 4200.0     154.0399883212855
 4300.0     154.3760112453944
 4400.0     154.7221177457579
 4500.0     155.0788667719254
 4600.0     155.4468455719916
 4700.0     155.8266999308028
 4800.0     156.2191370269757
 4900.0     156.6248946001172
 5000.0     157.0506995099775
 5100.0     157.4953534925334
 5200.0     157.9495224316463
 5300.0     158.4101752409050
 5400.0     158.8777188053853
 5500.0     159.3530886033387
 5600.0     159.8369624993602
 5700.0     160.3266245842541
 5800.0     160.8244506247943
 5900.0     161.3289284663358
 6000.0     161.8431062275103
# P= 29.000000 GPa
    0.0     145.1984001379886
  100.0     145.1955250181191
  200.0     145.2075196929151
  300.0     145.2599112897597
  400.0     145.3453899274755
  500.0     145.4523820559389
  600.0     145.5735084647974
  700.0     145.7045335315342
  800.0     145.8429952357598
  900.0     145.9874118888090
 1000.0     146.1368646660935
 1100.0     146.2907675288348
 1200.0     146.4487459916931
 1300.0     146.6105604574963
 1400.0     146.7760620711901
 1500.0     146.9451668355079
 1600.0     147.1178363067799
 1700.0     147.2940668025133
 1800.0     147.4738815401575
 1900.0     147.6573243334408
 2000.0     147.8444573861996
 2100.0     148.0353579973427
 2200.0     148.2301162647735
 2300.0     148.4288340110327
 2400.0     148.6316249311495
 2500.0     148.8386153289019
 2600.0     149.0499400343604
 2700.0     149.2657434670213
 2800.0     149.4861851539301
 2900.0     149.7114300743600
 3000.0     149.9416609353722
 3100.0     150.1770695297183
 3200.0     150.4178565350550
 3300.0     150.6642423740243
 3400.0     150.9164552580633
 3500.0     151.1747484309920
 3600.0     151.4393803456709
 3700.0     151.7106340520616
 3800.0     151.9888110262282
 3900.0     152.2742262483042
 4000.0     152.5672332163538
 4100.0     152.8681873146437
 4200.0     153.1774946169556
 4300.0     153.4955664881154
 4400.0     153.8228588253310
 4500.0     154.1598681983995
 4600.0     154.5071114390132
 4700.0     154.8651558211930
 4800.0     155.2346283320457
 4900.0     155.6161638522632
 5000.0     156.0203963448176
 5100.0     156.4488249865327
 5200.0     156.8873018198203
 5300.0     157.3318712688809
 5400.0     157.7830041803342
 5500.0     158.2418708248409
 5600.0     158.7088857842685
 5700.0     159.1815935889394
 5800.0     159.6620490004006
 5900.0     160.1491251653554
 6000.0     160.6450861738911
# P= 30.000000 GPa
    0.0     144.7106193364424
  100.0     144.7070135844050
  200.0     144.7165226455008
  300.0     144.7653313372617
  400.0     144.8466278893166
  500.0     144.9490901281538
  600.0     145.0654462700589
  700.0     145.1915081006348
  800.0     145.3248352948255
  900.0     145.4639558403604
 1000.0     145.6079545079049
 1100.0     145.7562456068443
 1200.0     145.9084524389377
 1300.0     146.0643316505247
 1400.0     146.2237295144038
 1500.0     146.3865566611801
 1600.0     146.5527686849183
 1700.0     146.7223548601999
 1800.0     146.8953306823709
 1900.0     147.0717318259845
 2000.0     147.2516122381702
 2100.0     147.4350397809327
 2200.0     147.6220943540214
 2300.0     147.8128671050676
 2400.0     148.0074607768889
 2500.0     148.2059894348954
 2600.0     148.4085747295595
 2700.0     148.6153473330050
 2800.0     148.8264523322124
 2900.0     149.0420385588315
 3000.0     149.2622717922777
 3100.0     149.4873259513445
 3200.0     149.7173820774522
 3300.0     149.9526396334611
 3400.0     150.1933043245195
 3500.0     150.4396054772847
 3600.0     150.6917750568084
 3700.0     150.9500681215351
 3800.0     151.2147556863338
 3900.0     151.4861195024309
 4000.0     151.7644777446638
 4100.0     152.0501462052028
 4200.0     152.3434898114271
 4300.0     152.6448725488204
 4400.0     152.9547005174126
 4500.0     153.2734157373278
 4600.0     153.6014743009890
 4700.0     153.9393757192234
 4800.0     154.2876777284988
 4900.0     154.6469275214659
 5000.0     155.0311461238057
 5100.0     155.4441701195392
 5200.0     155.8676820595907
 5300.0     156.2969229352083
 5400.0     156.7324211964224
 5500.0     157.1755489007593
 5600.0     157.6264911701875
 5700.0     158.0830226627542
 5800.0     158.5469134916199
 5900.0     159.0173769029848
 6000.0     159.4959868541141
# P= 31.000000 GPa
    0.0     144.2309697415379
  100.0     144.2266642766028
  200.0     144.2338005658757
  300.0     144.2791805824694
  400.0     144.3564692860578
  500.0     144.4545883161504
  600.0     144.5663705970811
  700.0     144.6876743460497
  800.0     144.8160807843101
  900.0     144.9501278985591
 1000.0     145.0889043607474
 1100.0     145.2318246975090
 1200.0     145.3785102685733
 1300.0     145.5287144580962
 1400.0     145.6822795751781
 1500.0     145.8391114267574
 1600.0     145.9991597592210
 1700.0     146.1624073800645
 1800.0     146.3288629375933
 1900.0     146.4985551588111
 2000.0     146.6715299570170
 2100.0     146.8478465385365
 2200.0     147.0275756050959
 2300.0     147.2107990235312
 2400.0     147.3976092671060
 2500.0     147.5881091907946
 2600.0     147.7824085711311
 2700.0     147.9806260565752
 2800.0     148.1828932960084
 2900.0     148.3893445856389
 3000.0     148.6001306094242
 3100.0     148.8154092491255
 3200.0     149.0353438441528
 3300.0     149.2601150663873
 3400.0     149.4899086566511
 3500.0     149.7249324763964
 3600.0     149.9653949580450
 3700.0     150.2115263371427
 3800.0     150.4635705523634
 3900.0     150.7217799667056
 4000.0     150.9864416689817
 4100.0     151.2578364524915
 4200.0     151.5362932404144
 4300.0     151.8221344163866
 4400.0     152.1157225175476
 4500.0     152.4174523312047
 4600.0     152.7277265118842
 4700.0     153.0469869685630
 4800.0     153.3757302544484
 4900.0     153.7144296875617
 5000.0     154.0800346088797
 5100.0     154.4784073378763
 5200.0     154.8876241882954
 5300.0     155.3022335748520
 5400.0     155.7228112799262
 5500.0     156.1509054986286
 5600.0     156.5865011245990
 5700.0     157.0275736285849
 5800.0     157.4756449257880
 5900.0     157.9302250462727
 6000.0     158.3922808607618
# P= 32.000000 GPa
    0.0     143.7592108613200
  100.0     143.7542351307105
  200.0     143.7591059170884
  300.0     143.8012038878410
  400.0     143.8746502663307
  500.0     143.9686032652600
  600.0     144.0759981010966
  700.0     144.1927387277914
  800.0     144.3164277565899
  900.0     144.4456129630849
 1000.0     144.5793868353202
 1100.0     144.7171643850645
 1200.0     144.8585655886021
 1300.0     145.0033413284620
 1400.0     145.1513301334777
 1500.0     145.3024331231261
 1600.0     145.4565947259398
 1700.0     145.6137921104752
 1800.0     145.7740280581083
 1900.0     145.9373244902832
 2000.0     146.1037198716987
 2100.0     146.2732655703811
 2200.0     146.4460244298966
 2300.0     146.6220695932765
 2400.0     146.8014839745117
 2500.0     146.9843602717557
 2600.0     147.1707979405093
 2700.0     147.3609044763357
 2800.0     147.5547992490253
 2900.0     147.7526034732637
 3000.0     147.9544545420747
 3100.0     148.1604956458097
 3200.0     148.3708741775842
 3300.0     148.5857540803815
 3400.0     148.8053032395526
 3500.0     149.0297102626688
 3600.0     149.2591625251377
 3700.0     149.4938683259487
 3800.0     149.7340474587556
 3900.0     149.9799261968537
 4000.0     150.2317642190807
 4100.0     150.4898113324910
 4200.0     150.7543647488235
 4300.0     151.0257104180727
 4400.0     151.3041724609077
 4500.0     151.5901047326783
 4600.0     151.8838629466396
 4700.0     152.1858392257797
 4800.0     152.4964769675816
 4900.0     152.8161855199243
 5000.0     153.1644403619640
 5100.0     153.5488537737679
 5200.0     153.9443959231066
 5300.0     154.3450176398505
 5400.0     154.7513345545540
 5500.0     155.1650486467765
 5600.0     155.5859680911749
 5700.0     156.0122472073161
 5800.0     156.4451875670820
 5900.0     156.8845606139074
 6000.0     157.3307995985474
# P= 33.000000 GPa
    0.0     143.2951116345045
  100.0     143.2894937095846
  200.0     143.2922010121233
  300.0     143.3311563666238
  400.0     143.4009178842618
  500.0     143.4908736071746
  600.0     143.5940586894307
  700.0     143.7064217970696
  800.0     143.8255864355643
  900.0     143.9501101596573
 1000.0     144.0790895078951
 1100.0     144.2119405907609
 1200.0     144.3482823488306
 1300.0     144.4878631142464
 1400.0     144.6305178874617
 1500.0     144.7761435786194
 1600.0     144.9246801919192
 1700.0     145.0760999069478
 1800.0     145.2303996830902
 1900.0     145.3875950988815
 2000.0     145.5477179785948
 2100.0     145.7108130137538
 2200.0     145.8769356209932
 2300.0     146.0461507321772
 2400.0     146.2185325482706
 2500.0     146.3941649441668
 2600.0     146.5731380237338
 2700.0     146.7555487932179
 2800.0     146.9415055184267
 2900.0     147.1311179141802
 3000.0     147.3245113446297
 3100.0     147.5218155263200
 3200.0     147.7231634722952
 3300.0     147.9287044331750
 3400.0     148.1385900695979
 3500.0     148.3529916915079
 3600.0     148.5720779500312
 3700.0     148.7960376015224
 3800.0     149.0250688808393
 3900.0     149.2593748071311
 4000.0     149.4991908960331
 4100.0     149.7447394786252
 4200.0     149.9962896827139
 4300.0     150.2540954969494
 4400.0     150.5184471586008
 4500.0     150.7896627694792
 4600.0     151.0680568557344
 4700.0     151.3539781434359
 4800.0     151.6478240402109
 4900.0     151.9499478785601
 5000.0     152.2819960057602
 5100.0     152.6530880667488
 5200.0     153.0355311884529
 5300.0     153.4227612792066
 5400.0     153.8154293867826
 5500.0     154.2153684954389
 5600.0     154.6222343132770
 5700.0     155.0343373337155
 5800.0     155.4527856834590
 5900.0     155.8775805676962
 6000.0     156.3086846130948
# P= 34.000000 GPa
    0.0     142.8384508839217
  100.0     142.8322174817073
  200.0     142.8328584187195
  300.0     142.8688040837752
  400.0     142.9350309434927
  500.0     143.0211501548617
  600.0     143.1202943685562
  700.0     143.2284560747694
  800.0     143.3432795124763
  900.0     143.4633322315265
 1000.0     143.5877150964756
 1100.0     143.7158452098991
 1200.0     143.8473405181802
 1300.0     143.9819471197270
 1400.0     144.1194970749834
 1500.0     144.2598838899916
 1600.0     144.4030432860875
 1700.0     144.5489425758067
 1800.0     144.6975733714179
 1900.0     144.8489456664090
 2000.0     145.0030856705094
 2100.0     145.1600316171436
 2200.0     145.3198318711336
 2300.0     145.4825439147236
 2400.0     145.6482344134644
 2500.0     145.8169793021733
 2600.0     145.9888597473377
 2700.0     146.1639632069236
 2800.0     146.3423881251392
 2900.0     146.5242340815063
 3000.0     146.7096151116079
 3100.0     146.8986487385541
 3200.0     147.0914552607819
 3300.0     147.2881708116568
 3400.0     147.4889322173735
 3500.0     147.6938952122214
 3600.0     147.9032119649126
 3700.0     148.1170536568296
 3800.0     148.3355991571888
 3900.0     148.5590308960639
 4000.0     148.7875629002630
 4100.0     149.0213931487585
 4200.0     149.2607657629073
 4300.0     149.5059067337145
 4400.0     149.7570762902182
 4500.0     150.0145610619892
 4600.0     150.2786396378459
 4700.0     150.5496225031773
 4800.0     150.8278673268640
 4900.0     151.1136783620704
 5000.0     151.4305570919371
 5100.0     151.7889180454834
 5200.0     152.1587969023539
 5300.0     152.5331894195158
 5400.0     152.9127765915379
 5500.0     153.2995035538351
 5600.0     153.6928943644374
 5700.0     154.0913952926362
 5800.0     154.4959463742930
 5900.0     154.9067478279558
 6000.0     155.3233512136958
# P= 35.000000 GPa
    0.0     142.3890169663151
  100.0     142.3821935748172
  200.0     142.3808606289167
  300.0     142.4139231172530
  400.0     142.4767581503100
  500.0     142.5591936556146
  600.0     142.6544576366926
  700.0     142.7585857441651
  800.0     142.8692427046788
  900.0     142.9850057924737
 1000.0     143.1049801051734
 1100.0     143.2285839123377
 1200.0     143.3554345854049
 1300.0     143.4852766128757
 1400.0     143.6179394559192
 1500.0     143.7533131615268
 1600.0     143.8913294157638
 1700.0     144.0319511292112
 1800.0     144.1751654225254
 1900.0     144.3209774187069
 2000.0     144.4694076891464
 2100.0     144.6204884287783
 2200.0     144.7742616149899
 2300.0     144.9307784073171
 2400.0     145.0900986068516
 2500.0     145.2522904529352
 2600.0     145.4174269507932
 2700.0     145.5855870908929
 2800.0     145.7568608161492
 2900.0     145.9313380377461
 3000.0     146.1091224257284
 3100.0     146.2903205762055
 3200.0     146.4750417841755
 3300.0     146.6634099145952
 3400.0     146.8555483806203
 3500.0     147.0515990425800
 3600.0     147.2516994983014
 3700.0     147.4560049235339
 3800.0     147.6646768558344
 3900.0     147.8778795347002
 4000.0     148.0958077733944
 4100.0     148.3186378396317
 4200.0     148.5465916996324
 4300.0     148.7798706078173
 4400.0     149.0187082588886
 4500.0     149.2633634524857
 4600.0     149.5140833499218
 4700.0     149.7711447393310
 4800.0     150.0348705353347
 4900.0     150.3055223013514
 5000.0     150.6081755552410
 5100.0     150.9543525728265
 5200.0     151.3121651989992
 5300.0     151.6742361442234
 5400.0     152.0412704835001
 5500.0     152.4153102236417
 5600.0     152.7957644529117
 5700.0     153.1811991730969
 5800.0     153.5724065274476
 5900.0     153.9697608290855
 6000.0     154.3724534766775
# P= 36.000000 GPa
    0.0     141.9466059200595
  100.0     141.9392168568260
  200.0     141.9359981406607
  300.0     141.9662980530713
  400.0     142.0258775683061
  500.0     142.1047753617096
  600.0     142.1963125582643
  700.0     142.2965669936476
  800.0     142.4032234827778
  900.0     142.5148690020913
 1000.0     142.6306131334491
 1100.0     142.7498757786606
 1200.0     142.8722739640679
 1300.0     142.9975505025067
 1400.0     143.1255323413315
 1500.0     143.2561064053992
 1600.0     143.3892009973919
 1700.0     143.5247753418506
 1800.0     143.6628122394194
 1900.0     143.8033119974929
 2000.0     143.9462899921604
 2100.0     144.0917730603848
 2200.0     144.2397978770078
 2300.0     144.3904095156316
 2400.0     144.5436611728339
 2500.0     144.6996140550578
 2600.0     144.8583339842072
 2700.0     145.0198926978280
 2800.0     145.1843718519061
 2900.0     145.3518524828080
 3000.0     145.5224289099351
 3100.0     145.6961983751669
 3200.0     145.8732598824571
 3300.0     146.0537260140596
 3400.0     146.2377081099269
 3500.0     146.4253360124059
 3600.0     146.6167339299885
 3700.0     146.8120425254414
 3800.0     147.0114079023781
 3900.0     147.2149782740904
 4000.0     147.4229310918757
 4100.0     147.6354232631426
 4200.0     147.8526570662910
 4300.0     148.0748119497629
 4400.0     148.3020979866732
 4500.0     148.5347493054463
 4600.0     148.7729855386007
 4700.0     149.0170537432206
 4800.0     149.2672462931638
 4900.0     149.5237875761831
 5000.0     149.8130767631983
 5100.0     150.1475780969518
 5200.0     150.4937894958107
 5300.0     150.8440201353496
 5400.0     151.1989943124795
 5500.0     151.5608368337611
 5600.0     151.9288569897827
 5700.0     152.3017262863271
 5800.0     152.6801065823587
 5900.0     153.0645247844689
 6000.0     153.4538564056701
# P= 37.000000 GPa
    0.0     141.5110230109933
  100.0     141.5030914622594
  200.0     141.4980709571245
  300.0     141.5257233836291
  400.0     141.5821774177691
  500.0     141.6576765344065
  600.0     141.7456328251460
  700.0     141.8421655725693
  800.0     141.9449795510614
  900.0     142.0526716012604
 1000.0     142.1643557663930
 1100.0     142.2794534449037
 1200.0     142.3975813824497
 1300.0     142.5184809671629
 1400.0     142.6419771293297
 1500.0     142.7679543047693
 1600.0     142.8963376258081
 1700.0     143.0270825953559
 1800.0     143.1601679338966
 1900.0     143.2955895966071
 2000.0     143.4333586224199
 2100.0     143.5734971515818
 2200.0     143.7160365169490
 2300.0     143.8610160850841
 2400.0     144.0084830157521
 2500.0     144.1584925175548
 2600.0     144.3111040889281
 2700.0     144.4663823191930
 2800.0     144.6244012271657
 2900.0     144.7852338615740
 3000.0     144.9489666060362
 3100.0     145.1156879476005
 3200.0     145.2854872692753
 3300.0     145.4584669412050
 3400.0     145.6347278159349
 3500.0     145.8143888908069
 3600.0     145.9975619828211
 3700.0     146.1843747138473
 3800.0     146.3749596348088
 3900.0     146.5694505726443
 4000.0     146.7680092063157
 4100.0     146.9707752307212
 4200.0     147.1779335798611
 4300.0     147.3896441897124
 4400.0     147.6060960815049
 4500.0     147.8275015944110
 4600.0     148.0540561050945
 4700.0     148.2859804035278
 4800.0     148.5235398061205
 4900.0     148.7669264369930
 5000.0     149.0436397109379
 5100.0     149.3669384350178
 5200.0     149.7019837081875
 5300.0     150.0408237641118
 5400.0     150.3841982806806
 5500.0     150.7343018307594
 5600.0     151.0903580894864
 5700.0     151.4511304628990
 5800.0     151.8171673417641
 5900.0     152.1891278926790
 6000.0     152.5656124440306
# P= 38.000000 GPa
    0.0     141.0820805005916
  100.0     141.0736286387914
  200.0     141.0668864508072
  300.0     141.0920010749323
  400.0     141.1454535307581
  500.0     141.2176865420087
  600.0     141.3022012790118
  700.0     141.3951576985214
  800.0     141.4942801081601
  900.0     141.5981749629505
 1000.0     141.7059607661765
 1100.0     141.8170605991504
 1200.0     141.9310913652957
 1300.0     142.0477934828457
 1400.0     142.1669899912689
 1500.0     142.2885627754992
 1600.0     142.4124339267601
 1700.0     142.5385556146254
 1800.0     142.6669031241871
 1900.0     142.7974687424237
 2000.0     142.9302592634844
 2100.0     143.0652921886957
 2200.0     143.2025938893073
 2300.0     143.3421987222726
 2400.0     143.4841487918869
 2500.0     143.6284936801623
 2600.0     143.7752866778857
 2700.0     143.9245857956431
 2800.0     144.0764582643869
 2900.0     144.2309704137390
 3000.0     144.3882010519636
 3100.0     144.5482304121923
 3200.0     144.7111391611290
 3300.0     144.8770207775064
 3400.0     145.0459668801063
 3500.0     145.2180861189160
 3600.0     145.3934791285747
 3700.0     145.5722619693730
 3800.0     145.7545553464987
 3900.0     145.9404797939520
 4000.0     146.1301827496117
 4100.0     146.3237887060464
 4200.0     146.5214672831447
 4300.0     146.7233607653121
 4400.0     146.9296394593858
 4500.0     147.1404964869702
 4600.0     147.3561057352180
 4700.0     147.5766646599434
 4800.0     147.8024147294227
 4900.0     148.0335198315141
 5000.0     148.2983799678424
 5100.0     148.6109174011350
 5200.0     148.9352042948968
 5300.0     149.2630748816448
 5400.0     149.5952809064268
 5500.0     149.9340748601346
 5600.0     150.2786078239375
 5700.0     150.6277225322961
 5800.0     150.9818693778776
 5900.0     151.3418211015619
 6000.0     151.7059399679106
# P= 39.000000 GPa
    0.0     140.6595982092364
  100.0     140.6506471789610
  200.0     140.6422597120928
  300.0     140.6649413669944
  400.0     140.7155108108117
  500.0     140.7846045329833
  600.0     140.8658107244822
  700.0     140.9553291593132
  800.0     141.0509034209904
  900.0     141.1511496376766
 1000.0     141.2551910281041
 1100.0     141.3624526053930
 1200.0     141.4725513470576
 1300.0     141.5852266533657
 1400.0     141.7002998141911
 1500.0     141.8176504777102
 1600.0     141.9371982654944
 1700.0     142.0588925548034
 1800.0     142.1827053047033
 1900.0     142.3086250863672
 2000.0     142.4366547094368
 2100.0     142.5668075259309
 2200.0     142.6991058062066
 2300.0     142.8335794315753
 2400.0     142.9702654876855
 2500.0     143.1092081654241
 2600.0     143.2504550941797
 2700.0     143.3940586600481
 2800.0     143.5400802493155
 2900.0     143.6885795838297
 3000.0     143.8396283619702
 3100.0     143.9932993183561
 3200.0     144.1496656558957
 3300.0     144.3088129857441
 3400.0     144.4708240001654
 3500.0     144.6357979422422
 3600.0     144.8038254916731
 3700.0     144.9750128026766
 3800.0     145.1494694426671
 3900.0     145.3273038672760
 4000.0     145.5086507778928
 4100.0     145.6936215341954
 4200.0     145.8823716309475
 4300.0     146.0750275693688
 4400.0     146.2717430318845
 4500.0     146.4726942317711
 4600.0     146.6780358061618
 4700.0     146.8879445296135
 4800.0     147.1026407305764
 4900.0     147.3222636488285
 5000.0     147.5759349706981
 5100.0     147.8781235823184
 5200.0     148.1920349006919
 5300.0     148.5093310547077
 5400.0     148.8307729794160
 5500.0     149.1586604906786
 5600.0     149.4920836206527
 5700.0     149.8299532804779
 5800.0     150.1726357501318
 5900.0     150.5210005476360
 6000.0     150.8732051483396
# P= 40.000000 GPa
    0.0     140.2434032693724
  100.0     140.2339733194183
  200.0     140.2240135413826
  300.0     140.2443622414159
  400.0     140.2921616696250
  500.0     140.3582368798090
  600.0     140.4362612611796
  700.0     140.5224737716114
  800.0     140.6146370854514
  900.0     140.7113768326586
 1000.0     140.8118207906113
 1100.0     140.9153958734225
 1200.0     141.0217192565015
 1300.0     141.1305296721711
 1400.0     141.2416471374372
 1500.0     141.3549493855931
 1600.0     141.4703535961388
 1700.0     141.5878063171633
 1800.0     141.7072763752557
 1900.0     141.8287490502340
 2000.0     141.9522238288186
 2100.0     142.0777105095173
 2200.0     142.2052272594169
 2300.0     142.3347995474716
 2400.0     142.4664598303510
 2500.0     142.6002475441499
 2600.0     142.7362056162330
 2700.0     142.8743812172487
 2800.0     143.0148299194207
 2900.0     143.1576053351626
 3000.0     143.3027727769241
 3100.0     143.4503986743584
 3200.0     143.6005494253750
 3300.0     143.7533029768429
 3400.0     143.9087339000526
 3500.0     144.0669330331592
 3600.0     144.2279826631984
 3700.0     144.3919795531850
 3800.0     144.5590229978553
 3900.0     144.7292105661977
 4000.0     144.9026659833571
 4100.0     145.0794887550358
 4200.0     145.2598213381529
 4300.0     145.4437761606348
 4400.0     145.6314923783375
 4500.0     145.8231310625593
 4600.0     146.0188295027332
 4700.0     146.2187461231645
 4800.0     146.4230827557428
 4900.0     146.6319568071911
 5000.0     146.8750512168149
 5100.0     147.1672772617457
 5200.0     147.4711729307423
 5300.0     147.7782658745726
 5400.0     148.0893236133473
 5500.0     148.4066837688661
 5600.0     148.7293857569994
 5700.0     149.0563986952475
 5800.0     149.3880169170952
 5900.0     149.7251920603321
 6000.0     150.0659064058157
