# T (K)       E-ph (Ry.)
# V = 42.244600 (a.u.^3)
    5.0       0.0002556052802
   50.0       0.0009754625304
  100.0       0.0019128643756
  150.0       0.0028586435560
  200.0       0.0038065452949
  250.0       0.0047552988828
  300.0       0.0057044789786
  350.0       0.0066539029647
  400.0       0.0076034794450
  450.0       0.0085531576147
  500.0       0.0095029069798
  550.0       0.0104527081297
  600.0       0.0114025481220
  650.0       0.0123524179950
  700.0       0.0133023113470
  750.0       0.0142522234830
  800.0       0.0152021508816
  850.0       0.0161520908498
  900.0       0.0171020412927
  950.0       0.0180520005568
 1000.0       0.0190019673189
 1050.0       0.0199519405080
 1100.0       0.0209019192477
 1150.0       0.0218519028142
 1200.0       0.0228018906041
 1250.0       0.0237518821106
 1300.0       0.0247018769049
 1350.0       0.0256518746217
 1400.0       0.0266018749479
 1450.0       0.0275518776136
 1500.0       0.0285018823848
 1550.0       0.0294518890578
 1600.0       0.0304018974544
 1650.0       0.0313519074177
 1700.0       0.0323019188096
 1750.0       0.0332519315077
 1800.0       0.0342019454030
 1850.0       0.0351519603986
 1900.0       0.0361019764075
 1950.0       0.0370519933518
 2000.0       0.0380020111614
 2050.0       0.0389520297729
 2100.0       0.0399020491291
 2150.0       0.0408520691780
 2200.0       0.0418020898724
 2250.0       0.0427521111692
 2300.0       0.0437021330292
 2350.0       0.0446521554164
 2400.0       0.0456021782979
 2450.0       0.0465522016434
 2500.0       0.0475022254250
 2550.0       0.0484522496172
 2600.0       0.0494022741962
 2650.0       0.0503522991401
 2700.0       0.0513023244286
 2750.0       0.0522523500431
 2800.0       0.0532023759659
 2850.0       0.0541524021809
 2900.0       0.0551024286729
 2950.0       0.0560524554280
 3000.0       0.0570024824328
 3050.0       0.0579525096752
 3100.0       0.0589025371436
 3150.0       0.0598525648273
 3200.0       0.0608025927162
 3250.0       0.0617526208008
 3300.0       0.0627026490722
 3350.0       0.0636526775221
 3400.0       0.0646027061425
 3450.0       0.0655527349262
 3500.0       0.0665027638660
 3550.0       0.0674527929553
 3600.0       0.0684028221880
 3650.0       0.0693528515582
 3700.0       0.0703028810603
 3750.0       0.0712529106889
 3800.0       0.0722029404392
 3850.0       0.0731529703063
 3900.0       0.0741030002858
 3950.0       0.0750530303734
 4000.0       0.0760030605651
 4050.0       0.0769530908569
 4100.0       0.0779031212453
 4150.0       0.0788531517267
 4200.0       0.0798031822979
 4250.0       0.0807532129556
 4300.0       0.0817032436968
 4350.0       0.0826532745187
 4400.0       0.0836033054185
 4450.0       0.0845533363936
 4500.0       0.0855033674415
 4550.0       0.0864533985597
 4600.0       0.0874034297460
 4650.0       0.0883534609982
 4700.0       0.0893034923141
 4750.0       0.0902535236918
 4800.0       0.0912035551294
 4850.0       0.0921535866249
 4900.0       0.0931036181766
 4950.0       0.0940536497829
 5000.0       0.0950036814420
# V = 41.502300 (a.u.^3)
    5.0       0.0002582938139
   50.0       0.0009760917987
  100.0       0.0019131836346
  150.0       0.0028588571627
  200.0       0.0038067058660
  250.0       0.0047554276194
  300.0       0.0057045865130
  350.0       0.0066539953820
  400.0       0.0076035605518
  450.0       0.0085532299502
  500.0       0.0095029723221
  550.0       0.0104527677724
  600.0       0.0114026030353
  650.0       0.0123524689256
  700.0       0.0133023588815
  750.0       0.0142522680908
  800.0       0.0152021929440
  850.0       0.0161521306809
  900.0       0.0171020791543
  950.0       0.0180520366693
 1000.0       0.0190020018697
 1050.0       0.0199519736577
 1100.0       0.0209019511351
 1150.0       0.0218519335598
 1200.0       0.0228019203135
 1250.0       0.0237519108767
 1300.0       0.0247019048099
 1350.0       0.0256519017386
 1400.0       0.0266019013419
 1450.0       0.0275519033432
 1500.0       0.0285019075027
 1550.0       0.0294519136115
 1600.0       0.0304019214868
 1650.0       0.0313519309681
 1700.0       0.0323019419138
 1750.0       0.0332519541981
 1800.0       0.0342019677097
 1850.0       0.0351519823491
 1900.0       0.0361019980271
 1950.0       0.0370520146639
 2000.0       0.0380020321875
 2050.0       0.0389520505332
 2100.0       0.0399020696421
 2150.0       0.0408520894611
 2200.0       0.0418021099417
 2250.0       0.0427521310398
 2300.0       0.0437021527151
 2350.0       0.0446521749308
 2400.0       0.0456021976531
 2450.0       0.0465522208511
 2500.0       0.0475022444961
 2550.0       0.0484522685619
 2600.0       0.0494022930241
 2650.0       0.0503523178605
 2700.0       0.0513023430501
 2750.0       0.0522523685736
 2800.0       0.0532023944134
 2850.0       0.0541524205525
 2900.0       0.0551024469757
 2950.0       0.0560524736684
 3000.0       0.0570025006171
 3050.0       0.0579525278094
 3100.0       0.0589025552333
 3150.0       0.0598525828779
 3200.0       0.0608026107328
 3250.0       0.0617526387883
 3300.0       0.0627026670353
 3350.0       0.0636526954652
 3400.0       0.0646027240700
 3450.0       0.0655527528420
 3500.0       0.0665027817741
 3550.0       0.0674528108595
 3600.0       0.0684028400918
 3650.0       0.0693528694650
 3700.0       0.0703028989734
 3750.0       0.0712529286116
 3800.0       0.0722029583744
 3850.0       0.0731529882570
 3900.0       0.0741030182547
 3950.0       0.0750530483633
 4000.0       0.0760030785785
 4050.0       0.0769531088965
 4100.0       0.0779031393134
 4150.0       0.0788531698256
 4200.0       0.0798032004298
 4250.0       0.0807532311228
 4300.0       0.0817032619013
 4350.0       0.0826532927625
 4400.0       0.0836033237036
 4450.0       0.0845533547218
 4500.0       0.0855033858147
 4550.0       0.0864534169796
 4600.0       0.0874034482144
 4650.0       0.0883534795166
 4700.0       0.0893035108842
 4750.0       0.0902535423152
 4800.0       0.0912035738074
 4850.0       0.0921536053591
 4900.0       0.0931036369685
 4950.0       0.0940536686336
 5000.0       0.0950037003530
# V = 40.827500 (a.u.^3)
    5.0       0.0002604981194
   50.0       0.0009766328833
  100.0       0.0019134594354
  150.0       0.0028590428017
  200.0       0.0038068465459
  250.0       0.0047555415650
  300.0       0.0057046828665
  350.0       0.0066540793762
  400.0       0.0076036354605
  450.0       0.0085532979573
  500.0       0.0095030349569
  550.0       0.0104528261475
  600.0       0.0114026579853
  650.0       0.0123525210926
  700.0       0.0133024087702
  750.0       0.0142523161048
  800.0       0.0152022394115
  850.0       0.0161521758719
  900.0       0.0171021232940
  950.0       0.0180520799474
 1000.0       0.0190020444473
 1050.0       0.0199520156730
 1100.0       0.0209019927074
 1150.0       0.0218519747929
 1200.0       0.0228019612981
 1250.0       0.0237519516927
 1300.0       0.0247019455280
 1350.0       0.0256519424217
 1400.0       0.0266019420461
 1450.0       0.0275519441188
 1500.0       0.0285019483949
 1550.0       0.0294519546612
 1600.0       0.0304019627311
 1650.0       0.0313519724406
 1700.0       0.0323019836452
 1750.0       0.0332519962166
 1800.0       0.0342020100410
 1850.0       0.0351520250168
 1900.0       0.0361020410530
 1950.0       0.0370520580681
 2000.0       0.0380020759887
 2050.0       0.0389520947486
 2100.0       0.0399021142877
 2150.0       0.0408521345517
 2200.0       0.0418021554913
 2250.0       0.0427521770613
 2300.0       0.0437021992206
 2350.0       0.0446522219317
 2400.0       0.0456022451600
 2450.0       0.0465522688739
 2500.0       0.0475022930442
 2550.0       0.0484523176442
 2600.0       0.0494023426489
 2650.0       0.0503523680355
 2700.0       0.0513023937829
 2750.0       0.0522524198712
 2800.0       0.0532024462823
 2850.0       0.0541524729991
 2900.0       0.0551025000058
 2950.0       0.0560525272878
 3000.0       0.0570025548312
 3050.0       0.0579525826232
 3100.0       0.0589026106517
 3150.0       0.0598526389055
 3200.0       0.0608026673740
 3250.0       0.0617526960474
 3300.0       0.0627027249163
 3350.0       0.0636527539719
 3400.0       0.0646027832060
 3450.0       0.0655528126109
 3500.0       0.0665028421792
 3550.0       0.0674528719041
 3600.0       0.0684029017789
 3650.0       0.0693529317976
 3700.0       0.0703029619543
 3750.0       0.0712529922435
 3800.0       0.0722030226600
 3850.0       0.0731530531987
 3900.0       0.0741030838551
 3950.0       0.0750531146246
 4000.0       0.0760031455029
 4050.0       0.0769531764862
 4100.0       0.0779032075704
 4150.0       0.0788532387521
 4200.0       0.0798032700276
 4250.0       0.0807533013937
 4300.0       0.0817033328472
 4350.0       0.0826533643851
 4400.0       0.0836033960046
 4450.0       0.0845534277028
 4500.0       0.0855034594772
 4550.0       0.0864534913252
 4600.0       0.0874035232445
 4650.0       0.0883535552327
 4700.0       0.0893035872876
 4750.0       0.0902536194072
 4800.0       0.0912036515894
 4850.0       0.0921536838323
 4900.0       0.0931037161340
 4950.0       0.0940537484927
 5000.0       0.0950037809068
# V = 40.220100 (a.u.^3)
    5.0       0.0002636375989
   50.0       0.0009773536108
  100.0       0.0019138254195
  150.0       0.0028592878486
  200.0       0.0038070309191
  250.0       0.0047556895531
  300.0       0.0057048066518
  350.0       0.0066541859312
  400.0       0.0076037291470
  450.0       0.0085533816850
  500.0       0.0095031107634
  550.0       0.0104528955151
  600.0       0.0114027220260
  650.0       0.0123525806618
  700.0       0.0133024645402
  750.0       0.0142523686135
  800.0       0.0152022890958
  850.0       0.0161522230919
  900.0       0.0171021683496
  950.0       0.0180521230912
 1000.0       0.0190020858941
 1050.0       0.0199520556068
 1100.0       0.0209020312872
 1150.0       0.0218520121569
 1200.0       0.0228019975673
 1250.0       0.0237519869736
 1300.0       0.0247019799147
 1350.0       0.0256519759978
 1400.0       0.0266019748865
 1450.0       0.0275519762904
 1500.0       0.0285019799580
 1550.0       0.0294519856703
 1600.0       0.0304019932356
 1650.0       0.0313520024854
 1700.0       0.0323020132711
 1750.0       0.0332520254611
 1800.0       0.0342020389384
 1850.0       0.0351520535985
 1900.0       0.0361020693481
 1950.0       0.0370520861035
 2000.0       0.0380021037890
 2050.0       0.0389521223368
 2100.0       0.0399021416852
 2150.0       0.0408521617784
 2200.0       0.0418021825655
 2250.0       0.0427522040004
 2300.0       0.0437022260407
 2350.0       0.0446522486479
 2400.0       0.0456022717865
 2450.0       0.0465522954239
 2500.0       0.0475023195303
 2550.0       0.0484523440780
 2600.0       0.0494023690416
 2650.0       0.0503523943976
 2700.0       0.0513024201241
 2750.0       0.0522524462010
 2800.0       0.0532024726094
 2850.0       0.0541524993320
 2900.0       0.0551025263524
 2950.0       0.0560525536556
 3000.0       0.0570025812273
 3050.0       0.0579526090545
 3100.0       0.0589026371246
 3150.0       0.0598526654262
 3200.0       0.0608026939485
 3250.0       0.0617527226811
 3300.0       0.0627027516146
 3350.0       0.0636527807400
 3400.0       0.0646028100487
 3450.0       0.0655528395329
 3500.0       0.0665028691850
 3550.0       0.0674528989979
 3600.0       0.0684029289649
 3650.0       0.0693529590797
 3700.0       0.0703029893363
 3750.0       0.0712530197290
 3800.0       0.0722030502525
 3850.0       0.0731530809016
 3900.0       0.0741031116715
 3950.0       0.0750531425576
 4000.0       0.0760031735557
 4050.0       0.0769532046614
 4100.0       0.0779032358709
 4150.0       0.0788532671805
 4200.0       0.0798032985865
 4250.0       0.0807533300856
 4300.0       0.0817033616745
 4350.0       0.0826533933501
 4400.0       0.0836034251095
 4450.0       0.0845534569498
 4500.0       0.0855034888683
 4550.0       0.0864535208625
 4600.0       0.0874035529299
 4650.0       0.0883535850682
 4700.0       0.0893036172749
 4750.0       0.0902536495481
 4800.0       0.0912036818857
 4850.0       0.0921537142855
 4900.0       0.0931037467458
 4950.0       0.0940537792647
 5000.0       0.0950038118405
# V = 39.612800 (a.u.^3)
    5.0       0.0002666026683
   50.0       0.0009780405923
  100.0       0.0019141739687
  150.0       0.0028595208934
  200.0       0.0038072059175
  250.0       0.0047558296630
  300.0       0.0057049234883
  350.0       0.0066542861421
  400.0       0.0076038168911
  450.0       0.0085534597365
  500.0       0.0095031810649
  550.0       0.0104529594800
  600.0       0.0114027807145
  650.0       0.0123526348895
  700.0       0.0133025149481
  750.0       0.0142524157144
  800.0       0.0152023333064
  850.0       0.0161522647553
  900.0       0.0171022077520
  950.0       0.0180521604732
 1000.0       0.0190021214606
 1050.0       0.0199520895332
 1100.0       0.0209020637251
 1150.0       0.0218520432381
 1200.0       0.0228020274072
 1250.0       0.0237520156736
 1300.0       0.0247020075646
 1350.0       0.0256520026775
 1400.0       0.0266020006671
 1450.0       0.0275520012358
 1500.0       0.0285020041258
 1550.0       0.0294520091123
 1600.0       0.0304020159990
 1650.0       0.0313520246129
 1700.0       0.0323020348018
 1750.0       0.0332520464306
 1800.0       0.0342020593794
 1850.0       0.0351520735411
 1900.0       0.0361020888199
 1950.0       0.0370521051300
 2000.0       0.0380021223940
 2050.0       0.0389521405421
 2100.0       0.0399021595111
 2150.0       0.0408521792438
 2200.0       0.0418021996882
 2250.0       0.0427522207967
 2300.0       0.0437022425260
 2350.0       0.0446522648366
 2400.0       0.0456022876921
 2450.0       0.0465523110591
 2500.0       0.0475023349070
 2550.0       0.0484523592074
 2600.0       0.0494023839343
 2650.0       0.0503524090635
 2700.0       0.0513024345726
 2750.0       0.0522524604410
 2800.0       0.0532024866494
 2850.0       0.0541525131799
 2900.0       0.0551025400159
 2950.0       0.0560525671417
 3000.0       0.0570025945430
 3050.0       0.0579526222061
 3100.0       0.0589026501185
 3150.0       0.0598526782681
 3200.0       0.0608027066440
 3250.0       0.0617527352357
 3300.0       0.0627027640333
 3350.0       0.0636527930276
 3400.0       0.0646028222100
 3450.0       0.0655528515723
 3500.0       0.0665028811067
 3550.0       0.0674529108061
 3600.0       0.0684029406635
 3650.0       0.0693529706724
 3700.0       0.0703030008267
 3750.0       0.0712530311206
 3800.0       0.0722030615485
 3850.0       0.0731530921053
 3900.0       0.0741031227860
 3950.0       0.0750531535858
 4000.0       0.0760031845004
 4050.0       0.0769532155254
 4100.0       0.0779032466568
 4150.0       0.0788532778909
 4200.0       0.0798033092238
 4250.0       0.0807533406522
 4300.0       0.0817033721726
 4350.0       0.0826534037820
 4400.0       0.0836034354772
 4450.0       0.0845534672555
 4500.0       0.0855034991139
 4550.0       0.0864535310500
 4600.0       0.0874035630611
 4650.0       0.0883535951448
 4700.0       0.0893036272989
 4750.0       0.0902536595210
 4800.0       0.0912036918091
 4850.0       0.0921537241611
 4900.0       0.0931037565751
 4950.0       0.0940537890491
 5000.0       0.0950038215815
# V = 39.005400 (a.u.^3)
    5.0       0.0002683923611
   50.0       0.0009785260124
  100.0       0.0019144209926
  150.0       0.0028596861135
  200.0       0.0038073299674
  250.0       0.0047559289469
  300.0       0.0057050062394
  350.0       0.0066543570742
  400.0       0.0076038789539
  450.0       0.0085535148978
  500.0       0.0095032307028
  550.0       0.0104530045971
  600.0       0.0114028220629
  650.0       0.0123526730481
  700.0       0.0133025503715
  750.0       0.0142524487665
  800.0       0.0152023642828
  850.0       0.0161522938996
  900.0       0.0171022352671
  950.0       0.0180521865301
 1000.0       0.0190021462044
 1050.0       0.0199521130885
 1100.0       0.0209020861995
 1150.0       0.0218520647250
 1200.0       0.0228020479885
 1250.0       0.0237520354213
 1300.0       0.0247020265424
 1350.0       0.0256520209421
 1400.0       0.0266020182690
 1450.0       0.0275520182204
 1500.0       0.0285020205338
 1550.0       0.0294520249806
 1600.0       0.0304020313609
 1650.0       0.0313520394990
 1700.0       0.0323020492396
 1750.0       0.0332520604454
 1800.0       0.0342020729945
 1850.0       0.0351520867777
 1900.0       0.0361021016978
 1950.0       0.0370521176672
 2000.0       0.0380021346073
 2050.0       0.0389521524470
 2100.0       0.0399021711221
 2150.0       0.0408521905744
 2200.0       0.0418022107507
 2250.0       0.0427522316029
 2300.0       0.0437022530868
 2350.0       0.0446522751622
 2400.0       0.0456022977921
 2450.0       0.0465523209425
 2500.0       0.0475023445822
 2550.0       0.0484523686824
 2600.0       0.0494023932165
 2650.0       0.0503524181601
 2700.0       0.0513024434903
 2750.0       0.0522524691860
 2800.0       0.0532024952278
 2850.0       0.0541525215973
 2900.0       0.0551025482776
 2950.0       0.0560525752529
 3000.0       0.0570026025084
 3050.0       0.0579526300305
 3100.0       0.0589026578061
 3150.0       0.0598526858232
 3200.0       0.0608027140705
 3250.0       0.0617527425374
 3300.0       0.0627027712138
 3350.0       0.0636528000904
 3400.0       0.0646028291584
 3450.0       0.0655528584095
 3500.0       0.0665028878357
 3550.0       0.0674529174298
 3600.0       0.0684029471846
 3650.0       0.0693529770937
 3700.0       0.0703030071507
 3750.0       0.0712530373497
 3800.0       0.0722030676851
 3850.0       0.0731530981517
 3900.0       0.0741031287443
 3950.0       0.0750531594581
 4000.0       0.0760031902888
 4050.0       0.0769532212318
 4100.0       0.0779032522831
 4150.0       0.0788532834388
 4200.0       0.0798033146951
 4250.0       0.0807533460486
 4300.0       0.0817033774957
 4350.0       0.0826534090334
 4400.0       0.0836034406584
 4450.0       0.0845534723679
 4500.0       0.0855035041590
 4550.0       0.0864535360290
 4600.0       0.0874035679755
 4650.0       0.0883535999958
 4700.0       0.0893036320877
 4750.0       0.0902536642488
 4800.0       0.0912036964771
 4850.0       0.0921537287705
 4900.0       0.0931037611268
 4950.0       0.0940537935444
 5000.0       0.0950038260212
# V = 38.465600 (a.u.^3)
    5.0       0.0002704071204
   50.0       0.0009790507639
  100.0       0.0019146877664
  150.0       0.0028598644889
  200.0       0.0038074638616
  250.0       0.0047560360810
  300.0       0.0057050955059
  350.0       0.0066544335641
  400.0       0.0076039458524
  450.0       0.0085535743297
  500.0       0.0095032841564
  550.0       0.0104530531550
  600.0       0.0114028665374
  650.0       0.0123527140640
  700.0       0.0133025884198
  750.0       0.0142524842401
  800.0       0.0152023975010
  850.0       0.0161523251253
  900.0       0.0171022647194
  950.0       0.0180522143935
 1000.0       0.0190021726358
 1050.0       0.0199521382224
 1100.0       0.0209021101520
 1150.0       0.0218520875971
 1200.0       0.0228020698685
 1250.0       0.0237520563869
 1300.0       0.0247020466625
 1350.0       0.0256520402778
 1400.0       0.0266020368749
 1450.0       0.0275520361454
 1500.0       0.0285020378220
 1550.0       0.0294520416719
 1600.0       0.0304020474913
 1650.0       0.0313520551011
 1700.0       0.0323020643435
 1750.0       0.0332520750784
 1800.0       0.0342020871815
 1850.0       0.0351521005419
 1900.0       0.0361021150603
 1950.0       0.0370521306476
 2000.0       0.0380021472237
 2050.0       0.0389521647162
 2100.0       0.0399021830597
 2150.0       0.0408522021948
 2200.0       0.0418022220675
 2250.0       0.0427522426286
 2300.0       0.0437022638334
 2350.0       0.0446522856405
 2400.0       0.0456023080125
 2450.0       0.0465523309148
 2500.0       0.0475023543154
 2550.0       0.0484523781852
 2600.0       0.0494024024970
 2650.0       0.0503524272259
 2700.0       0.0513024523486
 2750.0       0.0522524778436
 2800.0       0.0532025036911
 2850.0       0.0541525298725
 2900.0       0.0551025563705
 2950.0       0.0560525831690
 3000.0       0.0570026102529
 3050.0       0.0579526376083
 3100.0       0.0589026652221
 3150.0       0.0598526930818
 3200.0       0.0608027211760
 3250.0       0.0617527494939
 3300.0       0.0627027780252
 3350.0       0.0636528067605
 3400.0       0.0646028356907
 3450.0       0.0655528648074
 3500.0       0.0665028941025
 3550.0       0.0674529235686
 3600.0       0.0684029531985
 3650.0       0.0693529829854
 3700.0       0.0703030129231
 3750.0       0.0712530430054
 3800.0       0.0722030732267
 3850.0       0.0731531035815
 3900.0       0.0741031340648
 3950.0       0.0750531646716
 4000.0       0.0760031953973
 4050.0       0.0769532262375
 4100.0       0.0779032571880
 4150.0       0.0788532882449
 4200.0       0.0798033194043
 4250.0       0.0807533506625
 4300.0       0.0817033820163
 4350.0       0.0826534134622
 4400.0       0.0836034449971
 4450.0       0.0845534766181
 4500.0       0.0855035083222
 4550.0       0.0864535401067
 4600.0       0.0874035719691
 4650.0       0.0883536039067
 4700.0       0.0893036359172
 4750.0       0.0902536679983
 4800.0       0.0912037001477
 4850.0       0.0921537323634
 4900.0       0.0931037646434
 4950.0       0.0940537969856
 5000.0       0.0950038293882
# V = 37.925700 (a.u.^3)
    5.0       0.0002727680124
   50.0       0.0009796414371
  100.0       0.0019149875517
  150.0       0.0028600645102
  200.0       0.0038076135682
  250.0       0.0047561554217
  300.0       0.0057051944901
  350.0       0.0066545179218
  400.0       0.0076040191685
  450.0       0.0085536389959
  500.0       0.0095033418475
  550.0       0.0104531050896
  600.0       0.0114029136295
  650.0       0.0123527570169
  700.0       0.0133026277862
  750.0       0.0142525204621
  800.0       0.0152024309380
  850.0       0.0161523560731
  900.0       0.0171022934246
  950.0       0.0180522410639
 1000.0       0.0190021974478
 1050.0       0.0199521613274
 1100.0       0.0209021316806
 1150.0       0.0218521076630
 1200.0       0.0228020885711
 1250.0       0.0237520738139
 1300.0       0.0247020628911
 1350.0       0.0256520553769
 1400.0       0.0266020509059
 1450.0       0.0275520491635
 1500.0       0.0285020498767
 1550.0       0.0294520528079
 1600.0       0.0304020577492
 1650.0       0.0313520645180
 1700.0       0.0323020729528
 1750.0       0.0332520829110
 1800.0       0.0342020942655
 1850.0       0.0351521069033
 1900.0       0.0361021207229
 1950.0       0.0370521356335
 2000.0       0.0380021515532
 2050.0       0.0389521684082
 2100.0       0.0399021861317
 2150.0       0.0408522046631
 2200.0       0.0418022239474
 2250.0       0.0427522439343
 2300.0       0.0437022645780
 2350.0       0.0446522858366
 2400.0       0.0456023076716
 2450.0       0.0465523300478
 2500.0       0.0475023529327
 2550.0       0.0484523762964
 2600.0       0.0494024001113
 2650.0       0.0503524243517
 2700.0       0.0513024489942
 2750.0       0.0522524740166
 2800.0       0.0532024993988
 2850.0       0.0541525251217
 2900.0       0.0551025511678
 2950.0       0.0560525775205
 3000.0       0.0570026041647
 3050.0       0.0579526310858
 3100.0       0.0589026582706
 3150.0       0.0598526857065
 3200.0       0.0608027133817
 3250.0       0.0617527412851
 3300.0       0.0627027694064
 3350.0       0.0636527977359
 3400.0       0.0646028262643
 3450.0       0.0655528549830
 3500.0       0.0665028838839
 3550.0       0.0674529129592
 3600.0       0.0684029422017
 3650.0       0.0693529716045
 3700.0       0.0703030011611
 3750.0       0.0712530308654
 3800.0       0.0722030607115
 3850.0       0.0731530906939
 3900.0       0.0741031208073
 3950.0       0.0750531510469
 4000.0       0.0760031814078
 4050.0       0.0769532118855
 4100.0       0.0779032424759
 4150.0       0.0788532731747
 4200.0       0.0798033039783
 4250.0       0.0807533348827
 4300.0       0.0817033658846
 4350.0       0.0826533969805
 4400.0       0.0836034281674
 4450.0       0.0845534594420
 4500.0       0.0855034908014
 4550.0       0.0864535222430
 4600.0       0.0874035537639
 4650.0       0.0883535853617
 4700.0       0.0893036170339
 4750.0       0.0902536487781
 4800.0       0.0912036805921
 4850.0       0.0921537124737
 4900.0       0.0931037444209
 4950.0       0.0940537764316
 5000.0       0.0950038085040
# V = 37.453300 (a.u.^3)
    5.0       0.0002746313884
   50.0       0.0009801055017
  100.0       0.0019152236808
  150.0       0.0028602226912
  200.0       0.0038077326208
  250.0       0.0047562510081
  300.0       0.0057052744692
  350.0       0.0066545867925
  400.0       0.0076040797458
  450.0       0.0085536931575
  500.0       0.0095033909087
  550.0       0.0104531500070
  600.0       0.0114029551208
  650.0       0.0123527956343
  700.0       0.0133026639637
  750.0       0.0142525545469
  800.0       0.0152024632122
  850.0       0.0161523867690
  900.0       0.0171023227359
  950.0       0.0180522691535
 1000.0       0.0190022244546
 1050.0       0.0199521873700
 1100.0       0.0209021568616
 1150.0       0.0218521320718
 1200.0       0.0228021122857
 1250.0       0.0237520969029
 1300.0       0.0247020854155
 1350.0       0.0256520773906
 1400.0       0.0266020724572
 1450.0       0.0275520702956
 1500.0       0.0285020706285
 1550.0       0.0294520732147
 1600.0       0.0304020778428
 1650.0       0.0313520843273
 1700.0       0.0323020925043
 1750.0       0.0332521022288
 1800.0       0.0342021133718
 1850.0       0.0351521258183
 1900.0       0.0361021394655
 1950.0       0.0370521542209
 2000.0       0.0380021700014
 2050.0       0.0389521867321
 2100.0       0.0399022043450
 2150.0       0.0408522227787
 2200.0       0.0418022419771
 2250.0       0.0427522618893
 2300.0       0.0437022824687
 2350.0       0.0446523036728
 2400.0       0.0456023254624
 2450.0       0.0465523478018
 2500.0       0.0475023706580
 2550.0       0.0484523940005
 2600.0       0.0494024178014
 2650.0       0.0503524420346
 2700.0       0.0513024666761
 2750.0       0.0522524917038
 2800.0       0.0532025170968
 2850.0       0.0541525428359
 2900.0       0.0551025689034
 2950.0       0.0560525952823
 3000.0       0.0570026219573
 3050.0       0.0579526489137
 3100.0       0.0589026761379
 3150.0       0.0598527036172
 3200.0       0.0608027313396
 3250.0       0.0617527592938
 3300.0       0.0627027874694
 3350.0       0.0636528158565
 3400.0       0.0646028444456
 3450.0       0.0655528732281
 3500.0       0.0665029021955
 3550.0       0.0674529313402
 3600.0       0.0684029606548
 3650.0       0.0693529901322
 3700.0       0.0703030197658
 3750.0       0.0712530495494
 3800.0       0.0722030794771
 3850.0       0.0731531095433
 3900.0       0.0741031397426
 3950.0       0.0750531700700
 4000.0       0.0760032005207
 4050.0       0.0769532310901
 4100.0       0.0779032617739
 4150.0       0.0788532925679
 4200.0       0.0798033234682
 4250.0       0.0807533544710
 4300.0       0.0817033855728
 4350.0       0.0826534167702
 4400.0       0.0836034480599
 4450.0       0.0845534794388
 4500.0       0.0855035109038
 4550.0       0.0864535424523
 4600.0       0.0874035740814
 4650.0       0.0883536057886
 4700.0       0.0893036375713
 4750.0       0.0902536694272
 4800.0       0.0912037013540
 4850.0       0.0921537333495
 4900.0       0.0931037654116
 4950.0       0.0940537975383
 5000.0       0.0950038297276
# V = 36.980900 (a.u.^3)
    5.0       0.0002772378376
   50.0       0.0009807241326
  100.0       0.0019155377587
  150.0       0.0028604326889
  200.0       0.0038078902902
  250.0       0.0047563772154
  300.0       0.0057053796819
  350.0       0.0066546770021
  400.0       0.0076041587005
  450.0       0.0085537633580
  500.0       0.0095034541060
  550.0       0.0104532074750
  600.0       0.0114030078152
  650.0       0.0123528442903
  700.0       0.0133027091590
  750.0       0.0142525967438
  800.0       0.0152025027862
  850.0       0.0161524240296
  900.0       0.0171023579408
  950.0       0.0180523025199
 1000.0       0.0190022561669
 1050.0       0.0199522175866
 1100.0       0.0209021857190
 1150.0       0.0218521596888
 1200.0       0.0228021387663
 1250.0       0.0237521223386
 1300.0       0.0247021098872
 1350.0       0.0256521009702
 1400.0       0.0266020952090
 1450.0       0.0275520922771
 1500.0       0.0285020918916
 1550.0       0.0294520938062
 1600.0       0.0304020978051
 1650.0       0.0313521036990
 1700.0       0.0323021113206
 1750.0       0.0332521205218
 1800.0       0.0342021311710
 1850.0       0.0351521431508
 1900.0       0.0361021563562
 1950.0       0.0370521706928
 2000.0       0.0380021860759
 2050.0       0.0389522024288
 2100.0       0.0399022196824
 2150.0       0.0408522377737
 2200.0       0.0418022566457
 2250.0       0.0427522762463
 2300.0       0.0437022965280
 2350.0       0.0446523174472
 2400.0       0.0456023389643
 2450.0       0.0465523610425
 2500.0       0.0475023836482
 2550.0       0.0484524067504
 2600.0       0.0494024303205
 2650.0       0.0503524543318
 2700.0       0.0513024787600
 2750.0       0.0522525035823
 2800.0       0.0532025287776
 2850.0       0.0541525543262
 2900.0       0.0551025802099
 2950.0       0.0560526064117
 3000.0       0.0570026329155
 3050.0       0.0579526597067
 3100.0       0.0589026867712
 3150.0       0.0598527140961
 3200.0       0.0608027416692
 3250.0       0.0617527694789
 3300.0       0.0627027975146
 3350.0       0.0636528257661
 3400.0       0.0646028542239
 3450.0       0.0655528828790
 3500.0       0.0665029117231
 3550.0       0.0674529407480
 3600.0       0.0684029699463
 3650.0       0.0693529993108
 3700.0       0.0703030288348
 3750.0       0.0712530585119
 3800.0       0.0722030883361
 3850.0       0.0731531183017
 3900.0       0.0741031484031
 3950.0       0.0750531786353
 4000.0       0.0760032089933
 4050.0       0.0769532394726
 4100.0       0.0779032700685
 4150.0       0.0788533007770
 4200.0       0.0798033315940
 4250.0       0.0807533625157
 4300.0       0.0817033935384
 4350.0       0.0826534246586
 4400.0       0.0836034558731
 4450.0       0.0845534871786
 4500.0       0.0855035185721
 4550.0       0.0864535500508
 4600.0       0.0874035816117
 4650.0       0.0883536132523
 4700.0       0.0893036449701
 4750.0       0.0902536767626
 4800.0       0.0912037086274
 4850.0       0.0921537405624
 4900.0       0.0931037725653
 4950.0       0.0940538046341
 5000.0       0.0950038367669
# V = 36.508500 (a.u.^3)
    5.0       0.0002792127338
   50.0       0.0009812316414
  100.0       0.0019157957974
  150.0       0.0028606052048
  200.0       0.0038080197602
  250.0       0.0047564807818
  300.0       0.0057054659469
  350.0       0.0066547508907
  400.0       0.0076042232942
  450.0       0.0085538207125
  500.0       0.0095035056608
  550.0       0.0104532542777
  600.0       0.0114030506515
  650.0       0.0123528837647
  700.0       0.0133027457465
  750.0       0.0142526308246
  800.0       0.0152025346691
  850.0       0.0161524539690
  900.0       0.0171023861487
  950.0       0.0180523291748
 1000.0       0.0190022814205
 1050.0       0.0199522415690
 1100.0       0.0209022085426
 1150.0       0.0218521814512
 1200.0       0.0228021595530
 1250.0       0.0237521422249
 1300.0       0.0247021289396
 1350.0       0.0256521192478
 1400.0       0.0266021127647
 1450.0       0.0275521091583
 1500.0       0.0285021081409
 1550.0       0.0294521094620
 1600.0       0.0304021129024
 1650.0       0.0313521182694
 1700.0       0.0323021253930
 1750.0       0.0332521341227
 1800.0       0.0342021443247
 1850.0       0.0351521558795
 1900.0       0.0361021686804
 1950.0       0.0370521826315
 2000.0       0.0380021976466
 2050.0       0.0389522136477
 2100.0       0.0399022305646
 2150.0       0.0408522483332
 2200.0       0.0418022668955
 2250.0       0.0427522861987
 2300.0       0.0437023061943
 2350.0       0.0446523268383
 2400.0       0.0456023480900
 2450.0       0.0465523699122
 2500.0       0.0475023922708
 2550.0       0.0484524151342
 2600.0       0.0494024384732
 2650.0       0.0503524622610
 2700.0       0.0513024864726
 2750.0       0.0522525110848
 2800.0       0.0532025360763
 2850.0       0.0541525614271
 2900.0       0.0551025871185
 2950.0       0.0560526131333
 3000.0       0.0570026394553
 3050.0       0.0579526660694
 3100.0       0.0589026929614
 3150.0       0.0598527201181
 3200.0       0.0608027475272
 3250.0       0.0617527751769
 3300.0       0.0627028030564
 3350.0       0.0636528311552
 3400.0       0.0646028594639
 3450.0       0.0655528879731
 3500.0       0.0665029166744
 3550.0       0.0674529455597
 3600.0       0.0684029746212
 3650.0       0.0693530038517
 3700.0       0.0703030332444
 3750.0       0.0712530627927
 3800.0       0.0722030924906
 3850.0       0.0731531223322
 3900.0       0.0741031523120
 3950.0       0.0750531824247
 4000.0       0.0760032126654
 4050.0       0.0769532430292
 4100.0       0.0779032735118
 4150.0       0.0788533041088
 4200.0       0.0798033348161
 4250.0       0.0807533656298
 4300.0       0.0817033965463
 4350.0       0.0826534275619
 4400.0       0.0836034586734
 4450.0       0.0845534898774
 4500.0       0.0855035211708
 4550.0       0.0864535525509
 4600.0       0.0874035840146
 4650.0       0.0883536155593
 4700.0       0.0893036471825
 4750.0       0.0902536788816
 4800.0       0.0912037106542
 4850.0       0.0921537424982
 4900.0       0.0931037744113
 4950.0       0.0940538063914
 5000.0       0.0950038384365
# V = 36.036100 (a.u.^3)
    5.0       0.0002789803344
   50.0       0.0009813830835
  100.0       0.0019158760129
  150.0       0.0028606604739
  200.0       0.0038080627687
  250.0       0.0047565167178
  300.0       0.0057054974282
  350.0       0.0066547794202
  400.0       0.0076042498136
  450.0       0.0085538458508
  500.0       0.0095035298588
  550.0       0.0104532778562
  600.0       0.0114030738513
  650.0       0.0123529067711
  700.0       0.0133027687052
  750.0       0.0142526538521
  800.0       0.0152025578601
  850.0       0.0161524774015
  900.0       0.0171024098877
  950.0       0.0180523532751
 1000.0       0.0190023059288
 1050.0       0.0199522665250
 1100.0       0.0209022339808
 1150.0       0.0218522074017
 1200.0       0.0228021860419
 1250.0       0.0237521692753
 1300.0       0.0247021565719
 1350.0       0.0256521474803
 1400.0       0.0266021416135
 1450.0       0.0275521386379
 1500.0       0.0285021382644
 1550.0       0.0294521402412
 1600.0       0.0304021443481
 1650.0       0.0313521503912
 1700.0       0.0323021581999
 1750.0       0.0332521676228
 1800.0       0.0342021785253
 1850.0       0.0351521907876
 1900.0       0.0361022043022
 1950.0       0.0370522189728
 2000.0       0.0380022347128
 2050.0       0.0389522514439
 2100.0       0.0399022690952
 2150.0       0.0408522876027
 2200.0       0.0418023069079
 2250.0       0.0427523269576
 2300.0       0.0437023477033
 2350.0       0.0446523691006
 2400.0       0.0456023911087
 2450.0       0.0465524136903
 2500.0       0.0475024368109
 2550.0       0.0484524604388
 2600.0       0.0494024845448
 2650.0       0.0503525091018
 2700.0       0.0513025340848
 2750.0       0.0522525594704
 2800.0       0.0532025852373
 2850.0       0.0541526113651
 2900.0       0.0551026378354
 2950.0       0.0560526646307
 3000.0       0.0570026917347
 3050.0       0.0579527191323
 3100.0       0.0589027468093
 3150.0       0.0598527747523
 3200.0       0.0608028029489
 3250.0       0.0617528313873
 3300.0       0.0627028600567
 3350.0       0.0636528889466
 3400.0       0.0646029180473
 3450.0       0.0655529473497
 3500.0       0.0665029768450
 3550.0       0.0674530065253
 3600.0       0.0684030363827
 3650.0       0.0693530664099
 3700.0       0.0703030966001
 3750.0       0.0712531269468
 3800.0       0.0722031574438
 3850.0       0.0731531880853
 3900.0       0.0741032188656
 3950.0       0.0750532497795
 4000.0       0.0760032808220
 4050.0       0.0769533119883
 4100.0       0.0779033432739
 4150.0       0.0788533746746
 4200.0       0.0798034061861
 4250.0       0.0807534378045
 4300.0       0.0817034695263
 4350.0       0.0826535013477
 4400.0       0.0836035332653
 4450.0       0.0845535652760
 4500.0       0.0855035973767
 4550.0       0.0864536295643
 4600.0       0.0874036618360
 4650.0       0.0883536941892
 4700.0       0.0893037266212
 4750.0       0.0902537591295
 4800.0       0.0912037917117
 4850.0       0.0921538243656
 4900.0       0.0931038570890
 4950.0       0.0940538898798
 5000.0       0.0950039227359
# V = 35.631200 (a.u.^3)
    5.0       0.0002850767611
   50.0       0.0009826012207
  100.0       0.0019164922044
  150.0       0.0028610716307
  200.0       0.0038083707552
  250.0       0.0047567625470
  300.0       0.0057057016620
  350.0       0.0066549538243
  400.0       0.0076044017477
  450.0       0.0085539802238
  500.0       0.0095036501084
  550.0       0.0104533864828
  600.0       0.0114031727308
  650.0       0.0123529973465
  700.0       0.0133028521106
  750.0       0.0142527309947
  800.0       0.0152026294772
  850.0       0.0161525441002
  900.0       0.0171024721740
  950.0       0.0180524115752
 1000.0       0.0190023606047
 1050.0       0.0199523178873
 1100.0       0.0209022822976
 1150.0       0.0218522529062
 1200.0       0.0228022289381
 1250.0       0.0237522097428
 1300.0       0.0247021947694
 1350.0       0.0256521835491
 1400.0       0.0266021756796
 1450.0       0.0275521708143
 1500.0       0.0285021686529
 1550.0       0.0294521689337
 1600.0       0.0304021714277
 1650.0       0.0313521759338
 1700.0       0.0323021822744
 1750.0       0.0332521902922
 1800.0       0.0342021998476
 1850.0       0.0351522108159
 1900.0       0.0361022230855
 1950.0       0.0370522365563
 2000.0       0.0380022511382
 2050.0       0.0389522667500
 2100.0       0.0399022833180
 2150.0       0.0408523007756
 2200.0       0.0418023190621
 2250.0       0.0427523381223
 2300.0       0.0437023579056
 2350.0       0.0446523783660
 2400.0       0.0456023994611
 2450.0       0.0465524211521
 2500.0       0.0475024434032
 2550.0       0.0484524661814
 2600.0       0.0494024894564
 2650.0       0.0503525132000
 2700.0       0.0513025373863
 2750.0       0.0522525619910
 2800.0       0.0532025869917
 2850.0       0.0541526123676
 2900.0       0.0551026380993
 2950.0       0.0560526641687
 3000.0       0.0570026905590
 3050.0       0.0579527172542
 3100.0       0.0589027442398
 3150.0       0.0598527715018
 3200.0       0.0608027990273
 3250.0       0.0617528268041
 3300.0       0.0627028548208
 3350.0       0.0636528830667
 3400.0       0.0646029115317
 3450.0       0.0655529402062
 3500.0       0.0665029690812
 3550.0       0.0674529981484
 3600.0       0.0684030273996
 3650.0       0.0693530568273
 3700.0       0.0703030864244
 3750.0       0.0712531161840
 3800.0       0.0722031460999
 3850.0       0.0731531761658
 3900.0       0.0741032063760
 3950.0       0.0750532367250
 4000.0       0.0760032672077
 4050.0       0.0769532978190
 4100.0       0.0779033285543
 4150.0       0.0788533594091
 4200.0       0.0798033903791
 4250.0       0.0807534214603
 4300.0       0.0817034526487
 4350.0       0.0826534839407
 4400.0       0.0836035153327
 4450.0       0.0845535468214
 4500.0       0.0855035784036
 4550.0       0.0864536100761
 4600.0       0.0874036418361
 4650.0       0.0883536736806
 4700.0       0.0893037056071
 4750.0       0.0902537376129
 4800.0       0.0912037696955
 4850.0       0.0921538018525
 4900.0       0.0931038340818
 4950.0       0.0940538663810
 5000.0       0.0950038987482
