# T (K)               Helmholtz Free Energy (Ry.)
# V=  42.2446000000000
    0.00       0.6163832448860
   50.00       0.6154436442697
  100.00       0.6133851591271
  150.00       0.6108338016638
  200.00       0.6079606893392
  250.00       0.6048479570854
  300.00       0.6015441440461
  350.00       0.5980813726825
  400.00       0.5944824929893
  450.00       0.5907645986755
  500.00       0.5869409623299
  550.00       0.5830221894828
  600.00       0.5790169499535
  650.00       0.5749324639597
  700.00       0.5707748379079
  750.00       0.5665493038382
  800.00       0.5622603947852
  850.00       0.5579120761595
  900.00       0.5535078461307
  950.00       0.5490508136487
 1000.00       0.5445437600029
 1050.00       0.5399891880461
 1100.00       0.5353893620257
 1150.00       0.5307463401612
 1200.00       0.5260620015479
 1250.00       0.5213380685707
 1300.00       0.5165761257272
 1350.00       0.5117776355522
 1400.00       0.5069439521792
 1450.00       0.5020763329648
 1500.00       0.4971759485062
 1550.00       0.4922438913231
 1600.00       0.4872811834185
 1650.00       0.4822887828930
 1700.00       0.4772675897575
 1750.00       0.4722184510613
 1800.00       0.4671421654338
 1850.00       0.4620394871213
 1900.00       0.4569111295873
 1950.00       0.4517577687334
 2000.00       0.4465800457895
 2050.00       0.4413785699157
 2100.00       0.4361539205492
 2150.00       0.4309066495283
 2200.00       0.4256372830185
 2250.00       0.4203463232632
 2300.00       0.4150342501794
 2350.00       0.4097015228136
 2400.00       0.4043485806750
 2450.00       0.3989758449561
 2500.00       0.3935837196552
 2550.00       0.3881725926077
 2600.00       0.3827428364372
 2650.00       0.3772948094334
 2700.00       0.3718288563638
 2750.00       0.3663453092245
 2800.00       0.3608444879377
 2850.00       0.3553267009978
 2900.00       0.3497922460739
 2950.00       0.3442414105689
 3000.00       0.3386744721424
 3050.00       0.3330916991974
 3100.00       0.3274933513358
 3150.00       0.3218796797843
 3200.00       0.3162509277934
 3250.00       0.3106073310111
 3300.00       0.3049491178340
 3350.00       0.2992765097371
 3400.00       0.2935897215833
 3450.00       0.2878889619155
 3500.00       0.2821744332315
 3550.00       0.2764463322427
 3600.00       0.2707048501191
 3650.00       0.2649501727199
 3700.00       0.2591824808117
 3750.00       0.2534019502754
 3800.00       0.2476087523012
 3850.00       0.2418030535741
 3900.00       0.2359850164491
 3950.00       0.2301547991183
 4000.00       0.2243125557683
 4050.00       0.2184584367310
 4100.00       0.2125925886261
 4150.00       0.2067151544970
 4200.00       0.2008262739401
 4250.00       0.1949260832277
 4300.00       0.1890147154258
 4350.00       0.1830923005053
 4400.00       0.1771589654494
 4450.00       0.1712148343551
 4500.00       0.1652600285303
 4550.00       0.1592946665875
 4600.00       0.1533188645317
 4650.00       0.1473327358463
 4700.00       0.1413363915739
 4750.00       0.1353299403944
 4800.00       0.1293134886996
 4850.00       0.1232871406647
 4900.00       0.1172509983169
 4950.00       0.1112051616011
 5000.00       0.1051497284429
# V=  41.5023000000000
    0.00       0.6448116200045
   50.00       0.6438787732106
  100.00       0.6418298316690
  150.00       0.6392881222297
  200.00       0.6364246843954
  250.00       0.6333216372425
  300.00       0.6300275146079
  350.00       0.6265744366758
  400.00       0.6229852523017
  450.00       0.6192770545621
  500.00       0.6154631156665
  550.00       0.6115540409040
  600.00       0.6075584999334
  650.00       0.6034837128612
  700.00       0.5993357860147
  750.00       0.5951199513763
  800.00       0.5908407419369
  850.00       0.5865021230741
  900.00       0.5821075929317
  950.00       0.5776602604395
 1000.00       0.5731629068705
 1050.00       0.5686180350646
 1100.00       0.5640279092586
 1150.00       0.5593945876630
 1200.00       0.5547199493660
 1250.00       0.5500057167464
 1300.00       0.5452534742966
 1350.00       0.5404646845469
 1400.00       0.5356407016273
 1450.00       0.5307827828910
 1500.00       0.5258920989324
 1550.00       0.5209697422691
 1600.00       0.5160167349016
 1650.00       0.5110340349290
 1700.00       0.5060225423605
 1750.00       0.5009831042439
 1800.00       0.4959165192074
 1850.00       0.4908235414962
 1900.00       0.4857048845727
 1950.00       0.4805612243377
 2000.00       0.4753932020204
 2050.00       0.4702014267800
 2100.00       0.4649864780533
 2150.00       0.4597489076778
 2200.00       0.4544892418185
 2250.00       0.4492079827185
 2300.00       0.4439056102941
 2350.00       0.4385825835918
 2400.00       0.4332393421200
 2450.00       0.4278763070713
 2500.00       0.4224938824433
 2550.00       0.4170924560714
 2600.00       0.4116724005789
 2650.00       0.4062340742553
 2700.00       0.4007778218677
 2750.00       0.3953039754123
 2800.00       0.3898128548109
 2850.00       0.3843047685579
 2900.00       0.3787800143221
 2950.00       0.3732388795064
 3000.00       0.3676816417702
 3050.00       0.3621085695163
 3100.00       0.3565199223466
 3150.00       0.3509159514877
 3200.00       0.3452969001900
 3250.00       0.3396630041013
 3300.00       0.3340144916184
 3350.00       0.3283515842159
 3400.00       0.3226744967567
 3450.00       0.3169834377838
 3500.00       0.3112786097948
 3550.00       0.3055602095012
 3600.00       0.2998284280727
 3650.00       0.2940834513686
 3700.00       0.2883254601555
 3750.00       0.2825546303141
 3800.00       0.2767711330347
 3850.00       0.2709751350022
 3900.00       0.2651667985717
 3950.00       0.2593462819350
 4000.00       0.2535137392788
 4050.00       0.2476693209351
 4100.00       0.2418131735234
 4150.00       0.2359454400872
 4200.00       0.2300662602227
 4250.00       0.2241757702024
 4300.00       0.2182741030921
 4350.00       0.2123613888628
 4400.00       0.2064377544977
 4450.00       0.2005033240936
 4500.00       0.1945582189586
 4550.00       0.1886025577050
 4600.00       0.1826364563380
 4650.00       0.1766600283407
 4700.00       0.1706733847560
 4750.00       0.1646766342635
 4800.00       0.1586698832552
 4850.00       0.1526532359063
 4900.00       0.1466267942438
 4950.00       0.1405906582127
 5000.00       0.1345449257387
# V=  40.8275000000000
    0.00       0.6718292750579
   50.00       0.6709024233798
  100.00       0.6688619026354
  150.00       0.6663287033122
  200.00       0.6634737981270
  250.00       0.6603792925850
  300.00       0.6570937159934
  350.00       0.6536491865997
  400.00       0.6500685522953
  450.00       0.6463689056246
  500.00       0.6425635184794
  550.00       0.6386629959489
  600.00       0.6346760075595
  650.00       0.6306097733271
  700.00       0.6264703995151
  750.00       0.6222631180594
  800.00       0.6179924619166
  850.00       0.6136623964387
  900.00       0.6092764197497
  950.00       0.6048376407638
 1000.00       0.6003488407424
 1050.00       0.5958125225156
 1100.00       0.5912309503125
 1150.00       0.5866061823377
 1200.00       0.5819400976743
 1250.00       0.5772344186968
 1300.00       0.5724907298946
 1350.00       0.5677104937949
 1400.00       0.5628950645257
 1450.00       0.5580456994380
 1500.00       0.5531635691249
 1550.00       0.5482497661024
 1600.00       0.5433053123702
 1650.00       0.5383311660261
 1700.00       0.5333282270787
 1750.00       0.5282973425753
 1800.00       0.5232393111433
 1850.00       0.5181548870277
 1900.00       0.5130447836905
 1950.00       0.5079096770319
 2000.00       0.5027502082811
 2050.00       0.4975669865971
 2100.00       0.4923605914164
 2150.00       0.4871315745766
 2200.00       0.4818804622425
 2250.00       0.4766077566571
 2300.00       0.4713139377367
 2350.00       0.4659994645276
 2400.00       0.4606647765385
 2450.00       0.4553102949618
 2500.00       0.4499364237952
 2550.00       0.4445435508741
 2600.00       0.4391320488218
 2650.00       0.4337022759279
 2700.00       0.4282545769596
 2750.00       0.4227892839131
 2800.00       0.4173067167102
 2850.00       0.4118071838455
 2900.00       0.4062909829878
 2950.00       0.4007584015401
 3000.00       0.3952097171618
 3050.00       0.3896451982559
 3100.00       0.3840651044243
 3150.00       0.3784696868938
 3200.00       0.3728591889146
 3250.00       0.3672338461350
 3300.00       0.3615938869515
 3350.00       0.3559395328390
 3400.00       0.3502709986605
 3450.00       0.3445884929590
 3500.00       0.3388922182322
 3550.00       0.3331823711916
 3600.00       0.3274591430072
 3650.00       0.3217227195382
 3700.00       0.3159732815513
 3750.00       0.3102110049273
 3800.00       0.3044360608567
 3850.00       0.2986486160243
 3900.00       0.2928488327854
 3950.00       0.2870368693318
 4000.00       0.2812128798504
 4050.00       0.2753770146731
 4100.00       0.2695294204197
 4150.00       0.2636702401336
 4200.00       0.2577996134111
 4250.00       0.2519176765248
 4300.00       0.2460245625405
 4350.00       0.2401204014294
 4400.00       0.2342053201747
 4450.00       0.2282794428733
 4500.00       0.2223428908334
 4550.00       0.2163957826672
 4600.00       0.2104382343801
 4650.00       0.2044703594554
 4700.00       0.1984922689358
 4750.00       0.1925040715011
 4800.00       0.1865058735434
 4850.00       0.1804977792378
 4900.00       0.1744798906115
 4950.00       0.1684523076096
 5000.00       0.1624151281578
# V=  40.2201000000000
    0.00       0.6985524779840
   50.00       0.6976364396299
  100.00       0.6956106905140
  150.00       0.6930923823390
  200.00       0.6902523985916
  250.00       0.6871728266217
  300.00       0.6839021896612
  350.00       0.6804726033514
  400.00       0.6769069142807
  450.00       0.6732222142703
  500.00       0.6694317747788
  550.00       0.6655462006199
  600.00       0.6615741611368
  650.00       0.6575228762191
  700.00       0.6533984520398
  750.00       0.6492061204689
  800.00       0.6449504144139
  850.00       0.6406352991889
  900.00       0.6362642728890
  950.00       0.6318404444055
 1000.00       0.6273665949813
 1050.00       0.6228452274320
 1100.00       0.6182786059748
 1150.00       0.6136687888042
 1200.00       0.6090176549951
 1250.00       0.6043269269155
 1300.00       0.5995981890487
 1350.00       0.5948329039173
 1400.00       0.5900324256449
 1450.00       0.5851980115792
 1500.00       0.5803308323100
 1550.00       0.5754319803509
 1600.00       0.5705024776991
 1650.00       0.5655432824505
 1700.00       0.5605552946119
 1750.00       0.5555393612290
 1800.00       0.5504962809280
 1850.00       0.5454268079526
 1900.00       0.5403316557636
 1950.00       0.5352115002606
 2000.00       0.5300669826716
 2050.00       0.5248987121551
 2100.00       0.5197072681467
 2150.00       0.5144932024836
 2200.00       0.5092570413298
 2250.00       0.5039992869280
 2300.00       0.4987204191942
 2350.00       0.4934208971740
 2400.00       0.4881011603759
 2450.00       0.4827616299918
 2500.00       0.4774027100194
 2550.00       0.4720247882936
 2600.00       0.4666282374375
 2650.00       0.4612134157405
 2700.00       0.4557806679697
 2750.00       0.4503303261208
 2800.00       0.4448627101157
 2850.00       0.4393781284488
 2900.00       0.4338768787887
 2950.00       0.4283592485383
 3000.00       0.4228255153570
 3050.00       0.4172759476474
 3100.00       0.4117108050116
 3150.00       0.4061303386761
 3200.00       0.4005347918911
 3250.00       0.3949244003049
 3300.00       0.3892993923137
 3350.00       0.3836599893926
 3400.00       0.3780064064044
 3450.00       0.3723388518920
 3500.00       0.3666575283532
 3550.00       0.3609626324993
 3600.00       0.3552543555004
 3650.00       0.3495328832155
 3700.00       0.3437983964114
 3750.00       0.3380510709689
 3800.00       0.3322910780783
 3850.00       0.3265185844246
 3900.00       0.3207337523628
 3950.00       0.3149367400849
 4000.00       0.3091277017777
 4050.00       0.3033067877731
 4100.00       0.2974741446908
 4150.00       0.2916299155742
 4200.00       0.2857742400198
 4250.00       0.2799072543000
 4300.00       0.2740290914806
 4350.00       0.2681398815328
 4400.00       0.2622397514398
 4450.00       0.2563288252985
 4500.00       0.2504072244171
 4550.00       0.2444750674078
 4600.00       0.2385324702760
 4650.00       0.2325795465050
 4700.00       0.2266164071373
 4750.00       0.2206431608531
 4800.00       0.2146599140441
 4850.00       0.2086667708857
 4900.00       0.2026638334050
 4950.00       0.1966512015469
 5000.00       0.1906289732373
# V=  39.6128000000000
    0.00       0.7249043532681
   50.00       0.7239969919698
  100.00       0.7219832862002
  150.00       0.7194771354314
  200.00       0.7166493380368
  250.00       0.7135819640390
  300.00       0.7103235308672
  350.00       0.7069061516710
  400.00       0.7033526717922
  450.00       0.6996801823585
  500.00       0.6959019544128
  550.00       0.6920285925040
  600.00       0.6880687657989
  650.00       0.6840296940649
  700.00       0.6799174833878
  750.00       0.6757373655736
  800.00       0.6714938734819
  850.00       0.6671909723901
  900.00       0.6628321603648
  950.00       0.6584205462748
 1000.00       0.6539589113451
 1050.00       0.6494497583768
 1100.00       0.6448953515748
 1150.00       0.6402977491243
 1200.00       0.6356588300917
 1250.00       0.6309803168382
 1300.00       0.6262637938413
 1350.00       0.6215107236187
 1400.00       0.6167224602897
 1450.00       0.6119002611984
 1500.00       0.6070452969314
 1550.00       0.6021586599995
 1600.00       0.5972413723975
 1650.00       0.5922943922193
 1700.00       0.5873186194698
 1750.00       0.5823149011931
 1800.00       0.5772840360138
 1850.00       0.5722267781743
 1900.00       0.5671438411343
 1950.00       0.5620359007924
 2000.00       0.5569035983756
 2050.00       0.5517475430416
 2100.00       0.5465683142252
 2150.00       0.5413664637628
 2200.00       0.5361425178181
 2250.00       0.5308969786328
 2300.00       0.5256303261226
 2350.00       0.5203430193327
 2400.00       0.5150354977710
 2450.00       0.5097081826291
 2500.00       0.5043614779043
 2550.00       0.4989957714311
 2600.00       0.4936114358324
 2650.00       0.4882088293973
 2700.00       0.4827882968924
 2750.00       0.4773501703136
 2800.00       0.4718947695822
 2850.00       0.4664224031925
 2900.00       0.4609333688128
 2950.00       0.4554279538461
 3000.00       0.4499064359512
 3050.00       0.4443690835311
 3100.00       0.4388161561872
 3150.00       0.4332479051461
 3200.00       0.4276645736581
 3250.00       0.4220663973709
 3300.00       0.4164536046810
 3350.00       0.4108264170631
 3400.00       0.4051850493801
 3450.00       0.3995297101747
 3500.00       0.3938606019446
 3550.00       0.3881779214011
 3600.00       0.3824818597141
 3650.00       0.3767726027427
 3700.00       0.3710503312534
 3750.00       0.3653152211272
 3800.00       0.3595674435541
 3850.00       0.3538071652191
 3900.00       0.3480345484773
 3950.00       0.3422497515204
 4000.00       0.3364529285354
 4050.00       0.3306442298540
 4100.00       0.3248238020958
 4150.00       0.3189917883043
 4200.00       0.3131483280759
 4250.00       0.3072935576829
 4300.00       0.3014276101912
 4350.00       0.2955506155718
 4400.00       0.2896627008080
 4450.00       0.2837639899966
 4500.00       0.2778546044458
 4550.00       0.2719346627678
 4600.00       0.2660042809678
 4650.00       0.2600635725292
 4700.00       0.2541126484947
 4750.00       0.2481516175440
 4800.00       0.2421805860692
 4850.00       0.2361996582454
 4900.00       0.2302089360998
 4950.00       0.2242085195774
 5000.00       0.2181985066038
# V=  39.0054000000000
    0.00       0.7509400263430
   50.00       0.7500351675495
  100.00       0.7480253900779
  150.00       0.7455232481528
  200.00       0.7426994801162
  250.00       0.7396361437206
  300.00       0.7363817522814
  350.00       0.7329684171806
  400.00       0.7294189828749
  450.00       0.7257505400000
  500.00       0.7219763593034
  550.00       0.7181070451459
  600.00       0.7141512665689
  650.00       0.7101162432529
  700.00       0.7060080812217
  750.00       0.7018320122358
  800.00       0.6975925691206
  850.00       0.6932937171275
  900.00       0.6889389543027
  950.00       0.6845313894989
 1000.00       0.6800738039284
 1050.00       0.6755687003817
 1100.00       0.6710183430555
 1150.00       0.6664247901276
 1200.00       0.6617899206590
 1250.00       0.6571154570055
 1300.00       0.6524029836409
 1350.00       0.6476539630789
 1400.00       0.6428697494361
 1450.00       0.6380516000538
 1500.00       0.6332006855165
 1550.00       0.6283180983327
 1600.00       0.6234048604959
 1650.00       0.6184619300982
 1700.00       0.6134902071431
 1750.00       0.6084905386736
 1800.00       0.6034637233133
 1850.00       0.5984105153037
 1900.00       0.5933316281035
 1950.00       0.5882277376106
 2000.00       0.5830994850513
 2050.00       0.5779474795827
 2100.00       0.5727723006391
 2150.00       0.5675745000563
 2200.00       0.5623546039975
 2250.00       0.5571131147042
 2300.00       0.5518505120915
 2350.00       0.5465672552043
 2400.00       0.5412637835502
 2450.00       0.5359405183206
 2500.00       0.5305978635124
 2550.00       0.5252362069598
 2600.00       0.5198559212856
 2650.00       0.5144573647787
 2700.00       0.5090408822054
 2750.00       0.5036068055614
 2800.00       0.4981554547679
 2850.00       0.4926871383191
 2900.00       0.4872021538831
 2950.00       0.4817007888626
 3000.00       0.4761833209165
 3050.00       0.4706500184475
 3100.00       0.4651011410571
 3150.00       0.4595369399717
 3200.00       0.4539576584413
 3250.00       0.4483635321138
 3300.00       0.4427547893855
 3350.00       0.4371316517309
 3400.00       0.4314943340130
 3450.00       0.4258430447744
 3500.00       0.4201779865126
 3550.00       0.4144993559391
 3600.00       0.4088073442234
 3650.00       0.4031021372247
 3700.00       0.3973839157096
 3750.00       0.3916528555588
 3800.00       0.3859091279623
 3850.00       0.3801528996052
 3900.00       0.3743843328423
 3950.00       0.3686035858656
 4000.00       0.3628108128618
 4050.00       0.3570061641626
 4100.00       0.3511897863877
 4150.00       0.3453618225804
 4200.00       0.3395224123371
 4250.00       0.3336716919301
 4300.00       0.3278097944253
 4350.00       0.3219368497938
 4400.00       0.3160529850185
 4450.00       0.3101583241964
 4500.00       0.3042529886357
 4550.00       0.2983370969486
 4600.00       0.2924107651402
 4650.00       0.2864741066939
 4700.00       0.2805272326523
 4750.00       0.2745702516953
 4800.00       0.2686032702147
 4850.00       0.2626263923858
 4900.00       0.2566397202356
 4950.00       0.2506433537092
 5000.00       0.2446373907323
# V=  38.4656000000000
    0.00       0.7767040421632
   50.00       0.7758024615675
  100.00       0.7737976612636
  150.00       0.7713005836086
  200.00       0.7684819020080
  250.00       0.7654236609558
  300.00       0.7621743693232
  350.00       0.7587661365828
  400.00       0.7552218062352
  450.00       0.7515584683847
  500.00       0.7477893934593
  550.00       0.7439251856168
  600.00       0.7399745137630
  650.00       0.7359445974843
  700.00       0.7318415427377
  750.00       0.7276705812343
  800.00       0.7234362457626
  850.00       0.7191425015456
  900.00       0.7147928466078
  950.00       0.7103903897844
 1000.00       0.7059379122738
 1050.00       0.7014379168552
 1100.00       0.6968926677162
 1150.00       0.6923042230269
 1200.00       0.6876744618418
 1250.00       0.6830051065117
 1300.00       0.6782977415056
 1350.00       0.6735538293335
 1400.00       0.6687747241086
 1450.00       0.6639616831694
 1500.00       0.6591158770979
 1550.00       0.6542383984006
 1600.00       0.6493302690688
 1650.00       0.6443924471931
 1700.00       0.6394258327757
 1750.00       0.6344312728581
 1800.00       0.6294095660628
 1850.00       0.6243614666302
 1900.00       0.6192876880182
 1950.00       0.6141889061238
 2000.00       0.6090657621726
 2050.00       0.6039188653209
 2100.00       0.5987487950025
 2150.00       0.5935561030527
 2200.00       0.5883413156341
 2250.00       0.5831049349878
 2300.00       0.5778474410283
 2350.00       0.5725692928004
 2400.00       0.5672709298111
 2450.00       0.5619527732516
 2500.00       0.5566152271184
 2550.00       0.5512586792456
 2600.00       0.5458835022556
 2650.00       0.5404900544370
 2700.00       0.5350786805562
 2750.00       0.5296497126083
 2800.00       0.5242034705146
 2850.00       0.5187402627689
 2900.00       0.5132603870393
 2950.00       0.5077641307284
 3000.00       0.5022517714948
 3050.00       0.4967235777411
 3100.00       0.4911798090686
 3150.00       0.4856207167037
 3200.00       0.4800465438964
 3250.00       0.4744575262942
 3300.00       0.4688538922935
 3350.00       0.4632358633688
 3400.00       0.4576036543828
 3450.00       0.4519574738781
 3500.00       0.4462975243521
 3550.00       0.4406240025162
 3600.00       0.4349370995400
 3650.00       0.4292370012825
 3700.00       0.4235238885102
 3750.00       0.4177979371038
 3800.00       0.4120593182533
 3850.00       0.4063081986435
 3900.00       0.4005447406296
 3950.00       0.3947691024031
 4000.00       0.3889814381509
 4050.00       0.3831818982046
 4100.00       0.3773706291838
 4150.00       0.3715477741319
 4200.00       0.3657134726452
 4250.00       0.3598678609959
 4300.00       0.3540110722499
 4350.00       0.3481432363782
 4400.00       0.3422644803639
 4450.00       0.3363749283038
 4500.00       0.3304747015060
 4550.00       0.3245639185828
 4600.00       0.3186426955392
 4650.00       0.3127111458586
 4700.00       0.3067693805836
 4750.00       0.3008175083941
 4800.00       0.2948556356818
 4850.00       0.2888838666220
 4900.00       0.2829023032418
 4950.00       0.2769110454860
 5000.00       0.2709101912805
# V=  37.9257000000000
    0.00       0.8022826982196
   50.00       0.8013860752947
  100.00       0.7993884722691
  150.00       0.7968986901180
  200.00       0.7940873290571
  250.00       0.7910364186328
  300.00       0.7877944627012
  350.00       0.7843935685774
  400.00       0.7808565786801
  450.00       0.7772005825106
  500.00       0.7734388501344
  550.00       0.7695819854776
  600.00       0.7656386572914
  650.00       0.7616160850546
  700.00       0.7575203746470
  750.00       0.7533567577230
  800.00       0.7491297670284
  850.00       0.7448433677534
  900.00       0.7405010578966
  950.00       0.7361059462732
 1000.00       0.7316608140649
 1050.00       0.7271681640379
 1100.00       0.7226302603686
 1150.00       0.7180491612181
 1200.00       0.7134267456332
 1250.00       0.7087647359583
 1300.00       0.7040647166569
 1350.00       0.6993281502342
 1400.00       0.6945563907995
 1450.00       0.6897506956876
 1500.00       0.6849122354775
 1550.00       0.6800421026729
 1600.00       0.6751413192629
 1650.00       0.6702108433358
 1700.00       0.6652515748920
 1750.00       0.6602643609712
 1800.00       0.6552500001946
 1850.00       0.6502092468011
 1900.00       0.6451428142475
 1950.00       0.6400513784294
 2000.00       0.6349355805718
 2050.00       0.6297960298298
 2100.00       0.6246333056364
 2150.00       0.6194479598262
 2200.00       0.6142405185610
 2250.00       0.6090114840813
 2300.00       0.6037613363012
 2350.00       0.5984905342646
 2400.00       0.5931995174782
 2450.00       0.5878887071326
 2500.00       0.5825585072240
 2550.00       0.5772093055860
 2600.00       0.5718414748407
 2650.00       0.5664553732762
 2700.00       0.5610513456586
 2750.00       0.5556297239828
 2800.00       0.5501908281697
 2850.00       0.5447349667129
 2900.00       0.5392624372802
 2950.00       0.5337735272738
 3000.00       0.5282685143523
 3050.00       0.5227476669179
 3100.00       0.5172112445719
 3150.00       0.5116594985404
 3200.00       0.5060926720730
 3250.00       0.5005110008174
 3300.00       0.4949147131696
 3350.00       0.4893040306039
 3400.00       0.4836791679829
 3450.00       0.4780403338492
 3500.00       0.4723877306999
 3550.00       0.4667215552463
 3600.00       0.4610419986579
 3650.00       0.4553492467935
 3700.00       0.4496434804196
 3750.00       0.4439248754167
 3800.00       0.4381936029747
 3850.00       0.4324498297785
 3900.00       0.4266937181828
 3950.00       0.4209254263793
 4000.00       0.4151451085547
 4050.00       0.4093529150406
 4100.00       0.4035489924565
 4150.00       0.3977334838456
 4200.00       0.3919065288041
 4250.00       0.3860682636044
 4300.00       0.3802188213121
 4350.00       0.3743583318982
 4400.00       0.3684869223456
 4450.00       0.3626047167513
 4500.00       0.3567118364231
 4550.00       0.3508083999733
 4600.00       0.3448945234069
 4650.00       0.3389703202072
 4700.00       0.3330359014168
 4750.00       0.3270913757154
 4800.00       0.3211368494947
 4850.00       0.3151724269301
 4900.00       0.3091982100484
 4950.00       0.3032142987947
 5000.00       0.2972207910946
# V=  37.4533000000000
    0.00       0.8274409098234
   50.00       0.8265485922904
  100.00       0.8245571552395
  150.00       0.8220736159714
  200.00       0.8192685173218
  250.00       0.8162238771346
  300.00       0.8129881953475
  350.00       0.8095935775946
  400.00       0.8060628654540
  450.00       0.8024131479604
  500.00       0.7986576948999
  550.00       0.7948071100210
  600.00       0.7908700619567
  650.00       0.7868537701044
  700.00       0.7827643402855
  750.00       0.7786070041122
  800.00       0.7743862942984
  850.00       0.7701061760100
  900.00       0.7657701472271
  950.00       0.7613813167498
 1000.00       0.7569424657484
 1050.00       0.7524560969794
 1100.00       0.7479244746115
 1150.00       0.7433496567996
 1200.00       0.7387335225853
 1250.00       0.7340777943084
 1300.00       0.7293840564287
 1350.00       0.7246537714485
 1400.00       0.7198882934742
 1450.00       0.7150888798386
 1500.00       0.7102567011184
 1550.00       0.7053928498159
 1600.00       0.7004983479186
 1650.00       0.6955741535136
 1700.00       0.6906211666000
 1750.00       0.6856402342167
 1800.00       0.6806321549840
 1850.00       0.6755976831399
 1900.00       0.6705375321406
 1950.00       0.6654523778812
 2000.00       0.6603428615860
 2050.00       0.6552095924097
 2100.00       0.6500531497849
 2150.00       0.6448740855457
 2200.00       0.6396729258538
 2250.00       0.6344501729491
 2300.00       0.6292063067455
 2350.00       0.6239417862867
 2400.00       0.6186570510793
 2450.00       0.6133525223135
 2500.00       0.6080286039854
 2550.00       0.6026856839283
 2600.00       0.5973241347643
 2650.00       0.5919443147813
 2700.00       0.5865465687452
 2750.00       0.5811312286510
 2800.00       0.5756986144193
 2850.00       0.5702490345436
 2900.00       0.5647827866917
 2950.00       0.5593001582657
 3000.00       0.5538014269241
 3050.00       0.5482868610691
 3100.00       0.5427567203019
 3150.00       0.5372112558484
 3200.00       0.5316507109584
 3250.00       0.5260753212794
 3300.00       0.5204853152074
 3350.00       0.5148809142166
 3400.00       0.5092623331697
 3450.00       0.5036297806091
 3500.00       0.4979834590321
 3550.00       0.4923235651497
 3600.00       0.4866502901315
 3650.00       0.4809638198363
 3700.00       0.4752643350306
 3750.00       0.4695520115948
 3800.00       0.4638270207189
 3850.00       0.4580895290876
 3900.00       0.4523396990557
 3950.00       0.4465776888150
 4000.00       0.4408036525521
 4050.00       0.4350177405984
 4100.00       0.4292200995736
 4150.00       0.4234108725210
 4200.00       0.4175901990365
 4250.00       0.4117582153927
 4300.00       0.4059150546551
 4350.00       0.4000608467947
 4400.00       0.3941957187945
 4450.00       0.3883197947513
 4500.00       0.3824331959732
 4550.00       0.3765360410722
 4600.00       0.3706284460535
 4650.00       0.3647105244003
 4700.00       0.3587823871551
 4750.00       0.3528441429978
 4800.00       0.3468958983201
 4850.00       0.3409377572971
 4900.00       0.3349698219561
 4950.00       0.3289921922417
 5000.00       0.3230049660798
# V=  36.9809000000000
    0.00       0.8522932162221
   50.00       0.8514073858357
  100.00       0.8494251248118
  150.00       0.8469508642740
  200.00       0.8441550704431
  250.00       0.8411197455508
  300.00       0.8378933843048
  350.00       0.8345080900928
  400.00       0.8309867033687
  450.00       0.8273463125423
  500.00       0.8236001870244
  550.00       0.8197589303247
  600.00       0.8158312109170
  650.00       0.8118242480884
  700.00       0.8077441475817
  750.00       0.8035961409513
  800.00       0.7993847608677
  850.00       0.7951139724639
  900.00       0.7907872736939
  950.00       0.7864077733378
 1000.00       0.7819782525495
 1050.00       0.7775012140723
 1100.00       0.7729789220643
 1150.00       0.7684134346712
 1200.00       0.7638066309274
 1250.00       0.7591602331665
 1300.00       0.7544758258430
 1350.00       0.7497548714547
 1400.00       0.7449987241042
 1450.00       0.7402086411208
 1500.00       0.7353857930786
 1550.00       0.7305312724772
 1600.00       0.7256461013019
 1650.00       0.7207312376380
 1700.00       0.7157875814830
 1750.00       0.7108159798740
 1800.00       0.7058172314302
 1850.00       0.7007920903883
 1900.00       0.6957412702035
 1950.00       0.6906654467700
 2000.00       0.6855652613110
 2050.00       0.6804413229807
 2100.00       0.6752942112109
 2150.00       0.6701244778351
 2200.00       0.6649326490143
 2250.00       0.6597192269879
 2300.00       0.6544846916694
 2350.00       0.6492295021022
 2400.00       0.6439540977921
 2450.00       0.6386588999293
 2500.00       0.6333443125093
 2550.00       0.6280107233653
 2600.00       0.6226585051190
 2650.00       0.6172880160581
 2700.00       0.6118996009482
 2750.00       0.6064935917839
 2800.00       0.6010703084859
 2850.00       0.5956300595474
 2900.00       0.5901731426359
 2950.00       0.5846998451535
 3000.00       0.5792104447584
 3050.00       0.5737052098527
 3100.00       0.5681844000375
 3150.00       0.5626482665385
 3200.00       0.5570970526054
 3250.00       0.5515309938856
 3300.00       0.5459503187750
 3350.00       0.5403552487478
 3400.00       0.5347459986663
 3450.00       0.5291227770731
 3500.00       0.5234857864653
 3550.00       0.5178352235538
 3600.00       0.5121712795082
 3650.00       0.5064941401872
 3700.00       0.5008039863572
 3750.00       0.4951009938986
 3800.00       0.4893853340013
 3850.00       0.4836571733499
 3900.00       0.4779166742993
 3950.00       0.4721639950410
 4000.00       0.4663992897616
 4050.00       0.4606227087928
 4100.00       0.4548343987539
 4150.00       0.4490345026881
 4200.00       0.4432231601917
 4250.00       0.4374005075367
 4300.00       0.4315666777890
 4350.00       0.4257218009194
 4400.00       0.4198660039109
 4450.00       0.4139994108602
 4500.00       0.4081221430753
 4550.00       0.4022343191684
 4600.00       0.3963360551446
 4650.00       0.3904274644870
 4700.00       0.3845086582381
 4750.00       0.3785797450777
 4800.00       0.3726408313977
 4850.00       0.3666920213730
 4900.00       0.3607334170309
 4950.00       0.3547651183160
 5000.00       0.3487872231541
# V=  36.5085000000000
    0.00       0.8769140504922
   50.00       0.8760317390751
  100.00       0.8740547274508
  150.00       0.8715858005586
  200.00       0.8687953618204
  250.00       0.8657654006417
  300.00       0.8625444074302
  350.00       0.8591644837261
  400.00       0.8556484690579
  450.00       0.8520134513207
  500.00       0.8482726996165
  550.00       0.8444368172580
  600.00       0.8405144725879
  650.00       0.8365128848023
  700.00       0.8324381595789
  750.00       0.8282955284244
  800.00       0.8240895239735
  850.00       0.8198241113318
  900.00       0.8155027884321
  950.00       0.8111286640375
 1000.00       0.8067045192884
 1050.00       0.8022328569172
 1100.00       0.7977159410730
 1150.00       0.7931558298943
 1200.00       0.7885544024092
 1250.00       0.7839133809460
 1300.00       0.7792343499548
 1350.00       0.7745187719299
 1400.00       0.7697680009704
 1450.00       0.7649832944030
 1500.00       0.7601658227993
 1550.00       0.7553166786568
 1600.00       0.7504368839590
 1650.00       0.7455273967897
 1700.00       0.7405891171446
 1750.00       0.7356228920599
 1800.00       0.7306295201534
 1850.00       0.7256097556610
 1900.00       0.7205643120370
 1950.00       0.7154938651745
 2000.00       0.7103990562964
 2050.00       0.7052804945558
 2100.00       0.7001387593842
 2150.00       0.6949744026144
 2200.00       0.6897879504069
 2250.00       0.6845799050008
 2300.00       0.6793507463091
 2350.00       0.6741009333746
 2400.00       0.6688309057032
 2450.00       0.6635410844844
 2500.00       0.6582318737135
 2550.00       0.6529036612236
 2600.00       0.6475568196358
 2650.00       0.6421917072379
 2700.00       0.6368086687952
 2750.00       0.6314080363021
 2800.00       0.6259901296789
 2850.00       0.6205552574188
 2900.00       0.6151037171892
 2950.00       0.6096357963919
 3000.00       0.6041517726851
 3050.00       0.5986519144707
 3100.00       0.5931364813496
 3150.00       0.5876057245474
 3200.00       0.5820598873139
 3250.00       0.5764992052961
 3300.00       0.5709239068900
 3350.00       0.5653342135696
 3400.00       0.5597303401972
 3450.00       0.5541124953152
 3500.00       0.5484808814207
 3550.00       0.5428356952246
 3600.00       0.5371771278962
 3650.00       0.5315053652944
 3700.00       0.5258205881854
 3750.00       0.5201229724495
 3800.00       0.5144126892766
 3850.00       0.5086899053513
 3900.00       0.5029547830284
 3950.00       0.4972074804994
 4000.00       0.4914481519507
 4050.00       0.4856769477140
 4100.00       0.4798940144087
 4150.00       0.4740994950780
 4200.00       0.4682935293178
 4250.00       0.4624762534005
 4300.00       0.4566478003916
 4350.00       0.4508083002621
 4400.00       0.4449578799948
 4450.00       0.4390966636866
 4500.00       0.4332247726453
 4550.00       0.4273423254831
 4600.00       0.4214494382050
 4650.00       0.4155462242941
 4700.00       0.4096327947931
 4750.00       0.4037092583815
 4800.00       0.3977757214513
 4850.00       0.3918322881774
 4900.00       0.3858790605869
 4950.00       0.3799161386246
 5000.00       0.3739436202162
# V=  36.0361000000000
    0.00       0.9012901759483
   50.00       0.9003998399365
  100.00       0.8984129326454
  150.00       0.8959341344815
  200.00       0.8931338306815
  250.00       0.8900940068570
  300.00       0.8868631521518
  350.00       0.8834733675705
  400.00       0.8799474923791
  450.00       0.8763026143306
  500.00       0.8725520024436
  550.00       0.8687062599804
  600.00       0.8647740552508
  650.00       0.8607626074293
  700.00       0.8566780221794
  750.00       0.8525255309975
  800.00       0.8483096665115
  850.00       0.8440343938219
  900.00       0.8397032108582
  950.00       0.8353192263811
 1000.00       0.8308852215291
 1050.00       0.8264036990337
 1100.00       0.8218769230432
 1150.00       0.8173069516955
 1200.00       0.8126956640185
 1250.00       0.8080447823405
 1300.00       0.8033558911117
 1350.00       0.7986304528263
 1400.00       0.7938698215839
 1450.00       0.7890752547113
 1500.00       0.7842479227804
 1550.00       0.7793889182891
 1600.00       0.7744992632211
 1650.00       0.7695799156606
 1700.00       0.7646317756037
 1750.00       0.7596556900870
 1800.00       0.7546524577285
 1850.00       0.7496228327646
 1900.00       0.7445675286498
 1950.00       0.7394872212777
 2000.00       0.7343825518714
 2050.00       0.7292541295845
 2100.00       0.7241025338487
 2150.00       0.7189283164972
 2200.00       0.7137320036907
 2250.00       0.7085140976688
 2300.00       0.7032750783445
 2350.00       0.6980154047612
 2400.00       0.6927355164249
 2450.00       0.6874358345253
 2500.00       0.6821167630583
 2550.00       0.6767786898568
 2600.00       0.6714219875426
 2650.00       0.6660470144034
 2700.00       0.6606541152048
 2750.00       0.6552436219416
 2800.00       0.6498158545342
 2850.00       0.6443711214761
 2900.00       0.6389097204348
 2950.00       0.6334319388123
 3000.00       0.6279380542671
 3050.00       0.6224283352012
 3100.00       0.6169030412158
 3150.00       0.6113624235367
 3200.00       0.6058067254137
 3250.00       0.6002361824941
 3300.00       0.5946510231740
 3350.00       0.5890514689277
 3400.00       0.5834377346176
 3450.00       0.5778100287863
 3500.00       0.5721685539308
 3550.00       0.5665135067625
 3600.00       0.5608450784508
 3650.00       0.5551634548545
 3700.00       0.5494688167400
 3750.00       0.5437613399879
 3800.00       0.5380411957882
 3850.00       0.5323085508255
 3900.00       0.5265635674548
 3950.00       0.5208064038678
 4000.00       0.5150372142510
 4050.00       0.5092561489361
 4100.00       0.5034633545427
 4150.00       0.4976589741140
 4200.00       0.4918431472463
 4250.00       0.4860160102118
 4300.00       0.4801776960762
 4350.00       0.4743283348107
 4400.00       0.4684680533982
 4450.00       0.4625969759355
 4500.00       0.4567152237307
 4550.00       0.4508229153960
 4600.00       0.4449201669366
 4650.00       0.4390070918356
 4700.00       0.4330838011357
 4750.00       0.4271504035167
 4800.00       0.4212070053705
 4850.00       0.4152537108722
 4900.00       0.4092906220490
 4950.00       0.4033178388457
 5000.00       0.3973354591881
# V=  35.6312000000000
    0.00       0.9254407964294
   50.00       0.9245767687603
  100.00       0.9226249612074
  150.00       0.9201814654150
  200.00       0.9174165153894
  250.00       0.9144120660101
  300.00       0.9112165961265
  350.00       0.9078622023195
  400.00       0.9043717216383
  450.00       0.9007622406021
  500.00       0.8970470274878
  550.00       0.8932366850845
  600.00       0.8893398813864
  650.00       0.8853638353485
  700.00       0.8813146524774
  750.00       0.8771975641540
  800.00       0.8730171029195
  850.00       0.8687772338079
  900.00       0.8644814546965
  950.00       0.8601328743050
 1000.00       0.8557342737390
 1050.00       0.8512881557030
 1100.00       0.8467967843232
 1150.00       0.8422622177195
 1200.00       0.8376863349043
 1250.00       0.8330708581930
 1300.00       0.8284173720249
 1350.00       0.8237273388849
 1400.00       0.8190021128643
 1450.00       0.8142429512830
 1500.00       0.8094510247068
 1550.00       0.8046274256283
 1600.00       0.7997731760265
 1650.00       0.7948892339813
 1700.00       0.7899764994854
 1750.00       0.7850358195718
 1800.00       0.7800679928558
 1850.00       0.7750737735711
 1900.00       0.7700538751698
 1950.00       0.7650089735434
 2000.00       0.7599397099130
 2050.00       0.7548466934305
 2100.00       0.7497305035259
 2150.00       0.7445916920309
 2200.00       0.7394307851051
 2250.00       0.7342482849867
 2300.00       0.7290446715876
 2350.00       0.7238204039502
 2400.00       0.7185759215793
 2450.00       0.7133116456641
 2500.00       0.7080279801993
 2550.00       0.7027253130173
 2600.00       0.6974040167389
 2650.00       0.6920644496515
 2700.00       0.6867069565198
 2750.00       0.6813318693381
 2800.00       0.6759395080264
 2850.00       0.6705301810774
 2900.00       0.6651041861583
 2950.00       0.6596618106707
 3000.00       0.6542033322725
 3050.00       0.6487290193655
 3100.00       0.6432391315503
 3150.00       0.6377339200526
 3200.00       0.6322136281217
 3250.00       0.6266784914046
 3300.00       0.6211287382971
 3350.00       0.6155645902732
 3400.00       0.6099862621951
 3450.00       0.6043939626050
 3500.00       0.5987878939999
 3550.00       0.5931682530907
 3600.00       0.5875352310467
 3650.00       0.5818890137265
 3700.00       0.5762297818963
 3750.00       0.5705577114364
 3800.00       0.5648729735367
 3850.00       0.5591757348817
 3900.00       0.5534661578260
 3950.00       0.5477444005613
 4000.00       0.5420106172740
 4050.00       0.5362649582955
 4100.00       0.5305075702453
 4150.00       0.5247385961666
 4200.00       0.5189581756553
 4250.00       0.5131664449837
 4300.00       0.5073635372174
 4350.00       0.5015495823273
 4400.00       0.4957247072961
 4450.00       0.4898890362209
 4500.00       0.4840426904093
 4550.00       0.4781857884736
 4600.00       0.4723184464188
 4650.00       0.4664407777280
 4700.00       0.4605528934437
 4750.00       0.4546549022458
 4800.00       0.4487469105258
 4850.00       0.4428290224589
 4900.00       0.4369013400723
 4950.00       0.4309639633106
 5000.00       0.4250169900995
