#T (K)    alpha (10^(-5) K^(-1))
#P= 0.000000 GPa
    0.0       0.0000000000000
  100.0       0.7502780513967
  200.0       1.5813572415768
  300.0       2.0958940027047
  400.0       2.3510461724899
  500.0       2.4992303833604
  600.0       2.5940839365129
  700.0       2.6639253947030
  800.0       2.7203207408702
  900.0       2.7692663337460
 1000.0       2.8138206619129
 1100.0       2.8558167192001
 1200.0       2.8963021981135
 1300.0       2.9358958929157
 1400.0       2.9750672077523
 1500.0       3.0141090499277
 1600.0       3.0532179760217
 1700.0       3.0925379397645
 1800.0       3.1321513991853
 1900.0       3.1721856615075
 2000.0       3.2126531573469
 2100.0       3.2536164717950
 2200.0       3.2951397558398
 2300.0       3.3372070076310
 2400.0       3.3798699064641
 2500.0       3.4231031553369
 2600.0       3.4669404920094
 2700.0       3.5114386920867
 2800.0       3.5564517862347
 2900.0       3.6022339261772
 3000.0       3.6485906074457
 3100.0       3.6955231514822
 3200.0       3.7431217794663
 3300.0       3.7911499408123
 3400.0       3.8401676379745
 3500.0       3.8895845062387
 3600.0       3.9396307627116
 3700.0       3.9904754880977
 3800.0       4.0418670063954
 3900.0       4.0933414763217
 4000.0       4.1461028852802
 4100.0       4.1993526008238
 4200.0       4.2526338604307
 4300.0       4.3071930085817
 4400.0       4.3618309022130
 4500.0       4.4173166738265
 4600.0       4.4729029722825
 4700.0       4.5300045958283
 4800.0       4.5866308432795
 4900.0       4.6439961583616
 5000.0       4.7024915133744
 5100.0       4.7602715112667
 5200.0       4.8194227305426
 5300.0       4.8792321826432
 5400.0       4.9387175592546
 5500.0       5.0001282275629
 5600.0       5.0610181414929
 5700.0       5.1201936535120
 5800.0       5.1833500927212
 5900.0       5.2460209241872
 6000.0       5.3032704241923

#P= 1.000000 GPa
    0.0       0.0000000000000
  100.0       0.7410383085263
  200.0       1.5626602985419
  300.0       2.0720015263420
  400.0       2.3249898970728
  500.0       2.4720223518632
  600.0       2.5660995449423
  700.0       2.6352858415947
  800.0       2.6910547010002
  900.0       2.7393755114458
 1000.0       2.7832899527641
 1100.0       2.8246132302854
 1200.0       2.8644211170194
 1300.0       2.9033416670094
 1400.0       2.9418413489437
 1500.0       2.9802142784182
 1600.0       3.0186580729713
 1700.0       3.0573147343387
 1800.0       3.0962707457147
 1900.0       3.1356502020600
 2000.0       3.1754698626998
 2100.0       3.2157876917653
 2200.0       3.2566718018837
 2300.0       3.2981040522307
 2400.0       3.3401374302516
 2500.0       3.3827497146131
 2600.0       3.4259707214346
 2700.0       3.4698568696225
 2800.0       3.5142747614402
 2900.0       3.5594522035414
 3000.0       3.6052188047892
 3100.0       3.6515738954079
 3200.0       3.6985916776306
 3300.0       3.7460815696786
 3400.0       3.7945282392295
 3500.0       3.8433957725347
 3600.0       3.8929162236567
 3700.0       3.9432104315084
 3800.0       3.9940720295525
 3900.0       4.0450872446406
 4000.0       4.0973168263444
 4100.0       4.1500630895623
 4200.0       4.2029082567049
 4300.0       4.2569624864315
 4400.0       4.3111601560586
 4500.0       4.3661936174808
 4600.0       4.4213700561258
 4700.0       4.4780076531825
 4800.0       4.5342496404617
 4900.0       4.5912304469519
 5000.0       4.6493066541701
 5100.0       4.7067682705448
 5200.0       4.7655488319308
 5300.0       4.8249942660184
 5400.0       4.8841791354874
 5500.0       4.9452049798425
 5600.0       5.0057866926132
 5700.0       5.0648095415365
 5800.0       5.1275982107034
 5900.0       5.1899669443551
 6000.0       5.2472933637772

#P= 2.000000 GPa
    0.0       0.0000000000000
  100.0       0.7319681268676
  200.0       1.5443075684464
  300.0       2.0485566823226
  400.0       2.2994194288736
  500.0       2.4453201087511
  600.0       2.5386476637521
  700.0       2.6071884058702
  800.0       2.6623498219684
  900.0       2.7100610080595
 1000.0       2.7533554173255
 1100.0       2.7940403206528
 1200.0       2.8331743972551
 1300.0       2.8714142122599
 1400.0       2.9092371423148
 1500.0       2.9469351551233
 1600.0       2.9847072863789
 1700.0       3.0226944801119
 1800.0       3.0609860591734
 1900.0       3.0997037144105
 2000.0       3.1388678919570
 2100.0       3.1785328247695
 2200.0       3.2187699157675
 2300.0       3.2595590991219
 2400.0       3.3009548582330
 2500.0       3.3429372898814
 2600.0       3.3855332119043
 2700.0       3.4287984150001
 2800.0       3.4726109758101
 2900.0       3.5171751012785
 3000.0       3.5623419557646
 3100.0       3.6081090801746
 3200.0       3.6545366205625
 3300.0       3.7014752506700
 3400.0       3.7493413261518
 3500.0       3.7976488615045
 3600.0       3.8466311038834
 3700.0       3.8963650642719
 3800.0       3.9466856763406
 3900.0       3.9972261629638
 4000.0       4.0489140049438
 4100.0       4.1011453918609
 4200.0       4.1535391004536
 4300.0       4.2070780389465
 4400.0       4.2608215200062
 4500.0       4.3153898121998
 4600.0       4.3701418303730
 4700.0       4.4263038683756
 4800.0       4.4821466832611
 4900.0       4.5387283145295
 5000.0       4.5963730047839
 5100.0       4.6534994746192
 5200.0       4.7118956147253
 5300.0       4.7709632193833
 5400.0       4.8298316394931
 5500.0       4.8904605152408
 5600.0       4.9507192119442
 5700.0       5.0095689336486
 5800.0       5.0719781982205
 5900.0       5.1340311825056
 6000.0       5.1914072493607

#P= 3.000000 GPa
    0.0       0.0000000000000
  100.0       0.7230680977658
  200.0       1.5262944402272
  300.0       2.0255390368032
  400.0       2.2743226386329
  500.0       2.4191160280768
  600.0       2.5117044910963
  700.0       2.5796247242685
  800.0       2.6341891534108
  900.0       2.6813079922176
 1000.0       2.7239991059037
 1100.0       2.7640637773719
 1200.0       2.8025592503392
 1300.0       2.8401244641247
 1400.0       2.8772628069068
 1500.0       2.9142808275541
 1600.0       2.9513748733971
 1700.0       2.9886866300244
 1800.0       3.0263070305784
 1900.0       3.0643561151312
 2000.0       3.1028574085869
 2100.0       3.1418622363589
 2200.0       3.1814446631029
 2300.0       3.2215829402595
 2400.0       3.2623331624012
 2500.0       3.3036770927232
 2600.0       3.3456393730425
 2700.0       3.3882749366068
 2800.0       3.4314722821123
 2900.0       3.4754146230393
 3000.0       3.5199722555573
 3100.0       3.5651411268652
 3200.0       3.6109691773256
 3300.0       3.6573438477357
 3400.0       3.7046199013511
 3500.0       3.7523569393091
 3600.0       3.8007887927871
 3700.0       3.8499528896438
 3800.0       3.8997216065307
 3900.0       3.9497721597107
 4000.0       4.0009084473441
 4100.0       4.0526136636959
 4200.0       4.1045407698588
 4300.0       4.1575541290885
 4400.0       4.2108296183921
 4500.0       4.2649200085922
 4600.0       4.3192331906342
 4700.0       4.3749082228663
 4800.0       4.4303370829646
 4900.0       4.4865049902567
 5000.0       4.5437058632343
 5100.0       4.6004805488501
 5200.0       4.6584785726688
 5300.0       4.7171545995211
 5400.0       4.7756907039264
 5500.0       4.8359104947336
 5600.0       4.8958314053882
 5700.0       4.9544876244281
 5800.0       5.0165058439458
 5900.0       5.0782294304505
 6000.0       5.1356279806879

#P= 4.000000 GPa
    0.0       0.0000000000000
  100.0       0.7143282940797
  200.0       1.5086111460735
  300.0       2.0029466389845
  400.0       2.2496821883454
  500.0       2.3933934794268
  600.0       2.4852640152464
  700.0       2.5525713948159
  800.0       2.6065626407080
  900.0       2.6531012001717
 1000.0       2.6952047981876
 1100.0       2.7346671765620
 1200.0       2.7725409218464
 1300.0       2.8094670576579
 1400.0       2.8459296995024
 1500.0       2.8822594006312
 1600.0       2.9186701662390
 1700.0       2.9553004127420
 1800.0       2.9922432070950
 1900.0       3.0296171562047
 2000.0       3.0674484183871
 2100.0       3.1057861336468
 2200.0       3.1447064524973
 2300.0       3.1841862120655
 2400.0       3.2242831605016
 2500.0       3.2649801829698
 2600.0       3.3063004647942
 2700.0       3.3482978953873
 2800.0       3.3908703893380
 2900.0       3.4341826306947
 3000.0       3.4781217605021
 3100.0       3.5226823218969
 3200.0       3.5679017853618
 3300.0       3.6137000997021
 3400.0       3.6603768449730
 3500.0       3.7075330546890
 3600.0       3.7554025683857
 3700.0       3.8039873028275
 3800.0       3.8531933766707
 3900.0       3.9027390688789
 4000.0       3.9533140892494
 4100.0       4.0044819761023
 4200.0       4.0559275683564
 4300.0       4.1084051475792
 4400.0       4.1611990108067
 4500.0       4.2147989001280
 4600.0       4.2686589867311
 4700.0       4.3238356561176
 4800.0       4.3788359156988
 4900.0       4.4345756806137
 5000.0       4.4913205092952
 5100.0       4.5477269099401
 5200.0       4.6053131996712
 5300.0       4.6635839732575
 5400.0       4.7217719813396
 5500.0       4.7815706043369
 5600.0       4.8411390144929
 5700.0       4.8995814573433
 5800.0       4.9611969948754
 5900.0       5.0225775454889
 6000.0       5.0799715208824

#P= 5.000000 GPa
    0.0       0.0000000000000
  100.0       0.7057487393732
  200.0       1.4912457027894
  300.0       1.9807603453707
  400.0       2.2254939351818
  500.0       2.3681388974736
  600.0       2.4593069945423
  700.0       2.5260229141165
  800.0       2.5794477992706
  900.0       2.6254287880225
 1000.0       2.6669586782627
 1100.0       2.7058331724687
 1200.0       2.7431041984724
 1300.0       2.7794071977955
 1400.0       2.8152296546825
 1500.0       2.8508825041257
 1600.0       2.8866013510442
 1700.0       2.9225451577497
 1800.0       2.9588039037436
 1900.0       2.9954964468240
 2000.0       3.0326507615149
 2100.0       3.0703145649785
 2200.0       3.1085655328511
 2300.0       3.1473793931260
 2400.0       3.1868155132265
 2500.0       3.2268574656509
 2600.0       3.2675275940422
 2700.0       3.3088786013687
 2800.0       3.3508168588457
 2900.0       3.3934908401371
 3000.0       3.4368023838918
 3100.0       3.4807448126320
 3200.0       3.5253467454826
 3300.0       3.5705566150045
 3400.0       3.6166249101776
 3500.0       3.6631901328700
 3600.0       3.7104855908484
 3700.0       3.7584815846051
 3800.0       3.8071144338086
 3900.0       3.8561406238700
 4000.0       3.9061447692666
 4100.0       3.9567643081467
 4200.0       4.0077137154718
 4300.0       4.0596454070918
 4400.0       4.1119441861284
 4500.0       4.1650411167572
 4600.0       4.2184340106183
 4700.0       4.2731010565621
 4800.0       4.3276582180750
 4900.0       4.3829555580621
 5000.0       4.4392321967052
 5100.0       4.4952539597459
 5200.0       4.5524149810421
 5300.0       4.6102669063132
 5400.0       4.6680911347343
 5500.0       4.7274565480304
 5600.0       4.7866578072068
 5700.0       4.8448663145607
 5800.0       4.9060675399083
 5900.0       4.9670914389565
 6000.0       5.0244539274048

#P= 6.000000 GPa
    0.0       0.0000000000000
  100.0       0.6973238418538
  200.0       1.4741965420152
  300.0       1.9589739476370
  400.0       2.2017364862902
  500.0       2.3433447221265
  600.0       2.4338231507786
  700.0       2.4999583637112
  800.0       2.5528389984543
  900.0       2.5982695005145
 1000.0       2.6392470151215
 1100.0       2.6775493355968
 1200.0       2.7142308000879
 1300.0       2.7499306970653
 1400.0       2.7851279603511
 1500.0       2.8201391957933
 1600.0       2.8551803607253
 1700.0       2.8904289873174
 1800.0       2.9259985517140
 1900.0       2.9620033588783
 2000.0       2.9984741359762
 2100.0       3.0354574115494
 2200.0       3.0730319931704
 2300.0       3.1111728014435
 2400.0       3.1499407218533
 2500.0       3.1893196881506
 2600.0       3.2293317116779
 2700.0       3.2700282102832
 2800.0       3.3113231007777
 2900.0       3.3533508175414
 3000.0       3.3960258919449
 3100.0       3.4393406026806
 3200.0       3.4833162172496
 3300.0       3.5279258669759
 3400.0       3.5733767173193
 3500.0       3.6193409704269
 3600.0       3.6660508972667
 3700.0       3.7134488958757
 3800.0       3.7614981091528
 3900.0       3.8099904502345
 4000.0       3.8594142227885
 4100.0       3.9094745399541
 4200.0       3.9599133403128
 4300.0       4.0112891338042
 4400.0       4.0630795549116
 4500.0       4.1156612157414
 4600.0       4.1685729910813
 4700.0       4.2227192553800
 4800.0       4.2768189749096
 4900.0       4.3316597542903
 5000.0       4.3874561438090
 5100.0       4.4430770742345
 5200.0       4.4997993874101
 5300.0       4.5572189571746
 5400.0       4.6146638263814
 5500.0       4.6735840368376
 5600.0       4.7324035682526
 5700.0       4.7903581092895
 5800.0       4.8511334089796
 5900.0       4.9117870673895
 6000.0       4.9690913032547

#P= 7.000000 GPa
    0.0       0.0000000000000
  100.0       0.6890481793113
  200.0       1.4574475766077
  300.0       1.9375775913916
  400.0       2.1784071860334
  500.0       2.3189906063120
  600.0       2.4088015867855
  700.0       2.4743698573927
  800.0       2.5267144654988
  900.0       2.5716171457745
 1000.0       2.6120499482930
 1100.0       2.6498001479547
 1200.0       2.6859095388620
 1300.0       2.7210183885845
 1400.0       2.7556112190463
 1500.0       2.7899952115985
 1600.0       2.8243935069410
 1700.0       2.8589638668732
 1800.0       2.8938353482459
 1900.0       2.9291473865251
 2000.0       2.9649280000846
 2100.0       3.0012244116814
 2200.0       3.0381157539738
 2300.0       3.0755765942660
 2400.0       3.1136691255361
 2500.0       3.1523774378617
 2600.0       3.1917236096752
 2700.0       3.2317577205942
 2800.0       3.2724003707157
 2900.0       3.3137739757599
 3000.0       3.3558038997394
 3100.0       3.3984815481728
 3200.0       3.4418222145953
 3300.0       3.4858201888594
 3400.0       3.5306447494590
 3500.0       3.5759982298892
 3600.0       3.6221113960609
 3700.0       3.6689022713826
 3800.0       3.7163576126666
 3900.0       3.7643020602162
 4000.0       3.8131360742190
 4100.0       3.8626264464425
 4200.0       3.9125404755092
 4300.0       3.9633504610524
 4400.0       4.0146194408282
 4500.0       4.0666736750996
 4600.0       4.1190905850771
 4700.0       4.1727050167137
 4800.0       4.2263331137736
 4900.0       4.2807033511283
 5000.0       4.3360075262993
 5100.0       4.3912115971777
 5200.0       4.4474818623611
 5300.0       4.5044556658743
 5400.0       4.5615057120964
 5500.0       4.6199687814943
 5600.0       4.6783920899590
 5700.0       4.7360727756149
 5800.0       4.7964105571952
 5900.0       4.8566804222662
 6000.0       4.9138998209216

#P= 8.000000 GPa
    0.0       0.0000000000000
  100.0       0.6809216563406
  200.0       1.4409975389071
  300.0       1.9165557731625
  400.0       2.1554899887646
  500.0       2.2950747342445
  600.0       2.3842239266202
  700.0       2.4492437280947
  800.0       2.5010680492810
  900.0       2.5454495926719
 1000.0       2.5853604443897
 1100.0       2.6225672671166
 1200.0       2.6581231948260
 1300.0       2.6926599899892
 1400.0       2.7266596715678
 1500.0       2.7604377860286
 1600.0       2.7942071038258
 1700.0       2.8281333404774
 1800.0       2.8623262276792
 1900.0       2.8969368172739
 2000.0       2.9320219263693
 2100.0       2.9676250648080
 2200.0       3.0038265911553
 2300.0       3.0406007596155
 2400.0       3.0780109010924
 2500.0       3.1160411394362
 2600.0       3.1547139187810
 2700.0       3.1940779705825
 2800.0       3.2340597666199
 2900.0       3.2747715709778
 3000.0       3.3161478678014
 3100.0       3.3581793535378
 3200.0       3.4008766017264
 3300.0       3.4442517697176
 3400.0       3.4884413475531
 3500.0       3.5331744347656
 3600.0       3.5786798615788
 3700.0       3.6248546147442
 3800.0       3.6717060266101
 3900.0       3.7190888465097
 4000.0       3.7673238322081
 4100.0       3.8162336904815
 4200.0       3.8656090488413
 4300.0       3.9158434216345
 4400.0       3.9665780753785
 4500.0       4.0180928859786
 4600.0       4.0700013696321
 4700.0       4.1230730312862
 4800.0       4.1762154965108
 4900.0       4.2301013717265
 5000.0       4.2849014683995
 5100.0       4.3396728302540
 5200.0       4.3954778155749
 5300.0       4.4519925465276
 5400.0       4.5086324298480
 5500.0       4.5666264823353
 5600.0       4.6246391635356
 5700.0       4.6820262586786
 5800.0       4.7419149586287
 5900.0       4.8017875224734
 6000.0       4.8588956883752

#P= 9.000000 GPa
    0.0       0.0000000000000
  100.0       0.6729356462920
  200.0       1.4248364219035
  300.0       1.8959075556304
  400.0       2.1329738982443
  500.0       2.2715778418004
  600.0       2.3600876109485
  700.0       2.4245640819428
  800.0       2.4758836898008
  900.0       2.5197617512586
 1000.0       2.5591565557643
 1100.0       2.5958424659219
 1200.0       2.6308549682774
 1300.0       2.6648367927841
 1400.0       2.6982637669134
 1500.0       2.7314467155408
 1600.0       2.7646087733009
 1700.0       2.7979044664219
 1800.0       2.8314521089460
 1900.0       2.8653833581322
 2000.0       2.8997643648082
 2100.0       2.9346689607734
 2200.0       2.9701740465604
 2300.0       3.0062551383887
 2400.0       3.0429760550040
 2500.0       3.0803210544638
 2600.0       3.1183131057459
 2700.0       3.1569996360324
 2800.0       3.1963122259753
 2900.0       3.2363546996411
 3000.0       3.2770690986650
 3100.0       3.3184455680489
 3200.0       3.3604910891389
 3300.0       3.4032326499242
 3400.0       3.4467787059630
 3500.0       3.4908819650248
 3600.0       3.5357689294186
 3700.0       3.5813186930209
 3800.0       3.6275563004610
 3900.0       3.6743640762174
 4000.0       3.7219908827195
 4100.0       3.7703098166258
 4200.0       3.8191328780051
 4300.0       3.8687819420665
 4400.0       3.9189695894279
 4500.0       3.9699331445259
 4600.0       4.0213198354907
 4700.0       4.0738379082169
 4800.0       4.1264809105411
 4900.0       4.1798687746072
 5000.0       4.2341530339626
 5100.0       4.2884760251299
 5200.0       4.3438026137477
 5300.0       4.3998450773552
 5400.0       4.4560595934836
 5500.0       4.5135728203279
 5600.0       4.5711605696843
 5700.0       4.6282345065076
 5800.0       4.6876625967448
 5900.0       4.7471244047708
 6000.0       4.8040951475349

#P= 10.000000 GPa
    0.0       0.0000000000000
  100.0       0.6650903707288
  200.0       1.4089545228840
  300.0       1.8756150882219
  400.0       2.1108544737851
  500.0       2.2484928409760
  600.0       2.3363721494496
  700.0       2.4003268538298
  800.0       2.4511478572354
  900.0       2.4945356620627
 1000.0       2.5334337984207
 1100.0       2.5696042811652
 1200.0       2.6040952332232
 1300.0       2.6375336400055
 1400.0       2.6704034583310
 1500.0       2.7030129397963
 1600.0       2.7355780106583
 1700.0       2.7682651205481
 1800.0       2.8011810208168
 1900.0       2.8344652910257
 2000.0       2.8681666688195
 2100.0       2.9023647034201
 2200.0       2.9371677144509
 2300.0       2.9725493463839
 2400.0       3.0085744424737
 2500.0       3.0452272742575
 2600.0       3.0825314728292
 2700.0       3.1205332275066
 2800.0       3.1591685233527
 2900.0       3.1985342956327
 3000.0       3.2385787338152
 3100.0       3.2792915824005
 3200.0       3.3206772301515
 3300.0       3.3627747173613
 3400.0       3.4056688681367
 3500.0       3.4491330525597
 3600.0       3.4933910913497
 3700.0       3.5383071316033
 3800.0       3.5839212457053
 3900.0       3.6301408855365
 4000.0       3.6771504834275
 4100.0       3.7248682455773
 4200.0       3.7731256636140
 4300.0       3.8221798350605
 4400.0       3.8718080068292
 4500.0       3.9222086465758
 4600.0       3.9730603789172
 4700.0       4.0250141665608
 4800.0       4.0771440624965
 4900.0       4.1300204432964
 5000.0       4.1837772194699
 5100.0       4.2376363744420
 5200.0       4.2924715729486
 5300.0       4.3480286946296
 5400.0       4.4038027797081
 5500.0       4.4608234486287
 5600.0       4.5179720698739
 5700.0       4.5747134607633
 5800.0       4.6336694549728
 5900.0       4.6927071123188
 6000.0       4.7495144730714

#P= 11.000000 GPa
    0.0       0.0000000000000
  100.0       0.6573818417210
  200.0       1.3933511014152
  300.0       1.8556741505022
  400.0       2.0891127215090
  500.0       2.2258112671747
  600.0       2.3130733089118
  700.0       2.3765112413957
  800.0       2.4268546560093
  900.0       2.4697600489542
 1000.0       2.5081727258011
 1100.0       2.5438484367416
 1200.0       2.5778233191221
 1300.0       2.6107393845085
 1400.0       2.6430651329161
 1500.0       2.6751152428299
 1600.0       2.7071060449562
 1700.0       2.7391947645948
 1800.0       2.7715008686128
 1900.0       2.8041516369260
 2000.0       2.8372047501511
 2100.0       2.8707229999116
 2200.0       2.9048164153614
 2300.0       2.9394929938989
 2400.0       2.9748157073247
 2500.0       3.0107697341480
 2600.0       3.0473791518472
 2700.0       3.0846890894977
 2800.0       3.1226392678093
 2900.0       3.1613211278049
 3000.0       3.2006877508675
 3100.0       3.2407286255945
 3200.0       3.2814464173325
 3300.0       3.3228897037654
 3400.0       3.3651237229082
 3500.0       3.4079397768972
 3600.0       3.4515586908771
 3700.0       3.4958324095481
 3800.0       3.5408135306100
 3900.0       3.5864322743697
 4000.0       3.6328157581558
 4100.0       3.6799222674410
 4200.0       3.7276009836567
 4300.0       3.7760507935740
 4400.0       3.8251072377240
 4500.0       3.8749334794475
 4600.0       3.9252372950935
 4700.0       3.9766162298483
 4800.0       4.0282195694245
 4900.0       4.0805711801981
 5000.0       4.1337889446690
 5100.0       4.1871690047567
 5200.0       4.2414999495961
 5300.0       4.2965587803352
 5400.0       4.3518775242616
 5500.0       4.4083939835892
 5600.0       4.4650893961145
 5700.0       4.5214790467076
 5800.0       4.5799515071896
 5900.0       4.6385516881902
 6000.0       4.6951699504405

#P= 12.000000 GPa
    0.0       0.0000000000000
  100.0       0.6498041995895
  200.0       1.3780120698674
  300.0       1.8360771750451
  400.0       2.0677478424957
  500.0       2.2035155872353
  600.0       2.2901791602198
  700.0       2.3531147698160
  800.0       2.4029837869233
  900.0       2.4454270337480
 1000.0       2.4833640687176
 1100.0       2.5185544034983
 1200.0       2.5520347832841
 1300.0       2.5844343399098
 1400.0       2.6162360526546
 1500.0       2.6477414234674
 1600.0       2.6791707972128
 1700.0       2.7106846841719
 1800.0       2.7423911324159
 1900.0       2.7744302044453
 2000.0       2.8068488806707
 2100.0       2.8397173838230
 2200.0       2.8731300469948
 2300.0       2.9070951904765
 2400.0       2.9417094132171
 2500.0       2.9769581769866
 2600.0       3.0128661121531
 2700.0       3.0494773961852
 2800.0       3.0867349015542
 2900.0       3.1247257975172
 3000.0       3.1634069610341
 3100.0       3.2027677621160
 3200.0       3.2428098795592
 3300.0       3.2835891811957
 3400.0       3.3251550006398
 3500.0       3.3673140611729
 3600.0       3.4102839192359
 3700.0       3.4539068551145
 3800.0       3.4982456753770
 3900.0       3.5432511011438
 4000.0       3.5889996916064
 4100.0       3.6354850369370
 4200.0       3.6825722867251
 4300.0       3.7304083846326
 4400.0       3.7788810727108
 4500.0       3.8281216154308
 4600.0       3.8778647706994
 4700.0       3.9286584177700
 4800.0       3.9797219514545
 4900.0       4.0315356983317
 5000.0       4.0842030466163
 5100.0       4.1370889677448
 5200.0       4.1909029318443
 5300.0       4.2454506568380
 5400.0       4.3002993096478
 5500.0       4.3562999955144
 5600.0       4.4125282443306
 5700.0       4.4685471654172
 5800.0       4.5265247079625
 5900.0       4.5846741627379
 6000.0       4.6410778760677

#P= 13.000000 GPa
    0.0       0.0000000000000
  100.0       0.6423580167816
  200.0       1.3629353447663
  300.0       1.8168091924384
  400.0       2.0467462722539
  500.0       2.1816058999507
  600.0       2.2676745261271
  700.0       2.3301227837567
  800.0       2.3795337505417
  900.0       2.4215172718158
 1000.0       2.4589978591663
 1100.0       2.4937146840068
 1200.0       2.5267083470026
 1300.0       2.5586135612309
 1400.0       2.5898977327658
 1500.0       2.6208771668533
 1600.0       2.6517614066026
 1700.0       2.6827119556770
 1800.0       2.7138429706876
 1900.0       2.7452808290580
 2000.0       2.7770864734505
 2100.0       2.8093193848374
 2200.0       2.8420801524432
 2300.0       2.8753647158787
 2400.0       2.9092649955667
 2500.0       2.9438021648979
 2600.0       2.9790021560690
 2700.0       3.0149081508780
 2800.0       3.0514656979856
 2900.0       3.0887587367118
 3000.0       3.1267470068463
 3100.0       3.1654198893605
 3200.0       3.2047786791058
 3300.0       3.2448845589584
 3400.0       3.2857742698151
 3500.0       3.3272676686558
 3600.0       3.3695788109722
 3700.0       3.4125426413892
 3800.0       3.4562300479219
 3900.0       3.5006100778721
 4000.0       3.5457151240660
 4100.0       3.5915695675852
 4200.0       3.6380528870850
 4300.0       3.6852660434542
 4400.0       3.7331431753947
 4500.0       3.7817869058240
 4600.0       3.8309568778667
 4700.0       3.8811549391548
 4800.0       3.9316656257973
 4900.0       3.9829286140537
 5000.0       4.0350342702693
 5100.0       4.0874112319912
 5200.0       4.1406956323574
 5300.0       4.1947195779923
 5400.0       4.2490835582555
 5500.0       4.3045570005411
 5600.0       4.3603042636540
 5700.0       4.4159336829722
 5800.0       4.4734049850027
 5900.0       4.5310905483556
 6000.0       4.5872545391279

#P= 14.000000 GPa
    0.0       0.0000000000000
  100.0       0.6350366548213
  200.0       1.3481155054330
  300.0       1.7978707030975
  400.0       2.0260964655802
  500.0       2.1600652859820
  600.0       2.2455587556418
  700.0       2.3075227737752
  800.0       2.3564877605839
  900.0       2.3980295365412
 1000.0       2.4350560167169
 1100.0       2.4693172449797
 1200.0       2.5018380402863
 1300.0       2.5332553569626
 1400.0       2.5640444602380
 1500.0       2.5945054057734
 1600.0       2.6248619180169
 1700.0       2.6552667958768
 1800.0       2.6858329895430
 1900.0       2.7166943754180
 2000.0       2.7478976431229
 2100.0       2.7795160188151
 2200.0       2.8116397940556
 2300.0       2.8442710471773
 2400.0       2.8774899413234
 2500.0       2.9113115508846
 2600.0       2.9457967918149
 2700.0       2.9809912185552
 2800.0       3.0168417511974
 2900.0       3.0534302085900
 3000.0       3.0907183595169
 3100.0       3.1286957355213
 3200.0       3.1673637090409
 3300.0       3.2067870807188
 3400.0       3.2469929339528
 3500.0       3.2878121991012
 3600.0       3.3294552405222
 3700.0       3.3717517823608
 3800.0       3.4147788592111
 3900.0       3.4585217658005
 4000.0       3.5029747467360
 4100.0       3.5481887265674
 4200.0       3.5940559588606
 4300.0       3.6406370675591
 4400.0       3.6879070778600
 4500.0       3.7359430743508
 4600.0       3.7845275670128
 4700.0       3.8341198856898
 4800.0       3.8840648985079
 4900.0       3.9347644393913
 5000.0       3.9862972616498
 5100.0       4.0381506765462
 5200.0       4.0908930796405
 5300.0       4.1443807193434
 5400.0       4.1982456239422
 5500.0       4.2531804520910
 5600.0       4.3084330480273
 5700.0       4.3636544232447
 5800.0       4.4206082278416
 5900.0       4.4778168265900
 6000.0       4.5337162241619

#P= 15.000000 GPa
    0.0       0.0000000000000
  100.0       0.6278383302093
  200.0       1.3335407739781
  300.0       1.7792479298616
  400.0       2.0057977252140
  500.0       2.1388859540409
  600.0       2.2238134130592
  700.0       2.2853125105215
  800.0       2.3338358000336
  900.0       2.3749455085082
 1000.0       2.4115370577686
 1100.0       2.4453455213437
 1200.0       2.4774099083195
 1300.0       2.5083549680341
 1400.0       2.5386544508795
 1500.0       2.5686193984053
 1600.0       2.5984566448204
 1700.0       2.6283318858497
 1800.0       2.6583523464553
 1900.0       2.6886470094466
 2000.0       2.7192728159792
 2100.0       2.7502880781672
 2200.0       2.7817952192012
 2300.0       2.8137886102537
 2400.0       2.8463521473944
 2500.0       2.8794922427255
 2600.0       2.9132603167669
 2700.0       2.9477360353893
 2800.0       2.9828730521733
 2900.0       3.0187502855064
 3000.0       3.0553313227330
 3100.0       3.0926058560902
 3200.0       3.1305756913809
 3300.0       3.1693078217880
 3400.0       3.2088222286851
 3500.0       3.2489590857261
 3600.0       3.2899249186202
 3700.0       3.3315461291141
 3800.0       3.3739041595652
 3900.0       3.4169985708676
 4000.0       3.4607910968566
 4100.0       3.5053552301367
 4200.0       3.5505945310240
 4300.0       3.5965346114635
 4400.0       3.6431861738187
 4500.0       3.6906037111573
 4600.0       3.7385906609983
 4700.0       3.7875672249854
 4800.0       3.8369339579655
 4900.0       3.8870575757016
 5000.0       3.9380065608801
 5100.0       3.9893220817464
 5200.0       4.0415102108654
 5300.0       4.0944491717607
 5400.0       4.1478007834022
 5500.0       4.2021857321632
 5600.0       4.2569301274079
 5700.0       4.3117251586775
 5800.0       4.3681502817587
 5900.0       4.4248689406405
 6000.0       4.4804791871843

#P= 16.000000 GPa
    0.0       0.0000000000000
  100.0       0.6207622644863
  200.0       1.3192117647291
  300.0       1.7609328121849
  400.0       1.9858329268845
  500.0       2.1180643065648
  600.0       2.2024338442294
  700.0       2.2634729991609
  800.0       2.3115736886400
  900.0       2.3522574687147
 1000.0       2.3884216313666
 1100.0       2.4217973351830
 1200.0       2.4534090966658
 1300.0       2.4838966757811
 1400.0       2.5137237836781
 1500.0       2.5431975486194
 1600.0       2.5725376112342
 1700.0       2.6018931271698
 1800.0       2.6313823735391
 1900.0       2.6611304974831
 2000.0       2.6911882002160
 2100.0       2.7216252772738
 2200.0       2.7525277114828
 2300.0       2.7839029998734
 2400.0       2.8158275469660
 2500.0       2.8483106558437
 2600.0       2.8813968695187
 2700.0       2.9151533504209
 2800.0       2.9495690224134
 2900.0       2.9847289721538
 3000.0       3.0205959980069
 3100.0       3.0571606410143
 3200.0       3.0944251726818
 3300.0       3.1324576874487
 3400.0       3.1712732190527
 3500.0       3.2107195922681
 3600.0       3.2509993891740
 3700.0       3.2919373664728
 3800.0       3.3336178346765
 3900.0       3.3760527397395
 4000.0       3.4191765536494
 4100.0       3.4630816386165
 4200.0       3.5076814822594
 4300.0       3.5529716814954
 4400.0       3.5989937136271
 4500.0       3.6457822671400
 4600.0       3.6931598488159
 4700.0       3.7415107946284
 4800.0       3.7902868687632
 4900.0       3.8398223059764
 5000.0       3.8901765944772
 5100.0       3.9409401231533
 5200.0       3.9925618634753
 5300.0       4.0449399334472
 5400.0       4.0977642280388
 5500.0       4.1515881426629
 5600.0       4.2058109606104
 5700.0       4.2601616008698
 5800.0       4.3160469361544
 5900.0       4.3722627865983
 6000.0       4.4275596577742

#P= 17.000000 GPa
    0.0       0.0000000000000
  100.0       0.6138013806173
  200.0       1.3051194078901
  300.0       1.7429242623808
  400.0       1.9661983876802
  500.0       2.0975828320312
  600.0       2.1814133127183
  700.0       2.2420019370844
  800.0       2.2896825793220
  900.0       2.3299591302288
 1000.0       2.3657040666965
 1100.0       2.3986527410857
 1200.0       2.4298323304156
 1300.0       2.4598674341556
 1400.0       2.4892351773138
 1500.0       2.5182364092643
 1600.0       2.5470838291309
 1700.0       2.5759410632065
 1800.0       2.6049104392453
 1900.0       2.6341251041390
 2000.0       2.6636360433084
 2100.0       2.6935037796105
 2200.0       2.7238262039749
 2300.0       2.7545964442500
 2400.0       2.7859007921135
 2500.0       2.8177441266622
 2600.0       2.8501717018596
 2700.0       2.8832452983618
 2800.0       2.9169409425241
 2900.0       2.9513755557061
 3000.0       2.9865224568902
 3100.0       3.0223702669398
 3200.0       3.0589225347249
 3300.0       3.0962474075861
 3400.0       3.1343567980598
 3500.0       3.1731048102715
 3600.0       3.2126900263359
 3700.0       3.2529370097617
 3800.0       3.2939316023515
 3900.0       3.3356963558314
 4000.0       3.3781433341491
 4100.0       3.4213803523684
 4200.0       3.4653295364300
 4300.0       3.5099611307774
 4400.0       3.5553427989248
 4500.0       3.6014920483223
 4600.0       3.6482486798103
 4700.0       3.6959642957272
 4800.0       3.7441375646243
 4900.0       3.7930727890194
 5000.0       3.8428216689109
 5100.0       3.8930193634091
 5200.0       3.9440627684663
 5300.0       3.9958679012578
 5400.0       4.0481510565760
 5500.0       4.1014028984151
 5600.0       4.1550909250258
 5700.0       4.2089793925318
 5800.0       4.2643139175030
 5900.0       4.3200142040785
 6000.0       4.3749738247751

#P= 18.000000 GPa
    0.0       0.0000000000000
  100.0       0.6069558512859
  200.0       1.2912561325345
  300.0       1.7252070907937
  400.0       1.9468888193262
  500.0       2.0774408731056
  600.0       2.1607350926820
  700.0       2.2208897751777
  800.0       2.2681618185432
  900.0       2.3080322695894
 1000.0       2.3433759538187
 1100.0       2.3759078238771
 1200.0       2.4066594152565
 1300.0       2.4362625990364
 1400.0       2.4651774216108
 1500.0       2.4937173653494
 1600.0       2.5220920824390
 1700.0       2.5504554177950
 1800.0       2.5789255498042
 1900.0       2.6076197523521
 2000.0       2.6365955060662
 2100.0       2.6659160636874
 2200.0       2.6956673603142
 2300.0       2.7258568381675
 2400.0       2.7565549239191
 2500.0       2.7877764636123
 2600.0       2.8195634790153
 2700.0       2.8519761733465
 2800.0       2.8849888576667
 2900.0       2.9187017177354
 3000.0       2.9531199085847
 3100.0       2.9882449181906
 3200.0       3.0240779337362
 3300.0       3.0606875508263
 3400.0       3.0980836804113
 3500.0       3.1361256578220
 3600.0       3.1750080316491
 3700.0       3.2145564020144
 3800.0       3.2548570091625
 3900.0       3.2959413360117
 4000.0       3.3377034893301
 4100.0       3.3802636074904
 4200.0       3.4235512581286
 4300.0       3.4675156545750
 4400.0       3.5122463776879
 4500.0       3.5577462106624
 4600.0       3.6038705581880
 4700.0       3.6509412873762
 4800.0       3.6984998427831
 4900.0       3.7468230521918
 5000.0       3.7959559636832
 5100.0       3.8455742460545
 5200.0       3.8960275427808
 5300.0       3.9472478643524
 5400.0       3.9989762667590
 5500.0       4.0516451183559
 5600.0       4.1047853100201
 5700.0       4.1581940988958
 5800.0       4.2129668795450
 5900.0       4.2681389669469
 6000.0       4.3227378304459

#P= 19.000000 GPa
    0.0       0.0000000000000
  100.0       0.6002237471547
  200.0       1.2776221735075
  300.0       1.7077785157212
  400.0       1.9278887128926
  500.0       2.0576290086127
  600.0       2.1404001861573
  700.0       2.2001213086277
  800.0       2.2469993675382
  900.0       2.2864772344494
 1000.0       2.3214201229913
 1100.0       2.3535520612197
 1200.0       2.3838878526862
 1300.0       2.4130620761169
 1400.0       2.4415443449794
 1500.0       2.4696310148358
 1600.0       2.4975426113459
 1700.0       2.5254329102057
 1800.0       2.5534084620393
 1900.0       2.5816017869414
 2000.0       2.6100567956182
 2100.0       2.6388406196599
 2200.0       2.6680437205499
 2300.0       2.6976612282665
 2400.0       2.7277767590815
 2500.0       2.7583916940915
 2600.0       2.7895550970005
 2700.0       2.8213258520440
 2800.0       2.8536764610830
 2900.0       2.8867051226790
 3000.0       2.9204004713884
 3100.0       2.9547937781846
 3200.0       2.9899015684704
 3300.0       3.0257884511453
 3400.0       3.0624644200081
 3500.0       3.0997928724475
 3600.0       3.1379644330818
 3700.0       3.1768067109775
 3800.0       3.2164054277630
 3900.0       3.2567994272049
 4000.0       3.2978689006963
 4100.0       3.3397434721970
 4200.0       3.3823590485013
 4300.0       3.4256477859059
 4400.0       3.4697172395070
 4500.0       3.5145577549707
 4600.0       3.5600387375931
 4700.0       3.6064551808585
 4800.0       3.6533873579147
 4900.0       3.7010869858517
 5000.0       3.7495935248903
 5100.0       3.7986190882287
 5200.0       3.8484706823030
 5300.0       3.8990944962567
 5400.0       3.9502547483653
 5500.0       4.0023298175591
 5600.0       4.0549093074776
 5700.0       4.1078211998423
 5800.0       4.1620213961506
 5900.0       4.2166527750448
 6000.0       4.2708677570456

#P= 20.000000 GPa
    0.0       0.0000000000000
  100.0       0.5935989004597
  200.0       1.2642070313404
  300.0       1.6906345333632
  400.0       1.9091985290484
  500.0       2.0381333517008
  600.0       2.1203960923401
  700.0       2.1796980275516
  800.0       2.2261819229621
  900.0       2.2652799312520
 1000.0       2.2998372885669
 1100.0       2.3315696327462
 1200.0       2.3615051350342
 1300.0       2.3902644257963
 1400.0       2.4183163249595
 1500.0       2.4459695143775
 1600.0       2.4734276442794
 1700.0       2.5008530053627
 1800.0       2.5283554959928
 1900.0       2.5560530469330
 2000.0       2.5840057118565
 2100.0       2.6122689272825
 2200.0       2.6409330678638
 2300.0       2.6700019452553
 2400.0       2.6995441539201
 2500.0       2.7295753644679
 2600.0       2.7601315403708
 2700.0       2.7912763878253
 2800.0       2.8229847952729
 2900.0       2.8553489357832
 3000.0       2.8883594083988
 3100.0       2.9220293914401
 3200.0       2.9564025138743
 3300.0       2.9915605180631
 3400.0       3.0275093253341
 3500.0       3.0641170315967
 3600.0       3.1015700770520
 3700.0       3.1396989284338
 3800.0       3.1785880537759
 3900.0       3.2182822036005
 4000.0       3.2586512770238
 4100.0       3.2998318431817
 4200.0       3.3417651414844
 4300.0       3.3843698913866
 4400.0       3.4277680110757
 4500.0       3.4719395222125
 4600.0       3.5167663161334
 4700.0       3.5625192343448
 4800.0       3.6088136164419
 4900.0       3.6558783373421
 5000.0       3.7037482589788
 5100.0       3.7521680742863
 5200.0       3.8014065554686
 5300.0       3.8514223480223
 5400.0       3.9020012751267
 5500.0       3.9534719003906
 5600.0       4.0054780059537
 5700.0       4.0578760810886
 5800.0       4.1114929513992
 5900.0       4.1655712461794
 6000.0       4.2193796213314

#P= 21.000000 GPa
    0.0       0.0000000000000
  100.0       0.5870818655344
  200.0       1.2510063821930
  300.0       1.6737611669939
  400.0       1.8908091252432
  500.0       2.0189557036614
  600.0       2.1007112790013
  700.0       2.1596052260240
  800.0       2.2057105649397
  900.0       2.2444291775140
 1000.0       2.2786116627317
 1100.0       2.3099610764669
 1200.0       2.3394970772772
 1300.0       2.3678553340653
 1400.0       2.3954925777480
 1500.0       2.4227140060939
 1600.0       2.4497375558429
 1700.0       2.4767094866490
 1800.0       2.5037454859552
 1900.0       2.5309691913624
 2000.0       2.5584255608294
 2100.0       2.5861851137997
 2200.0       2.6143278544019
 2300.0       2.6428564611405
 2400.0       2.6718490586677
 2500.0       2.7013061774372
 2600.0       2.7312770652753
 2700.0       2.7618137265385
 2800.0       2.7928950776629
 2900.0       2.8246152205145
 3000.0       2.8569597220768
 3100.0       2.8899444275946
 3200.0       2.9235936233267
 3300.0       2.9580129259811
 3400.0       2.9932288082153
 3500.0       3.0291084577511
 3600.0       3.0658356516614
 3700.0       3.1032438614960
 3800.0       3.1414159053404
 3900.0       3.1804010635468
 4000.0       3.2200621515204
 4100.0       3.2605404424169
 4200.0       3.3017816001760
 4300.0       3.3436941674411
 4400.0       3.3864111521592
 4500.0       3.4299041890420
 4600.0       3.4740662316125
 4700.0       3.5191465479499
 4800.0       3.5647919712057
 4900.0       3.6112107048787
 5000.0       3.6584339270206
 5100.0       3.7062352497148
 5200.0       3.7548493960354
 5300.0       3.8042458415027
 5400.0       3.8542304982702
 5500.0       3.9050861527972
 5600.0       3.9565063810490
 5700.0       4.0083740267493
 5800.0       4.0613969329449
 5900.0       4.1149099066862
 6000.0       4.1682893659502

#P= 22.000000 GPa
    0.0       0.0000000000000
  100.0       0.5806702973088
  200.0       1.2380196679752
  300.0       1.6571582159686
  400.0       1.8727079898403
  500.0       2.0000833515715
  600.0       2.0813472758498
  700.0       2.1398338140277
  800.0       2.1855692286419
  900.0       2.2239249693921
 1000.0       2.2577341649961
 1100.0       2.2887094004512
 1200.0       2.3178635573064
 1300.0       2.3458224302377
 1400.0       2.3730571669988
 1500.0       2.3998639574945
 1600.0       2.4264545632025
 1700.0       2.4529908818997
 1800.0       2.4795735479793
 1900.0       2.5063288602066
 2000.0       2.5333110775760
 2100.0       2.5605738696495
 2200.0       2.5882107813851
 2300.0       2.6162180698505
 2400.0       2.6446687302170
 2500.0       2.6735754808168
 2600.0       2.7029714275547
 2700.0       2.7329208055492
 2800.0       2.7633940523142
 2900.0       2.7944846200032
 3000.0       2.8261843588165
 3100.0       2.8585017027553
 3200.0       2.8914650217976
 3300.0       2.9251589003689
 3400.0       2.9596319706110
 3500.0       2.9947775945997
 3600.0       3.0307715844706
 3700.0       3.0674521578244
 3800.0       3.1048998138875
 3900.0       3.1431672290913
 4000.0       3.1821128787166
 4100.0       3.2218808143797
 4200.0       3.2624203135911
 4300.0       3.3036326367055
 4400.0       3.3456589515995
 4500.0       3.3884642636528
 4600.0       3.4319512569248
 4700.0       3.4763500588804
 4800.0       3.5213356165124
 4900.0       3.5670975325567
 5000.0       3.6136641387735
 5100.0       3.6608345148669
 5200.0       3.7088132974535
 5300.0       3.7575792623046
 5400.0       3.8069569395490
 5500.0       3.8571872350657
 5600.0       3.9080092888725
 5700.0       3.9593302115897
 5800.0       4.0117486231264
 5900.0       4.0646841843534
 6000.0       4.1176128482199

#P= 23.000000 GPa
    0.0       0.0000000000000
  100.0       0.5743589582162
  200.0       1.2252363433800
  300.0       1.6408199185937
  400.0       1.8548968563793
  500.0       1.9815064610325
  600.0       2.0622893011950
  700.0       2.1203840268806
  800.0       2.1657512672733
  900.0       2.2037503332699
 1000.0       2.2372033790977
 1100.0       2.2678076153962
 1200.0       2.2965866991454
 1300.0       2.3241645672952
 1400.0       2.3509995706552
 1500.0       2.3774020812424
 1600.0       2.4035780700050
 1700.0       2.4296806492589
 1800.0       2.4558264851344
 1900.0       2.4821283162962
 2000.0       2.5086408376471
 2100.0       2.5354287673833
 2200.0       2.5625681328754
 2300.0       2.5900681282194
 2400.0       2.6179969947840
 2500.0       2.6463606102538
 2600.0       2.6752051920159
 2700.0       2.7045785492451
 2800.0       2.7344633019999
 2900.0       2.7649447102470
 3000.0       2.7960132387444
 3100.0       2.8276849076916
 3200.0       2.8599797930833
 3300.0       2.8929859647470
 3400.0       2.9267321620150
 3500.0       2.9611335213935
 3600.0       2.9963884380216
 3700.0       3.0323341982626
 3800.0       3.0690504507468
 3900.0       3.1065917363858
 4000.0       3.1448146341621
 4100.0       3.1838643228754
 4200.0       3.2236929937914
 4300.0       3.2641971448065
 4400.0       3.3055235238668
 4500.0       3.3476320818187
 4600.0       3.3904339960015
 4700.0       3.4341425368635
 4800.0       3.4784575830803
 4900.0       3.5235521051390
 5000.0       3.5694523473645
 5100.0       3.6159796193142
 5200.0       3.6633122062496
 5300.0       3.7114367541483
 5400.0       3.7601949841803
 5500.0       3.8097896750645
 5600.0       3.8600014590298
 5700.0       3.9107596933743
 5800.0       3.9625631914935
 5900.0       4.0149093992181
 6000.0       4.0673658357612

#P= 24.000000 GPa
    0.0       0.0000000000000
  100.0       0.5681482962107
  200.0       1.2126537502978
  300.0       1.6247338852648
  400.0       1.8373650999703
  500.0       1.9632266666307
  600.0       2.0435302326256
  700.0       2.1012401150463
  800.0       2.1462550910119
  900.0       2.1839008281520
 1000.0       2.2170020007723
 1100.0       2.2472525873261
 1200.0       2.2756614452401
 1300.0       2.3028633620582
 1400.0       2.3293173190396
 1500.0       2.3553197293608
 1600.0       2.3810897232864
 1700.0       2.4067777422298
 1800.0       2.4324892944231
 1900.0       2.4583526172984
 2000.0       2.4844118853245
 2100.0       2.5107287549917
 2200.0       2.5373920882232
 2300.0       2.5643944992951
 2400.0       2.5918140251747
 2500.0       2.6196557407697
 2600.0       2.6479560105466
 2700.0       2.6767765096939
 2800.0       2.7060850230907
 2900.0       2.7359757095705
 3000.0       2.7664345117850
 3100.0       2.7974736479724
 3200.0       2.8291222385011
 3300.0       2.8614575726663
 3400.0       2.8945142117136
 3500.0       2.9281896066791
 3600.0       2.9626953984619
 3700.0       2.9979004992610
 3800.0       3.0338782179545
 3900.0       3.0706854627418
 4000.0       3.1081784047006
 4100.0       3.1465021507659
 4200.0       3.1856111727264
 4300.0       3.2253993575136
 4400.0       3.2660168056632
 4500.0       3.3074198034546
 4600.0       3.3495268797964
 4700.0       3.3925365800561
 4800.0       3.4361707335927
 4900.0       3.4805875431216
 5000.0       3.5258118439961
 5100.0       3.5716841564533
 5200.0       3.6183599167133
 5300.0       3.6658323121587
 5400.0       3.7139588749380
 5500.0       3.7629078615161
 5600.0       3.8124974872587
 5700.0       3.8626774054779
 5800.0       3.9138556875023
 5900.0       3.9656007570933
 6000.0       4.0175639947033

#P= 25.000000 GPa
    0.0       0.0000000000000
  100.0       0.5620360195929
  200.0       1.2002710067476
  300.0       1.6089008148999
  400.0       1.8201026598196
  500.0       1.9452304393384
  600.0       2.0250702420334
  700.0       2.0823975865890
  800.0       2.1270644768213
  900.0       2.1643729227831
 1000.0       2.1971275871018
 1100.0       2.2270269252174
 1200.0       2.2550828655904
 1300.0       2.2819155231340
 1400.0       2.3079918313459
 1500.0       2.3336129196688
 1600.0       2.3589826797005
 1700.0       2.3842630296092
 1800.0       2.4095601542473
 1900.0       2.4349883410418
 2000.0       2.4606077469352
 2100.0       2.4864714704189
 2200.0       2.5126621212524
 2300.0       2.5391878595421
 2400.0       2.5661092314508
 2500.0       2.5934400425809
 2600.0       2.6212181530785
 2700.0       2.6494928291684
 2800.0       2.6782476486737
 2900.0       2.7075609988985
 3000.0       2.7374273333558
 3100.0       2.7678566456163
 3200.0       2.7988714704119
 3300.0       2.8305585223633
 3400.0       2.8629420606016
 3500.0       2.8959280834654
 3600.0       2.9297057894862
 3700.0       2.9641602388789
 3800.0       2.9993936407185
 3900.0       3.0354590200662
 4000.0       3.0722150148398
 4100.0       3.1098052904845
 4200.0       3.1481862018469
 4300.0       3.1872507575875
 4400.0       3.2271505531488
 4500.0       3.2678394091609
 4600.0       3.3092421627202
 4700.0       3.3515446110702
 4800.0       3.3944877585850
 4900.0       3.4382167981653
 5000.0       3.4827557533532
 5100.0       3.5279615581241
 5200.0       3.5739700649760
 5300.0       3.6207797773873
 5400.0       3.6682627057142
 5500.0       3.7165560375128
 5600.0       3.7655118290816
 5700.0       3.8150981503032
 5800.0       3.8656410324810
 5900.0       3.9167733406837
 6000.0       3.9682228840852

#P= 26.000000 GPa
    0.0       0.0000000000000
  100.0       0.5560173633665
  200.0       1.1880780749384
  300.0       1.5933147578661
  400.0       1.8031114246049
  500.0       1.9275105286145
  600.0       2.0068945770337
  700.0       2.0638545513977
  800.0       2.1081771684976
  900.0       2.1451505346062
 1000.0       2.1775744929882
 1100.0       2.2071298214969
 1200.0       2.2348339556027
 1300.0       2.2613141895035
 1400.0       2.2870213573510
 1500.0       2.3122631990350
 1600.0       2.3372512696822
 1700.0       2.3621313786249
 1800.0       2.3870194133658
 1900.0       2.4120326307675
 2000.0       2.4372167179333
 2100.0       2.4626390750354
 2200.0       2.4883760998869
 2300.0       2.5144284795971
 2400.0       2.5408716873010
 2500.0       2.5677043834898
 2600.0       2.5949699388184
 2700.0       2.6227216449984
 2800.0       2.6509300660039
 2900.0       2.6796877685308
 3000.0       2.7089764710265
 3100.0       2.7388118811700
 3200.0       2.7692165315413
 3300.0       2.8002676427826
 3400.0       2.8320008344380
 3500.0       2.8643136995018
 3600.0       2.8973992134664
 3700.0       2.9311264364916
 3800.0       2.9656059827423
 3900.0       3.0009231234325
 4000.0       3.0369350266019
 4100.0       3.0737845686966
 4200.0       3.1114292430285
 4300.0       3.1497626443268
 4400.0       3.1889363387804
 4500.0       3.2289026974757
 4600.0       3.2695919193006
 4700.0       3.3111788734149
 4800.0       3.3534211723251
 4900.0       3.3964526488998
 5000.0       3.4402970287645
 5100.0       3.4848250898054
 5200.0       3.5301561241491
 5300.0       3.5762928311951
 5400.0       3.6231204157977
 5500.0       3.6707482944965
 5600.0       3.7190587928851
 5700.0       3.7680365918333
 5800.0       3.8179340135885
 5900.0       3.8684421034034
 6000.0       3.9193579461070

#P= 27.000000 GPa
    0.0       0.0000000000000
  100.0       0.5500927247567
  200.0       1.1760726896371
  300.0       1.5779643157627
  400.0       1.7863808587239
  500.0       1.9100681826311
  600.0       1.9889987245575
  700.0       2.0455958276451
  800.0       2.0895890831325
  900.0       2.1262333100692
 1000.0       2.1583269932355
 1100.0       2.1875536405919
 1200.0       2.2149152444056
 1300.0       2.2410429525336
 1400.0       2.2663971476245
 1500.0       2.2912700895859
 1600.0       2.3158774557463
 1700.0       2.3403753463771
 1800.0       2.3648634588791
 1900.0       2.3894656847514
 2000.0       2.4142346189641
 2100.0       2.4392215552439
 2200.0       2.4645150654341
 2300.0       2.4901141230505
 2400.0       2.5160827115198
 2500.0       2.5424361761996
 2600.0       2.5692035638759
 2700.0       2.5964406828468
 2800.0       2.6241260629593
 2900.0       2.6523359100246
 3000.0       2.6810677068673
 3100.0       2.7103252625729
 3200.0       2.7401345616579
 3300.0       2.7705741522003
 3400.0       2.8016692213248
 3500.0       2.8333318159015
 3600.0       2.8657412327977
 3700.0       2.8987761169009
 3800.0       2.9325278124144
 3900.0       2.9670873702870
 4000.0       3.0023490643353
 4100.0       3.0384505578661
 4200.0       3.0753512901053
 4300.0       3.1129461253522
 4400.0       3.1513855506145
 4500.0       3.1906212817388
 4600.0       3.2305880413091
 4700.0       3.2714514281537
 4800.0       3.3129833092897
 4900.0       3.3553076969256
 5000.0       3.3984484481131
 5100.0       3.4422878459412
 5200.0       3.4869313991240
 5300.0       3.5323849899988
 5400.0       3.5785457841644
 5500.0       3.6254985663723
 5600.0       3.6731525342048
 5700.0       3.7215072497028
 5800.0       3.7707492761905
 5900.0       3.8206218612669
 6000.0       3.8709845013346

#P= 28.000000 GPa
    0.0       0.0000000000000
  100.0       0.5442603639913
  200.0       1.1642542164021
  300.0       1.5628502784040
  400.0       1.7699019455497
  500.0       1.8928903512273
  600.0       1.9713821375119
  700.0       2.0276193083872
  800.0       2.0712852318772
  900.0       2.1076149277601
 1000.0       2.1393861451579
 1100.0       2.1682835129950
 1200.0       2.1953170840752
 1300.0       2.2211032512766
 1400.0       2.2461037627419
 1500.0       2.2706229711891
 1600.0       2.2948617232571
 1700.0       2.3189775999857
 1800.0       2.3430830179471
 1900.0       2.3672852389896
 2000.0       2.3916417126786
 2100.0       2.4162132100560
 2200.0       2.4410707390089
 2300.0       2.4662248686518
 2400.0       2.4917397406356
 2500.0       2.5176179817880
 2600.0       2.5439048072087
 2700.0       2.5706433174889
 2800.0       2.5978129751915
 2900.0       2.6254986619219
 3000.0       2.6536819263550
 3100.0       2.6823811899524
 3200.0       2.7116126616508
 3300.0       2.7414544189294
 3400.0       2.7719365089277
 3500.0       2.8029610452138
 3600.0       2.8347172640415
 3700.0       2.8670758232296
 3800.0       2.9001336529743
 3900.0       2.9339638841881
 4000.0       2.9684668403903
 4100.0       3.0038138352593
 4200.0       3.0399630979749
 4300.0       3.0768121334611
 4400.0       3.1145093853320
 4500.0       3.1530065890903
 4600.0       3.1922422347280
 4700.0       3.2323741510307
 4800.0       3.2731863208253
 4900.0       3.3147943631221
 5000.0       3.3572226097804
 5100.0       3.4003627457195
 5200.0       3.4443090220251
 5300.0       3.4890696002351
 5400.0       3.5345524244442
 5500.0       3.5808206237686
 5600.0       3.6278070494196
 5700.0       3.6755244925153
 5800.0       3.7241013175583
 5900.0       3.7733272868416
 6000.0       3.8231177395854

#P= 29.000000 GPa
    0.0       0.0000000000000
  100.0       0.5385154885955
  200.0       1.1526135585734
  300.0       1.5479677028307
  400.0       1.7536766276783
  500.0       1.8759707677572
  600.0       1.9540307850909
  700.0       2.0099222247865
  800.0       2.0532655414961
  900.0       2.0892808729775
 1000.0       2.1207435932107
 1100.0       2.1493214857681
 1200.0       2.1760256182857
 1300.0       2.2014836534896
 1400.0       2.2261431629246
 1500.0       2.2503076189004
 1600.0       2.2741916922814
 1700.0       2.2979392230603
 1800.0       2.3216617439352
 1900.0       2.3454801696626
 2000.0       2.3694368483778
 2100.0       2.3935946706144
 2200.0       2.4180357826714
 2300.0       2.4427540757547
 2400.0       2.4678221653461
 2500.0       2.4932466248018
 2600.0       2.5190576500156
 2700.0       2.5453137212804
 2800.0       2.5719851170702
 2900.0       2.5991532109226
 3000.0       2.6268115394411
 3100.0       2.6549618192996
 3200.0       2.6836337869922
 3300.0       2.7128965900655
 3400.0       2.7427784976869
 3500.0       2.7731905527559
 3600.0       2.8043059933420
 3700.0       2.8360109490059
 3800.0       2.8683911243645
 3900.0       2.9015248933862
 4000.0       2.9352995949689
 4100.0       2.9698843302724
 4200.0       3.0052753556682
 4300.0       3.0413713787272
 4400.0       3.0783188589713
 4500.0       3.1160698551205
 4600.0       3.1545660182915
 4700.0       3.1939587295521
 4800.0       3.2340421721811
 4900.0       3.2749248843981
 5000.0       3.3166319290333
 5100.0       3.3590625289442
 5200.0       3.4023019479278
 5300.0       3.4463598338538
 5400.0       3.4911537795680
 5500.0       3.5367280689402
 5600.0       3.5830361705938
 5700.0       3.6301025320368
 5800.0       3.6780044806303
 5900.0       3.7265729021371
 6000.0       3.7757727128244

#P= 30.000000 GPa
    0.0       0.0000000000000
  100.0       0.5328584500105
  200.0       1.1411479409707
  300.0       1.5333054024220
  400.0       1.7376956162726
  500.0       1.8593109403251
  600.0       1.9369409525707
  700.0       1.9924903934877
  800.0       2.0355249711492
  900.0       2.0712325400667
 1000.0       2.1023857728298
 1100.0       2.1306572674377
 1200.0       2.1570433548428
 1300.0       2.1821717066826
 1400.0       2.2065022886071
 1500.0       2.2303260377064
 1600.0       2.2538545936002
 1700.0       2.2772462560566
 1800.0       2.3006009193484
 1900.0       2.3240353440597
 2000.0       2.3476071981988
 2100.0       2.3713656069211
 2200.0       2.3953914289862
 2300.0       2.4196927398680
 2400.0       2.4443248248495
 2500.0       2.4693010656535
 2600.0       2.4946579962111
 2700.0       2.5204373909420
 2800.0       2.5466252035350
 2900.0       2.5732945217108
 3000.0       2.6004338742951
 3100.0       2.6280585803586
 3200.0       2.6561813671492
 3300.0       2.6848823295190
 3400.0       2.7141841977833
 3500.0       2.7439957321515
 3600.0       2.7744962943466
 3700.0       2.8055604599780
 3800.0       2.8372853777755
 3900.0       2.8697392276885
 4000.0       2.9028172926390
 4100.0       2.9366722114574
 4200.0       2.9712984481049
 4300.0       3.0066344108910
 4400.0       3.0428247885882
 4500.0       3.0798221267085
 4600.0       3.1175707202398
 4700.0       3.1562166609981
 4800.0       3.1955626397671
 4900.0       3.2357113106130
 5000.0       3.2766886346890
 5100.0       3.3183997524108
 5200.0       3.3609229508115
 5300.0       3.4042686838846
 5400.0       3.4483631173595
 5500.0       3.4932343306986
 5600.0       3.5388535596102
 5700.0       3.5852554173719
 5800.0       3.6324729480863
 5900.0       3.6803730725468
 6000.0       3.7289643292271

#P= 31.000000 GPa
    0.0       0.0000000000000
  100.0       0.5272882813377
  200.0       1.1298573309031
  300.0       1.5188637577789
  400.0       1.7219496566973
  500.0       1.8428989315359
  600.0       1.9201125616198
  700.0       1.9753223764790
  800.0       2.0180496370306
  900.0       2.0534627420349
 1000.0       2.0843150890389
 1100.0       2.1122784440287
 1200.0       2.1383583761233
 1300.0       2.1631699093718
 1400.0       2.1871702283337
 1500.0       2.2106638381663
 1600.0       2.2338520087823
 1700.0       2.2568875861398
 1800.0       2.2798852225220
 1900.0       2.3029518535977
 2000.0       2.3261391449789
 2100.0       2.3495115575443
 2200.0       2.3731377912037
 2300.0       2.3970230403187
 2400.0       2.4212369394554
 2500.0       2.4457774338657
 2600.0       2.4706846504026
 2700.0       2.4960090736411
 2800.0       2.5217203666315
 2900.0       2.5479039062203
 3000.0       2.5745443726582
 3100.0       2.6016492062301
 3200.0       2.6292456467553
 3300.0       2.6573964678926
 3400.0       2.6861339641289
 3500.0       2.7153662964000
 3600.0       2.7452633138641
 3700.0       2.7757127929499
 3800.0       2.8067957456864
 3900.0       2.8385916381531
 4000.0       2.8709900148553
 4100.0       2.9041455162622
 4200.0       2.9380413091793
 4300.0       2.9726119176212
 4400.0       3.0080377113310
 4500.0       3.0442742819864
 4600.0       3.0812674709121
 4700.0       3.1191592519357
 4800.0       3.1577593083917
 4900.0       3.1971655020223
 5000.0       3.2374047660774
 5100.0       3.2783867865806
 5200.0       3.3201846197935
 5300.0       3.3628089604388
 5400.0       3.4061935260915
 5500.0       3.4503526595859
 5600.0       3.4952727035898
 5700.0       3.5409970296234
 5800.0       3.5875207363814
 5900.0       3.6347420009380
 6000.0       3.6827073465289

#P= 32.000000 GPa
    0.0       0.0000000000000
  100.0       0.5217999516727
  200.0       1.1187342687804
  300.0       1.5046397907079
  400.0       1.7064406342080
  500.0       1.8267279868125
  600.0       1.9035325558187
  700.0       1.9584159775599
  800.0       2.0008399699623
  900.0       2.0359583001745
 1000.0       2.0665224019428
 1100.0       2.0941878796600
 1200.0       2.1199597404833
 1300.0       2.1444649554531
 1400.0       2.1681489625895
 1500.0       2.1913118276254
 1600.0       2.2141684715421
 1700.0       2.2368640367361
 1800.0       2.2595052924714
 1900.0       2.2822132851822
 2000.0       2.3050332048056
 2100.0       2.3280205249322
 2200.0       2.3512589906997
 2300.0       2.3747451830933
 2400.0       2.3985418468320
 2500.0       2.4226631919903
 2600.0       2.4471348260803
 2700.0       2.4720077429899
 2800.0       2.4972639713668
 2900.0       2.5229701071118
 3000.0       2.5491232051726
 3100.0       2.5757293369370
 3200.0       2.6028050349069
 3300.0       2.6304278291668
 3400.0       2.6586139703818
 3500.0       2.6872814772616
 3600.0       2.7165973291562
 3700.0       2.7464429940682
 3800.0       2.7769101012751
 3900.0       2.8080619330094
 4000.0       2.8398020195992
 4100.0       2.8722757989605
 4200.0       2.9054700756223
 4300.0       2.9393112664932
 4400.0       2.9739687763180
 4500.0       3.0094367908404
 4600.0       3.0456672650777
 4700.0       3.0827975995049
 4800.0       3.1206435737863
 4900.0       3.1592991257193
 5000.0       3.1987921706999
 5100.0       3.2390358123876
 5200.0       3.2800993558990
 5300.0       3.3219932869935
 5400.0       3.3646579103439
 5500.0       3.4080961237731
 5600.0       3.4523069099340
 5700.0       3.4973410768294
 5800.0       3.5431616906599
 5900.0       3.5896937215102
 6000.0       3.6370163655250

#P= 33.000000 GPa
    0.0       0.0000000000000
  100.0       0.5163936347855
  200.0       1.1077744349194
  300.0       1.4906223959906
  400.0       1.6911616518823
  500.0       1.8108002129878
  600.0       1.8871965583941
  700.0       1.9417578219043
  800.0       1.9838915793461
  900.0       2.0187210888812
 1000.0       2.0489955104054
 1100.0       2.0763747532502
 1200.0       2.1018502469041
 1300.0       2.1260474937571
 1400.0       2.1494241305272
 1500.0       2.1722711104528
 1600.0       2.1947965784443
 1700.0       2.2171593459049
 1800.0       2.2394609085606
 1900.0       2.2618120621054
 2000.0       2.2842720674560
 2100.0       2.3068921402440
 2200.0       2.3297447891121
 2300.0       2.3528420094095
 2400.0       2.3762395405195
 2500.0       2.3999430728714
 2600.0       2.4239942836819
 2700.0       2.4484314715455
 2800.0       2.4732353505746
 2900.0       2.4984850411128
 3000.0       2.5241607392465
 3100.0       2.5502780951927
 3200.0       2.5768551467178
 3300.0       2.6039555690245
 3400.0       2.6316116258290
 3500.0       2.6597288051086
 3600.0       2.6884766327083
 3700.0       2.7177416982282
 3800.0       2.7476035643921
 3900.0       2.7781372835627
 4000.0       2.8092337885955
 4100.0       2.8410465883638
 4200.0       2.8735576082240
 4300.0       2.9066970840550
 4400.0       2.9406235694811
 4500.0       2.9753212811911
 4600.0       3.0107805422784
 4700.0       3.0471427019102
 4800.0       3.0842266110561
 4900.0       3.1221236615715
 5000.0       3.1608624997464
 5100.0       3.2003588191453
 5200.0       3.2406793687893
 5300.0       3.2818340970672
 5400.0       3.3237689873718
 5500.0       3.3664776047569
 5600.0       3.4099693020510
 5700.0       3.4543010891447
 5800.0       3.4994094793875
 5900.0       3.5452420947673
 6000.0       3.5919058246580

#P= 34.000000 GPa
    0.0       0.0000000000000
  100.0       0.5110689812813
  200.0       1.0969782572389
  300.0       1.4768107017030
  400.0       1.6761024273886
  500.0       1.7951057141825
  600.0       1.8711057891430
  700.0       1.9253457249536
  800.0       1.9671912599073
  900.0       2.0017446711177
 1000.0       2.0317371629175
 1100.0       2.0588281278144
 1200.0       2.0840176653457
 1300.0       2.1079197784528
 1400.0       2.1309881394035
 1500.0       2.1535265143118
 1600.0       2.1757363063075
 1700.0       2.1977678755361
 1800.0       2.2197352891615
 1900.0       2.2417466430386
 2000.0       2.2638498647611
 2100.0       2.2861085429503
 2200.0       2.3085936603658
 2300.0       2.3313050179339
 2400.0       2.3543118846499
 2500.0       2.3776165200582
 2600.0       2.4012493126394
 2700.0       2.4252644450372
 2800.0       2.4496330919204
 2900.0       2.4744287968104
 3000.0       2.4996472360984
 3100.0       2.5252873288414
 3200.0       2.5513742960173
 3300.0       2.5779750124886
 3400.0       2.6051071646722
 3500.0       2.6326941839529
 3600.0       2.6608900163632
 3700.0       2.6895863859715
 3800.0       2.7188668928809
 3900.0       2.7487931214770
 4000.0       2.7792716056045
 4100.0       2.8104389634730
 4200.0       2.8422867906334
 4300.0       2.8747436074909
 4400.0       2.9079653981221
 4500.0       2.9419313310553
 4600.0       2.9766194733246
 4700.0       3.0122048463963
 4800.0       3.0485195365398
 4900.0       3.0856503569348
 5000.0       3.1236272177385
 5100.0       3.1623675990507
 5200.0       3.2019366749281
 5300.0       3.2423436309400
 5400.0       3.2835392837193
 5500.0       3.3255097938196
 5600.0       3.3682728152415
 5700.0       3.4118904143693
 5800.0       3.4562775897650
 5900.0       3.5014008022432
 6000.0       3.5473899941522

#P= 35.000000 GPa
    0.0       0.0000000000000
  100.0       0.5058213763569
  200.0       1.0863408515897
  300.0       1.4632039277989
  400.0       1.6612642200735
  500.0       1.7796362165888
  600.0       1.8552485956926
  700.0       1.9091793190607
  800.0       1.9507387521246
  900.0       1.9850163772858
 1000.0       2.0147390349137
 1100.0       2.0415510901808
 1200.0       2.0664525277095
 1300.0       2.0900685042358
 1400.0       2.1128423526024
 1500.0       2.1350721988743
 1600.0       2.1569719957234
 1700.0       2.1786881739804
 1800.0       2.2003245028703
 1900.0       2.2219999898573
 2000.0       2.2437635343571
 2100.0       2.2656655780465
 2200.0       2.2877873981607
 2300.0       2.3101313372070
 2400.0       2.3327521251908
 2500.0       2.3556646328080
 2600.0       2.3788985158666
 2700.0       2.4024945945228
 2800.0       2.4264399990189
 2900.0       2.4508001784422
 3000.0       2.4755636728769
 3100.0       2.5007456230583
 3200.0       2.5263556971894
 3300.0       2.5524639904697
 3400.0       2.5790953690892
 3500.0       2.6061590562318
 3600.0       2.6338217823563
 3700.0       2.6619669727299
 3800.0       2.6906769481380
 3900.0       2.7200201751499
 4000.0       2.7498913191176
 4100.0       2.7804382286737
 4200.0       2.8116396174038
 4300.0       2.8434328873445
 4400.0       2.8759698230279
 4500.0       2.9092291233877
 4600.0       2.9431854983300
 4700.0       2.9779966254007
 4800.0       3.0135326008849
 4900.0       3.0498904405908
 5000.0       3.0870975433537
 5100.0       3.1250737605262
 5200.0       3.1638830910892
 5300.0       3.2035339340790
 5400.0       3.2439811318818
 5500.0       3.2852051886207
 5600.0       3.3272301929770
 5700.0       3.3701222137886
 5800.0       3.4137793231714
 5900.0       3.4581833417721
 6000.0       3.5034829708462

#P= 36.000000 GPa
    0.0       0.0000000000000
  100.0       0.5006502474056
  200.0       1.0758556484877
  300.0       1.4497919984905
  400.0       1.6466434846080
  500.0       1.7643940143936
  600.0       1.8396187570309
  700.0       1.8932462075308
  800.0       1.9345317732377
  900.0       1.9685374876551
 1000.0       1.9979892771296
 1100.0       2.0245336679915
 1200.0       2.0491578180536
 1300.0       2.0724858288846
 1400.0       2.0949726653482
 1500.0       2.1169083081791
 1600.0       2.1384995511995
 1700.0       2.1599043071105
 1800.0       2.1812254943383
 1900.0       2.2025698118750
 2000.0       2.2239960585948
 2100.0       2.2455585155868
 2200.0       2.2673234118405
 2300.0       2.2893027492144
 2400.0       2.3115558243459
 2500.0       2.3340823033826
 2600.0       2.3569225630767
 2700.0       2.3801193484610
 2800.0       2.4036457496130
 2900.0       2.4275807295465
 3000.0       2.4519087652424
 3100.0       2.4766351590497
 3200.0       2.5017861954416
 3300.0       2.5274169950609
 3400.0       2.5535537631095
 3500.0       2.5801173584350
 3600.0       2.6072546921382
 3700.0       2.6348662494305
 3800.0       2.6630246626568
 3900.0       2.6917948628569
 4000.0       2.7210834343106
 4100.0       2.7510209698920
 4200.0       2.7816002359140
 4300.0       2.8127477260704
 4400.0       2.8446181664304
 4500.0       2.8771913865520
 4600.0       2.9104400120426
 4700.0       2.9445170295453
 4800.0       2.9792789256825
 4900.0       3.0148541233515
 5000.0       3.0512847147993
 5100.0       3.0884886552819
 5200.0       3.1265302513865
 5300.0       3.1654168496695
 5400.0       3.2051066689315
 5500.0       3.2455760898410
 5600.0       3.2868539836182
 5700.0       3.3290094584177
 5800.0       3.3719277911024
 5900.0       3.4156030230130
 6000.0       3.4601986733210

#P= 37.000000 GPa
    0.0       0.0000000000000
  100.0       0.4955554431259
  200.0       1.0655231751086
  300.0       1.4365715095051
  400.0       1.6322291039793
  500.0       1.7493725530273
  600.0       1.8242187057759
  700.0       1.8775421952055
  800.0       1.9185577047390
  900.0       1.9523037391536
 1000.0       1.9814902933064
 1100.0       2.0077651198221
 1200.0       2.0321222027475
 1300.0       2.0551741799763
 1400.0       2.0773729092043
 1500.0       2.0990202303797
 1600.0       2.1203176276466
 1700.0       2.1414138565766
 1800.0       2.1624223284381
 1900.0       2.1834513684607
 2000.0       2.2045466439123
 2100.0       2.2257705437934
 2200.0       2.2471952545262
 2300.0       2.2688180854378
 2400.0       2.2907049362041
 2500.0       2.3128634354355
 2600.0       2.3353179099717
 2700.0       2.3581191445816
 2800.0       2.3812464288203
 2900.0       2.4047618403896
 3000.0       2.4286630844452
 3100.0       2.4529542948372
 3200.0       2.4776493154371
 3300.0       2.5028191873581
 3400.0       2.5284778422999
 3500.0       2.5545465285208
 3600.0       2.5811816954962
 3700.0       2.6082684476252
 3800.0       2.6358914244340
 3900.0       2.6641089028036
 4000.0       2.6928241449931
 4100.0       2.7221772920986
 4200.0       2.7521459607091
 4300.0       2.7826710745080
 4400.0       2.8138940876658
 4500.0       2.8457987117173
 4600.0       2.8783608868363
 4700.0       2.9117267465913
 4800.0       2.9457550691856
 4900.0       2.9805550028611
 5000.0       3.0161988119609
 5100.0       3.0526236913548
 5200.0       3.0898895216063
 5300.0       3.1280040390543
 5400.0       3.1669278281754
 5500.0       3.2066346000563
 5600.0       3.2471565369068
 5700.0       3.2885649256387
 5800.0       3.3307359113643
 5900.0       3.3736729633429
 6000.0       3.4175508371980

#P= 38.000000 GPa
    0.0       0.0000000000000
  100.0       0.4905343642402
  200.0       1.0553415051267
  300.0       1.4235431856657
  400.0       1.6180203501219
  500.0       1.7345615743622
  600.0       1.8090395584637
  700.0       1.8620690763403
  800.0       1.9028142571220
  900.0       1.9363026604551
 1000.0       1.9652359607760
 1100.0       1.9912485110744
 1200.0       2.0153362522241
 1300.0       2.0381211666105
 1400.0       2.0600445306395
 1500.0       2.0814035341734
 1600.0       2.1024113050197
 1700.0       2.1232138975066
 1800.0       2.1439141469995
 1900.0       2.1646289510915
 2000.0       2.1854088121186
 2100.0       2.2063021025886
 2200.0       2.2273866409209
 2300.0       2.2486691042768
 2400.0       2.2701994610984
 2500.0       2.2919904891629
 2600.0       2.3140766701380
 2700.0       2.3364918498998
 2800.0       2.3592225519437
 2900.0       2.3823380895761
 3000.0       2.4058197265722
 3100.0       2.4296828075766
 3200.0       2.4539427525261
 3300.0       2.4786555965970
 3400.0       2.5038511457325
 3500.0       2.5294428216330
 3600.0       2.5555805437160
 3700.0       2.5821652741316
 3800.0       2.6092629637621
 3900.0       2.6369423690115
 4000.0       2.6651057442559
 4100.0       2.6938833126757
 4200.0       2.7232662799196
 4300.0       2.7531812451778
 4400.0       2.7837792181088
 4500.0       2.8150355974490
 4600.0       2.8469280355697
 4700.0       2.8796046233587
 4800.0       2.9129214566729
 4900.0       2.9469869537698
 5000.0       2.9818537881906
 5100.0       3.0174889877636
 5200.0       3.0539723570050
 5300.0       3.0913068841327
 5400.0       3.1294563627469
 5500.0       3.1683926145767
 5600.0       3.2081500031219
 5700.0       3.2488011956003
 5800.0       3.2902164047795
 5900.0       3.3324060840233
 6000.0       3.3755530110708

#P= 39.000000 GPa
    0.0       0.0000000000000
  100.0       0.4855843924474
  200.0       1.0453026138638
  300.0       1.4107002716973
  400.0       1.6040170030547
  500.0       1.7199621732088
  600.0       1.7940726088726
  700.0       1.8468163354748
  800.0       1.8873019971905
  900.0       1.9205337146999
 1000.0       1.9492142614187
 1100.0       1.9749760229933
 1200.0       1.9988032062707
 1300.0       2.0213188319452
 1400.0       2.0429743501724
 1500.0       2.0640584202903
 1600.0       2.0847778333180
 1700.0       2.1052894994424
 1800.0       2.1256963452713
 1900.0       2.1461030109219
 2000.0       2.1665673343279
 2100.0       2.1871449886743
 2200.0       2.2078990002629
 2300.0       2.2288402437626
 2400.0       2.2500294082917
 2500.0       2.2714644221729
 2600.0       2.2931819794411
 2700.0       2.3152278493550
 2800.0       2.3375731805164
 2900.0       2.3602903267808
 3000.0       2.3833716241841
 3100.0       2.4068153297513
 3200.0       2.4306458426056
 3300.0       2.4549229239012
 3400.0       2.4796602964770
 3500.0       2.5047884047786
 3600.0       2.5304479687954
 3700.0       2.5565349825192
 3800.0       2.5831295405791
 3900.0       2.6102824885559
 4000.0       2.6379071575665
 4100.0       2.6661316737063
 4200.0       2.6949375380239
 4300.0       2.7242669154881
 4400.0       2.7542529297316
 4500.0       2.7848824130964
 4600.0       2.8161266705655
 4700.0       2.8481300335973
 4800.0       2.8807578986523
 4900.0       2.9141100938824
 5000.0       2.9482408236805
 5100.0       2.9830988969657
 5200.0       3.0187888259069
 5300.0       3.0553368801838
 5400.0       3.0927037386592
 5500.0       3.1308618475626
 5600.0       3.1698463232246
 5700.0       3.2097306504683
 5800.0       3.2503817915183
 5900.0       3.2918151070954
 6000.0       3.3342185520638

#P= 40.000000 GPa
    0.0       0.0000000000000
  100.0       0.4807055740856
  200.0       1.0354060406026
  300.0       1.3980357080077
  400.0       1.5902090759946
  500.0       1.7055721449696
  600.0       1.7793201107611
  700.0       1.8317768849174
  800.0       1.8720094990050
  900.0       1.9049959018671
 1000.0       1.9334261443406
 1100.0       1.9589363539434
 1200.0       1.9825137343255
 1300.0       2.0047701781972
 1400.0       2.0261559894872
 1500.0       2.0469711787940
 1600.0       2.0674159859031
 1700.0       2.0876394873183
 1800.0       2.1077541929973
 1900.0       2.1278671919467
 2000.0       2.1480237589833
 2100.0       2.1682847486089
 2200.0       2.1887223915041
 2300.0       2.2093336095338
 2400.0       2.2301802437984
 2500.0       2.2512735528069
 2600.0       2.2726354071178
 2700.0       2.2943112970974
 2800.0       2.3162869163842
 2900.0       2.3386185092006
 3000.0       2.3613002356366
 3100.0       2.3843430553027
 3200.0       2.4077546853787
 3300.0       2.4316002687613
 3400.0       2.4559007937771
 3500.0       2.4805716447375
 3600.0       2.5057647923623
 3700.0       2.5313744982887
 3800.0       2.5574701568924
 3900.0       2.5841179835071
 4000.0       2.6112171082520
 4100.0       2.6389003366286
 4200.0       2.6671525341455
 4300.0       2.6959047631840
 4400.0       2.7253029884250
 4500.0       2.7553197072106
 4600.0       2.7859358917576
 4700.0       2.8172888729606
 4800.0       2.8492431813527
 4900.0       2.8819049946704
 5000.0       2.9153201498761
 5100.0       2.9494418151678
 5200.0       2.9843535196521
 5300.0       3.0201040559767
 5400.0       3.0566815552702
 5500.0       3.0940537177240
 5600.0       3.1322572569634
 5700.0       3.1713654639742
 5800.0       3.2112443906991
 5900.0       3.2519125511174
 6000.0       3.2935606245049

