# T (K)      B_S (GPa)
# P = 0.000000 (GPa)
    1.0     358.4748607613660
  100.0     358.6002615319893
  200.0     358.2143940499975
  300.0     358.1177836748756
  400.0     357.2792684678067
  500.0     356.4364945514963
  600.0     355.3701348170922
  700.0     354.2861063961666
  800.0     353.1635394738895
  900.0     352.0396525441449
 1000.0     350.9172994290047
 1100.0     349.8020122326111
 1200.0     348.7021856857119
 1300.0     347.6155184908433
 1400.0     346.5455716136516
 1500.0     345.4940431797842
 1600.0     344.4619726875269
 1700.0     343.4499937452342
 1800.0     342.4588709328232
 1900.0     341.4838023623479
 2000.0     340.5383651443332
 2100.0     339.6052656456259
 2200.0     338.6958452305033
 2300.0     337.8136991951969
 2400.0     336.9378999021678
 2500.0     336.1027291193351
 2600.0     335.2630022586724
 2700.0     334.4622713538603
 2800.0     333.6738817880170
 2900.0     332.8945179547714
 3000.0     332.1439611504313
 3100.0     331.4039032170622
 3200.0     330.6840512197291
 3300.0     329.9362072281700
 3400.0     329.2794842195505
 3500.0     328.6028552795663
 3600.0     327.8835979764908
 3700.0     327.3196386622800
 3800.0     326.5343032035922
 3900.0     325.9415338235127
 4000.0     325.3332747841923
 4100.0     324.6254733252587
 4200.0     324.0164946017526
 4300.0     323.4513087218132
 4400.0     322.6878717176466
 4500.0     322.1392699831724
 4600.0     321.4048384880467
 4700.0     320.8228687308581
 4800.0     320.1307422478786
 4900.0     319.4555036496436
 5000.0     318.7905082795151
 5100.0     318.1236334210175
 5200.0     317.4643764000450
 5300.0     316.8388251592168
 5400.0     316.1270922013434
 5500.0     315.5401179742977
 5600.0     314.4730317195967
 5700.0     313.6296211410535
 5800.0     313.4294564791770
 5900.0     312.3589355540839
 6000.0     311.5234442861178
# P = 1.000000 (GPa)
    1.0     361.6648399529839
  100.0     361.7861711077532
  200.0     361.3906477060272
  300.0     361.2782684891040
  400.0     360.4298114325995
  500.0     359.5773810727674
  600.0     358.5026394932967
  700.0     357.4099218359590
  800.0     356.2784520877308
  900.0     355.1455639093219
 1000.0     354.0140707238149
 1100.0     352.8887308398247
 1200.0     351.7780414834915
 1300.0     350.6799623429249
 1400.0     349.5980231245616
 1500.0     348.5341207434626
 1600.0     347.4892875706545
 1700.0     346.4642115466330
 1800.0     345.4600027867281
 1900.0     344.4715895832783
 2000.0     343.5129460605031
 2100.0     342.5660753144226
 2200.0     341.6439135112739
 2300.0     340.7481505831171
 2400.0     339.8598992893653
 2500.0     339.0121035330060
 2600.0     338.1604883962237
 2700.0     337.3477914739202
 2800.0     336.5485116813269
 2900.0     335.7575012463806
 3000.0     334.9989655583238
 3100.0     334.2480365922895
 3200.0     333.5207113742062
 3300.0     332.7659755455273
 3400.0     332.0989666468694
 3500.0     331.4165360820650
 3600.0     330.6906270379963
 3700.0     330.1199447255381
 3800.0     329.3347081753072
 3900.0     328.7394410776367
 4000.0     328.1216785879257
 4100.0     327.4187920442339
 4200.0     326.8054080450040
 4300.0     326.2381371982754
 4400.0     325.4780306556262
 4500.0     324.9307782197509
 4600.0     324.2003069192661
 4700.0     323.6149196946482
 4800.0     322.9356070913005
 4900.0     322.2574026063897
 5000.0     321.6003271769753
 5100.0     320.9351506053895
 5200.0     320.2756521213185
 5300.0     319.6490303542836
 5400.0     318.9414417658726
 5500.0     318.3508124545430
 5600.0     317.3103163199850
 5700.0     316.4687552917180
 5800.0     316.2423605821067
 5900.0     315.1856760660327
 6000.0     314.3449083904625
# P = 2.000000 (GPa)
    1.0     364.8548350939424
  100.0     364.9721449115612
  200.0     364.5670989325401
  300.0     364.4391706464943
  400.0     363.5808658297444
  500.0     362.7188548578964
  600.0     361.6359721002495
  700.0     360.5347568806446
  800.0     359.3945773447417
  900.0     358.2525147207466
 1000.0     357.1117516377402
 1100.0     355.9770629510330
 1200.0     354.8560897396877
 1300.0     353.7469488874011
 1400.0     352.6533947482691
 1500.0     351.5774034290375
 1600.0     350.5200533103217
 1700.0     349.4820948208566
 1800.0     348.4648992386733
 1900.0     347.4632430450463
 2000.0     346.4913919514007
 2100.0     345.5308523243130
 2200.0     344.5958048447883
 2300.0     343.6864298077998
 2400.0     342.7855507264280
 2500.0     341.9249631277593
 2600.0     341.0612383445605
 2700.0     340.2363663301972
 2800.0     339.4258958014802
 2900.0     338.6230711081199
 3000.0     337.8559794876173
 3100.0     337.0940258086928
 3200.0     336.3587309352828
 3300.0     335.5966867222103
 3400.0     334.9192946848290
 3500.0     334.2306283784429
 3600.0     333.4978468074016
 3700.0     332.9201663938961
 3800.0     332.1343970247317
 3900.0     331.5362810004170
 4000.0     330.9092827375736
 4100.0     330.2105483952686
 4200.0     329.5928822295888
 4300.0     329.0234429611234
 4400.0     328.2664599386448
 4500.0     327.7204516168818
 4600.0     326.9939202346116
 4700.0     326.4055679854266
 4800.0     325.7386400663403
 4900.0     325.0582275778417
 5000.0     324.4091491173479
 5100.0     323.7463995683983
 5200.0     323.0875339098585
 5300.0     322.4608628778773
 5400.0     321.7583225717797
 5500.0     321.1653474064520
 5600.0     320.1513176950965
 5700.0     319.3132086545081
 5800.0     319.0633751255790
 5900.0     318.0214746844686
 6000.0     317.1780116691792
# P = 3.000000 (GPa)
    1.0     368.0448295183896
  100.0     368.1581758087027
  200.0     367.7437417277603
  300.0     367.6004511373600
  400.0     366.7324663829429
  500.0     365.8609909309610
  600.0     364.7699881216168
  700.0     363.6605250975653
  800.0     362.5118302944913
  900.0     361.3607982393698
 1000.0     360.2106325493341
 1100.0     359.0664196687973
 1200.0     357.9358507216332
 1300.0     356.8162548263160
 1400.0     355.7114261008131
 1500.0     354.6236733237899
 1600.0     353.5540736581922
 1700.0     352.5034693331925
 1800.0     351.4734175782614
 1900.0     350.4586421462658
 2000.0     349.4736094077987
 2100.0     348.4995104990976
 2200.0     347.5514624680966
 2300.0     346.6284871769898
 2400.0     345.7148230479784
 2500.0     344.8412888638485
 2600.0     343.9652438324228
 2700.0     343.1279925879255
 2800.0     342.3060360654608
 2900.0     341.4912225383565
 3000.0     340.7150134202098
 3100.0     339.9418622500107
 3200.0     339.1981014939039
 3300.0     338.4283178658126
 3400.0     337.7404134079453
 3500.0     337.0450587866518
 3600.0     336.3051473225588
 3700.0     335.7201609558193
 3800.0     334.9332069538423
 3900.0     334.3318443896354
 4000.0     333.6958081357860
 4100.0     333.0004372952443
 4200.0     332.3785336982086
 4300.0     331.8067805124211
 4400.0     331.0526482691069
 4500.0     330.5077078740156
 4600.0     329.7850157292636
 4700.0     329.1940549132235
 4800.0     328.5390132584165
 4900.0     327.8570336188930
 5000.0     327.2159411136411
 5100.0     326.5562248530405
 5200.0     325.8987439897982
 5300.0     325.2729163592091
 5400.0     324.5762000564771
 5500.0     323.9820528852864
 5600.0     322.9942757657959
 5700.0     322.1610622440569
 5800.0     321.8903967950466
 5900.0     320.8641065821346
 6000.0     320.0203329664104
# P = 4.000000 (GPa)
    1.0     371.2348174970685
  100.0     371.3442490004787
  200.0     370.9205578608129
  300.0     370.7621332092280
  400.0     369.8845737933823
  500.0     369.0037854838821
  600.0     367.9047924001654
  700.0     366.7870855648741
  800.0     365.6301108615579
  900.0     364.4703275106217
 1000.0     363.3109670125507
 1100.0     362.1571329886966
 1200.0     361.0167539611294
 1300.0     359.8873709784138
 1400.0     358.7719260598744
 1500.0     357.6726961743620
 1600.0     356.5911613498401
 1700.0     355.5281637194661
 1800.0     354.4854208239807
 1900.0     353.4576725736786
 2000.0     352.4595126461457
 2100.0     351.4719727839690
 2200.0     350.5108400439241
 2300.0     349.5742852474543
 2400.0     348.6476989915612
 2500.0     347.7610776074690
 2600.0     346.8725145350289
 2700.0     346.0226871146020
 2800.0     345.1889570627214
 2900.0     344.3619757617435
 3000.0     343.5761053537487
 3100.0     342.7915679816641
 3200.0     342.0388479505698
 3300.0     341.2608827981225
 3400.0     340.5623079317457
 3500.0     339.8597971870586
 3600.0     339.1124656173308
 3700.0     338.5198360612009
 3800.0     337.7310286911464
 3900.0     337.1259797249741
 4000.0     336.4810372735500
 4100.0     335.7882184359103
 4200.0     335.1620482462544
 4300.0     334.5877770934827
 4400.0     333.8361608202754
 4500.0     333.2920449364760
 4600.0     332.5730148358593
 4700.0     331.9797095298088
 4800.0     331.3359897342945
 4900.0     330.6529707313933
 5000.0     330.0197681214539
 5100.0     329.3635724327168
 5200.0     328.7081092270499
 5300.0     328.0838922376112
 5400.0     327.3936502913322
 5500.0     326.7993722008792
 5600.0     325.8375455244811
 5700.0     325.0105144338557
 5800.0     324.7214426313161
 5900.0     323.7114685367437
 6000.0     322.8695732485655
# P = 5.000000 (GPa)
    1.0     374.4248054796441
  100.0     374.5303715950954
  200.0     374.0975368788921
  300.0     373.9241679149651
  400.0     373.0372140796518
  500.0     372.1472137125128
  600.0     371.0403481563917
  700.0     369.9145589902811
  800.0     368.7492886530372
  900.0     367.5809888731652
 1000.0     366.4126679517323
 1100.0     365.2494124035911
 1200.0     364.0991744261668
 1300.0     362.9597533834149
 1400.0     361.8343380256135
 1500.0     360.7243202891852
 1600.0     359.6311094348414
 1700.0     358.5560168077685
 1800.0     357.5007748042424
 1900.0     356.4602261524660
 2000.0     355.4490224750597
 2100.0     354.4481703411990
 2200.0     353.4739006104811
 2300.0     352.5237977002406
 2400.0     351.5841739782376
 2500.0     350.6843408221263
 2600.0     349.7830766768485
 2700.0     348.9204855033575
 2800.0     348.0747044931773
 2900.0     347.2353745861589
 3000.0     346.4393190999627
 3100.0     345.6431939836688
 3200.0     344.8810266748854
 3300.0     344.0944301658960
 3400.0     343.3850015209911
 3500.0     342.6748547409163
 3600.0     341.9197837155707
 3700.0     341.3191477120602
 3800.0     340.5278044948592
 3900.0     339.9185912084550
 4000.0     339.2648122869147
 4100.0     338.5737143576615
 4200.0     337.9431789719433
 4300.0     337.3661309612697
 4400.0     336.6166376025584
 4500.0     336.0730394406788
 4600.0     335.3574214115158
 4700.0     334.7619471883066
 4800.0     334.1289224887281
 4900.0     333.4452826204879
 5000.0     332.8197921293772
 5100.0     332.1674890915588
 5200.0     331.5145605592943
 5300.0     330.8925992573191
 5400.0     330.2093597831573
 5500.0     329.6158620297117
 5600.0     328.6795972583218
 5700.0     327.8598813906532
 5800.0     327.5546502692769
 5900.0     326.5615796541751
 6000.0     325.7235589498791
# P = 6.000000 (GPa)
    1.0     377.6147977832870
  100.0     377.7165428151538
  200.0     377.2746972005069
  300.0     377.0865718067581
  400.0     376.1903150819323
  500.0     375.2912877291440
  600.0     374.1766538601141
  700.0     373.0428740692342
  800.0     371.8695000333686
  900.0     370.6926641778280
 1000.0     369.5155992280757
 1100.0     368.3431789735988
 1200.0     367.1832795722486
 1300.0     366.0338137524627
 1400.0     364.8981409928763
 1500.0     363.7779457757370
 1600.0     362.6738042119891
 1700.0     361.5868450563362
 1800.0     360.5193565013296
 1900.0     359.4661975965437
 2000.0     358.4420661836602
 2100.0     357.4280414422044
 2200.0     356.4406156396619
 2300.0     355.4770082304664
 2400.0     354.5242549334592
 2500.0     353.6111032890190
 2600.0     352.6969716679431
 2700.0     351.8214406127665
 2800.0     350.9633436223643
 2900.0     350.1114847779585
 3000.0     349.3047425845180
 3100.0     348.4968183582620
 3200.0     347.7247236607250
 3300.0     346.9290415455266
 3400.0     346.2085536044330
 3500.0     345.4902819018762
 3600.0     344.7271266208890
 3700.0     344.1180982256520
 3800.0     343.3235260754537
 3900.0     342.7096366652348
 4000.0     342.0470329345916
 4100.0     341.3568084153664
 4200.0     340.7217443305024
 4300.0     340.1416094018358
 4400.0     339.3937916035123
 4500.0     338.8503448663594
 4600.0     338.1378202003739
 4700.0     337.5402680757851
 4800.0     336.9172527977166
 4900.0     336.2333054967303
 5000.0     335.6152709747705
 5100.0     334.9671213427313
 5200.0     334.3171323634463
 5300.0     333.6979530261106
 5400.0     333.0221249711194
 5500.0     332.4301921122309
 5600.0     331.5190165432065
 5700.0     330.7075974480431
 5800.0     330.3882788493682
 5900.0     329.4125820643984
 6000.0     328.5802407636243
# P = 7.000000 (GPa)
    1.0     380.8047931803123
  100.0     380.9027604576123
  200.0     380.4520178672120
  300.0     380.2493434101073
  400.0     379.3439212485065
  500.0     378.4359306359529
  600.0     377.3136962266573
  700.0     376.1720557816390
  800.0     374.9906478654801
  900.0     373.8054893784099
 1000.0     372.6196608713947
 1100.0     371.4382740298104
 1200.0     370.2689975494353
 1300.0     369.1096740454177
 1400.0     367.9637737783700
 1500.0     366.8330924743593
 1600.0     365.7185949749249
 1700.0     364.6205663169297
 1800.0     363.5410185154237
 1900.0     362.4754936094951
 2000.0     361.4385740363577
 2100.0     360.4115313621328
 2200.0     359.4109638721514
 2300.0     358.4339095524706
 2400.0     357.4679591269733
 2500.0     356.5414018715280
 2600.0     355.6142547638061
 2700.0     354.7256211399181
 2800.0     353.8549577589719
 2900.0     352.9903924500769
 3000.0     352.1724861474951
 3100.0     351.3525445707983
 3200.0     350.5700526789353
 3300.0     349.7648295145099
 3400.0     349.0330578158603
 3500.0     348.3061663771168
 3600.0     347.5345602408524
 3700.0     346.9167341017476
 3800.0     346.1182324925661
 3900.0     345.4991254463719
 4000.0     344.8276544029191
 4100.0     344.1374426751911
 4200.0     343.4976260971656
 4300.0     342.9140467223480
 4400.0     342.1674067444151
 4500.0     341.6236896701737
 4600.0     340.9138749678783
 4700.0     340.3142553902582
 4800.0     339.7005087489055
 4900.0     339.0164665704828
 5000.0     338.4055570715304
 5100.0     337.7617143999962
 5200.0     337.1149612799513
 5300.0     336.4989750819423
 5400.0     335.8308518065039
 5500.0     335.2411449302824
 5600.0     334.3545040454337
 5700.0     333.5522151266990
 5800.0     333.2207088987512
 5900.0     332.2627413309086
 6000.0     331.4376962980524
# P = 8.000000 (GPa)
    1.0     383.9947897168444
  100.0     384.0890292594266
  200.0     383.6295134722764
  300.0     383.4124495082956
  400.0     382.4979944708639
  500.0     381.5812116057676
  600.0     380.4514043980824
  700.0     379.3020633129856
  800.0     378.1127816742595
  900.0     376.9193430394430
 1000.0     375.7249850822830
 1100.0     374.5346258098333
 1200.0     373.3561393267963
 1300.0     372.1872737387773
 1400.0     371.0313151095245
 1500.0     369.8902313879713
 1600.0     368.7650415586199
 1700.0     367.6564733747733
 1800.0     366.5657179255129
 1900.0     365.4879959900680
 2000.0     364.4384886824218
 2100.0     363.3985887373910
 2200.0     362.3849311962572
 2300.0     361.3945021755397
 2400.0     360.4153131309192
 2500.0     359.4752842980712
 2600.0     358.5349937756874
 2700.0     357.6331102203284
 2800.0     356.7496467627681
 2900.0     355.8722024742942
 3000.0     355.0426808787900
 3100.0     354.2104996724082
 3200.0     353.4171534366903
 3300.0     352.6019357473203
 3400.0     351.8586399992316
 3500.0     351.1226310757480
 3600.0     350.3421892780362
 3700.0     349.7151438980852
 3800.0     348.9120079418179
 3900.0     348.2871162216405
 4000.0     347.6066851711532
 4100.0     346.9156156893774
 4200.0     346.2707671061248
 4300.0     345.6833420560344
 4400.0     344.9373358698299
 4500.0     344.3928752255913
 4600.0     343.6853265079931
 4700.0     343.0835735333786
 4800.0     342.4783034380478
 4900.0     341.7942823716906
 5000.0     341.1900958625965
 5100.0     340.5506107514516
 5200.0     339.9072851192599
 5300.0     339.2947919545446
 5400.0     338.6345548034308
 5500.0     338.0476150134062
 5600.0     337.1848751218632
 5700.0     336.3924049483624
 5800.0     336.0504425275119
 5900.0     335.1104468045826
 6000.0     334.2941292729714
# P = 9.000000 (GPa)
    1.0     387.1847870583335
  100.0     387.2753415888405
  200.0     386.8071750467478
  300.0     386.5759203597793
  400.0     385.6525255457999
  500.0     384.7270595697746
  600.0     383.5898560341624
  700.0     382.4328424435185
  800.0     381.2358273252586
  900.0     380.0343001306446
 1000.0     378.8314350144004
 1100.0     377.6323588195016
 1200.0     376.4446639535871
 1300.0     375.2663974275547
 1400.0     374.1007220025271
 1500.0     372.9493999838971
 1600.0     371.8136340536149
 1700.0     370.6941751526464
 1800.0     369.5926979824189
 1900.0     368.5036880348406
 2000.0     367.4417289993722
 2100.0     366.3891746863906
 2200.0     365.3625070441334
 2300.0     364.3587942091742
 2400.0     363.3663515567892
 2500.0     362.4128080661736
 2600.0     361.4592677986385
 2700.0     360.5440040801633
 2800.0     359.6475255861512
 2900.0     358.7570369247982
 3000.0     357.9154769682249
 3100.0     357.0708325627028
 3200.0     356.2661897443122
 3300.0     355.4405290879083
 3400.0     354.6854562135033
 3500.0     353.9398320547284
 3600.0     353.1501551209610
 3700.0     352.5134560427095
 3800.0     351.7049795550317
 3900.0     351.0737147183589
 4000.0     350.3841846969808
 4100.0     349.6913802134358
 4200.0     349.0411690467614
 4300.0     348.4494571569961
 4400.0     347.7034984548703
 4500.0     347.1577735989566
 4600.0     346.4519905962830
 4700.0     345.8479660505442
 4800.0     345.2503329839618
 4900.0     344.5663570458026
 5000.0     343.9684240774778
 5100.0     343.3332486386745
 5200.0     342.6934414436184
 5300.0     342.0846338701390
 5400.0     341.4323561562341
 5500.0     340.8486080835326
 5600.0     340.0090591541521
 5700.0     339.2269551116772
 5800.0     338.8761032204341
 5900.0     337.9542116470196
 6000.0     337.1478703265849
# P = 10.000000 (GPa)
    1.0     390.3747876613701
  100.0     390.4617019128614
  200.0     389.9849916290639
  300.0     389.7397108362873
  400.0     388.8075434375878
  500.0     387.8734906952762
  600.0     386.7289548304749
  700.0     385.5644669991314
  800.0     384.3597522867368
  900.0     383.1502563491149
 1000.0     381.9391064747295
 1100.0     380.7313241607048
 1200.0     379.5346801531809
 1300.0     378.3470370398572
 1400.0     377.1717561059197
 1500.0     376.0105612958156
 1600.0     374.8643705597956
 1700.0     373.7341820336192
 1800.0     372.6216200376156
 1900.0     371.5217524393283
 2000.0     370.4483057014018
 2100.0     369.3832297073172
 2200.0     368.3436925979183
 2300.0     367.3267979612281
 2400.0     366.3211167475488
 2500.0     365.3540391481629
 2600.0     364.3871660605037
 2700.0     363.4584107090886
 2800.0     362.5487228634511
 2900.0     361.6450335585206
 3000.0     360.7910420938150
 3100.0     359.9337122699743
 3200.0     359.1173477141407
 3300.0     358.2808036546650
 3400.0     357.5136907389474
 3500.0     356.7579564503852
 3600.0     355.9586336928048
 3700.0     355.3118366277784
 3800.0     354.4973151513180
 3900.0     353.8590714395993
 4000.0     353.1602611006906
 4100.0     352.4648408834905
 4200.0     351.8088900825231
 4300.0     351.2124140029090
 4400.0     350.4658783047761
 4500.0     349.9183253500427
 4600.0     349.2137557064639
 4700.0     348.6072534034737
 4800.0     348.0163745071972
 4900.0     347.3323802360298
 5000.0     346.7401679076503
 5100.0     346.1091602825313
 5200.0     345.4728660236983
 5300.0     344.8678334674230
 5400.0     344.2234842489887
 5500.0     343.6432400055728
 5600.0     342.8260986882574
 5700.0     342.0547708731604
 5800.0     341.6964353979411
 5900.0     340.7926724983232
 6000.0     339.9973776466649
# P = 11.000000 (GPa)
    1.0     393.5647925793924
  100.0     393.6481086191653
  200.0     393.1629744456014
  300.0     392.9038403239923
  400.0     391.9629848503139
  500.0     391.0205080177469
  600.0     389.8687486283641
  700.0     388.6968198661745
  800.0     387.4846170220098
  900.0     386.2672066925934
 1000.0     385.0478652286811
 1100.0     383.8316263991706
 1200.0     382.6260375985232
 1300.0     381.4292738769304
 1400.0     380.2444440101061
 1500.0     379.0734477370596
 1600.0     377.9172266989164
 1700.0     376.7764570234707
 1800.0     375.6529977030841
 1900.0     374.5419047664121
 2000.0     373.4573494368275
 2100.0     372.3807665176429
 2200.0     371.3284740497974
 2300.0     370.2985363063266
 2400.0     369.2796558378312
 2500.0     368.2990514967873
 2600.0     367.3187866176693
 2700.0     366.3764486443412
 2800.0     365.4533795316814
 2900.0     364.5363443428756
 3000.0     363.6695598487985
 3100.0     362.7993262673724
 3200.0     361.9708339725360
 3300.0     361.1229769623224
 3400.0     360.3435541132515
 3500.0     359.5772204152260
 3600.0     358.7678333141283
 3700.0     358.1104872002192
 3800.0     357.2892209548948
 3900.0     356.6433793344235
 4000.0     355.9350687947043
 4100.0     355.2361517667200
 4200.0     354.5740424622776
 4300.0     353.9722923859398
 4400.0     353.2245211325517
 4500.0     352.6745370620379
 4600.0     351.9705806824690
 4700.0     351.3613307649392
 4800.0     350.7762838214150
 4900.0     350.0921250284711
 5000.0     349.5050408727872
 5100.0     348.8779700254674
 5200.0     348.2450910159316
 5300.0     347.6438239426544
 5400.0     347.0072724764216
 5500.0     346.4307354795207
 5600.0     345.6351482490930
 5700.0     344.8748736402847
 5800.0     344.5103037382083
 5900.0     343.6245892001232
 6000.0     342.8412361329409
# P = 12.000000 (GPa)
    1.0     396.7547991958253
  100.0     396.8345573146683
  200.0     396.3411016197341
  300.0     396.0683114821001
  400.0     395.1188956005445
  500.0     394.1680426875685
  600.0     393.0092103348236
  700.0     391.8299765228708
  800.0     390.6102944057743
  900.0     389.3851902369125
 1000.0     388.1577395221649
 1100.0     386.9330993283556
 1200.0     385.7188501127861
 1300.0     384.5129623097577
 1400.0     383.3188329328856
 1500.0     382.1381243754018
 1600.0     380.9719154412674
 1700.0     379.8209764648268
 1800.0     378.6867608649965
 1900.0     377.5646594588405
 2000.0     376.4686384289068
 2100.0     375.3808490720070
 2200.0     374.3168804634439
 2300.0     373.2740256567017
 2400.0     372.2420243705225
 2500.0     371.2479248145210
 2600.0     370.2542356058880
 2700.0     369.2982456740013
 2800.0     368.3616475435141
 2900.0     367.4311340231210
 3000.0     366.5512282162106
 3100.0     365.6678788313326
 3200.0     364.8268739238997
 3300.0     363.9672880671172
 3400.0     363.1752811714465
 3500.0     362.3978670697710
 3600.0     361.5779925799068
 3700.0     360.9096425472154
 3800.0     360.0809393067615
 3900.0     359.4268714423894
 4000.0     358.7088060811631
 4100.0     358.0055139531717
 4200.0     357.3367899985412
 4300.0     356.7292274111830
 4400.0     355.9795320898969
 4500.0     355.4264788537457
 4600.0     354.7224922444761
 4700.0     354.1101655240827
 4800.0     353.5299930569416
 4900.0     352.8454456207299
 5000.0     352.2628417061889
 5100.0     351.6393921897757
 5200.0     351.0097429651724
 5300.0     350.4121373888233
 5400.0     349.7831573570866
 5500.0     349.2104264928288
 5600.0     348.4354731365156
 5700.0     347.6863999536203
 5800.0     347.3166922336567
 5900.0     346.4488439051559
 6000.0     345.6781576237468
# P = 13.000000 (GPa)
    1.0     399.9448043662478
  100.0     400.0210526353508
  200.0     399.5193836389157
  300.0     399.2330882803068
  400.0     398.2752408032163
  500.0     397.3161629985989
  600.0     396.1502802019116
  700.0     394.9638764569974
  800.0     393.7368858387899
  900.0     392.5040777041825
 1000.0     391.2687417393427
 1100.0     390.0358069107944
 1200.0     388.8129249182611
 1300.0     387.5982201597603
 1400.0     386.3947899275608
 1500.0     385.2046035166051
 1600.0     384.0285401207519
 1700.0     382.8674277575426
 1800.0     381.7228921900207
 1900.0     380.5899228571895
 2000.0     379.4826754594835
 2100.0     378.3833254558120
 2200.0     377.3079348727827
 2300.0     376.2532806751935
 2400.0     375.2082839295386
 2500.0     374.2007440595721
 2600.0     373.1936260931361
 2700.0     372.2239377286131
 2800.0     371.2736886052285
 2900.0     370.3295787563533
 3000.0     369.4362580960540
 3100.0     368.5395894476055
 3200.0     367.6857100482684
 3300.0     366.8139957579672
 3400.0     366.0091291245611
 3500.0     365.2201644913195
 3600.0     364.3893782196874
 3700.0     363.7095684801641
 3800.0     362.8727463927198
 3900.0     362.2098185244954
 4000.0     361.4817127117020
 4100.0     360.7731730498661
 4200.0     360.0973455804958
 4300.0     359.4834069387963
 4400.0     358.7310731260306
 4500.0     358.1742818240324
 4600.0     357.4695824601826
 4700.0     356.8537947388448
 4800.0     356.2775082227565
 4900.0     355.5922748934562
 5000.0     355.0134518826454
 5100.0     354.3932287933056
 5200.0     353.7665406977370
 5300.0     353.1724027325835
 5400.0     352.5506767482960
 5500.0     351.9817506192199
 5600.0     351.2264477442304
 5700.0     350.4886000494188
 5800.0     350.1147031414469
 5900.0     349.2644403814500
 6000.0     348.5069797621989
# P = 14.000000 (GPa)
    1.0     403.1348068469852
  100.0     403.2075888501037
  200.0     402.6978218365841
  300.0     402.3982037871081
  400.0     401.4319948572435
  500.0     400.4648012755766
  600.0     399.2920337736948
  700.0     398.0984828974551
  800.0     396.8642975776125
  900.0     395.6239889406199
 1000.0     394.3807456190245
 1100.0     393.1397298067171
 1200.0     391.9083581587645
 1300.0     390.6848342191504
 1400.0     389.4724294345284
 1500.0     388.2727740365746
 1600.0     387.0870684373010
 1700.0     385.9159512068093
 1800.0     384.7610657983212
 1900.0     383.6176766702386
 2000.0     382.4993432644441
 2100.0     381.3886938006167
 2200.0     380.3015551872510
 2300.0     379.2352676574873
 2400.0     378.1784384514430
 2500.0     377.1576155796966
 2600.0     376.1370724301180
 2700.0     375.1536690998708
 2800.0     374.1896726311410
 2900.0     373.2318649021661
 3000.0     372.3248718655277
 3100.0     371.4146912804674
 3200.0     370.5476002515661
 3300.0     369.6633767894022
 3400.0     368.8453756797074
 3500.0     368.0444037148903
 3600.0     367.2022830162840
 3700.0     366.5105596437701
 3800.0     365.6649499454460
 3900.0     364.9925267076638
 4000.0     364.2540674521456
 4100.0     363.5394166726066
 4200.0     362.8559685916262
 4300.0     362.2350689649234
 4400.0     361.4793604294937
 4500.0     360.9181353778550
 4600.0     360.2120060534463
 4700.0     359.5923225153379
 4800.0     359.0189065171393
 4900.0     358.3326218183492
 5000.0     357.7568331347165
 5100.0     357.1393671957321
 5200.0     356.5152929493774
 5300.0     355.9243434173237
 5400.0     355.3094677635063
 5500.0     354.7442490702624
 5600.0     354.0075537880115
 5700.0     353.2808363961044
 5800.0     352.9035554570895
 5900.0     352.0705025993947
 6000.0     351.3266658761700
# P = 15.000000 (GPa)
    1.0     406.3248099294260
  100.0     406.3941671118487
  200.0     405.8763994122347
  300.0     405.5636240547092
  400.0     404.5891979691892
  500.0     403.6139606604085
  600.0     402.4343754949040
  700.0     401.2338707116230
  800.0     399.9925188315136
  900.0     398.7447973443328
 1000.0     397.4938768672768
 1100.0     396.2447571650235
 1200.0     395.0050908873895
 1300.0     393.7729332119122
 1400.0     392.5515221675080
 1500.0     391.3427376931013
 1600.0     390.1474111353885
 1700.0     388.9664751405966
 1800.0     387.8014551846434
 1900.0     386.6475821956567
 2000.0     385.5186199412933
 2100.0     384.3968303337327
 2200.0     383.2982042331568
 2300.0     382.2199808603324
 2400.0     381.1514219988165
 2500.0     380.1185144983414
 2600.0     379.0847297674669
 2700.0     378.0875803000600
 2800.0     377.1097796906328
 2900.0     376.1381869415252
 3000.0     375.2173022624791
 3100.0     374.2934296323115
 3200.0     373.4128162951458
 3300.0     372.5157241631478
 3400.0     371.6843172023548
 3500.0     370.8708967913917
 3600.0     370.0170237369873
 3700.0     369.3129373438096
 3800.0     368.4578869986867
 3900.0     367.7753351145289
 4000.0     367.0261856206557
 4100.0     366.3045719413121
 4200.0     365.6129623308588
 4300.0     364.9844989835958
 4400.0     364.2246616825227
 4500.0     363.6582845065587
 4600.0     362.9499776969915
 4700.0     362.3259172488309
 4800.0     361.7543336160451
 4900.0     361.0665688102281
 5000.0     360.4930248210518
 5100.0     359.8777774274232
 5200.0     359.2558959062055
 5300.0     358.6677751037074
 5400.0     358.0592644769475
 5500.0     357.4975645304116
 5600.0     356.7783782841552
 5700.0     356.0625818725403
 5800.0     355.6825834651933
 5900.0     354.8662733928441
 6000.0     354.1363029607906
# P = 16.000000 (GPa)
    1.0     409.5148169185314
  100.0     409.5807899385464
  200.0     409.0551310374088
  300.0     408.7293408851596
  400.0     407.7467885656789
  500.0     406.7636758446205
  600.0     405.5773393748285
  700.0     404.3699220087931
  800.0     403.1216095259782
  900.0     401.8665214624324
 1000.0     400.6079779463972
 1100.0     399.3510177675718
 1200.0     398.1030358030276
 1300.0     396.8624171581353
 1400.0     395.6322233438878
 1500.0     394.4142553610507
 1600.0     393.2096459936068
 1700.0     392.0189478304699
 1800.0     390.8439423703114
 1900.0     389.6798447768181
 2000.0     388.5401654526891
 2100.0     387.4077001089232
 2200.0     386.2977440182112
 2300.0     385.2078620604017
 2400.0     384.1273056210212
 2500.0     383.0823422746583
 2600.0     382.0365354172544
 2700.0     381.0258744762498
 2800.0     380.0341804287293
 2900.0     379.0487514038026
 3000.0     378.1137897114536
 3100.0     377.1760609193308
 3200.0     376.2816421647491
 3300.0     375.3713455047655
 3400.0     374.5262669307990
 3500.0     373.6999748862989
 3600.0     372.8339391162786
 3700.0     372.1170474185516
 3800.0     371.2519216419682
 3900.0     370.5586135264412
 4000.0     369.7984166617799
 4100.0     369.0690029386318
 4200.0     368.3686713989879
 4300.0     367.7320273162464
 4400.0     366.9672933649686
 4500.0     366.3950270233868
 4600.0     365.6837692011978
 4700.0     365.0548088286251
 4800.0     364.4840008822351
 4900.0     363.7942688809318
 5000.0     363.2221411153213
 5100.0     362.6085095501340
 5200.0     361.9883305084730
 5300.0     361.4026030963290
 5400.0     360.7998954631807
 5500.0     360.2414387829203
 5600.0     359.5386114112885
 5700.0     358.8334177041385
 5800.0     358.4512347079535
 5900.0     357.6511127960244
 6000.0     356.9351010094497
# P = 17.000000 (GPa)
    1.0     412.7048278122587
  100.0     412.7674509730962
  200.0     412.2340056672466
  300.0     411.8953778557325
  400.0     410.9047901420207
  500.0     409.9138660270703
  600.0     408.7209371960220
  700.0     407.5066995793671
  800.0     406.2514357364339
  900.0     404.9891965183980
 1000.0     403.7231055790391
 1100.0     402.4583285288287
 1200.0     401.2023157307937
 1300.0     399.9532270757348
 1400.0     398.7143903967171
 1500.0     397.4875043387830
 1600.0     396.2735366894522
 1700.0     395.0734185106417
 1800.0     393.8885121446482
 1900.0     392.7143062457234
 2000.0     391.5642095996963
 2100.0     390.4209558505599
 2200.0     389.3001237027344
 2300.0     388.1987786663639
 2400.0     387.1064880348866
 2500.0     386.0492451291273
 2600.0     384.9913714714594
 2700.0     383.9684356009857
 2800.0     382.9631323610136
 2900.0     381.9637490507920
 3000.0     381.0145884634886
 3100.0     380.0628493260683
 3200.0     379.1543731700856
 3300.0     378.2305613270305
 3400.0     377.3715532991723
 3500.0     376.5319864334389
 3600.0     375.6533878856318
 3700.0     374.9232581470567
 3800.0     374.0474428352897
 3900.0     373.3427600602469
 4000.0     372.5711417197065
 4100.0     371.8331082154304
 4200.0     371.1234791008296
 4300.0     370.4780264232674
 4400.0     369.7076179978906
 4500.0     369.1287107494390
 4600.0     368.4137066665178
 4700.0     367.7792857344940
 4800.0     367.2081824236788
 4900.0     366.5159427924607
 5000.0     365.9443681475528
 5100.0     365.3316907546387
 5200.0     364.7126597008505
 5300.0     364.1288195576518
 5400.0     363.5312812002663
 5500.0     362.9757102471050
 5600.0     362.2880439694144
 5700.0     361.5930312535026
 5800.0     361.2090679991156
 5900.0     360.4244960924153
 6000.0     359.7223910643796
# P = 18.000000 (GPa)
    1.0     415.8948410426987
  100.0     415.9541544760813
  200.0     415.4130157678927
  300.0     415.0616927259725
  400.0     414.0632147945859
  500.0     413.0645819976216
  600.0     411.8650801727243
  700.0     410.6441824924611
  800.0     409.3820904438332
  900.0     408.1126823895553
 1000.0     406.8392686594554
 1100.0     405.5667798551721
 1200.0     404.3027280184609
 1300.0     403.0454672885683
 1400.0     401.7980017820771
 1500.0     400.5623011319803
 1600.0     399.3392829251817
 1700.0     398.1296549387317
 1800.0     396.9351770769777
 1900.0     395.7509888696888
 2000.0     394.5905484693554
 2100.0     393.4368397968902
 2200.0     392.3050137083676
 2300.0     391.1926504465172
 2400.0     390.0888398495580
 2500.0     389.0195786523998
 2600.0     387.9494572476285
 2700.0     386.9141326226060
 2800.0     385.8964601512338
 2900.0     384.8834827786542
 3000.0     383.9199300807522
 3100.0     382.9540752568331
 3200.0     382.0313119111997
 3300.0     381.0937042488125
 3400.0     380.2205180916304
 3500.0     379.3672954105310
 3600.0     378.4757468528081
 3700.0     377.7319582191148
 3800.0     376.8448622523790
 3900.0     376.1281989043209
 4000.0     375.3447712412178
 4100.0     374.5973182883221
 4200.0     373.8778048461142
 4300.0     373.2229082189125
 4400.0     372.4460413820008
 4500.0     371.8597306828697
 4600.0     371.1401675985179
 4700.0     370.4996921186458
 4800.0     369.9272121560460
 4900.0     369.2318760300806
 5000.0     368.6599610063238
 5100.0     368.0475224503137
 5200.0     367.4290254874014
 5300.0     366.8465007079614
 5400.0     366.2534312414408
 5500.0     365.7003112131770
 5600.0     365.0265648641351
 5700.0     364.3412135611001
 5800.0     363.9557510362171
 5900.0     363.1860116266513
 6000.0     362.4976235419444
# P = 19.000000 (GPa)
    1.0     419.0848547966566
  100.0     419.1409014572098
  200.0     418.5921740009738
  300.0     418.2283017668377
  400.0     417.2220059022846
  500.0     416.2158025160857
  600.0     415.0098477955206
  700.0     413.7822842648806
  800.0     412.5135182461631
  900.0     411.2371027410926
 1000.0     409.9563277894321
 1100.0     408.6763424636505
 1200.0     407.4043987030417
 1300.0     406.1389211913842
 1400.0     404.8831388700995
 1500.0     403.6386661570182
 1600.0     402.4066635130505
 1700.0     401.1878637984665
 1800.0     399.9837237553774
 1900.0     398.7898543310926
 2000.0     397.6192466096210
 2100.0     396.4551112148467
 2200.0     395.3126756085916
 2300.0     394.1891562498609
 2400.0     393.0742487098696
 2500.0     391.9932275990515
 2600.0     390.9110967951074
 2700.0     389.8632540926635
 2800.0     388.8330359607700
 2900.0     387.8076965190082
 3000.0     386.8301839050491
 3100.0     385.8499898864339
 3200.0     384.9127791197726
 3300.0     383.9611142481249
 3400.0     383.0735157809751
 3500.0     382.2062793929283
 3600.0     381.3014091282654
 3700.0     380.5435547431786
 3800.0     379.6446121998147
 3900.0     378.9153780834774
 4000.0     378.1197426279683
 4100.0     377.3620931906692
 4200.0     376.6321015706891
 4300.0     375.9671213961997
 4400.0     375.1830098323011
 4500.0     374.5885261465169
 4600.0     373.8635779849337
 4700.0     373.2164248175730
 4800.0     372.6414807709589
 4900.0     371.9424157906085
 5000.0     371.3692406715767
 5100.0     370.7562771710223
 5200.0     370.1376458914889
 5300.0     369.5558037801489
 5400.0     368.9664413071347
 5500.0     368.4152649513291
 5600.0     367.7541582200402
 5700.0     367.0778567211356
 5800.0     366.6910579592294
 5900.0     365.9353584450844
 6000.0     365.2603658173574
# P = 20.000000 (GPa)
    1.0     422.2748685373199
  100.0     422.3276852273532
  200.0     421.7714641686821
  300.0     421.3952147592531
  400.0     420.3812050224801
  500.0     419.3674688048329
  600.0     418.1551866007387
  700.0     416.9211055385829
  800.0     415.6456472216869
  900.0     414.3623687353727
 1000.0     413.0744241212755
 1100.0     411.7868891259253
 1200.0     410.5072581075306
 1300.0     409.2337492775573
 1400.0     407.9695804548840
 1500.0     406.7166486374803
 1600.0     405.4757405167666
 1700.0     404.2477885318451
 1800.0     403.0343631730869
 1900.0     401.8307126877177
 2000.0     400.6502209972800
 2100.0     399.4758840538631
 2200.0     398.3228300754600
 2300.0     397.1885588221565
 2400.0     396.0624221055223
 2500.0     394.9700384053190
 2600.0     393.8761914124806
 2700.0     392.8160520983683
 2800.0     391.7732169736838
 2900.0     390.7352669027203
 3000.0     389.7450248876438
 3100.0     388.7510068889097
 3200.0     387.7990596308746
 3300.0     386.8331517722661
 3400.0     385.9309080933112
 3500.0     385.0493290121630
 3600.0     384.1307820662518
 3700.0     383.3584714279250
 3800.0     382.4471435651456
 3900.0     381.7047672988893
 4000.0     380.8965179318247
 4100.0     380.1279200500400
 4200.0     379.3868531968900
 4300.0     378.7111487716195
 4400.0     377.9190074198530
 4500.0     377.3155779409782
 4600.0     376.5844093696974
 4700.0     375.9299303500256
 4800.0     375.3514326700355
 4900.0     374.6479678735849
 5000.0     374.0725908740367
 5100.0     373.4582954345225
 5200.0     372.8388118364100
 5300.0     372.2569639090859
 5400.0     371.6704901563789
 5500.0     371.1206827268883
 5600.0     370.4709005438241
 5700.0     369.8029509990573
 5800.0     369.4148665159171
 5900.0     368.6723437255797
 6000.0     368.0103000726281
# P = 21.000000 (GPa)
    1.0     425.4648829831741
  100.0     425.5145079062380
  200.0     424.9508857507714
  300.0     424.5623926149454
  400.0     423.5407920245939
  500.0     422.5196480329782
  600.0     421.3010501204857
  700.0     420.0605605507951
  800.0     418.7785900553922
  900.0     417.4884288650056
 1000.0     416.1934306277578
 1100.0     414.8985763520596
 1200.0     413.6111973981113
 1300.0     412.3298407987375
 1400.0     411.0575147089275
 1500.0     409.7960294369188
 1600.0     408.5465211975319
 1700.0     407.3095394294442
 1800.0     406.0868058623096
 1900.0     404.8737722262657
 2000.0     403.6833174060193
 2100.0     402.4990249248780
 2200.0     401.3356207330620
 2300.0     400.1905532308852
 2400.0     399.0536221818643
 2500.0     397.9497498228938
 2600.0     396.8445425066823
 2700.0     395.7724553977727
 2800.0     394.7171989291851
 2900.0     393.6666134335818
 3000.0     392.6633570947787
 3100.0     391.6566972945988
 3200.0     390.6906248030633
 3300.0     389.7101353422295
 3400.0     388.7930793350807
 3500.0     387.8968418574767
 3600.0     386.9642868302980
 3700.0     386.1771464198399
 3800.0     385.2529239622110
 3900.0     384.4968558041001
 4000.0     383.6755816171519
 4100.0     382.8953107270522
 4200.0     382.1425721287509
 4300.0     381.4555046680886
 4400.0     380.6545532481829
 4500.0     380.0414055072313
 4600.0     379.3031759224505
 4700.0     378.6407019073988
 4800.0     378.0575628786619
 4900.0     377.3489935075930
 5000.0     376.7704549149555
 5100.0     376.1539825330117
 5200.0     375.5328838691037
 5300.0     374.9502909078126
 5400.0     374.3658364237003
 5500.0     373.8167606073382
 5600.0     373.1769574755602
 5700.0     372.5165818464990
 5800.0     372.1271552381593
 5900.0     371.3968798965730
 6000.0     370.7472207105253
# P = 22.000000 (GPa)
    1.0     428.6548985195892
  100.0     428.7013676384365
  200.0     428.1304479067362
  300.0     427.7298602012413
  400.0     426.7007256748359
  500.0     425.6722885340067
  600.0     424.4475179518728
  700.0     423.2006250284250
  800.0     421.9122320790242
  900.0     420.6153916433593
 1000.0     419.3133262112735
 1100.0     418.0112449653824
 1200.0     416.7163728526172
 1300.0     415.4271170935736
 1400.0     414.1467863717819
 1500.0     412.8770150131526
 1600.0     411.6187981144590
 1700.0     410.3730782854382
 1800.0     409.1412014649445
 1900.0     407.9187257511460
 2000.0     406.7187250532221
 2100.0     405.5244180668761
 2200.0     404.3508573355981
 2300.0     403.1953259449200
 2400.0     402.0475220980352
 2500.0     400.9326121790274
 2600.0     399.8159337420759
 2700.0     398.7322211612452
 2800.0     397.6649331008580
 2900.0     396.6018820130142
 3000.0     395.5856504295754
 3100.0     394.5659880760522
 3200.0     393.5869555010408
 3300.0     392.5925886486578
 3400.0     391.6603672104686
 3500.0     390.7492395854082
 3600.0     389.8023517471099
 3700.0     389.0000319500759
 3800.0     388.0624354867915
 3900.0     387.2921504835933
 4000.0     386.4574383626838
 4100.0     385.6647995253592
 4200.0     384.8997968067320
 4300.0     384.2007323383618
 4400.0     383.3901987507188
 4500.0     382.7665641159536
 4600.0     382.0204315136498
 4700.0     381.3492763327254
 4800.0     380.7604139532256
 4900.0     380.0460062003727
 5000.0     379.4633324145773
 5100.0     378.8438052366065
 5200.0     378.2202888934280
 5300.0     377.6361659151626
 5400.0     377.0528152995717
 5500.0     376.5037761591501
 5600.0     375.8725805821949
 5700.0     375.2189267235281
 5800.0     374.8280002782166
 5900.0     374.1089817042864
 6000.0     373.4710313568325
# P = 23.000000 (GPa)
    1.0     431.8449154791965
  100.0     431.8882606168193
  200.0     431.3101331377216
  300.0     430.8976151114624
  400.0     429.8610553022089
  500.0     428.8253626494724
  600.0     427.5945078302792
  700.0     426.3413796793551
  800.0     425.0465759776309
  900.0     423.7431130314637
 1000.0     422.4342111106983
 1100.0     421.1249060553827
 1200.0     419.8225938713212
 1300.0     418.5257275756288
 1400.0     417.2373504068874
 1500.0     415.9594065078779
 1600.0     414.6927890614791
 1700.0     413.4382186117226
 1800.0     412.1974578999275
 1900.0     410.9657687220471
 2000.0     409.7561184446325
 2100.0     408.5522238206417
 2200.0     407.3684804543408
 2300.0     406.2026376526823
 2400.0     405.0443385701997
 2500.0     403.9182853024670
 2600.0     402.7905985855378
 2700.0     401.6951779323977
 2800.0     400.6161257887088
 2900.0     399.5410515828052
 3000.0     398.5119858996004
 3100.0     397.4794065670598
 3200.0     396.4870273672627
 3300.0     395.4798872001189
 3400.0     394.5333303504353
 3500.0     393.6068931628638
 3600.0     392.6454308423755
 3700.0     391.8275872305983
 3800.0     390.8761744286291
 3900.0     390.0911735128350
 4000.0     389.2426110797916
 4100.0     388.4369409369027
 4200.0     387.6590893322420
 4300.0     386.9474014498845
 4400.0     386.1265250503234
 4500.0     385.4916420882054
 4600.0     384.7367668309911
 4700.0     384.0562311131154
 4800.0     383.4605728665599
 4900.0     382.7395685452700
 5000.0     382.1517760552480
 5100.0     381.5282884751530
 5200.0     380.9015167645079
 5300.0     380.3150380413412
 5400.0     379.7318350934776
 5500.0     379.1820850486425
 5600.0     378.5581039797972
 5700.0     377.9102517625601
 5800.0     377.5175721579507
 5900.0     376.8087629407559
 6000.0     376.1817421099296
# P = 24.000000 (GPa)
    1.0     435.0349346211271
  100.0     435.0751922865666
  200.0     434.4899449626217
  300.0     434.0656210485359
  400.0     433.0217495365093
  500.0     431.9789359703133
  600.0     430.7420111209162
  700.0     429.4827177434454
  800.0     428.1816883630349
  900.0     426.8716291805632
 1000.0     425.5559211591751
 1100.0     424.2396357996670
 1200.0     422.9299136160840
 1300.0     421.6254549580802
 1400.0     420.3293362763911
 1500.0     419.0432023113295
 1600.0     417.7682554574557
 1700.0     416.5051796765403
 1800.0     415.2554250014123
 1900.0     414.0147547688807
 2000.0     412.7957292709579
 2100.0     411.5821115451799
 2200.0     410.3886196520502
 2300.0     409.2124791403969
 2400.0     408.0437816452128
 2500.0     406.9070093799829
 2600.0     405.7681932273525
 2700.0     404.6615205358037
 2800.0     403.5706598704786
 2900.0     402.4837744854827
 3000.0     401.4423597251420
 3100.0     400.3969950862077
 3200.0     399.3914098766730
 3300.0     398.3710606472596
 3400.0     397.4112231602666
 3500.0     396.4704028619019
 3600.0     395.4939257451839
 3700.0     394.6602978577998
 3800.0     393.6946438957058
 3900.0     392.8944620710614
 4000.0     392.0316384866092
 4100.0     391.2123076161884
 4200.0     390.4210331346667
 4300.0     389.6961056423166
 4400.0     388.8641403639351
 4500.0     388.2172580792052
 4600.0     387.4528065196171
 4700.0     386.7621814105972
 4800.0     386.1586679279764
 4900.0     385.4302890279418
 5000.0     384.8363882959807
 5100.0     384.2080119904325
 5200.0     383.5771169044244
 5300.0     382.9874208661116
 5400.0     382.4033737773867
 5500.0     381.8521175339383
 5600.0     381.2339408043805
 5700.0     380.5909083014541
 5800.0     380.1961323649597
 5900.0     379.4964331757612
 6000.0     378.8794660783103
# P = 25.000000 (GPa)
    1.0     438.2249562232159
  100.0     438.2621637361573
  200.0     437.6698914256545
  300.0     437.2339029467301
  400.0     436.1827777337238
  500.0     435.1329459634272
  600.0     433.8900899796572
  700.0     432.6246585034091
  800.0     431.3174400583110
  900.0     430.0009872560541
 1000.0     428.6785297425278
 1100.0     427.3552513935770
 1200.0     426.0383838023102
 1300.0     424.7263918028667
 1400.0     423.4225061690910
 1500.0     422.1285069385693
 1600.0     420.8452446219817
 1700.0     419.5736880449439
 1800.0     418.3153185353905
 1900.0     417.0655704162351
 2000.0     415.8373576030813
 2100.0     414.6143429599671
 2200.0     413.4109480197520
 2300.0     412.2249282347062
 2400.0     411.0458962268330
 2500.0     409.8984472199356
 2600.0     408.7489700106934
 2700.0     407.6309091530796
 2800.0     406.5286877386307
 2900.0     405.4299886164073
 3000.0     404.3763807909615
 3100.0     403.3187759744054
 3200.0     402.3000879473668
 3300.0     401.2667177950152
 3400.0     400.2931298823926
 3500.0     399.3389138205468
 3600.0     398.3484660840945
 3700.0     397.4985974909227
 3800.0     396.5183731773698
 3900.0     395.7025609012516
 4000.0     394.8250747544567
 4100.0     393.9914879135787
 4200.0     393.1862308657452
 4300.0     392.4474601288247
 4400.0     391.6036774968276
 4500.0     390.9440584053036
 4600.0     390.1692063828672
 4700.0     389.4677771226646
 4800.0     388.8553657352757
 4900.0     388.1188188529788
 5000.0     387.5178181158124
 5100.0     386.8836069574127
 5200.0     386.2476948317242
 5300.0     385.6538889535181
 5400.0     385.0679754136200
 5500.0     384.5143748757033
 5600.0     383.9005796371708
 5700.0     383.2613293378139
 5800.0     382.8640297460805
 5900.0     382.1722941540964
 6000.0     381.5644161468315
# P = 26.000000 (GPa)
    1.0     441.4149793968909
  100.0     441.4491704744405
  200.0     440.8499560118003
  300.0     440.4024535601610
  400.0     439.3441851530537
  500.0     438.2873763809422
  600.0     437.0386562504331
  700.0     435.7672497111146
  800.0     434.4538838328912
  900.0     433.1310456769419
 1000.0     431.8020547096381
 1100.0     430.4718652424850
 1200.0     429.1478132827815
 1300.0     427.8285513305428
 1400.0     426.5169977856035
 1500.0     425.2150705906374
 1600.0     423.9238278366859
 1700.0     422.6438424641103
 1800.0     421.3768370305095
 1900.0     420.1184090395592
 2000.0     418.8809403275330
 2100.0     417.6486638502701
 2200.0     416.4357454705304
 2300.0     415.2396720905853
 2400.0     414.0507017589575
 2500.0     412.8927032120407
 2600.0     411.7325462348413
 2700.0     410.6036052912009
 2800.0     409.4898863998312
 2900.0     408.3797969889574
 3000.0     407.3140621196007
 3100.0     406.2443071499530
 3200.0     405.2130947375882
 3300.0     404.1667955242628
 3400.0     403.1796835122863
 3500.0     402.2115904955758
 3600.0     401.2080754661220
 3700.0     400.3431385048285
 3800.0     399.3478422457848
 3900.0     398.5160408621003
 4000.0     397.6234822217264
 4100.0     396.7750854223461
 4200.0     395.9553018732383
 4300.0     395.2020995268863
 4400.0     394.3457913780013
 4500.0     393.6727144689213
 4600.0     392.8866506425031
 4700.0     392.1737000033222
 4800.0     391.5513681506949
 4900.0     390.8058488047664
 5000.0     390.1967577403645
 5100.0     389.5557526256459
 5200.0     388.9139087277194
 5300.0     388.3150743099299
 5400.0     387.7262465652501
 5500.0     387.1694256975105
 5600.0     386.5585807946644
 5700.0     385.9220258054360
 5800.0     385.5216969011591
 5900.0     384.8367362259049
 6000.0     384.2369012776402
# P = 27.000000 (GPa)
    1.0     444.6050032531284
  100.0     444.6362147596546
  200.0     444.0301431482795
  300.0     443.5712406636781
  400.0     442.5059359759124
  500.0     441.4422799241345
  600.0     440.1877215838268
  700.0     438.9103826178804
  800.0     437.5910463491086
  900.0     436.2618950330089
 1000.0     434.9263426838731
 1100.0     433.5894632004758
 1200.0     432.2583498208505
 1300.0     430.9317402324942
 1400.0     429.6127852622233
 1500.0     428.3030731258193
 1600.0     427.0037501692711
 1700.0     425.7156721641227
 1800.0     424.4401277909292
 1900.0     423.1729465668083
 2000.0     421.9266416665162
 2100.0     420.6850664958324
 2200.0     419.4627059175831
 2300.0     418.2570035699355
 2400.0     417.0579130647577
 2500.0     415.8897354596821
 2600.0     414.7190848629414
 2700.0     413.5791927599708
 2800.0     412.4545152882607
 2900.0     411.3329100102312
 3000.0     410.2554525556402
 3100.0     409.1736539216859
 3200.0     408.1299488232162
 3300.0     407.0713325354124
 3400.0     406.0707834939771
 3500.0     405.0890890199447
 3600.0     404.0719996996866
 3700.0     403.1928258042511
 3800.0     402.1837261340893
 3900.0     401.3354304566053
 4000.0     400.4274479274372
 4100.0     399.5637121934075
 4200.0     398.7288815316306
 4300.0     397.9606753143994
 4400.0     397.0911568171966
 4500.0     396.4039202268841
 4600.0     395.6058492853487
 4700.0     394.8806608452638
 4800.0     394.2474093516135
 4900.0     393.4921061458701
 5000.0     392.8739394289238
 5100.0     392.2251729675103
 5200.0     391.5764659639715
 5300.0     390.9716628334588
 5400.0     390.3788526580636
 5500.0     389.8179022901650
 5600.0     389.2085726192905
 5700.0     388.5735828534823
 5800.0     388.1696463475035
 5900.0     387.4902345046239
 6000.0     386.8973229941355
# P = 28.000000 (GPa)
    1.0     447.7950268816206
  100.0     447.8232956723668
  200.0     447.2104614264112
  300.0     446.7402910608539
  400.0     445.6680040541205
  500.0     444.5975898855887
  600.0     443.3373360776927
  700.0     442.0540997802524
  800.0     440.7288066484709
  900.0     439.3935341599304
 1000.0     438.0515147043686
 1100.0     436.7078948081451
 1200.0     435.3699370285754
 1300.0     434.0361410115530
 1400.0     432.7096827725900
 1500.0     431.3924422412274
 1600.0     430.0852276289429
 1700.0     428.7889243451489
 1800.0     427.5051680812610
 1900.0     426.2293797402220
 2000.0     424.9741228343960
 2100.0     423.7236759402766
 2200.0     422.4918803863355
 2300.0     421.2765715160077
 2400.0     420.0678282196624
 2500.0     418.8892965993844
 2600.0     417.7084788301339
 2700.0     416.5578922332928
 2800.0     415.4221306061191
 2900.0     414.2895780639538
 3000.0     413.2002876176483
 3100.0     412.1067950774970
 3200.0     411.0507829309419
 3300.0     409.9798107288655
 3400.0     408.9664859949281
 3500.0     407.9712690733294
 3600.0     406.9409071883323
 3700.0     406.0469913269694
 3800.0     405.0248231648436
 3900.0     404.1614155717294
 4000.0     403.2375273306826
 4100.0     402.3580019019803
 4200.0     401.5076152975697
 4300.0     400.7238548589747
 4400.0     399.8404659699470
 4500.0     399.1383898666314
 4600.0     398.3275354693059
 4700.0     397.5893967510385
 4800.0     396.9442529435406
 4900.0     396.1783515730990
 5000.0     395.5501322910594
 5100.0     394.8926333686128
 5200.0     394.2361196710435
 5300.0     393.6243907611012
 5400.0     393.0265143551198
 5500.0     392.4604968765885
 5600.0     391.8512476648372
 5700.0     391.2166559878022
 5800.0     390.8084666709553
 5900.0     390.1333450478456
 6000.0     389.5461714145834
# P = 29.000000 (GPa)
    1.0     450.9850505263204
  100.0     451.0104080122252
  200.0     450.3908952388512
  300.0     449.9096032110364
  400.0     448.8304340937091
  500.0     447.7532962699539
  600.0     446.4874123905820
  700.0     445.1984345716407
  800.0     443.8672416353307
  900.0     442.5258328819586
 1000.0     441.1775331120943
 1100.0     439.8273145302662
 1200.0     438.4824302317357
 1300.0     437.1416567859407
 1400.0     435.8078978476473
 1500.0     434.4830076321505
 1600.0     433.1681365289904
 1700.0     431.8638423465106
 1800.0     430.5717194105490
 1900.0     429.2876291609599
 2000.0     428.0236248253854
 2100.0     426.7641503887689
 2200.0     425.5233427139733
 2300.0     424.2984897921025
 2400.0     423.0800580346601
 2500.0     421.8916753227860
 2600.0     420.7005299544822
 2700.0     419.5395276822152
 2800.0     418.3930040573150
 2900.0     417.2493370135490
 3000.0     416.1487790560790
 3100.0     415.0435191049966
 3200.0     413.9755074023815
 3300.0     412.8924275902624
 3400.0     411.8662487374015
 3500.0     410.8581820269879
 3600.0     409.8146256306453
 3700.0     408.9063026599941
 3800.0     407.8705615387271
 3900.0     406.9926857783310
 4000.0     406.0543807001657
 4100.0     405.1585707801551
 4200.0     404.2921671203497
 4300.0     403.4923167000831
 4400.0     402.5944269653589
 4500.0     401.8768553041131
 4600.0     401.0524631078436
 4700.0     400.3006684732389
 4800.0     399.6426891598154
 4900.0     398.8653762537301
 5000.0     398.2261391726988
 5100.0     397.5589373518326
 5200.0     396.8936653384976
 5300.0     396.2740411501328
 5400.0     395.6700038922513
 5500.0     395.0979578875993
 5600.0     394.4873589136544
 5700.0     393.8519672047883
 5800.0     393.4388185949830
 5900.0     392.7667008587792
 6000.0     392.1840212934593
# P = 30.000000 (GPa)
    1.0     454.1750753472411
  100.0     454.1975542716984
  200.0     453.5714443495320
  300.0     453.0791436939643
  400.0     451.9931964160971
  500.0     450.9094534913219
  600.0     449.6379650816139
  700.0     448.3432833504222
  800.0     447.0063596931860
  900.0     445.6588972165140
 1000.0     444.3042719944228
 1100.0     442.9476476197884
 1200.0     441.5960068862705
 1300.0     440.2481609172114
 1400.0     438.9072878416397
 1500.0     437.5749913192814
 1600.0     436.2523327655516
 1700.0     434.9402498176376
 1800.0     433.6400467736073
 1900.0     432.3474829508691
 2000.0     431.0750085305557
 2100.0     429.8067709976331
 2200.0     428.5567581478800
 2300.0     427.3227763987446
 2400.0     426.0947768307062
 2500.0     424.8964504525186
 2600.0     423.6955034196158
 2700.0     422.5239546746143
 2800.0     421.3668925756869
 2900.0     420.2124927290345
 3000.0     419.1004572999982
 3100.0     417.9840083384520
 3200.0     416.9039650751731
 3300.0     415.8090289202167
 3400.0     414.7703145250562
 3500.0     413.7492642890542
 3600.0     412.6931941099973
 3700.0     411.7705722800349
 3800.0     410.7215920705401
 3900.0     409.8287774384742
 4000.0     408.8765821432925
 4100.0     407.9660671694299
 4200.0     407.0832039146063
 4300.0     406.2667524998826
 4400.0     405.3537608824582
 4500.0     404.6200642825789
 4600.0     403.7814044348796
 4700.0     403.0152578967388
 4800.0     402.3435321511145
 4900.0     401.5539989375944
 5000.0     400.9027936151829
 5100.0     400.2249233764150
 5200.0     399.5499374593092
 5300.0     398.9214403790951
 5400.0     398.3101414771264
 5500.0     397.7310862238884
 5600.0     397.1177159130841
 5700.0     396.4803010727264
 5800.0     396.0614310014957
 5900.0     395.3910078744188
 6000.0     394.8115280350572
# P = 31.000000 (GPa)
    1.0     457.3651022371057
  100.0     457.3847349821273
  200.0     456.7521156567812
  300.0     456.2489343385150
  400.0     455.1562600136576
  500.0     454.0660022877204
  600.0     452.7890444328690
  700.0     451.4886909839425
  800.0     450.1460462572906
  900.0     448.7927015069658
 1000.0     447.4318717737634
 1100.0     446.0687738096601
 1200.0     444.7105528600274
 1300.0     443.3558447822766
 1400.0     442.0077525041443
 1500.0     440.6682068172308
 1600.0     439.3380419015866
 1700.0     438.0180426037649
 1800.0     436.7099245529092
 1900.0     435.4092183607062
 2000.0     434.1281007582148
 2100.0     432.8513374450654
 2200.0     431.5924406242447
 2300.0     430.3491158765964
 2400.0     429.1119362433166
 2500.0     427.9038540668462
 2600.0     426.6929553802792
 2700.0     425.5113981475706
 2800.0     424.3437176116707
 2900.0     423.1787289394239
 3000.0     422.0556733383024
 3100.0     420.9278011175338
 3200.0     419.8362902561923
 3300.0     418.7295216970264
 3400.0     417.6784494070263
 3500.0     416.6448080651033
 3600.0     415.5760370834292
 3700.0     414.6398326532062
 3800.0     413.5777117234662
 3900.0     412.6703223221652
 4000.0     411.7037745355144
 4100.0     410.7789894042472
 4200.0     409.8813255397836
 4300.0     409.0478835888424
 4400.0     408.1191949373166
 4500.0     407.3687796643367
 4600.0     406.5151474034921
 4700.0     405.7339657129827
 4800.0     405.0476173604504
 4900.0     404.2450631809666
 5000.0     403.5809569017815
 5100.0     402.8914617132319
 5200.0     402.2058062365192
 5300.0     401.5674547080514
 5400.0     400.9477917012657
 5500.0     400.3607315343277
 5600.0     399.7431809879667
 5700.0     399.1025008136123
 5800.0     398.6770968970232
 5900.0     398.0070408964367
 6000.0     397.4294235610995
# P = 32.000000 (GPa)
    1.0     460.5551308224308
  100.0     460.5719452483573
  200.0     459.9328964039833
  300.0     459.4189801233164
  400.0     458.3196663421147
  500.0     457.2229268311773
  600.0     455.9405668810006
  700.0     454.6346920760691
  800.0     453.2863780588367
  900.0     451.9271277778910
 1000.0     450.5602756259811
 1100.0     449.1908515429145
 1200.0     447.8259682543426
 1300.0     446.4645539655609
 1400.0     445.1094867536208
 1500.0     443.7625904339230
 1600.0     442.4250372501149
 1700.0     441.0974432016184
 1800.0     439.7812927270632
 1900.0     438.4725660790945
 2000.0     437.1831764220852
 2100.0     435.8977218626245
 2200.0     434.6301331601624
 2300.0     433.3778392096697
 2400.0     432.1312517840752
 2500.0     430.9137669826966
 2600.0     429.6931700888474
 2700.0     428.5014067553785
 2800.0     427.3236531378611
 2900.0     426.1480393537307
 3000.0     425.0140552280438
 3100.0     423.8752675865620
 3200.0     422.7720416454997
 3300.0     421.6539760886311
 3400.0     420.5906267689257
 3500.0     419.5445140345856
 3600.0     418.4634911055041
 3700.0     417.5135044019509
 3800.0     416.4389285150570
 3900.0     415.5171104023764
 4000.0     414.5365573756703
 4100.0     413.5970989622660
 4200.0     412.6849387263293
 4300.0     411.8362493773327
 4400.0     410.8915160240326
 4500.0     410.1237625078865
 4600.0     409.2544976500315
 4700.0     408.4576080181962
 4800.0     407.7557993441875
 4900.0     406.9394345931304
 5000.0     406.2615152318577
 5100.0     405.5594513987177
 5200.0     404.8621743843614
 5300.0     404.2129869034644
 5400.0     403.5838600037538
 5500.0     402.9877885621542
 5600.0     402.3646654295197
 5700.0     401.7194643887755
 5800.0     401.2866694073530
 5900.0     400.6156394526678
 6000.0     400.0385121117885
# P = 33.000000 (GPa)
    1.0     463.7451605752254
  100.0     463.7591883740684
  200.0     463.1137838061702
  300.0     462.5892452033220
  400.0     461.4833981925909
  500.0     460.3802856112319
  600.0     459.0925349781657
  700.0     457.7811853309798
  800.0     456.4273647604919
  900.0     455.0622865827931
 1000.0     453.6893686488617
 1100.0     452.3137835591550
 1200.0     450.9424270276290
 1300.0     449.5742146834993
 1400.0     448.2123005908232
 1500.0     446.8583306148811
 1600.0     445.5133001899580
 1700.0     444.1781908592426
 1800.0     442.8543546117342
 1900.0     441.5375185469691
 2000.0     440.2399244781309
 2100.0     438.9461818345756
 2200.0     437.6697630685402
 2300.0     436.4086310424536
 2400.0     435.1530615115107
 2500.0     433.9259493907203
 2600.0     432.6959540803995
 2700.0     431.4943180949314
 2800.0     430.3062462798688
 2900.0     429.1205433177287
 3000.0     427.9756684976217
 3100.0     426.8259730937851
 3200.0     425.7116000698763
 3300.0     424.5819744472674
 3400.0     423.5068522875036
 3500.0     422.4484278213576
 3600.0     421.3551975034657
 3700.0     420.3919495961616
 3800.0     419.3046692274160
 3900.0     418.3691147982681
 4000.0     417.3747327966313
 4100.0     416.4209392656664
 4200.0     415.4939192266447
 4300.0     414.6301955186748
 4400.0     413.6711869755013
 4500.0     412.8858694184919
 4600.0     412.0002496640635
 4700.0     411.1870214350655
 4800.0     410.4689474524585
 4900.0     409.6379988194623
 5000.0     408.9453768431639
 5100.0     408.2298173473160
 5200.0     407.5199739987013
 5300.0     406.8589729502390
 5400.0     406.2192892174207
 5500.0     405.6131935097101
 5600.0     404.9831257525325
 5700.0     404.3321406036317
 5800.0     403.8910577357172
 5900.0     403.2177037074402
 6000.0     402.6396660692606
# P = 34.000000 (GPa)
    1.0     466.9351908087858
  100.0     466.9464668398500
  200.0     466.2947880632252
  300.0     465.7597430353176
  400.0     464.6474148563243
  500.0     463.5380333921899
  600.0     462.2450075609667
  700.0     460.9282007858189
  800.0     459.5688926843048
  900.0     458.1981592292303
 1000.0     456.8192866350791
 1100.0     455.4374687852689
 1200.0     454.0597959092113
 1300.0     452.6850034676677
 1400.0     451.3161571364296
 1500.0     449.9552046803115
 1600.0     448.6030038640575
 1700.0     447.2603148839651
 1800.0     445.9288192464147
 1900.0     444.6042495742963
 2000.0     443.2983945008278
 2100.0     441.9963723074425
 2200.0     440.7115577110748
 2300.0     439.4414820691228
 2400.0     438.1770005700420
 2500.0     436.9407332370574
 2600.0     435.7011252983430
 2700.0     434.4898690286477
 2800.0     433.2918682015448
 2900.0     432.0958099566993
 3000.0     430.9405564413362
 3100.0     429.7800583976970
 3200.0     428.6544773827784
 3300.0     427.5138919350301
 3400.0     426.4267585588833
 3500.0     425.3564803093451
 3600.0     424.2512699148120
 3700.0     423.2747482543566
 3800.0     422.1753167297530
 3900.0     421.2257813795832
 4000.0     420.2182353585141
 4100.0     419.2503179172504
 4200.0     418.3087640243910
 4300.0     417.4297133004420
 4400.0     416.4565087768151
 4500.0     415.6554695668864
 4600.0     414.7533325872728
 4700.0     413.9230210862568
 4800.0     413.1879544717772
 4900.0     412.3416561922904
 5000.0     411.6334702023935
 5100.0     410.9035073253573
 5200.0     410.1801636136088
 5300.0     409.5063788413494
 5400.0     408.8550561947392
 5500.0     408.2379205064000
 5600.0     407.5995600004779
 5700.0     406.9415252564081
 5800.0     406.4912231794790
 5900.0     405.8141903394455
 6000.0     405.2338217093267
# P = 35.000000 (GPa)
    1.0     470.1252212347213
  100.0     470.1337762731038
  200.0     469.4759044399245
  300.0     468.9304871548051
  400.0     467.8117515090883
  500.0     466.6961349056513
  600.0     465.3979104465737
  700.0     464.0757892405352
  800.0     462.7110232363686
  900.0     461.3346268686209
 1000.0     459.9499745060333
 1100.0     458.5620664621086
 1200.0     457.1779928160380
 1300.0     455.7967528019323
 1400.0     454.4212269495849
 1500.0     453.0532181089318
 1600.0     451.6938988673973
 1700.0     450.3439580734247
 1800.0     449.0047716511203
 1900.0     447.6724436277079
 2000.0     446.3587215069590
 2100.0     445.0484060995576
 2200.0     443.7551436120993
 2300.0     442.4765829305189
 2400.0     441.2031291496418
 2500.0     439.9577086829162
 2600.0     438.7089980620062
 2700.0     437.4879385404248
 2800.0     436.2801860424908
 2900.0     435.0742370605751
 3000.0     433.9083155236334
 3100.0     432.7374910878257
 3200.0     431.6008871527993
 3300.0     430.4492026780070
 3400.0     429.3507105361901
 3500.0     428.2683576920762
 3600.0     427.1515526244977
 3700.0     426.1620802981741
 3800.0     425.0504043779154
 3900.0     424.0875065522951
 4000.0     423.0665360369156
 4100.0     422.0851195469849
 4200.0     421.1293133656472
 4300.0     420.2352326192664
 4400.0     419.2475874325962
 4500.0     418.4308276348271
 4600.0     417.5140073805657
 4700.0     416.6665974316150
 4800.0     415.9136807016221
 4900.0     415.0513340417274
 5000.0     414.3267375938370
 5100.0     413.5814903417728
 5200.0     412.8437250298876
 5300.0     412.1561975773824
 5400.0     411.4921685140688
 5500.0     410.8629781510586
 5600.0     410.2150041318403
 5700.0     409.5486573460170
 5800.0     409.0881751686711
 5900.0     408.4061084636473
 6000.0     407.8219749856535
# P = 36.000000 (GPa)
    1.0     473.3152528643704
  100.0     473.3211176793736
  200.0     472.6571225395940
  300.0     472.1014450417358
  400.0     470.9764107926625
  500.0     469.8546439057067
  600.0     468.5512246402199
  700.0     467.2238551017250
  800.0     465.8537887967038
  900.0     464.4717833981249
 1000.0     463.0813128705895
 1100.0     461.6874877168154
 1200.0     460.2971871164067
 1300.0     458.9094116870886
 1400.0     457.5273113784212
 1500.0     456.1525237888907
 1600.0     454.7860378256781
 1700.0     453.4288467818242
 1800.0     452.0823183194459
 1900.0     450.7422403980884
 2000.0     449.4205740282130
 2100.0     448.1023699722928
 2200.0     446.8006970741926
 2300.0     445.5135436327714
 2400.0     444.2315880702738
 2500.0     442.9770037251558
 2600.0     441.7191309286435
 2700.0     440.4887994265741
 2800.0     439.2711573714180
 2900.0     438.0554244567142
 3000.0     436.8793556649030
 3100.0     435.6979141312727
 3200.0     434.5507117904265
 3300.0     433.3881987969936
 3400.0     432.2781519629060
 3500.0     431.1843888459736
 3600.0     430.0557985190663
 3700.0     429.0537060931813
 3800.0     427.9301754598196
 3900.0     426.9537847491682
 4000.0     425.9200253057427
 4100.0     424.9248648365287
 4200.0     423.9553917069978
 4300.0     423.0466231189247
 4400.0     422.0447878611932
 4500.0     421.2121480850237
 4600.0     420.2805289924599
 4700.0     419.4178734052800
 4800.0     418.6472033674893
 4900.0     417.7679165711186
 5000.0     417.0261512244158
 5100.0     416.2647491320486
 5200.0     415.5116619189419
 5300.0     414.8094458468322
 5400.0     414.1316614196928
 5500.0     413.4894061378736
 5600.0     412.8305285077467
 5700.0     412.1546153631758
 5800.0     411.6829673786629
 5900.0     410.9945155945581
 6000.0     410.4051773366409
# P = 37.000000 (GPa)
    1.0     476.5052866159265
  100.0     476.5084926009358
  200.0     475.8384510699300
  300.0     475.2726170631694
  400.0     474.1413439398279
  500.0     473.0135375747130
  600.0     471.7050198186261
  700.0     470.3724004722840
  800.0     468.9970769909948
  900.0     467.6096353140223
 1000.0     466.2134248780194
 1100.0     464.8136222839821
 1200.0     463.4172524891840
 1300.0     462.0231536871597
 1400.0     460.6343946256334
 1500.0     459.2528959969735
 1600.0     457.8795436701762
 1700.0     456.5150841791413
 1800.0     455.1611699271809
 1900.0     453.8136976678439
 2000.0     452.4841469625546
 2100.0     451.1579247271936
 2200.0     449.8482491975967
 2300.0     448.5526005907418
 2400.0     447.2619764316413
 2500.0     445.9986977378429
 2600.0     444.7317229676715
 2700.0     443.4919824950496
 2800.0     442.2650117378861
 2900.0     441.0394034737527
 3000.0     439.8532196225811
 3100.0     438.6617347640915
 3200.0     437.5036524051133
 3300.0     436.3306797138708
 3400.0     435.2094325468861
 3500.0     434.1039973978162
 3600.0     432.9642950255774
 3700.0     431.9494589035476
 3800.0     430.8143083208399
 3900.0     429.8249126076590
 4000.0     428.7781689327363
 4100.0     427.7699357502301
 4200.0     426.7865671016723
 4300.0     425.8636435115741
 4400.0     424.8480139901974
 4500.0     423.9997228509096
 4600.0     423.0532059005847
 4700.0     422.1750958247638
 4800.0     421.3885196994583
 4900.0     420.4925448213590
 5000.0     419.7326293109636
 5100.0     418.9542999041601
 5200.0     418.1849912448439
 5300.0     417.4671628313515
 5400.0     416.7745943604034
 5500.0     416.1182721413879
 5600.0     415.4472344472652
 5700.0     414.7605136813405
 5800.0     414.2766939166836
 5900.0     413.5805136776360
 6000.0     412.9845315244810
# P = 38.000000 (GPa)
    1.0     479.6953228704920
  100.0     479.6958987997000
  200.0     479.0198917922951
  300.0     478.4440237245251
  400.0     477.3065710670286
  500.0     476.1727605725240
  600.0     474.8592471173451
  700.0     473.5214992492975
  800.0     472.1409167140703
  900.0     470.7480582249973
 1000.0     469.3462850661747
 1100.0     467.9406180107692
 1200.0     466.5380983380689
 1300.0     465.1378194852763
 1400.0     463.7426394550301
 1500.0     462.3543610022962
 1600.0     460.9741669852971
 1700.0     459.6027553316590
 1800.0     458.2414812498433
 1900.0     456.8865179941679
 2000.0     455.5494420832620
 2100.0     454.2153191480198
 2200.0     452.8974638098625
 2300.0     451.5937178186929
 2400.0     450.2945835395830
 2500.0     449.0223961686461
 2600.0     447.7467823893735
 2700.0     446.4977573468463
 2800.0     445.2612673656568
 2900.0     444.0263392041557
 3000.0     442.8300227313522
 3100.0     441.6284428064099
 3200.0     440.4600992756336
 3300.0     439.2764140916225
 3400.0     438.1442580698290
 3500.0     437.0275876653337
 3600.0     435.8764705540610
 3700.0     434.8495688512901
 3800.0     433.7027220569812
 3900.0     432.7004859197554
 4000.0     431.6413104103743
 4100.0     430.6197787699448
 4200.0     429.6231918864709
 4300.0     428.6859245503821
 4400.0     427.6569466718261
 4500.0     426.7934980064956
 4600.0     425.8322593895211
 4700.0     424.9386622618413
 4800.0     424.1359079307437
 4900.0     423.2250499028901
 5000.0     422.4473858493678
 5100.0     421.6510949494366
 5200.0     420.8647665688566
 5300.0     420.1304005876130
 5400.0     419.4220499880438
 5500.0     418.7506682154086
 5600.0     418.0662510818456
 5700.0     417.3674990159826
 5800.0     416.8704856192194
 5900.0     416.1652451995592
 6000.0     415.5611875614552
# P = 39.000000 (GPa)
    1.0     482.8853608224820
  100.0     482.8833337567793
  200.0     482.2014290815735
  300.0     481.6156479346074
  400.0     480.4721152587075
  500.0     479.3323548744527
  600.0     478.0138574888735
  700.0     476.6710739085334
  800.0     475.2853756029606
  900.0     473.8871117172982
 1000.0     472.4797637338569
 1100.0     471.0684144231110
 1200.0     469.6598935010797
 1300.0     468.2533418831874
 1400.0     466.8518546114496
 1500.0     465.4570603405549
 1600.0     464.0699813565866
 1700.0     462.6915957206199
 1800.0     461.3232901650255
 1900.0     459.9609092851927
 2000.0     458.6161629658503
 2100.0     457.2744962367227
 2200.0     455.9486367834233
 2300.0     454.6365716668017
 2400.0     453.3293012981474
 2500.0     452.0484441426386
 2600.0     450.7639261735479
 2700.0     449.5060596018026
 2800.0     448.2602546119629
 2900.0     447.0157497818630
 3000.0     445.8098595694302
 3100.0     444.5982325564102
 3200.0     443.4195056870105
 3300.0     442.2257511011891
 3400.0     441.0824751022074
 3500.0     439.9547871116407
 3600.0     438.7927708185724
 3700.0     437.7534770509093
 3800.0     436.5955725445324
 3900.0     435.5805094398862
 4000.0     434.5089727124650
 4100.0     433.4747661657116
 4200.0     432.4647093069996
 4300.0     431.5137718310714
 4400.0     430.4712899221295
 4500.0     429.5930820539712
 4600.0     428.6176657294283
 4700.0     427.7087292637607
 4800.0     426.8898544816628
 4900.0     425.9637304722398
 5000.0     425.1700946761588
 5100.0     424.3564139969220
 5200.0     423.5519693992885
 5300.0     422.8002503190503
 5400.0     422.0751236620117
 5500.0     421.3877099462649
 5600.0     420.6887316452894
 5700.0     419.9767472033805
 5800.0     419.4655064090935
 5900.0     418.7498894304633
 6000.0     418.1363386643026
# P = 40.000000 (GPa)
    1.0     486.0753995122824
  100.0     486.0707988751393
  200.0     485.3830678351666
  300.0     484.7874705598136
  400.0     483.6379326066481
  500.0     482.4923333668912
  600.0     481.1689152546421
  700.0     479.8210867209157
  800.0     478.4303522816282
  900.0     477.0268470091764
 1000.0     475.6139548333214
 1100.0     474.1968827774859
 1200.0     472.7825434720516
 1300.0     471.3698962249562
 1400.0     469.9620057120133
 1500.0     468.5607754730064
 1600.0     467.1670988760715
 1700.0     465.7817311383940
 1800.0     464.4063229246155
 1900.0     463.0368583582464
 2000.0     461.6845673062432
 2100.0     460.3351711272462
 2200.0     459.0016447437107
 2300.0     457.6814985777356
 2400.0     456.3658359690398
 2500.0     455.0766638994722
 2600.0     453.7835369464740
 2700.0     452.5165391901275
 2800.0     451.2618240754312
 2900.0     450.0080239542013
 3000.0     448.7922598488914
 3100.0     447.5711167599341
 3200.0     446.3821471015530
 3300.0     445.1781146699780
 3400.0     444.0243816167527
 3500.0     442.8855373700948
 3600.0     441.7127402378635
 3700.0     440.6616516015825
 3800.0     439.4923294996860
 3900.0     438.4650518711578
 4000.0     437.3812525781989
 4100.0     436.3343521421017
 4200.0     435.3115107739478
 4300.0     434.3466359289728
 4400.0     433.2912989995654
 4500.0     432.3982607032700
 4600.0     431.4089535119838
 4700.0     430.4853135815779
 4800.0     429.6504420957872
 4900.0     428.7091431291378
 5000.0     427.8991132867301
 5100.0     427.0697528084411
 5200.0     426.2479359142075
 5300.0     425.4777241109698
 5400.0     424.7349522369224
 5500.0     424.0305252035168
 5600.0     423.3158527719009
 5700.0     422.5894593540737
 5800.0     422.0629500104959
 5900.0     421.3356586683257
 6000.0     420.7112175296994
