# T (K)      B_T_P (GPa)
# P = 0.000000 (GPa)
    1.0     358.4597302181347
  100.0     358.0844293908935
  200.0     356.2437643470685
  300.0     353.4877228357725
  400.0     350.3507419847858
  500.0     347.0752845548861
  600.0     343.7495947849544
  700.0     340.4043753149110
  800.0     337.0502728421673
  900.0     333.6908810901346
 1000.0     330.3273369042641
 1100.0     326.9604345622813
 1200.0     323.5907520220030
 1300.0     320.2188830049915
 1400.0     316.8454054243352
 1500.0     313.4707299129120
 1600.0     310.0955133163635
 1700.0     306.7202879129488
 1800.0     303.3452445729087
 1900.0     299.9716447143000
 2000.0     296.5992217082322
 2100.0     293.2307292533385
 2200.0     289.8627310439900
 2300.0     286.5010456843618
 2400.0     283.1410290595929
 2500.0     279.7871804788745
 2600.0     276.4380166339174
 2700.0     273.0961101361463
 2800.0     269.7600999015303
 2900.0     266.4353231278910
 3000.0     263.1060844464992
 3100.0     259.8016252149810
 3200.0     256.4926246335199
 3300.0     253.2019452305594
 3400.0     249.9324849949480
 3500.0     246.6595917638770
 3600.0     243.4126883459903
 3700.0     240.1711975566323
 3800.0     236.9232265685023
 3900.0     233.7124051469218
 4000.0     230.5431561818914
 4100.0     227.3238620204356
 4200.0     224.1847963302789
 4300.0     221.0360319582687
 4400.0     217.8977620785590
 4500.0     214.7816598439749
 4600.0     211.6856433630019
 4700.0     208.6359632863314
 4800.0     205.5358313415927
 4900.0     202.5464545428622
 5000.0     199.5074770211359
 5100.0     196.5490913496760
 5200.0     193.6107065987017
 5300.0     190.7003136141866
 5400.0     187.7968669014226
 5500.0     184.9387605098746
 5600.0     181.9549049393390
 5700.0     179.1654805701110
 5800.0     176.4963651485887
 5900.0     173.6475328753295
 6000.0     171.0142062845407
# P = 1.000000 (GPa)
    1.0     361.6498554560957
  100.0     361.2749955074146
  200.0     359.4362516825654
  300.0     356.6827119575403
  400.0     353.5481790899162
  500.0     350.2749701415005
  600.0     346.9512983513890
  700.0     343.6078497030359
  800.0     340.2554223193922
  900.0     336.8978884910686
 1000.0     333.5364109116043
 1100.0     330.1712787348451
 1200.0     326.8028024071837
 1300.0     323.4315700570669
 1400.0     320.0581098046334
 1500.0     316.6829152369881
 1600.0     313.3065524064949
 1700.0     309.9295709193372
 1800.0     306.5523110448484
 1900.0     303.1757643860126
 2000.0     299.7999381386599
 2100.0     296.4269516539994
 2200.0     293.0545330888039
 2300.0     289.6870694165744
 2400.0     286.3212419862257
 2500.0     282.9606498967219
 2600.0     279.6042501362010
 2700.0     276.2542402064269
 2800.0     272.9096282641494
 2900.0     269.5750014225132
 3000.0     266.2372232314310
 3100.0     262.9210317638617
 3200.0     259.6017173988930
 3300.0     256.2988827521149
 3400.0     253.0152762842754
 3500.0     249.7294626874827
 3600.0     246.4673263428431
 3700.0     243.2108165731679
 3800.0     239.9494046838299
 3900.0     236.7218011031728
 4000.0     233.5324572406462
 4100.0     230.2990765346767
 4200.0     227.1388269019517
 4300.0     223.9708825737507
 4400.0     220.8133798597992
 4500.0     217.6770368735524
 4600.0     214.5599225765181
 4700.0     211.4862422754886
 4800.0     208.3672484404888
 4900.0     205.3510760714489
 5000.0     202.2902222916236
 5100.0     199.3047938911914
 5200.0     196.3390209884674
 5300.0     193.4002965470427
 5400.0     190.4691522681533
 5500.0     187.5813259577844
 5600.0     184.5773550938466
 5700.0     181.7557082485146
 5800.0     179.0476927346317
 5900.0     176.1728177853220
 6000.0     173.5010332604579
# P = 2.000000 (GPa)
    1.0     364.8399950135188
  100.0     364.4655765514527
  200.0     362.6287594963187
  300.0     359.8777090109951
  400.0     356.7455932251593
  500.0     353.4746020602545
  600.0     350.1529898684041
  700.0     346.8114319174016
  800.0     343.4607102224886
  900.0     340.1047748982973
 1000.0     336.7450978000717
 1100.0     333.3820057388463
 1200.0     330.0153219095802
 1300.0     326.6453228313862
 1400.0     323.2725046675722
 1500.0     319.8973946620354
 1600.0     316.5205074648748
 1700.0     313.1423997484127
 1800.0     309.7635152263251
 1900.0     306.3846542990058
 2000.0     303.0060269923657
 2100.0     299.6292557909488
 2200.0     296.2529847787071
 2300.0     292.8804535524953
 2400.0     289.5094262102559
 2500.0     286.1427505810477
 2600.0     282.7797586108311
 2700.0     279.4223216621187
 2800.0     276.0697683005205
 2900.0     272.7260196249968
 3000.0     269.3802157016125
 3100.0     266.0530880837550
 3200.0     262.7240409192264
 3300.0     259.4097519805055
 3400.0     256.1128160782901
 3500.0     252.8147325283117
 3600.0     249.5381497787876
 3700.0     246.2673332116028
 3800.0     242.9930194797435
 3900.0     239.7493853831875
 4000.0     236.5408771056864
 4100.0     233.2938708336405
 4200.0     230.1133414385295
 4300.0     226.9269352760712
 4400.0     223.7508806084879
 4500.0     220.5949958336787
 4600.0     217.4574982850463
 4700.0     214.3606579544285
 4800.0     211.2233139062373
 4900.0     208.1812585297594
 5000.0     205.0991390245690
 5100.0     202.0875139177297
 5200.0     199.0951751312386
 5300.0     196.1289511281939
 5400.0     193.1708724965138
 5500.0     190.2541491633019
 5600.0     187.2304091523547
 5700.0     184.3774149355304
 5800.0     181.6316356132738
 5900.0     178.7312520922715
 6000.0     176.0220436724339
# P = 3.000000 (GPa)
    1.0     368.0301318552786
  100.0     367.6561591981198
  200.0     365.8212736171710
  300.0     363.0727200315639
  400.0     359.9430218914574
  500.0     356.6742190693120
  600.0     353.3546270956007
  700.0     350.0149935465086
  800.0     346.6660924226026
  900.0     343.3118092348294
 1000.0     339.9536921262682
 1100.0     336.5923558385062
 1200.0     333.2276851120785
 1300.0     329.8595041432113
 1400.0     326.4879446922203
 1500.0     323.1135223841055
 1600.0     319.7367296601321
 1700.0     316.3581218365006
 1800.0     312.9782081991989
 1900.0     309.5976629463459
 2000.0     306.2168383397760
 2100.0     302.8369809999358
 2200.0     299.4574313557641
 2300.0     296.0805347941747
 2400.0     292.7049196946928
 2500.0     289.3328179422683
 2600.0     285.9638763618668
 2700.0     282.5996856479321
 2800.0     279.2398493650799
 2900.0     275.8877016169099
 3000.0     272.5343929444239
 3100.0     269.1971163012004
 3200.0     265.8589203967131
 3300.0     262.5338750891542
 3400.0     259.2244185439267
 3500.0     255.9147153101148
 3600.0     252.6244668772033
 3700.0     249.3400533559488
 3800.0     246.0533815714170
 3900.0     242.7944647267323
 4000.0     239.5677125656184
 4100.0     236.3075489612347
 4200.0     233.1076355412442
 4300.0     229.9034840009517
 4400.0     226.7095578348235
 4500.0     223.5348293978968
 4600.0     220.3776617717594
 4700.0     217.2584966557988
 4800.0     214.1033187293215
 4900.0     211.0362862521870
 5000.0     207.9335133287241
 5100.0     204.8965330287101
 5200.0     201.8784469751990
 5300.0     198.8855515477480
 5400.0     195.9012998964754
 5500.0     192.9564992403321
 5600.0     189.9133443710161
 5700.0     187.0298735327087
 5800.0     184.2474565593438
 5900.0     181.3221021582431
 6000.0     178.5764966167917
# P = 4.000000 (GPa)
    1.0     371.2202608222184
  100.0     370.8467371944764
  200.0     369.0137812355803
  300.0     366.2677330990541
  400.0     363.1404636694880
  500.0     359.8738529127266
  600.0     356.5562548918963
  700.0     353.2185070515692
  800.0     349.8714404578297
  900.0     346.5189289928085
 1000.0     343.1624425247684
 1100.0     339.8026380309606
 1200.0     336.4396816708468
 1300.0     333.0734937256427
 1400.0     329.7037845576459
 1500.0     326.3306525992494
 1600.0     322.9545701608961
 1700.0     319.5760846199252
 1800.0     316.1957410453296
 1900.0     312.8141388210999
 2000.0     309.4317222513228
 2100.0     306.0494666167126
 2200.0     302.6672180620376
 2300.0     299.2866498436579
 2400.0     295.9070604025532
 2500.0     292.5301873908066
 2600.0     289.1559376933739
 2700.0     285.7856633085750
 2800.0     282.4192008122570
 2900.0     279.0593712798395
 3000.0     275.6990860472215
 3100.0     272.3524385427249
 3200.0     269.0056810335373
 3300.0     265.6705742514887
 3400.0     262.3493978480819
 3500.0     259.0287250565279
 3600.0     255.7255858613980
 3700.0     252.4282828901087
 3800.0     249.1298015740194
 3900.0     245.8563458736407
 4000.0     242.6122604092106
 4100.0     239.3394149612905
 4200.0     236.1210048115900
 4300.0     232.8998226840013
 4400.0     229.6887050489604
 4500.0     226.4958302399609
 4600.0     223.3197043200271
 4700.0     220.1790447121239
 4800.0     217.0065539005082
 4900.0     213.9154435734308
 5000.0     210.7926313134085
 5100.0     207.7311328235082
 5200.0     204.6881144684157
 5300.0     201.6693719957839
 5400.0     198.6597067784751
 5500.0     195.6876453022996
 5600.0     192.6254380066239
 5700.0     189.7123569420655
 5800.0     186.8944183487038
 5900.0     183.9446343464515
 6000.0     181.1636511903198
# P = 5.000000 (GPa)
    1.0     374.4103878939234
  100.0     374.0373125518648
  200.0     372.2062834999441
  300.0     369.4627423477162
  400.0     366.3379063385468
  500.0     363.0734965210425
  600.0     359.7579019294185
  700.0     356.4220167073697
  800.0     353.0767404792434
  900.0     349.7260114480806
 1000.0     346.3712687793802
 1100.0     343.0130769756959
 1200.0     339.6516367566784
 1300.0     336.2871294727276
 1400.0     332.9194038126138
 1500.0     329.5481395035185
 1600.0     326.1733801357962
 1700.0     322.7956355350115
 1800.0     319.4154648465770
 1900.0     316.0334304163349
 2000.0     312.6500287974343
 2100.0     309.2660519770312
 2200.0     305.8816901395865
 2300.0     302.4981354029955
 2400.0     299.1151862968452
 2500.0     295.7341943370787
 2600.0     292.3552769094133
 2700.0     288.9795857887573
 2800.0     285.6071519964888
 2900.0     282.2403524953768
 3000.0     278.8736260973656
 3100.0     275.5183769348596
 3200.0     272.1636480318771
 3300.0     268.8191716409365
 3400.0     265.4870681576658
 3500.0     262.1560757912848
 3600.0     258.8408149547749
 3700.0     255.5313276981033
 3800.0     252.2215901027685
 3900.0     248.9343355635883
 4000.0     245.6738174251022
 4100.0     242.3887728775771
 4200.0     239.1527448509878
 4300.0     235.9152452610433
 4400.0     232.6876157614315
 4500.0     229.4772910334250
 4600.0     226.2829172132806
 4700.0     223.1215884559388
 4800.0     219.9323104106370
 4900.0     216.8180148281681
 5000.0     213.6757790872798
 5100.0     210.5905949016451
 5200.0     207.5234555593488
 5300.0     204.4796866621109
 5400.0     201.4453654526660
 5500.0     198.4468564625568
 5600.0     195.3659673157090
 5700.0     192.4241380652966
 5800.0     189.5717837566481
 5900.0     186.5981150187581
 6000.0     183.7827664896613
# P = 6.000000 (GPa)
    1.0     377.6005176499560
  100.0     377.2278873775393
  200.0     375.3987846951264
  300.0     372.6577507722048
  400.0     369.5353449677924
  500.0     366.2731371140487
  600.0     362.9595569550248
  700.0     359.6255452329291
  800.0     356.2820418083327
  900.0     352.9330512940329
 1000.0     349.5800518301970
 1100.0     346.2235793847283
 1200.0     342.8637531782230
 1300.0     339.5007468707137
 1400.0     336.1346823227536
 1500.0     332.7653720856873
 1600.0     329.3925107534613
 1700.0     326.0161220180845
 1800.0     322.6367306848015
 1900.0     319.2548862251177
 2000.0     315.8711080485415
 2100.0     312.4860764166438
 2200.0     309.1001928304732
 2300.0     305.7143281742366
 2400.0     302.3286353405798
 2500.0     298.9441741915036
 2600.0     295.5612283140454
 2700.0     292.1807842331893
 2800.0     288.8030322722132
 2900.0     285.4299691451055
 3000.0     282.0573441822351
 3100.0     278.6942536041279
 3200.0     275.3321465939030
 3300.0     271.9789894309415
 3400.0     268.6367436395899
 3500.0     265.2960815381039
 3600.0     261.9694623806927
 3700.0     258.6484936638572
 3800.0     255.3280577728447
 3900.0     252.0277405363522
 4000.0     248.7516804019597
 4100.0     245.4549267539860
 4200.0     242.2021512607207
 4300.0     238.9490456677122
 4400.0     235.7055834822750
 4500.0     232.4785044520722
 4600.0     229.2665917348859
 4700.0     226.0854142200224
 4800.0     222.8798792501875
 4900.0     219.7432843507704
 5000.0     216.5822427595049
 5100.0     213.4742008622343
 5200.0     210.3837481958544
 5300.0     207.3157697370989
 5400.0     204.2575482294051
 5500.0     201.2334018349065
 5600.0     198.1342095546133
 5700.0     195.1644898043160
 5800.0     192.2788155580929
 5900.0     189.2818105376500
 6000.0     186.4331016115320
# P = 7.000000 (GPa)
    1.0     380.7906489205046
  100.0     380.4184623149530
  200.0     378.5912872304878
  300.0     375.8527611227429
  400.0     372.7327804496006
  500.0     369.4727734462140
  600.0     366.1612062903953
  700.0     362.8290799063719
  800.0     359.4873647198844
  900.0     356.1400938810542
 1000.0     352.7887943886129
 1100.0     349.4340331218111
 1200.0     346.0759225015899
 1300.0     342.7145257772961
 1400.0     339.3499589384232
 1500.0     335.9822792509400
 1600.0     332.6113598946230
 1700.0     329.2368915054689
 1800.0     325.8588896418630
 1900.0     322.4778547405152
 2000.0     319.0943100750732
 2100.0     315.7088792713020
 2200.0     312.3220713767590
 2300.0     308.9345648594297
 2400.0     305.5467454967687
 2500.0     302.1594623645033
 2600.0     298.7731262113339
 2700.0     295.3885897865827
 2800.0     292.0061709938643
 2900.0     288.6275451106104
 3000.0     285.2495713891852
 3100.0     281.8793906770766
 3200.0     278.5105019218124
 3300.0     275.1493497949336
 3400.0     271.7977384607634
 3500.0     268.4480563206694
 3600.0     265.1108363624835
 3700.0     261.7790866713458
 3800.0     258.4485151995032
 3900.0     255.1358675317779
 4000.0     251.8451461284585
 4100.0     248.5371806344065
 4200.0     245.2685196422863
 4300.0     242.0005178397842
 4400.0     238.7419017218745
 4500.0     235.4987631694385
 4600.0     232.2700191681542
 4700.0     229.0698083368334
 4800.0     225.8485514100139
 4900.0     222.6905364758131
 5000.0     219.5113084391342
 5100.0     216.3812323047459
 5200.0     213.2682703263636
 5300.0     210.1768954105355
 5400.0     207.0955274189691
 5500.0     204.0465505329121
 5600.0     200.9294419798825
 5700.0     197.9326850608777
 5800.0     195.0147765287693
 5900.0     191.9949872657890
 6000.0     189.1139156527643
# P = 8.000000 (GPa)
    1.0     383.9807795440641
  100.0     383.6090376334598
  200.0     381.7837920072074
  300.0     379.0477716013395
  400.0     375.9302140269633
  500.0     372.6724102389252
  600.0     369.3628506295218
  700.0     366.0326083664423
  800.0     362.6926939331782
  900.0     359.3471545879273
 1000.0     355.9975402124745
 1100.0     352.6444519793923
 1200.0     349.2880357010791
 1300.0     345.9283489451965
 1400.0     342.5653898405140
 1500.0     339.1992083377745
 1600.0     335.8298999958155
 1700.0     332.4573526604286
 1800.0     329.0812927996213
 1900.0     325.7016844555945
 2000.0     322.3189849474596
 2100.0     318.9337998767576
 2200.0     315.5466710205050
 2300.0     312.1581821606227
 2400.0     308.7688547284235
 2500.0     305.3793942664954
 2600.0     301.9903049053407
 2700.0     298.6023335936446
 2800.0     295.2158975158796
 2900.0     291.8324042734785
 3000.0     288.4496388056027
 3100.0     285.0731102802251
 3200.0     281.6980392177827
 3300.0     278.3295749063495
 3400.0     274.9693667880756
 3500.0     271.6113141627097
 3600.0     268.2642451235083
 3700.0     264.9224126045392
 3800.0     261.5822729978572
 3900.0     258.2580232895398
 4000.0     254.9535113933425
 4100.0     251.6348385626425
 4200.0     248.3511455970602
 4300.0     245.0689557129044
 4400.0     241.7958639904555
 4500.0     238.5373598593178
 4600.0     235.2924907964371
 4700.0     232.0740571390197
 4800.0     228.8376178807775
 4900.0     225.6590555380135
 5000.0     222.4622622349634
 5100.0     219.3109708288612
 5200.0     216.1762998990380
 5300.0     213.0623378725068
 5400.0     209.9585753314968
 5500.0     206.8855716701510
 5600.0     203.7509418480186
 5700.0     200.7279967369177
 5800.0     197.7789294438116
 5900.0     194.7369115653419
 6000.0     191.8244677099865
# P = 9.000000 (GPa)
    1.0     387.1709096507759
  100.0     386.7996133953318
  200.0     384.9762992214576
  300.0     382.2427790942860
  400.0     379.1276474202091
  500.0     375.8720496572286
  600.0     372.5644957675623
  700.0     369.2361324309090
  800.0     365.8980166690183
  900.0     362.5542200079719
 1000.0     359.2063013266098
 1100.0     355.8548820601472
 1200.0     352.5001151954315
 1300.0     349.1421145542261
 1400.0     345.7808551405546
 1500.0     342.4162926078871
 1600.0     339.0484789066332
 1700.0     335.6775231286219
 1800.0     332.3033683761245
 1900.0     328.9257238634225
 2000.0     325.5444827361304
 2100.0     322.1601775687624
 2200.0     318.7733370037725
 2300.0     315.3845167798642
 2400.0     311.9943009985556
 2500.0     308.6033053078989
 2600.0     305.2120987001268
 2700.0     301.8213467990861
 2800.0     298.4315411926904
 2900.0     295.0438705152944
 3000.0     291.6568775188441
 3100.0     288.2747345401008
 3200.0     284.8940836839841
 3300.0     281.5189869386197
 3400.0     278.1509427884437
 3500.0     274.7851690879143
 3600.0     271.4289968871344
 3700.0     268.0777773474010
 3800.0     264.7286417831801
 3900.0     261.3935145494534
 4000.0     258.0760729852300
 4100.0     254.7472045825762
 4200.0     251.4493247263599
 4300.0     248.1536532227819
 4400.0     244.8667637981998
 4500.0     241.5935871952042
 4600.0     238.3332979032275
 4700.0     235.0974469592256
 4800.0     231.8463696531508
 4900.0     228.6481258718268
 5000.0     225.4343902560358
 5100.0     222.2626980336354
 5200.0     219.1071148619449
 5300.0     215.9713713129458
 5400.0     212.8459642774251
 5500.0     209.7497343600844
 5600.0     206.5979864154579
 5700.0     203.5496977341099
 5800.0     200.5705370788055
 5900.0     197.5068497989851
 6000.0     194.5640168798709
# P = 10.000000 (GPa)
    1.0     390.3610412880195
  100.0     389.9901894494201
  200.0     388.1688069505908
  300.0     385.4377833651695
  400.0     382.3250823264927
  500.0     379.0716896591605
  600.0     375.7661439089805
  700.0     372.4396574047713
  800.0     369.1033346238136
  900.0     365.7612802849718
 1000.0     362.4150652985473
 1100.0     359.0653300163681
 1200.0     355.7122085943719
 1300.0     352.3558494530349
 1400.0     348.9962639782198
 1500.0     345.6334024415567
 1600.0     342.2672071223033
 1700.0     338.8977540038327
 1800.0     335.5251743037950
 1900.0     332.1494175906003
 2000.0     328.7701535115150
 2100.0     325.3873516830685
 2200.0     322.0014145686228
 2300.0     318.6129054192026
 2400.0     315.2224222701756
 2500.0     311.8305308991329
 2600.0     308.4378418997560
 2700.0     305.0449605476163
 2800.0     301.6524313787346
 2900.0     298.2612677176451
 3000.0     294.8706186162800
 3100.0     291.4835855832384
 3200.0     288.0979605226111
 3300.0     284.7169080651698
 3400.0     281.3417806287766
 3500.0     277.9689351199975
 3600.0     274.6043998767391
 3700.0     271.2444867838931
 3800.0     267.8869321706197
 3900.0     264.5416480512604
 4000.0     261.2121276928274
 4100.0     257.8735827380160
 4200.0     254.5623526316404
 4300.0     251.2539043051602
 4400.0     247.9538946555294
 4500.0     244.6667378508828
 4600.0     241.3917317717751
 4700.0     238.1392641299244
 4800.0     234.8740977178568
 4900.0     231.6570318118465
 5000.0     228.4269786113546
 5100.0     225.2356955185824
 5200.0     222.0599931633296
 5300.0     218.9032699219097
 5400.0     215.7569665666160
 5500.0     212.6383077164792
 5600.0     209.4698529388334
 5700.0     206.3970609542666
 5800.0     203.3888622086743
 5900.0     200.3040683290747
 6000.0     197.3318222593516
# P = 11.000000 (GPa)
    1.0     393.5511756820819
  100.0     393.1807656415289
  200.0     391.3613129267449
  300.0     388.6327876711320
  400.0     385.5225192565075
  500.0     382.2713280770425
  600.0     378.9677931538909
  700.0     375.6431842645582
  800.0     372.3086520695885
  900.0     368.9683369980003
 1000.0     365.6238247905229
 1100.0     362.2757778689374
 1200.0     358.9243202906596
 1300.0     355.5695982382309
 1400.0     352.2116465380576
 1500.0     348.8504523836717
 1600.0     345.4859536924269
 1700.0     342.1181320656876
 1800.0     338.7470550025342
 1900.0     335.3728615439929
 2000.0     331.9954645452099
 2100.0     328.6146615554273
 2200.0     325.2302489571172
 2300.0     321.8426847806865
 2400.0     318.4525565062949
 2500.0     315.0604064506167
 2600.0     311.6668688082888
 2700.0     308.2725059839458
 2800.0     304.8778974284468
 2900.0     301.4839197621163
 3000.0     298.0901931852798
 3100.0     294.6989855361687
 3200.0     291.3089949358373
 3300.0     287.9226604594501
 3400.0     284.5411944759749
 3500.0     281.1619262826691
 3600.0     277.7897623156555
 3700.0     274.4218467979772
 3800.0     271.0564547753811
 3900.0     267.7017305347445
 4000.0     264.3609723048221
 4100.0     261.0132770728451
 4200.0     257.6895249142990
 4300.0     254.3690028957071
 4400.0     251.0565500725879
 4500.0     247.7561044999748
 4600.0     244.4670836855421
 4700.0     241.1987949838422
 4800.0     237.9200930655898
 4900.0     234.6850576926518
 5000.0     231.4393134098937
 5100.0     228.2292448831358
 5200.0     225.0342127513941
 5300.0     221.8573078894769
 5400.0     218.6908545096885
 5500.0     215.5505608528692
 5600.0     212.3658186743924
 5700.0     209.2693592994183
 5800.0     206.2331676092072
 5900.0     203.1278335180541
 6000.0     200.1271429449262
# P = 12.000000 (GPa)
    1.0     396.7413103703872
  100.0     396.3713418533466
  200.0     394.5538167074269
  300.0     391.8277949646844
  400.0     388.7199579306706
  500.0     385.4709645054061
  600.0     382.1694416617493
  700.0     378.8467103031906
  800.0     375.5139700817988
  900.0     372.1753932014220
 1000.0     368.8325834990058
 1100.0     365.4862167643651
 1200.0     362.1364327290393
 1300.0     358.7833628944088
 1400.0     355.4270438404749
 1500.0     352.0674776279319
 1600.0     348.7046433505727
 1700.0     345.3385192380687
 1800.0     341.9690744236453
 1900.0     338.5963943679376
 2000.0     335.2205473189041
 2100.0     331.8415903585887
 2200.0     328.4591854113169
 2300.0     325.0731915663642
 2400.0     321.6840416699247
 2500.0     318.2922673727695
 2600.0     314.8985137297877
 2700.0     311.5033142527836
 2800.0     308.1072686962627
 2900.0     304.7111505302923
 3000.0     301.3149323132108
 3100.0     297.9202565254216
 3200.0     294.5265121258479
 3300.0     291.1355662948857
 3400.0     287.7484984969459
 3500.0     284.3634565996347
 3600.0     280.9843924272564
 3700.0     277.6091632736175
 3800.0     274.2365202126853
 3900.0     270.8730687396674
 4000.0     267.5219036098906
 4100.0     264.1655916308810
 4200.0     260.8301371756952
 4300.0     257.4982429301863
 4400.0     254.1740235596626
 4500.0     250.8609798162015
 4600.0     247.5586449278144
 4700.0     244.2753258534776
 4800.0     240.9836466871129
 4900.0     237.7314878488687
 5000.0     234.4706807605471
 5100.0     231.2426277265840
 5200.0     228.0290515743800
 5300.0     224.8327594055518
 5400.0     221.6469004167739
 5500.0     218.4857628825557
 5600.0     215.2851608789279
 5700.0     212.1658656711516
 5800.0     209.1027160555313
 5900.0     205.9774117283014
 6000.0     202.9492380333104
# P = 13.000000 (GPa)
    1.0     399.9314419640319
  100.0     399.5619179788025
  200.0     397.7463196983855
  300.0     395.0228049542633
  400.0     391.9173976565055
  500.0     388.6705992845345
  600.0     385.3710888796339
  700.0     382.0502338825846
  800.0     378.7192876500885
  900.0     375.3824499620626
 1000.0     372.0413455256435
 1100.0     368.6966526158001
 1200.0     365.3485377883566
 1300.0     361.9971278673669
 1400.0     358.6424557337864
 1500.0     355.2845186795989
 1600.0     351.9233138182620
 1700.0     348.5588467259277
 1800.0     345.1910959166239
 1900.0     341.8200575377977
 2000.0     338.4457318908689
 2100.0     335.0683068857576
 2200.0     331.6877384862397
 2300.0     328.3037625059236
 2400.0     324.9162157240766
 2500.0     321.5254490760104
 2600.0     318.1321109683147
 2700.0     314.7367164988394
 2800.0     311.3398745366172
 2900.0     307.9422839037607
 3000.0     304.5441670874415
 3100.0     301.1467206775273
 3200.0     297.7498372948197
 3300.0     294.3549477449108
 3400.0     290.9630068585985
 3500.0     287.5728400946018
 3600.0     284.1875984348976
 3700.0     280.8057420947832
 3800.0     277.4264390977003
 3900.0     274.0549694057927
 4000.0     270.6942183967276
 4100.0     267.3298304559989
 4200.0     263.9834850172429
 4300.0     260.6409183442584
 4400.0     257.3056086270417
 4500.0     253.9806564731070
 4600.0     250.6657067820124
 4700.0     247.3681430714951
 4800.0     244.0640495730077
 4900.0     240.7956066149800
 5000.0     237.5203667724709
 5100.0     234.2751256484989
 5200.0     231.0437875803946
 5300.0     227.8288986602565
 5400.0     224.6243765981708
 5500.0     221.4431829194873
 5600.0     218.2271568087453
 5700.0     215.0858529712932
 5800.0     211.9967703229559
 5900.0     208.8520693223254
 6000.0     205.7973666213220
# P = 14.000000 (GPa)
    1.0     403.1215695873280
  100.0     402.7524939551464
  200.0     400.9388232242458
  300.0     398.2178160892389
  400.0     395.1148365001415
  500.0     391.8702332524180
  600.0     388.5727346376217
  700.0     385.2537571869589
  800.0     381.9246045464177
  900.0     378.5895073331127
 1000.0     375.2501094468070
 1100.0     371.9070913763616
 1200.0     368.5606395366276
 1300.0     365.2108871341565
 1400.0     361.8578683871909
 1500.0     358.5015736854369
 1600.0     355.1420020776279
 1700.0     351.7791558301593
 1800.0     348.4130608422249
 1900.0     345.0437138308486
 2000.0     341.6710385709252
 2100.0     338.2951392204525
 2200.0     334.9161037441157
 2300.0     331.5339367966871
 2400.0     328.1484168620995
 2500.0     324.7592869707585
 2600.0     321.3669948279318
 2700.0     317.9720438668231
 2800.0     314.5750443039460
 2900.0     311.1766437641068
 3000.0     307.7772285953409
 3100.0     304.3777001190169
 3200.0     300.9782956449383
 3300.0     297.5801269829591
 3400.0     294.1840337278355
 3500.0     290.7893907912739
 3600.0     287.3986885619413
 3700.0     284.0108891454307
 3800.0     280.6255220456408
 3900.0     277.2467392728779
 4000.0     273.8772134539950
 4100.0     270.5052975920162
 4200.0     267.1488640403254
 4300.0     263.7963230736150
 4400.0     260.4505987849980
 4500.0     257.1144271444409
 4600.0     253.7875605314939
 4700.0     250.4765329704387
 4800.0     247.1605927140736
 4900.0     243.8766983255809
 5000.0     240.5876575545117
 5100.0     237.3260202481306
 5200.0     234.0776987176105
 5300.0     230.8449998435171
 5400.0     227.6225553640215
 5500.0     224.4220900769396
 5600.0     221.1910837203432
 5700.0     218.0285941019247
 5800.0     214.9145931869280
 5900.0     211.7510726626278
 6000.0     208.6707878057205
# P = 15.000000 (GPa)
    1.0     406.3116963278675
  100.0     405.9430698040666
  200.0     404.1313275529734
  300.0     401.4128269772279
  400.0     398.3122723561038
  500.0     395.0698681939930
  600.0     391.7743794517066
  700.0     388.4572830519332
  800.0     385.1299224976580
  900.0     381.7965651934359
 1000.0     378.4588716800275
 1100.0     375.1175327777890
 1200.0     371.7727419627084
 1300.0     368.4246446834380
 1400.0     365.0732766222446
 1500.0     361.7186295362476
 1600.0     358.3607016918116
 1700.0     354.9994825414367
 1800.0     351.6350111820213
 1900.0     348.2673151752799
 2000.0     344.8963315404898
 2100.0     341.5220898821637
 2200.0     338.1445933578904
 2300.0     334.7639421618834
 2400.0     331.3802186232090
 2500.0     327.9931172547276
 2600.0     324.6024996127009
 2700.0     321.2086275014444
 2800.0     317.8121073526843
 2900.0     314.4135539929162
 3000.0     311.0134479242765
 3100.0     307.6125169764192
 3200.0     304.2112123783817
 3300.0     300.8104261824653
 3400.0     297.4108932715654
 3500.0     294.0124227133600
 3600.0     290.6169710317436
 3700.0     287.2239103095282
 3800.0     283.8330796716972
 3900.0     280.4476850807018
 4000.0     277.0701855703949
 4100.0     273.6912970828148
 4200.0     270.3255698463554
 4300.0     266.9637510540110
 4400.0     263.6082875437523
 4500.0     260.2615845038636
 4600.0     256.9234974596402
 4700.0     253.5997818829392
 4800.0     250.2725671009521
 4900.0     246.9740473152287
 5000.0     243.6718392156981
 5100.0     240.3945931248472
 5200.0     237.1300629342859
 5300.0     233.8803371453832
 5400.0     230.6407090246539
 5500.0     227.4217534687159
 5600.0     224.1762188703324
 5700.0     220.9933619645526
 5800.0     217.8554474226548
 5900.0     214.6736881114484
 6000.0     211.5687606831125
# P = 16.000000 (GPa)
    1.0     409.5018254351253
  100.0     409.1336455713176
  200.0     407.3238325319477
  300.0     404.6078365833137
  400.0     401.5097052774463
  500.0     398.2695058576072
  600.0     394.9760247433306
  700.0     391.6608117792458
  800.0     388.3352433182791
  900.0     385.0036231167675
 1000.0     381.6676310874580
 1100.0     378.3279746254951
 1200.0     374.9848456218327
 1300.0     371.6384036730227
 1400.0     368.2886827444720
 1500.0     364.9356818160218
 1600.0     361.5793974870631
 1700.0     358.2198209569750
 1800.0     354.8569791307934
 1900.0     351.4909085262948
 2000.0     348.1215717607363
 2100.0     344.7490245658448
 2200.0     341.3731894183151
 2300.0     337.9940849186805
 2400.0     334.6118735761466
 2500.0     331.2265476223437
 2600.0     327.8379614986687
 2700.0     324.4457985474129
 2800.0     321.0503930372673
 2900.0     317.6523384717751
 3000.0     314.2521561616173
 3100.0     310.8504933762657
 3200.0     307.4479126973313
 3300.0     304.0451675168620
 3400.0     300.6428996566943
 3500.0     297.2412498845675
 3600.0     293.8417540676639
 3700.0     290.4441114710398
 3800.0     287.0484225910686
 3900.0     283.6571135690259
 4000.0     280.2724315345913
 4100.0     276.8871329722147
 4200.0     273.5128980367022
 4300.0     270.1424962211177
 4400.0     266.7779684135958
 4500.0     263.4214212249881
 4600.0     260.0728088498008
 4700.0     256.7371761416125
 4800.0     253.3992637243919
 4900.0     250.0869379185533
 5000.0     246.7721978649770
 5100.0     243.4801258782027
 5200.0     240.2001581786026
 5300.0     236.9341847559481
 5400.0     233.6781098902065
 5500.0     230.4414422082118
 5600.0     227.1818395150840
 5700.0     223.9794294611311
 5800.0     220.8185958055656
 5900.0     217.6191820313907
 6000.0     214.4905443502212
# P = 17.000000 (GPa)
    1.0     412.6919572800895
  100.0     412.3242216091328
  200.0     410.5163380283410
  300.0     407.8028439663936
  400.0     404.7071378439992
  500.0     401.4691459718086
  600.0     398.1776718244618
  700.0     394.8643412186333
  800.0     391.5405660687058
  900.0     388.2106806971374
 1000.0     384.8763900687903
 1100.0     381.5384156581864
 1200.0     378.1969502175127
 1300.0     374.8521631506445
 1400.0     371.5040885879870
 1500.0     368.1527323387576
 1600.0     364.7980871790917
 1700.0     361.4401584594065
 1800.0     358.0789571584257
 1900.0     354.7145239972619
 2000.0     351.3468065320448
 2100.0     347.9759102738270
 2200.0     344.6017602005357
 2300.0     341.2243292413913
 2400.0     337.8436744553043
 2500.0     334.4598533607287
 2600.0     331.0730254511385
 2700.0     327.6828918138512
 2800.0     324.2892307121303
 2900.0     320.8923210822691
 3000.0     317.4926843947312
 3100.0     314.0909514450867
 3200.0     310.6877218039693
 3300.0     307.2836731595834
 3400.0     303.8793670501282
 3500.0     300.4751863286018
 3600.0     297.0723458930624
 3700.0     293.6707985139313
 3800.0     290.2708614189514
 3900.0     286.8743314776156
 4000.0     283.4832481352800
 4100.0     280.0921093040799
 4200.0     276.7101442127682
 4300.0     273.3318525106702
 4400.0     269.9589349047897
 4500.0     266.5932299815195
 4600.0     263.2347859853471
 4700.0     259.8880020790129
 4800.0     256.5399735750980
 4900.0     253.2146544700745
 5000.0     249.8880196113369
 5100.0     246.5819001074287
 5200.0     243.2872623986841
 5300.0     240.0058168650830
 5400.0     236.7340302710927
 5500.0     233.4804254091032
 5600.0     230.2072229111618
 5700.0     226.9860694934978
 5800.0     223.8033011109073
 5900.0     220.5868207848689
 6000.0     217.4353979039151
# P = 18.000000 (GPa)
    1.0     415.8820899767607
  100.0     415.5147985640241
  200.0     413.7088439691395
  300.0     410.9978493605009
  400.0     407.9045725079411
  500.0     404.6687867720400
  600.0     401.3793205506359
  700.0     398.0678693993896
  800.0     394.7458877922703
  900.0     391.4177380445021
 1000.0     388.0851508845844
 1100.0     384.7488556925970
 1200.0     381.4090554757806
 1300.0     378.0659214622925
 1400.0     374.7194941624733
 1500.0     371.3697825572310
 1600.0     368.0167761289131
 1700.0     364.6604920281304
 1800.0     361.3009333170635
 1900.0     357.9381474447262
 2000.0     354.5720627591703
 2100.0     351.2027901536382
 2200.0     347.8302842439813
 2300.0     344.4545438348555
 2400.0     341.0755674908618
 2500.0     337.6933130433968
 2600.0     334.3079863898389
 2700.0     330.9195899601157
 2800.0     327.5279560645078
 2900.0     324.1328257059841
 3000.0     320.7343637109868
 3100.0     317.3332133094125
 3200.0     313.9299649004761
 3300.0     310.5252652840634
 3400.0     307.1196096187730
 3500.0     303.7135460691718
 3600.0     300.3080547312970
 3700.0     296.9032773221618
 3800.0     293.4997067705448
 3900.0     290.0986455462353
 4000.0     286.7019321611422
 4100.0     283.3055301222521
 4200.0     279.9166039759518
 4300.0     276.5311138583554
 4400.0     273.1504805275890
 4500.0     269.7763034470922
 4600.0     266.4087201496650
 4700.0     263.0515460277338
 4800.0     259.6939876437182
 4900.0     256.3564813043786
 5000.0     253.0185905637654
 5100.0     249.6991974119901
 5200.0     246.3906535427450
 5300.0     243.0945076629014
 5400.0     239.8077424774547
 5500.0     236.5379721849313
 5600.0     233.2516463150459
 5700.0     230.0125549634831
 5800.0     226.8088261141093
 5900.0     223.5758707342138
 6000.0     220.4025804407247
# P = 19.000000 (GPa)
    1.0     419.0722217690821
  100.0     418.7053769534633
  200.0     416.9013502900875
  300.0     414.1928542477245
  400.0     411.1020091023323
  500.0     407.8684265942508
  600.0     404.5809700424522
  700.0     401.2713959637760
  800.0     397.9512063583436
  900.0     394.6247955595666
 1000.0     391.2939128153557
 1100.0     387.9592947726251
 1200.0     384.6211611436610
 1300.0     381.2796785350376
 1400.0     377.9348992799622
 1500.0     374.5868328960803
 1600.0     371.2354675849601
 1700.0     367.8808233776942
 1800.0     364.5229068617019
 1900.0     361.1617624849040
 2000.0     357.7973265290922
 2100.0     354.4296866020867
 2200.0     351.0588098383950
 2300.0     347.6847131752440
 2400.0     344.3074230497288
 2500.0     340.9268568866925
 2600.0     337.5431063097074
 2700.0     334.1562047985102
 2800.0     330.7662920427425
 2900.0     327.3731863087415
 3000.0     323.9765251977523
 3100.0     320.5766010957734
 3200.0     317.1739671890331
 3300.0     313.7692660637358
 3400.0     310.3629415295350
 3500.0     306.9556431299827
 3600.0     303.5481888057290
 3700.0     300.1408537796984
 3800.0     296.7342692610422
 3900.0     293.3293625146520
 4000.0     289.9277804008572
 4100.0     286.5266994705815
 4200.0     283.1315729276324
 4300.0     279.7395741998796
 4400.0     276.3518987922671
 4500.0     272.9699342953750
 4600.0     269.5939026261071
 4700.0     266.2270943204189
 4800.0     262.8605969209921
 4900.0     259.5117027560264
 5000.0     256.1631968312395
 5100.0     252.8312993913160
 5200.0     249.5096095590088
 5300.0     246.1995313394036
 5400.0     242.8985188196202
 5500.0     239.6133516492664
 5600.0     236.3143869832293
 5700.0     233.0581587727866
 5800.0     229.8344335905676
 5900.0     226.5855982420399
 6000.0     223.3913510574639
# P = 20.000000 (GPa)
    1.0     422.2623524019801
  100.0     421.8959558576928
  200.0     420.0938567853099
  300.0     417.3878601051030
  400.0     414.2994459938462
  500.0     411.0680645092365
  600.0     407.7826194991910
  700.0     404.4749211312218
  800.0     401.1565232444156
  900.0     397.8318535371540
 1000.0     394.5026738430556
 1100.0     391.1697338561676
 1200.0     387.8332668929564
 1300.0     384.4934354930674
 1400.0     381.1503047148535
 1500.0     377.8038836243495
 1600.0     374.4541610349045
 1700.0     371.1011541257447
 1800.0     367.7448815216782
 1900.0     364.3853705039768
 2000.0     361.0225833536884
 2100.0     357.6565887086644
 2200.0     354.2873560358450
 2300.0     350.9148834248761
 2400.0     347.5392342462119
 2500.0     344.1603576499340
 2600.0     340.7783000667943
 2700.0     337.3929815079334
 2800.0     334.0045652760393
 2900.0     330.6131650197006
 3000.0     327.2185147822278
 3100.0     323.8204369306999
 3200.0     320.4190538718212
 3300.0     317.0149976720343
 3400.0     313.6086769493208
 3500.0     310.2007915347419
 3600.0     306.7920563397169
 3700.0     303.3828337705056
 3800.0     299.9738595056432
 3900.0     296.5657891226332
 4000.0     293.1600896431078
 4100.0     289.7549213929144
 4200.0     286.3543466692136
 4300.0     282.9565274709635
 4400.0     279.5624832090778
 4500.0     276.1734152000372
 4600.0     272.7896246980506
 4700.0     269.4139332896343
 4800.0     266.0390923975997
 4900.0     262.6796031596014
 5000.0     259.3211245227203
 5100.0     255.9774876447227
 5200.0     252.6434083956465
 5300.0     249.3201620845903
 5400.0     246.0056316077589
 5500.0     242.7058329157044
 5600.0     239.3947221722010
 5700.0     236.1221538233713
 5800.0     232.8793863155079
 5900.0     229.6152696706740
 6000.0     226.4009688507213
# P = 21.000000 (GPa)
    1.0     425.4524823315882
  100.0     425.0865335169935
  200.0     423.2863630114024
  300.0     420.5828676672055
  400.0     417.4968818930622
  500.0     414.2676998364155
  600.0     410.9842684150578
  700.0     407.6784453566491
  800.0     404.3618408482450
  900.0     401.0389119378933
 1000.0     397.7114330050759
 1100.0     394.3801742016665
 1200.0     391.0453720736926
 1300.0     387.7071932711343
 1400.0     384.3657118330616
 1500.0     381.0209347730161
 1600.0     377.6728555497905
 1700.0     374.3214857067795
 1800.0     370.9668579555332
 1900.0     367.6089786826710
 2000.0     364.2478343772416
 2100.0     360.8834861684650
 2200.0     357.5159040125258
 2300.0     354.1450713520786
 2400.0     350.7710489118480
 2500.0     347.3938160621034
 2600.0     344.0134431156563
 2700.0     340.6298257714593
 2800.0     337.2430026262614
 2900.0     333.8531003666860
 3000.0     330.4601395446584
 3100.0     327.0640643088946
 3200.0     323.6645501510216
 3300.0     320.2617822823925
 3400.0     316.8561300450364
 3500.0     313.4483053071564
 3600.0     310.0389655566197
 3700.0     306.6285231785466
 3800.0     303.2177881195441
 3900.0     299.8072321099413
 4000.0     296.3981566765773
 4100.0     292.9894999330998
 4200.0     289.5842208020813
 4300.0     286.1812676073034
 4400.0     282.7815272882938
 4500.0     279.3860388347277
 4600.0     275.9951776488654
 4700.0     272.6113492679835
 4800.0     269.2287650642634
 4900.0     265.8594668496571
 5000.0     262.4916597472161
 5100.0     259.1370437716359
 5200.0     255.7913280008206
 5300.0     252.4556740885118
 5400.0     249.1283531521240
 5500.0     245.8146850977610
 5600.0     242.4919291384595
 5700.0     239.2038130169512
 5800.0     235.9429470642699
 5900.0     232.6641513825089
 6000.0     229.4306929174709
# P = 22.000000 (GPa)
    1.0     428.6426120284782
  100.0     428.2771084917669
  200.0     426.4788685100917
  300.0     423.7778771978064
  400.0     420.6943173419301
  500.0     417.4673327270582
  600.0     414.1859163512113
  700.0     410.8819696645144
  800.0     407.5671604539834
  900.0     404.2459706534639
 1000.0     400.9201918099636
 1100.0     397.5906161066991
 1200.0     394.2574759665549
 1300.0     390.9209520782463
 1400.0     387.5811211483328
 1500.0     384.2379862521366
 1600.0     380.8915498593788
 1700.0     377.5418190936249
 1800.0     374.1888332190632
 1900.0     370.8325901628493
 2000.0     367.4730848771295
 2100.0     364.1103805670756
 2200.0     360.7444396850085
 2300.0     357.3752619838366
 2400.0     354.0028822869801
 2500.0     350.6272801057700
 2600.0     347.2485458807903
 2700.0     343.8666199201098
 2800.0     340.4814998931014
 2900.0     337.0931995075022
 3000.0     333.7017431750073
 3100.0     330.3073317634444
 3200.0     326.9098103558106
 3300.0     323.5089420682443
 3400.0     320.1046149835884
 3500.0     316.6974984709333
 3600.0     313.2882246797968
 3700.0     309.8772278877855
 3800.0     306.4653657179421
 3900.0     303.0529982163441
 4000.0     299.6412782899479
 4100.0     296.2297391349836
 4200.0     292.8204909276338
 4300.0     289.4130885446128
 4400.0     286.0083245401756
 4500.0     282.6070978731173
 4600.0     279.2098527619219
 4700.0     275.8186285880608
 4800.0     272.4289059116770
 4900.0     269.0505781607831
 5000.0     265.6740886136940
 5100.0     262.3092493714762
 5200.0     258.9526463227430
 5300.0     255.6053415411434
 5400.0     252.2659557630295
 5500.0     248.9391773090701
 5600.0     245.6052851384993
 5700.0     242.3024092554078
 5800.0     239.0243786122628
 5900.0     235.7315097401242
 6000.0     232.4797823542140
# P = 23.000000 (GPa)
    1.0     431.8327420207734
  100.0     431.4676817131060
  200.0     429.6713731041609
  300.0     426.9728887799910
  400.0     423.8917534632496
  500.0     420.6669657733608
  600.0     417.3875631619726
  700.0     414.0854951433103
  800.0     410.7724813691243
  900.0     407.4530293566106
 1000.0     404.1289520676680
 1100.0     400.8010581265503
 1200.0     397.4695786273338
 1300.0     394.1347119544161
 1400.0     390.7965309170307
 1500.0     387.4550377229980
 1600.0     384.1102425661519
 1700.0     380.7621528914123
 1800.0     377.4108049471167
 1900.0     374.0562041464574
 2000.0     370.6983370802995
 2100.0     367.3372759098212
 2200.0     363.9729702509673
 2300.0     360.6054448250850
 2400.0     357.2347200831040
 2500.0     353.8607621258570
 2600.0     350.4836592999845
 2700.0     347.1033780223605
 2800.0     343.7199450751258
 2900.0     340.3333494016245
 3000.0     336.9435083669559
 3100.0     333.5505956788906
 3200.0     330.1547277515220
 3300.0     326.7558380598062
 3400.0     323.3534459318826
 3500.0     319.9476850497792
 3600.0     316.5391419326074
 3700.0     313.1282537821864
 3800.0     309.7159029160341
 3900.0     306.3023941816077
 4000.0     302.8887512719027
 4100.0     299.4749430424167
 4200.0     296.0624526472614
 4300.0     292.6512842185925
 4400.0     289.2421684749856
 4500.0     285.8358849888630
 4600.0     282.4329413205916
 4700.0     279.0350575824648
 4800.0     275.6388059305466
 4900.0     272.2522214275402
 5000.0     268.8676972311305
 5100.0     265.4933860436117
 5200.0     262.1266413095877
 5300.0     258.7684386325245
 5400.0     255.4177117506706
 5500.0     252.0785786631841
 5600.0     248.7340674287898
 5700.0     245.4172154405442
 5800.0     242.1229437347611
 5900.0     238.8166111058290
 6000.0     235.5474962577300
# P = 24.000000 (GPa)
    1.0     435.0228728568177
  100.0     434.6582551466768
  200.0     432.8638769686694
  300.0     430.1679011646200
  400.0     427.0891909697122
  500.0     423.8666020016343
  600.0     420.5892092652731
  700.0     417.2890219900045
  800.0     413.9778027045330
  900.0     410.6600874257177
 1000.0     407.3377143584981
 1100.0     404.0114987114454
 1200.0     400.6816812237822
 1300.0     397.3484723733233
 1400.0     394.0119391082062
 1500.0     390.6720883260049
 1600.0     387.3289331848057
 1700.0     383.9824849669567
 1800.0     380.6327740993896
 1900.0     377.2798195449060
 2000.0     373.9235907303981
 2100.0     370.5641727408791
 2200.0     367.2015059177714
 2300.0     363.8356242523420
 2400.0     360.4665525340769
 2500.0     357.0942472397124
 2600.0     353.7187927969183
 2700.0     350.3401459929586
 2800.0     346.9583570425412
 2900.0     343.5734442865929
 3000.0     340.1853122992950
 3100.0     336.7940216787241
 3200.0     333.3996630879316
 3300.0     330.0024067057888
 3400.0     326.6019876501529
 3500.0     323.1981790674012
 3600.0     319.7910255384110
 3700.0     316.3809067457134
 3800.0     312.9687103290175
 3900.0     309.5547267454974
 4000.0     306.1398724111239
 4100.0     302.7244156992455
 4200.0     299.3094015623566
 4300.0     295.8951485649557
 4400.0     292.4823526029880
 4500.0     289.0716928556288
 4600.0     285.6637346082352
 4700.0     282.2599225837889
 4800.0     278.8577561115603
 4900.0     275.4636809844897
 5000.0     272.0717717085049
 5100.0     268.6887353874413
 5200.0     265.3125909095506
 5300.0     261.9442395526594
 5400.0     258.5828934253177
 5500.0     255.2321582736649
 5600.0     251.8775532658856
 5700.0     248.5475044741506
 5800.0     245.2379052071265
 5900.0     241.9187218421393
 6000.0     238.6330937247531
# P = 25.000000 (GPa)
    1.0     438.2130048856875
  100.0     437.8488304869481
  200.0     436.0563803115136
  300.0     433.3629124844166
  400.0     430.2866291151973
  500.0     427.0662426956160
  600.0     423.7908551409860
  700.0     420.4925491893563
  800.0     417.1831237213177
  900.0     413.8671442975157
 1000.0     410.5464779832864
 1100.0     407.2219375991326
 1200.0     403.8937849134175
 1300.0     400.5622321583168
 1400.0     397.2273452620478
 1500.0     393.8891372409360
 1600.0     390.5476227832045
 1700.0     387.2028150539026
 1800.0     383.8547425063317
 1900.0     380.5034348343384
 2000.0     377.1488454927159
 2100.0     373.7910692552061
 2200.0     370.4300475745067
 2300.0     367.0658061950667
 2400.0     363.6983813894037
 2500.0     360.3277264116416
 2600.0     356.9539290233913
 2700.0     353.5769300475886
 2800.0     350.1967794395129
 2900.0     346.8135081215746
 3000.0     343.4270562040504
 3100.0     340.0374824721868
 3200.0     336.6447583512451
 3300.0     333.2490135857895
 3400.0     329.8502149466091
 3500.0     326.4483588455518
 3600.0     323.0431837205667
 3700.0     319.6344926623307
 3800.0     316.2230985720892
 3900.0     312.8093026477791
 4000.0     309.3939384962938
 4100.0     305.9774611493177
 4200.0     302.5606332743130
 4300.0     299.1439755194054
 4400.0     295.7281704344456
 4500.0     292.3138141470734
 4600.0     288.9015239082296
 4700.0     285.4925099246383
 4800.0     282.0850474454323
 4900.0     278.6842411662167
 5000.0     275.2855981547880
 5100.0     271.8945790023718
 5200.0     268.5097730708171
 5300.0     265.1320184915617
 5400.0     261.7607730972218
 5500.0     258.3991852541039
 5600.0     255.0350199062495
 5700.0     251.6925492581031
 5800.0     248.3685258047099
 5900.0     245.0371083114496
 6000.0     241.7358338520025
# P = 26.000000 (GPa)
    1.0     441.4031373966296
  100.0     441.0394075813334
  200.0     439.2488836705455
  300.0     436.5579211617954
  400.0     433.4840668296532
  500.0     430.2658855399675
  600.0     426.9925011809920
  700.0     423.6960756760971
  800.0     420.3884438313889
  900.0     417.0742005656466
 1000.0     413.7552421318985
 1100.0     410.4323755771372
 1200.0     407.1058897416771
 1300.0     403.7759902950530
 1400.0     400.4427503730752
 1500.0     397.1061851566856
 1600.0     393.7663125541644
 1700.0     390.4231454805264
 1800.0     387.0767116594587
 1900.0     383.7270484580263
 2000.0     380.3741010154087
 2100.0     377.0179645160806
 2200.0     373.6585908421025
 2300.0     370.2959910212863
 2400.0     366.9302095541717
 2500.0     363.5612019278900
 2600.0     360.1890584807516
 2700.0     356.8137148490352
 2800.0     353.4352157657847
 2900.0     350.0535834919644
 3000.0     346.6687746128993
 3100.0     343.2808864475518
 3200.0     339.8898780773477
 3300.0     336.4957777030630
 3400.0     333.0984921824497
 3500.0     329.6982424785903
 3600.0     326.2950054487369
 3700.0     322.8883174160019
 3800.0     319.4783782604463
 3900.0     316.0654286282186
 4000.0     312.6502463160954
 4100.0     309.2333834364815
 4200.0     305.8154433845229
 4300.0     302.3970590176504
 4400.0     298.9789154796233
 4500.0     295.5615415368596
 4600.0     292.1456005039442
 4700.0     288.7321059376032
 4800.0     285.3199709228623
 4900.0     281.9131863072851
 5000.0     278.5084626789759
 5100.0     275.1101984877789
 5200.0     271.7174657415760
 5300.0     268.3310496392628
 5400.0     264.9506230766278
 5500.0     261.5789287180683
 5600.0     258.2057446063518
 5700.0     254.8516226941629
 5800.0     251.5140683028558
 5900.0     248.1710368762433
 6000.0     244.8549757361834
# P = 27.000000 (GPa)
    1.0     444.5932693279603
  100.0     444.2299855180010
  200.0     442.4413879710665
  300.0     439.7529276682637
  400.0     436.6815033724696
  500.0     433.4655277830299
  600.0     430.1941476570155
  700.0     426.8996011767678
  800.0     423.5937625191241
  900.0     420.2812577012444
 1000.0     416.9640054765704
 1100.0     413.6428134560429
 1200.0     410.3179950391886
 1300.0     406.9897474631751
 1400.0     403.6581554173455
 1500.0     400.3232338920546
 1600.0     396.9850034096239
 1700.0     393.6434784233038
 1800.0     390.2986826636036
 1900.0     386.9506601008140
 2000.0     383.5993569181605
 2100.0     380.2448596602840
 2200.0     376.8871327433886
 2300.0     373.5261764945824
 2400.0     370.1620382321609
 2500.0     366.7946769120810
 2600.0     363.4241837831051
 2700.0     360.0504935299759
 2800.0     356.6736512937518
 2900.0     353.2936733933300
 3000.0     349.9105135792007
 3100.0     346.5242670914905
 3200.0     343.1349371597581
 3300.0     339.7425559992117
 3400.0     336.3469187744235
 3500.0     332.9481949486232
 3600.0     329.5465495781949
 3700.0     326.1417859440553
 3800.0     322.7338600092860
 3900.0     319.3224114265819
 4000.0     315.9080926592110
 4100.0     312.4914866045847
 4200.0     309.0731274943791
 4300.0     305.6536929953971
 4400.0     302.2338812487847
 4500.0     298.8141676986487
 4600.0     295.3952556787454
 4700.0     291.9779969552854
 4800.0     288.5618175345448
 4900.0     285.1498007422630
 5000.0     281.7396513900327
 5100.0     278.3348754430651
 5200.0     274.9349468700093
 5300.0     271.5406071857667
 5400.0     268.1517156737727
 5500.0     264.7706577791137
 5600.0     261.3890046227207
 5700.0     258.0239976841785
 5800.0     254.6737954768878
 5900.0     251.3197738989320
 6000.0     247.9897784739878
# P = 28.000000 (GPa)
    1.0     447.7833998170605
  100.0     447.4205634208073
  200.0     445.6338941377629
  300.0     442.9479333498693
  400.0     439.8789390598684
  500.0     436.6651675837278
  600.0     433.3957948285941
  700.0     430.1031261821227
  800.0     426.7990801369248
  900.0     423.4883169638197
 1000.0     420.1727663894192
 1100.0     416.8532519910154
 1200.0     413.5301002220934
 1300.0     410.2035052017727
 1400.0     406.8735608949003
 1500.0     403.5402848650262
 1600.0     400.2036960913579
 1700.0     396.8638132492998
 1800.0     393.5206563585537
 1900.0     390.1742706143505
 2000.0     386.8246124348761
 2100.0     383.4717559790827
 2200.0     380.1156730345914
 2300.0     376.7563612971339
 2400.0     373.3938679486355
 2500.0     370.0281529924998
 2600.0     366.6593082427382
 2700.0     363.2872699386866
 2800.0     359.9120808829745
 2900.0     356.5337657460524
 3000.0     353.1522676593109
 3100.0     349.7676642306689
 3200.0     346.3799746652089
 3300.0     342.9892706449114
 3400.0     339.5953558604609
 3500.0     336.1982927222519
 3600.0     332.7981801538023
 3700.0     329.3949938535704
 3800.0     325.9889735560901
 3900.0     322.5795577826347
 4000.0     319.1667743143229
 4100.0     315.7510746974754
 4200.0     312.3329812052746
 4300.0     308.9131713883526
 4400.0     305.4923612521927
 4500.0     302.0709853061009
 4600.0     298.6497807160060
 4700.0     295.2294693102779
 4800.0     291.8098782711871
 4900.0     288.3933688057252
 5000.0     284.9784503969477
 5100.0     281.5678914676204
 5200.0     278.1614944043096
 5300.0     274.7599653210964
 5400.0     271.3633231989247
 5500.0     267.9736415508391
 5600.0     264.5840772118345
 5700.0     261.2089471299537
 5800.0     257.8469701021277
 5900.0     254.4825857419428
 6000.0     251.1395011621789
# P = 29.000000 (GPa)
    1.0     450.9735293074891
  100.0     450.6111407296746
  200.0     448.8264020681759
  300.0     446.1429394616215
  400.0     443.0763744195604
  500.0     439.8648047906591
  600.0     436.5974428352851
  700.0     433.3066512072692
  800.0     430.0043976499684
  900.0     426.6953775328803
 1000.0     423.3815236689143
 1100.0     420.0636919125668
 1200.0     416.7422052403254
 1300.0     413.4172646665781
 1400.0     410.0889671155110
 1500.0     406.7573373420050
 1600.0     403.4223908518055
 1700.0     400.0841479517005
 1800.0     396.7426320261755
 1900.0     393.3978809011889
 2000.0     390.0498665004714
 2100.0     386.6986532537517
 2200.0     383.3442118549922
 2300.0     379.9865455572940
 2400.0     376.6256986486021
 2500.0     373.2616312657294
 2600.0     369.8944340759986
 2700.0     366.5240475511456
 2800.0     363.1505095011131
 2900.0     359.7738552808650
 3000.0     356.3940157894294
 3100.0     353.0110727738843
 3200.0     349.6250305019947
 3300.0     346.2359668580944
 3400.0     342.8437361596318
 3500.0     339.4483921122180
 3600.0     336.0499508928415
 3700.0     332.6482978096834
 3800.0     329.2438507832059
 3900.0     325.8363181197210
 4000.0     322.4255880701142
 4100.0     319.0114517590014
 4200.0     315.5943001186020
 4300.0     312.1747881322239
 4400.0     308.7536490001112
 4500.0     305.3312870328784
 4600.0     301.9084668990939
 4700.0     298.4858093351800
 4800.0     295.0634441234886
 4900.0     291.6431748322410
 5000.0     288.2241458086924
 5100.0     284.8085281608405
 5200.0     281.3963862926671
 5300.0     277.9883982352630
 5400.0     274.5847179623222
 5500.0     271.1871491467964
 5600.0     267.7902396301979
 5700.0     264.4057439333101
 5800.0     261.0328549539604
 5900.0     257.6587387677555
 6000.0     254.3034028974616
# P = 30.000000 (GPa)
    1.0     454.1636587688284
  100.0     453.8017170411766
  200.0     452.0189102364406
  300.0     449.3379464628570
  400.0     446.2738098835871
  500.0     443.0644394394203
  600.0     439.7990916702950
  700.0     436.5101766477219
  800.0     433.2097159790827
  900.0     429.9024374962146
 1000.0     426.5902788540624
 1100.0     423.2741336054066
 1200.0     419.9543102259051
 1300.0     416.6310253832587
 1400.0     413.3043741954041
 1500.0     409.9743899159718
 1600.0     406.6410860322477
 1700.0     403.3044810885886
 1800.0     399.9646083357779
 1900.0     396.6214918924433
 2000.0     393.2751185051682
 2100.0     389.9255503013957
 2200.0     386.5727500866217
 2300.0     383.2167295118236
 2400.0     379.8575295313386
 2500.0     376.4951114764661
 2600.0     373.1295630633827
 2700.0     369.7608262695125
 2800.0     366.3889410028102
 2900.0     363.0139427801616
 3000.0     359.6357542223805
 3100.0     356.2544766222023
 3200.0     352.8700981344128
 3300.0     349.4826848685928
 3400.0     346.0921014179060
 3500.0     342.6984333902771
 3600.0     339.3017144843422
 3700.0     335.9017331465053
 3800.0     332.4988386262388
 3900.0     329.0928617433806
 4000.0     325.6840026462569
 4100.0     322.2719218394402
 4200.0     318.8563798357542
 4300.0     315.4378371627183
 4400.0     312.0170380028038
 4500.0     308.5943655526424
 4600.0     305.1706055113796
 4700.0     301.7463033625887
 4800.0     298.3218060821521
 4900.0     294.8985031563780
 5000.0     291.4760237342482
 5100.0     288.0560671221243
 5200.0     284.6389004832624
 5300.0     281.2251801182840
 5400.0     277.8151722742186
 5500.0     274.4104496805771
 5600.0     271.0067691342986
 5700.0     267.6136609960809
 5800.0     264.2307128076800
 5900.0     260.8474993387595
 6000.0     257.4807427765436
# P = 31.000000 (GPa)
    1.0     457.3537890831134
  100.0     456.9922920002285
  200.0     455.2114170169400
  300.0     452.5329544136458
  400.0     449.4712455244735
  500.0     446.2640721503506
  600.0     443.0007413099893
  700.0     439.7137027967810
  800.0     436.4150354172344
  900.0     433.1094952114042
 1000.0     429.7990345596504
 1100.0     426.4845758276506
 1200.0     423.1664152668723
 1300.0     419.8447864519077
 1400.0     416.5197816304369
 1500.0     413.1914415762920
 1600.0     409.8597795140638
 1700.0     406.5248129887179
 1800.0     403.1865839979160
 1900.0     399.8451045220426
 2000.0     396.5003696969413
 2100.0     393.1524462226202
 2200.0     389.8012889996444
 2300.0     386.4469132860756
 2400.0     383.0893598450239
 2500.0     379.7285919158619
 2600.0     376.3646941764033
 2700.0     372.9976052652445
 2800.0     369.6273747222300
 2900.0     366.2540291155071
 3000.0     362.8774921523150
 3100.0     359.4978737597272
 3200.0     356.1151620016501
 3300.0     352.7294163054206
 3400.0     349.3404846112290
 3500.0     345.9484617313775
 3600.0     342.5534196033476
 3700.0     339.1551586950333
 3800.0     335.7539498010001
 3900.0     332.3495305651684
 4000.0     328.9422186377818
 4100.0     325.5319888767562
 4200.0     322.1185160764362
 4300.0     318.7016124155426
 4400.0     315.2818217705340
 4500.0     311.8595135390541
 4600.0     308.4354878362323
 4700.0     305.0102377251009
 4800.0     301.5842551378772
 4900.0     298.1586381127090
 5000.0     294.7333702825944
 5100.0     291.3097899508612
 5200.0     287.8883149242843
 5300.0     284.4695851601765
 5400.0     281.0539584448642
 5500.0     277.6428122657411
 5600.0     274.2329429806346
 5700.0     270.8319712200787
 5800.0     267.4398064386528
 5900.0     264.0481338174268
 6000.0     260.6707798961356
# P = 32.000000 (GPa)
    1.0     460.5439201426416
  100.0     460.1828659422000
  200.0     458.4039215878299
  300.0     455.7279633451185
  400.0     452.6686813303091
  500.0     449.4637047845658
  600.0     446.2023913797482
  700.0     442.9172299214137
  800.0     439.6203558693466
  900.0     436.3165511273718
 1000.0     433.0077929965110
 1100.0     429.6950168594268
 1200.0     426.3785202953685
 1300.0     423.0585470592225
 1400.0     419.7351887938195
 1500.0     416.4084923044204
 1600.0     413.0784703169969
 1700.0     409.7451443194234
 1800.0     406.4085578276020
 1900.0     403.0687189529500
 2000.0     399.7256217766020
 2100.0     396.3793410758470
 2200.0     393.0298291311352
 2300.0     389.6770969573675
 2400.0     386.3211893901267
 2500.0     382.9620711371791
 2600.0     379.5998238622425
 2700.0     376.2343843098266
 2800.0     372.8658091746522
 2900.0     369.4941148770223
 3000.0     366.1192349624062
 3100.0     362.7412710400780
 3200.0     359.3602204729977
 3300.0     355.9761453141732
 3400.0     352.5888763326106
 3500.0     349.1985089841307
 3600.0     345.8051149828258
 3700.0     342.4085326859738
 3800.0     339.0090425567761
 3900.0     335.6063162869561
 4000.0     332.2005685090244
 4100.0     328.7918814173550
 4200.0     325.3802394307102
 4300.0     321.9654083299478
 4400.0     318.5472938135652
 4500.0     315.1260236657749
 4600.0     311.7024051570218
 4700.0     308.2768987553137
 4800.0     304.8500822813667
 4900.0     301.4228640358031
 5000.0     297.9954715627094
 5100.0     294.5689782464473
 5200.0     291.1439075639247
 5300.0     287.7208875509564
 5400.0     284.3003487845095
 5500.0     280.8835060158663
 5600.0     277.4680384256988
 5700.0     274.0599475071185
 5800.0     270.6593986222035
 5900.0     267.2599085661823
 6000.0     263.8727733529749
# P = 33.000000 (GPa)
    1.0     463.7340512218116
  100.0     463.3734397258712
  200.0     461.5964248169037
  300.0     458.9229729156741
  400.0     455.8661172888668
  500.0     452.6633393613158
  600.0     449.4040410234504
  700.0     446.1207578033929
  800.0     442.8256772116497
  900.0     439.5236066406579
 1000.0     436.2165541967942
 1100.0     432.9054556178639
 1200.0     429.5906252091009
 1300.0     426.2723066247682
 1400.0     422.9505953295723
 1500.0     419.6255422373452
 1600.0     416.2971597060089
 1700.0     412.9654756475767
 1800.0     409.6305287016794
 1900.0     406.2923338375412
 2000.0     402.9508756230541
 2100.0     399.6062351165010
 2200.0     396.2583691226168
 2300.0     392.9072805719309
 2400.0     389.5530181666047
 2500.0     386.1955492066604
 2600.0     382.8349496491281
 2700.0     379.4711636251234
 2800.0     376.1042426597521
 2900.0     372.7342005734689
 3000.0     369.3609799336423
 3100.0     365.9846720366795
 3200.0     362.6052792794620
 3300.0     359.2228687121747
 3400.0     355.8372628875912
 3500.0     352.4485654972485
 3600.0     349.0568305917937
 3700.0     345.6619007649702
 3800.0     342.2640838202656
 3900.0     338.8630758132690
 4000.0     335.4590271515383
 4100.0     332.0519168384798
 4200.0     328.6418068255538
 4300.0     325.2287897959644
 4400.0     321.8127489751665
 4500.0     318.3931886064661
 4600.0     314.9706487571177
 4700.0     311.5455727858242
 4800.0     308.1185785033211
 4900.0     304.6904652602309
 5000.0     301.2616136835724
 5100.0     297.8329136082754
 5200.0     294.4049563503686
 5300.0     290.9783614806378
 5400.0     287.5536156033977
 5500.0     284.1318000445248
 5600.0     280.7113327259841
 5700.0     277.2968627590150
 5800.0     273.8887521336749
 5900.0     270.4820899474655
 6000.0     267.0859822437692
# P = 34.000000 (GPa)
    1.0     466.9241816064967
  100.0     466.5640142151792
  200.0     464.7889277853218
  300.0     462.1179825044524
  400.0     459.0635533860864
  500.0     455.8629771735912
  600.0     452.6056893540211
  700.0     449.3242857629426
  800.0     446.0309990316608
  900.0     442.7306630325708
 1000.0     439.4253174658198
 1100.0     436.1158935296834
 1200.0     432.8027298677023
 1300.0     429.4860646095069
 1400.0     426.1660014451638
 1500.0     422.8425917159867
 1600.0     419.5158491951120
 1700.0     416.1858073821175
 1800.0     412.8524971825580
 1900.0     409.5159477036866
 2000.0     406.1761308139809
 2100.0     402.8331288168043
 2200.0     399.4869073821484
 2300.0     396.1374641115553
 2400.0     392.7848466789097
 2500.0     389.4290266153457
 2600.0     386.0700733506449
 2700.0     382.7079432437319
 2800.0     379.3426733467170
 2900.0     375.9742863535701
 3000.0     372.6027238135659
 3100.0     369.2280746970654
 3200.0     365.8503407503759
 3300.0     362.4695889887787
 3400.0     359.0856449572523
 3500.0     355.6986186743945
 3600.0     352.3085542106352
 3700.0     348.9152871962520
 3800.0     345.5191213987903
 3900.0     342.1197846970188
 4000.0     338.7174561568561
 4100.0     335.3120507575011
 4200.0     331.9035250385536
 4300.0     328.4920374521463
 4400.0     325.0777900535833
 4500.0     321.6603038036550
 4600.0     318.2395099198896
 4700.0     314.8155461492295
 4800.0     311.3890347944424
 4900.0     307.9607261205629
 5000.0     304.5310827541618
 5100.0     301.1008776357405
 5200.0     297.6707392318032
 5300.0     294.2412811392376
 5400.0     290.8130312117835
 5500.0     287.3869634652899
 5600.0     283.9621031379904
 5700.0     280.5419898775924
 5800.0     277.1271297484134
 5900.0     273.7139443237218
 6000.0     270.3096656652388
# P = 35.000000 (GPa)
    1.0     470.1143112845668
  100.0     469.7545898642214
  200.0     467.9814313992446
  300.0     465.3129914912753
  400.0     462.2609896072463
  500.0     459.0626172151480
  600.0     455.8073359905005
  700.0     452.5278131112227
  800.0     449.2363207196606
  900.0     445.9377205808294
 1000.0     442.6340820553241
 1100.0     439.3263326394833
 1200.0     436.0148340188517
 1300.0     432.6998210431871
 1400.0     429.3814074192975
 1500.0     426.0596414141804
 1600.0     422.7345397676024
 1700.0     419.4061398992835
 1800.0     416.0744659612521
 1900.0     412.7395602918478
 2000.0     409.4013868013303
 2100.0     406.0600229280601
 2200.0     402.7154440131619
 2300.0     399.3676475618477
 2400.0     396.0166762899005
 2500.0     392.6625036912194
 2600.0     389.3051977179732
 2700.0     385.9447226042873
 2800.0     382.5811008368806
 2900.0     379.2143721782767
 3000.0     375.8444662519030
 3100.0     372.4714768168591
 3200.0     369.0954024184084
 3300.0     365.7163082305252
 3400.0     362.3340284352037
 3500.0     358.9486681101404
 3600.0     355.5602725240371
 3700.0     352.1686786809643
 3800.0     348.7741773541482
 3900.0     345.3764933043169
 4000.0     341.9758383948202
 4100.0     338.5721470395927
 4200.0     335.1653346552266
 4300.0     331.7554428512371
 4400.0     328.3427197167225
 4500.0     324.9270105098677
 4600.0     321.5082849322354
 4700.0     318.0861051781267
 4800.0     314.6607421454319
 4900.0     311.2329309513691
 5000.0     307.8031648834569
 5100.0     304.3721519282369
 5200.0     300.9405341564172
 5300.0     297.5089207167723
 5400.0     294.0778679199155
 5500.0     290.6482653917337
 5600.0     287.2196269182102
 5700.0     283.7946017646710
 5800.0     280.3737942417500
 5900.0     276.9547380573895
 6000.0     273.5430827141020
# P = 36.000000 (GPa)
    1.0     473.3044410969032
  100.0     472.9451665246364
  200.0     471.1739358050083
  300.0     468.5079996109632
  400.0     465.4584259473378
  500.0     462.2622580258206
  600.0     459.0089815516112
  700.0     455.7313395469360
  800.0     452.4416416756006
  900.0     449.1447790629807
 1000.0     445.8428469040510
 1100.0     442.5367743872704
 1200.0     439.2269373898711
 1300.0     435.9135772272435
 1400.0     432.5968136078125
 1500.0     429.2766920221520
 1600.0     425.9532317200290
 1700.0     422.6264731157386
 1800.0     419.2964377012349
 1900.0     415.9631725786180
 2000.0     412.6266428615111
 2100.0     409.2869181721107
 2200.0     405.9439809006719
 2300.0     402.5978311194227
 2400.0     399.2485082686250
 2500.0     395.8959805343749
 2600.0     392.5403242219032
 2700.0     389.1815010677116
 2800.0     385.8195282019011
 2900.0     382.4544579690291
 3000.0     379.0862081480321
 3100.0     375.7148783193184
 3200.0     372.3404621395248
 3300.0     368.9630280236461
 3400.0     365.5824151279536
 3500.0     362.1987170746543
 3600.0     358.8119862373835
 3700.0     355.4220631033121
 3800.0     352.0292372486113
 3900.0     348.6332216710778
 4000.0     345.2342214464397
 4100.0     341.8321985029612
 4200.0     338.4271038229699
 4300.0     335.0189323962837
 4400.0     331.6078129660087
 4500.0     328.1936270816472
 4600.0     324.7766563454905
 4700.0     321.3565444244095
 4800.0     317.9329915469910
 4900.0     314.5063640872199
 5000.0     311.0771461804366
 5100.0     307.6460180851585
 5200.0     304.2136190723978
 5300.0     300.7805544032577
 5400.0     297.3473980380424
 5500.0     293.9149749374303
 5600.0     290.4831813231372
 5700.0     287.0539713220663
 5800.0     283.6280083890243
 5900.0     280.2037375109001
 6000.0     276.7854924870717
# P = 37.000000 (GPa)
    1.0     476.4945719357059
  100.0     476.1357439998901
  200.0     474.3664409427824
  300.0     471.7030071017414
  400.0     468.6558625267304
  500.0     465.4618982506960
  600.0     462.2106267733024
  700.0     458.9348652891262
  800.0     455.6469615862343
  900.0     452.3518382307054
 1000.0     449.0516108364163
 1100.0     445.7472176216954
 1200.0     442.4390400111025
 1300.0     439.1273346331405
 1400.0     435.8122204998968
 1500.0     432.4937436190384
 1600.0     429.1719252761574
 1700.0     425.8468064737007
 1800.0     422.5184123333991
 1900.0     419.1867855269138
 2000.0     415.8518981261813
 2100.0     412.5138146889547
 2200.0     409.1725197916170
 2300.0     405.8280151622082
 2400.0     402.4803415634854
 2500.0     399.1294572506939
 2600.0     395.7754528587218
 2700.0     392.4182786665683
 2800.0     389.0579588225884
 2900.0     385.6945435719736
 3000.0     382.3279502978825
 3100.0     378.9582798741972
 3200.0     375.5855209119781
 3300.0     372.2097495265743
 3400.0     368.8308028183333
 3500.0     365.4487665668044
 3600.0     362.0636995285593
 3700.0     358.6754435131622
 3800.0     355.2842896992296
 3900.0     351.8899543142618
 4000.0     348.4926218720683
 4100.0     345.0922556733861
 4200.0     341.6888325037402
 4300.0     338.2823786545730
 4400.0     334.8729815710973
 4500.0     331.4604084940204
 4600.0     328.0449600198963
 4700.0     324.6265863677198
 4800.0     321.2050864835835
 4900.0     317.7803098626857
 5000.0     314.3523127540794
 5100.0     310.9217577058994
 5200.0     307.4892719279323
 5300.0     304.0554563887102
 5400.0     300.6208938764137
 5500.0     297.1863612159526
 5600.0     293.7520436092674
 5700.0     290.3193714515982
 5800.0     286.8890349655780
 5900.0     283.4602090466953
 6000.0     280.0361540808727
# P = 38.000000 (GPa)
    1.0     479.6847042968590
  100.0     479.3263220446459
  200.0     477.5589467304773
  300.0     474.8980142400924
  400.0     471.8532995530196
  500.0     468.6615372102157
  600.0     465.4122723128570
  700.0     462.1383905932988
  800.0     458.8522804126800
  900.0     455.5588975476535
 1000.0     452.2603727974778
 1100.0     448.9576604972729
 1200.0     445.6511428722625
 1300.0     442.3410940219918
 1400.0     439.0276285916049
 1500.0     435.7107954568435
 1600.0     432.3906199539946
 1700.0     429.0671394170698
 1800.0     425.7403875312722
 1900.0     422.4103992670130
 2000.0     419.0771518404775
 2100.0     415.7407122307272
 2200.0     412.4010603915040
 2300.0     409.0581999663187
 2400.0     405.7121734932046
 2500.0     402.3629341719492
 2600.0     399.0105833985410
 2700.0     395.6550560721230
 2800.0     392.2963929118849
 2900.0     388.9346288733419
 3000.0     385.5696933195592
 3100.0     382.2016817617073
 3200.0     378.8305806099161
 3300.0     375.4564723776477
 3400.0     372.0791894853933
 3500.0     368.6988157034603
 3600.0     365.3154144391400
 3700.0     361.9288257645083
 3800.0     358.5393392156701
 3900.0     355.1466798616082
 4000.0     351.7510257674913
 4100.0     348.3523324087225
 4200.0     344.9505696605025
 4300.0     341.5457863246376
 4400.0     338.1381014139297
 4500.0     334.7272564315545
 4600.0     331.3134315606884
 4700.0     327.8965798833772
 4800.0     324.4767964064274
 4900.0     321.0540707913169
 5000.0     317.6279507133644
 5100.0     314.1986523898539
 5200.0     310.7667706712083
 5300.0     307.3329008631455
 5400.0     303.8976277452791
 5500.0     300.4616933408739
 5600.0     297.0254910330941
 5700.0     293.5900750550848
 5800.0     290.1561367467476
 5900.0     286.7234190272153
 6000.0     283.2943265922144
# P = 39.000000 (GPa)
    1.0     482.8748374041940
  100.0     482.5169002198152
  200.0     480.7514527849905
  300.0     478.0930213122637
  400.0     475.0507372302770
  500.0     471.8611744915901
  600.0     468.6139185260540
  700.0     465.3419156901099
  800.0     462.0575981307188
  900.0     458.7659562763715
 1000.0     455.4691327832319
 1100.0     452.1681014464773
 1200.0     448.8632471524819
 1300.0     445.5548544637965
 1400.0     442.2430377590820
 1500.0     438.9278467374789
 1600.0     435.6093145174790
 1700.0     432.2874717977051
 1800.0     428.9623610595929
 1900.0     425.6340133788894
 2000.0     422.3024043047728
 2100.0     418.9676104725149
 2200.0     415.6296013090752
 2300.0     412.2883850468839
 2400.0     408.9440020192906
 2500.0     405.5964117592188
 2600.0     402.2457144981597
 2700.0     398.8918339423771
 2800.0     395.5348281947762
 2900.0     392.1747143315763
 3000.0     388.8114376483498
 3100.0     385.4450837304817
 3200.0     382.0756419859831
 3300.0     378.7031958569718
 3400.0     375.3275742461324
 3500.0     371.9488642513661
 3600.0     368.5671315131925
 3700.0     365.1822110240392
 3800.0     361.7943922802185
 3900.0     358.4034013208397
 4000.0     355.0094239246508
 4100.0     351.6124122177756
 4200.0     348.2123246682492
 4300.0     344.8092006169658
 4400.0     341.4031837440812
 4500.0     337.9940538625750
 4600.0     334.5819586975454
 4700.0     331.1667404220105
 4800.0     327.7484815966400
 4900.0     324.3274566665402
 5000.0     320.9033714305363
 5100.0     317.4759837364161
 5200.0     314.0453932504134
 5300.0     310.6121620165799
 5400.0     307.1768719548878
 5500.0     303.7402404257667
 5600.0     300.3028008511136
 5700.0     296.8653550343453
 5800.0     293.4285765078735
 5900.0     289.9926338148983
 6000.0     286.5592691178218
# P = 40.000000 (GPa)
    1.0     486.0649702268398
  100.0     485.7074780382327
  200.0     483.9439585068354
  300.0     481.2880286407055
  400.0     478.2481753599723
  500.0     475.0608097293099
  600.0     471.8155656964515
  700.0     468.5454407484295
  800.0     465.2629150120125
  900.0     461.9730136987762
 1000.0     458.6778913305575
 1100.0     455.3785406106908
 1200.0     452.0753535707728
 1300.0     448.7686147823807
 1400.0     445.4584467487580
 1500.0     442.1448970741434
 1600.0     438.8280077282697
 1700.0     435.5078038129516
 1800.0     432.1843326347769
 1900.0     428.8576274222351
 2000.0     425.5276563757230
 2100.0     422.1945086110434
 2200.0     418.8581413473298
 2300.0     415.5185695912167
 2400.0     412.1758288379853
 2500.0     408.8298903595064
 2600.0     405.4808442973252
 2700.0     402.1286127015190
 2800.0     398.7732626253099
 2900.0     395.4148007756429
 3000.0     392.0531822126567
 3100.0     388.6884854810550
 3200.0     385.3207045221345
 3300.0     381.9499193100960
 3400.0     378.5759565590366
 3500.0     375.1989137866277
 3600.0     371.8188504128800
 3700.0     368.4355977086696
 3800.0     365.0494483325587
 3900.0     361.6601233438315
 4000.0     358.2678190668807
 4100.0     354.8724853185139
 4200.0     351.4740792039009
 4300.0     348.0726287339386
 4400.0     344.6682734872434
 4500.0     341.2608174251293
 4600.0     337.8504286266866
 4700.0     334.4369484135514
 4800.0     331.0203350373187
 4900.0     327.6008344410041
 5000.0     324.1784311985033
 5100.0     320.7530675724297
 5200.0     317.3244176137354
 5300.0     313.8925140390293
 5400.0     310.4578988154893
 5500.0     307.0212715842045
 5600.0     303.5832503198196
 5700.0     300.1444842911990
 5800.0     296.7056170242947
 5900.0     293.2671197721828
 6000.0     289.8302407544115
