# T (K)      C_P (J K^-1 mol^-1)
# P = 0.000000 (GPa)
    1.0       1.0000422098829
  100.0      15.9781666982108
  200.0      36.9730745989589
  300.0      41.2093670706613
  400.0      45.7873512731913
  500.0      47.4248097874915
  600.0      48.8958985879638
  700.0      49.8478580393887
  800.0      50.6506933532030
  900.0      51.3170133216681
 1000.0      51.9110146542523
 1100.0      52.4624924741496
 1200.0      52.9787270843371
 1300.0      53.4802277955829
 1400.0      53.9726539935031
 1500.0      54.4608353152336
 1600.0      54.9488869974528
 1700.0      55.4400232810080
 1800.0      55.9349215985227
 1900.0      56.4445817705599
 2000.0      56.9514833604046
 2100.0      57.4808696030367
 2200.0      58.0159246157130
 2300.0      58.5601700979686
 2400.0      59.1281981683233
 2500.0      59.6920533586245
 2600.0      60.2904918666774
 2700.0      60.8897350073944
 2800.0      61.5047278172480
 2900.0      62.1513898539560
 3000.0      62.7887017746270
 3100.0      63.4630666172524
 3200.0      64.1360839536785
 3300.0      64.8559336758838
 3400.0      65.5661056450115
 3500.0      66.2906527868082
 3600.0      67.0796902689977
 3700.0      67.7997607641798
 3800.0      68.6452239878533
 3900.0      69.4110213225927
 4000.0      70.2589002774180
 4100.0      71.1069369087443
 4200.0      71.9716009197013
 4300.0      72.8306496355325
 4400.0      73.7798395666371
 4500.0      74.6579721885268
 4600.0      75.6252977986855
 4700.0      76.6004595982132
 4800.0      77.5322088872758
 4900.0      78.5732274621141
 5000.0      79.5700396186079
 5100.0      80.6028323517115
 5200.0      81.6735496994531
 5300.0      82.7559975695401
 5400.0      83.8404878759241
 5500.0      84.9627073668198
 5600.0      86.0774188809342
 5700.0      87.2321935545107
 5800.0      88.3929638221721
 5900.0      89.6166691027414
 6000.0      90.7850105563598
# P = 1.000000 (GPa)
    1.0       1.0000414337146
  100.0      15.9657174320614
  200.0      36.9523457879247
  300.0      41.1895112193676
  400.0      45.7656076747807
  500.0      47.4006525348238
  600.0      48.8681029905997
  700.0      49.8158734340240
  800.0      50.6140179800497
  900.0      51.2752739674743
 1000.0      51.8638691488159
 1100.0      52.4095570674587
 1200.0      52.9197264545392
 1300.0      53.4148932965157
 1400.0      53.9007285345299
 1500.0      54.3820752947163
 1600.0      54.8630596377470
 1700.0      55.3468940235048
 1800.0      55.8342858020370
 1900.0      56.3361918422924
 2000.0      56.8351876835021
 2100.0      57.3564029382579
 2200.0      57.8831389172193
 2300.0      58.4188655092898
 2400.0      58.9781779891052
 2500.0      59.5332187980988
 2600.0      60.1226106282807
 2700.0      60.7126865420656
 2800.0      61.3184435061794
 2900.0      61.9555454191735
 3000.0      62.5834279339284
 3100.0      63.2480743387319
 3200.0      63.9114039878697
 3300.0      64.6215384417052
 3400.0      65.3216372026458
 3500.0      66.0362908489861
 3600.0      66.8151964142344
 3700.0      67.5252399032643
 3800.0      68.3604959803716
 3900.0      69.1168357734603
 4000.0      69.9539215600472
 4100.0      70.7921473574691
 4200.0      71.6468883105793
 4300.0      72.4956592378690
 4400.0      73.4349440233133
 4500.0      74.3033625790600
 4600.0      75.2610423830052
 4700.0      76.2256259575969
 4800.0      77.1488524208089
 4900.0      78.1797295605757
 5000.0      79.1671960742012
 5100.0      80.1909093168528
 5200.0      81.2518423256260
 5300.0      82.3244135142035
 5400.0      83.4002076163774
 5500.0      84.5120661068551
 5600.0      85.6201300708418
 5700.0      86.7673565841317
 5800.0      87.9157410170697
 5900.0      89.1315262485472
 6000.0      90.2939854197898
# P = 2.000000 (GPa)
    1.0       1.0000406755855
  100.0      15.9533923224584
  200.0      36.9318610972761
  300.0      41.1699631364387
  400.0      45.7442565491720
  500.0      47.3769737558187
  600.0      48.8408981045228
  700.0      49.7845817843469
  800.0      50.5781591694695
  900.0      51.2344739701750
 1000.0      51.8178016600770
 1100.0      52.3578867535512
 1200.0      52.8621170507382
 1300.0      53.3510457936967
 1400.0      53.8303902259200
 1500.0      54.3049966513362
 1600.0      54.7790029902113
 1700.0      55.2556227117464
 1800.0      55.7355871410850
 1900.0      56.2298150953908
 2000.0      56.7209723523799
 2100.0      57.2340837196878
 2200.0      57.7525556942762
 2300.0      58.2798167999192
 2400.0      58.8304577793446
 2500.0      59.3767190883044
 2600.0      59.9570935276338
 2700.0      60.5380254426343
 2800.0      61.1345537137288
 2900.0      61.7621116062109
 3000.0      62.3805503691209
 3100.0      63.0354715303975
 3200.0      63.6890903943217
 3300.0      64.3894604999101
 3400.0      65.0794690449571
 3500.0      65.7841791592577
 3600.0      66.5528968286211
 3700.0      67.2528640233889
 3800.0      68.0778253862511
 3900.0      68.8245920945859
 4000.0      69.6508519527800
 4100.0      70.4791368797250
 4200.0      71.3238506467059
 4300.0      72.1622578624334
 4400.0      73.0915008258995
 4500.0      73.9500779335133
 4600.0      74.8979657163603
 4700.0      75.8518919438680
 4800.0      76.7663845997845
 4900.0      77.7870244226921
 5000.0      78.7649912290318
 5100.0      79.7794882606354
 5200.0      80.8305413067583
 5300.0      81.8931527680406
 5400.0      82.9601205514952
 5500.0      84.0615805986306
 5600.0      85.1627203492433
 5700.0      86.3022808861931
 5800.0      87.4384510889558
 5900.0      88.6461761500180
 6000.0      89.8026850622337
# P = 3.000000 (GPa)
    1.0       1.0000399360320
  100.0      15.9411897719776
  200.0      36.9116169403649
  300.0      41.1507108991925
  400.0      45.7232878479381
  500.0      47.3537656977296
  600.0      48.8142547677899
  700.0      49.7539708134575
  800.0      50.5430891391921
  900.0      51.1945885967653
 1000.0      51.7727785458131
 1100.0      52.3073999787981
 1200.0      52.8058873187579
 1300.0      53.2887121298589
 1400.0      53.7616602825751
 1500.0      54.2296259974137
 1600.0      54.6967466745151
 1700.0      55.1662424144264
 1800.0      55.6388627489092
 1900.0      56.1254927199275
 2000.0      56.6088831247551
 2100.0      57.1139617413809
 2200.0      57.6242297273365
 2300.0      58.1430833348259
 2400.0      58.6851019677093
 2500.0      59.2226240238917
 2600.0      59.7940157383876
 2700.0      60.3658322214958
 2800.0      60.9531449009208
 2900.0      61.5711797321526
 3000.0      62.1801672326548
 3100.0      62.8253614351236
 3200.0      63.4692525583325
 3300.0      64.1598158124573
 3400.0      64.8397211067509
 3500.0      65.5344432770903
 3600.0      66.2929218674211
 3700.0      66.9827676056506
 3800.0      67.7973530566653
 3900.0      68.5344361430738
 4000.0      69.3498377051206
 4100.0      70.1680580629208
 4200.0      71.0026416647304
 4300.0      71.8306005858393
 4400.0      72.7496674291020
 4500.0      73.5982766167688
 4600.0      74.5362264317694
 4700.0      75.4794125192393
 4800.0      76.3849623636905
 4900.0      77.3952623076549
 5000.0      78.3635727053420
 5100.0      79.3687089178077
 5200.0      80.4097766243703
 5300.0      81.4623336285460
 5400.0      82.5203334088880
 5500.0      83.6113419670373
 5600.0      84.7052766425142
 5700.0      85.8370338019785
 5800.0      86.9611298713213
 5900.0      88.1606391614456
 6000.0      89.3110982865988
# P = 4.000000 (GPa)
    1.0       1.0000392130398
  100.0      15.9291075770646
  200.0      36.8916083985645
  300.0      41.1317518861013
  400.0      45.7026876439019
  500.0      47.3310116726672
  600.0      48.7881660021086
  700.0      49.7240070585760
  800.0      50.5087911798988
  900.0      51.1555897103760
 1000.0      51.7287692467357
 1100.0      52.2580635500621
 1200.0      52.7509473911446
 1300.0      53.2278726228734
 1400.0      53.6945688756546
 1500.0      54.1559857604937
 1600.0      54.6163197567247
 1700.0      55.0787844685264
 1800.0      55.5441482092313
 1900.0      56.0232641665761
 2000.0      56.4989639332401
 2100.0      56.9960849063237
 2200.0      57.4982137969264
 2300.0      58.0087224384840
 2400.0      58.5421728720064
 2500.0      59.0710012535555
 2600.0      59.6334502608762
 2700.0      60.1961852230042
 2800.0      60.7743013833585
 2900.0      61.3828390403606
 3000.0      61.9823745913437
 3100.0      62.6178453784389
 3200.0      63.2519980236440
 3300.0      63.9327186897053
 3400.0      64.6025119419514
 3500.0      65.2872076081658
 3600.0      66.0354010871494
 3700.0      66.7150846657049
 3800.0      67.5192196363249
 3900.0      68.2465140723660
 4000.0      69.0510259910779
 4100.0      69.8590647653391
 4200.0      70.6834171707196
 4300.0      71.5008451770404
 4400.0      72.4096046837299
 4500.0      73.2481211763848
 4600.0      74.1759882511783
 4700.0      75.1083487344276
 4800.0      76.0047495434770
 4900.0      77.0046016943725
 5000.0      77.9630973470241
 5100.0      78.9587216433107
 5200.0      79.9896903228147
 5300.0      81.0320880143275
 5400.0      82.0809681111299
 5500.0      83.1614581997036
 5600.0      84.2479039802048
 5700.0      85.3717027924968
 5800.0      86.4838357556725
 5900.0      87.6749598856642
 6000.0      88.8192403993384
# P = 5.000000 (GPa)
    1.0       1.0000385074405
  100.0      15.9171441795417
  200.0      36.8718301305828
  300.0      41.1130749168802
  400.0      45.6824518014662
  500.0      47.3086979832707
  600.0      48.7626086523955
  700.0      49.6946833821889
  800.0      50.4752286067785
  900.0      51.1174552549169
 1000.0      51.6857454798973
 1100.0      52.2098410134101
 1200.0      52.6972644286782
 1300.0      53.1684303656449
 1400.0      53.6290862897630
 1500.0      54.0841092489901
 1600.0      54.5377464630396
 1700.0      54.9932797244831
 1800.0      55.4514772182995
 1900.0      55.9231672494583
 2000.0      56.3912568534635
 2100.0      56.8804992188378
 2200.0      57.3745586569325
 2300.0      57.8767893573639
 2400.0      58.4017306477474
 2500.0      58.9219162131263
 2600.0      59.4754678384760
 2700.0      60.0291605222634
 2800.0      60.5981052091165
 2900.0      61.1971765552669
 3000.0      61.7872662642996
 3100.0      62.4130225784922
 3200.0      63.0374322764284
 3300.0      63.7082815443076
 3400.0      64.3679584525459
 3500.0      65.0425950919347
 3600.0      65.7804628950379
 3700.0      66.4499483710846
 3800.0      67.2435651519766
 3900.0      67.9609718818478
 4000.0      68.7545644110874
 4100.0      69.5523115813211
 4200.0      70.3663344341797
 4300.0      71.1731514837287
 4400.0      72.0714761779891
 4500.0      72.8997776334971
 4600.0      73.8174191635785
 4700.0      74.7388668877768
 4800.0      75.6259160329409
 4900.0      76.6152083093551
 5000.0      77.5637302413539
 5100.0      78.5496863968535
 5200.0      79.5704354015723
 5300.0      80.6025602642689
 5400.0      81.6421605391245
 5500.0      82.7120528797654
 5600.0      83.7907241518324
 5700.0      84.9063940218925
 5800.0      86.0066481026121
 5900.0      87.1892056024632
 6000.0      88.3271522373988
# P = 6.000000 (GPa)
    1.0       1.0000378180979
  100.0      15.9052976695336
  200.0      36.8522793932068
  300.0      41.0946753596571
  400.0      45.6625634999807
  500.0      47.2868167682806
  600.0      48.7375703447993
  700.0      49.6659703160529
  800.0      50.4423932861774
  900.0      51.0801463138782
 1000.0      51.6436788331973
 1100.0      52.1627044441215
 1200.0      52.6447960565775
 1300.0      53.1103528431651
 1400.0      53.5651089643991
 1500.0      54.0139557038072
 1600.0      54.4610634105237
 1700.0      54.9097536622197
 1800.0      55.3608829983329
 1900.0      55.8252377631929
 2000.0      56.2858022210279
 2100.0      56.7672487475405
 2200.0      57.2533130296883
 2300.0      57.7473372302130
 2400.0      58.2638332499977
 2500.0      58.7754320715457
 2600.0      59.3201368891784
 2700.0      59.8648318378764
 2800.0      60.4246360526086
 2900.0      61.0142769553719
 3000.0      61.5949336777981
 3100.0      62.2109899705616
 3200.0      62.8256585498235
 3300.0      63.4866146679569
 3400.0      64.1361756263562
 3500.0      64.8007269174590
 3600.0      65.5282342304095
 3700.0      66.1874906885949
 3800.0      66.9705286230525
 3900.0      67.6779549796687
 4000.0      68.4606005223133
 4100.0      69.2479533319453
 4200.0      70.0515516352905
 4300.0      70.8476808169767
 4400.0      71.7354475872866
 4500.0      72.5534147699433
 4600.0      73.4606907084269
 4700.0      74.3711377457246
 4800.0      75.2486368932625
 4900.0      76.2272542396553
 5000.0      77.1656437503142
 5100.0      78.1417716936615
 5200.0      79.1521747711328
 5300.0      80.1739060330653
 5400.0      81.2040593008576
 5500.0      82.2632638934934
 5600.0      83.3338743865681
 5700.0      84.4412310049171
 5800.0      85.5296659110224
 5900.0      86.7034647649192
 6000.0      87.8348979928059
# P = 7.000000 (GPa)
    1.0       1.0000371444515
  100.0      15.8935662219783
  200.0      36.8329498940800
  300.0      41.0765467535899
  400.0      45.6430198024786
  500.0      47.2653478456504
  600.0      48.7130379182843
  700.0      49.6378569954107
  800.0      50.4102500680782
  900.0      51.0436528030459
 1000.0      51.6025290724145
 1100.0      52.1166185095096
 1200.0      52.5935149005897
 1300.0      53.0535914276701
 1400.0      53.5026043809680
 1500.0      53.9454163414264
 1600.0      54.3862176798082
 1700.0      54.8282453021578
 1800.0      55.2723929570805
 1900.0      55.7295110235197
 2000.0      56.1826382158618
 2100.0      56.6563757504349
 2200.0      57.1345235684521
 2300.0      57.6204170816154
 2400.0      58.1285364039393
 2500.0      58.6316096911140
 2600.0      59.1675234494224
 2700.0      59.7032704602955
 2800.0      60.2539711239780
 2900.0      60.8342224620036
 3000.0      61.4054657355293
 3100.0      62.0118420552473
 3200.0      62.6167776477140
 3300.0      63.2678260243031
 3400.0      63.9072763049453
 3500.0      64.5617222572544
 3600.0      65.2788402639547
 3700.0      65.9278420464625
 3800.0      66.7002477035534
 3900.0      67.3976077860584
 4000.0      68.1692813773177
 4100.0      68.9461445877754
 4200.0      69.7392273424104
 4300.0      70.5245953847363
 4400.0      71.4016860412272
 4500.0      72.2092034721303
 4600.0      73.1059772487785
 4700.0      74.0053357501117
 4800.0      74.8730915685994
 4900.0      75.8409170466003
 5000.0      76.7690165976112
 5100.0      77.7351536459647
 5200.0      78.7350801568794
 5300.0      79.7462911480422
 5400.0      80.7668246040997
 5500.0      81.8152422177012
 5600.0      82.8775060691254
 5700.0      83.9763532462834
 5800.0      85.0530062936171
 5900.0      86.2178455011853
 6000.0      87.3425641802838
# P = 8.000000 (GPa)
    1.0       1.0000364866512
  100.0      15.8819483130178
  200.0      36.8138390827016
  300.0      41.0586799669554
  400.0      45.6238079446577
  500.0      47.2442890415448
  600.0      48.6889894071850
  700.0      49.6103242615647
  800.0      50.3787895320658
  900.0      51.0079344341406
 1000.0      51.5622833268310
 1100.0      52.0715425967593
 1200.0      52.5433781205140
 1300.0      52.9981189453987
 1400.0      53.4415181171921
 1500.0      53.8784585421451
 1600.0      54.3130959388613
 1700.0      54.7486883261622
 1800.0      55.1860484125247
 1900.0      55.6360163163490
 2000.0      56.0818024607591
 2100.0      56.5479202441166
 2200.0      57.0182349887855
 2300.0      57.4960777821503
 2400.0      57.9958935993114
 2500.0      58.4905075966157
 2600.0      59.0176911335677
 2700.0      59.5445451933891
 2800.0      60.0861850940461
 2900.0      60.6570927444488
 3000.0      61.2189487088213
 3100.0      61.8156707594625
 3200.0      62.4108877878322
 3300.0      63.0520210670374
 3400.0      63.6813709680383
 3500.0      64.3256980246843
 3600.0      65.0324041196829
 3700.0      65.6711310299624
 3800.0      66.4328583369621
 3900.0      67.1200733526027
 4000.0      67.8807531164217
 4100.0      68.6470392110460
 4200.0      69.4295199917993
 4300.0      70.2040577377609
 4400.0      71.0703595530712
 4500.0      71.8673160909837
 4600.0      72.7534552793337
 4700.0      73.6416382945804
 4800.0      74.4994630945531
 4900.0      75.4563789126416
 5000.0      76.3740329664206
 5100.0      77.3300149884958
 5200.0      78.3193311051747
 5300.0      79.3198905473750
 5400.0      80.3306270823684
 5500.0      81.3681506991720
 5600.0      82.4217834921149
 5700.0      83.5119149147292
 5800.0      84.5768031246724
 5900.0      85.7324741868979
 6000.0      86.8502577426381
# P = 9.000000 (GPa)
    1.0       1.0000358431050
  100.0      15.8704419561364
  200.0      36.7949422357836
  300.0      41.0410730050255
  400.0      45.6049189676931
  500.0      47.2236213462385
  600.0      48.6654217633103
  700.0      49.5833499804389
  800.0      50.3479858954103
  900.0      50.9729827401137
 1000.0      51.5228971625229
 1100.0      52.0274598772398
 1200.0      52.4943454542040
 1300.0      52.9438849518703
 1400.0      53.3818231335256
 1500.0      53.8130222694227
 1600.0      54.2416647964150
 1700.0      54.6709658509443
 1800.0      55.1017691694218
 1900.0      55.5447962888491
 2000.0      55.9833265840720
 2100.0      56.4419215669833
 2200.0      56.9044896517486
 2300.0      57.3743661756297
 2400.0      57.8659560528048
 2500.0      58.3521819690684
 2600.0      58.8707011023528
 2700.0      59.3887223122742
 2800.0      59.9213500340402
 2900.0      60.4829648412736
 3000.0      61.0354661417710
 3100.0      61.6225653191487
 3200.0      62.2080844626937
 3300.0      62.8393025726779
 3400.0      63.4585675395013
 3500.0      64.0927686549757
 3600.0      64.7890466239160
 3700.0      65.4174840946846
 3800.0      66.1684944463876
 3900.0      66.8454930069701
 4000.0      67.5951605635095
 4100.0      68.3507899287686
 4200.0      69.1225874255466
 4300.0      69.8862302629807
 4400.0      70.7416364425711
 4500.0      71.5279258246132
 4600.0      72.4033027830901
 4700.0      73.2802250093986
 4800.0      74.1279373341617
 4900.0      75.0738258534376
 5000.0      75.9808816271643
 5100.0      76.9265441602940
 5200.0      77.9051139920142
 5300.0      78.8948872161029
 5400.0      79.8956467221214
 5500.0      80.9221628819407
 5600.0      81.9668826307034
 5700.0      83.0480835715913
 5800.0      84.1012056693392
 5900.0      85.2474940183089
 6000.0      86.3581046833742
# P = 10.000000 (GPa)
    1.0       1.0000352145114
  100.0      15.8590457230324
  200.0      36.7762548285129
  300.0      41.0237156759815
  400.0      45.5863486479738
  500.0      47.2033375389628
  600.0      48.6423106191281
  700.0      49.5569287615635
  800.0      50.3178177445317
  900.0      50.9387652087044
 1000.0      51.4843625583937
 1100.0      51.9843225268503
 1200.0      52.4463950702780
 1300.0      52.8908504539782
 1400.0      53.3234612438474
 1500.0      53.7490800587882
 1600.0      54.1718588743247
 1700.0      54.5950434306510
 1800.0      55.0194360228166
 1900.0      55.4557556414133
 2000.0      55.8872540000885
 2100.0      56.3384134113093
 2200.0      56.7933289951339
 2300.0      57.2553267010415
 2400.0      57.7387728259522
 2500.0      58.2166866112260
 2600.0      58.7266120561483
 2700.0      59.2358655308831
 2800.0      59.7595353711536
 2900.0      60.3119130973652
 3000.0      60.8550987739051
 3100.0      61.4326121780942
 3200.0      62.0084603211260
 3300.0      62.6297704965743
 3400.0      63.2389712134804
 3500.0      63.8630459057694
 3600.0      64.5488860715479
 3700.0      65.1670253043128
 3800.0      65.9072876458832
 3900.0      66.5740060278121
 4000.0      67.3126468592174
 4100.0      68.0575479382097
 4200.0      68.8185864375722
 4300.0      69.5712746851841
 4400.0      70.4156848090038
 4500.0      71.1912061605005
 4600.0      72.0556985961554
 4700.0      72.9212770730739
 4800.0      73.7587022718183
 4900.0      74.6934469071592
 5000.0      75.5897551200423
 5100.0      76.5249344044064
 5200.0      77.4926210821788
 5300.0      78.4714712066645
 5400.0      79.4620717306482
 5500.0      80.4774618744203
 5600.0      81.5129899591532
 5700.0      82.5850389155652
 5800.0      83.6263772467848
 5900.0      84.7630635879724
 6000.0      85.8662487326523
# P = 11.000000 (GPa)
    1.0       1.0000346000677
  100.0      15.8477579239672
  200.0      36.7577745043238
  300.0      41.0066044921555
  400.0      45.5680823175674
  500.0      47.1834290424536
  600.0      48.6196509357551
  700.0      49.5310316361085
  800.0      50.2882761142057
  900.0      50.9052619672360
 1000.0      51.4466403102780
 1100.0      51.9421222494809
 1200.0      52.3994767769234
 1300.0      52.8389876234893
 1400.0      53.2663951381348
 1500.0      53.6865659007781
 1600.0      54.1036499081862
 1700.0      54.5208511402966
 1800.0      54.9390125486073
 1900.0      55.3687734107665
 2000.0      55.7934744874274
 2100.0      56.2374381697615
 2200.0      56.6847895466249
 2300.0      57.1390025470263
 2400.0      57.6143905276574
 2500.0      58.0840730441302
 2600.0      58.5854802073030
 2700.0      59.0860359929791
 2800.0      59.6008078559360
 2900.0      60.1440091171040
 3000.0      60.6779244790115
 3100.0      61.2458949045852
 3200.0      61.8121050654507
 3300.0      62.4235218475214
 3400.0      63.0226843039605
 3500.0      63.6366386791473
 3600.0      64.3120380182918
 3700.0      64.9198760937940
 3800.0      65.6493669739758
 3900.0      66.3057493422541
 4000.0      67.0333531188673
 4100.0      67.7674625256355
 4200.0      68.5176723604941
 4300.0      69.2593516121939
 4400.0      70.0926720284930
 4500.0      70.8573303143671
 4600.0      71.7108218198843
 4700.0      72.5649765887987
 4800.0      73.3919473090002
 4900.0      74.3154334065135
 5000.0      75.2008489402678
 5100.0      76.1253829245616
 5200.0      77.0820496031497
 5300.0      78.0498386090444
 5400.0      79.0300975618640
 5500.0      80.0342392424159
 5600.0      81.0603012796243
 5700.0      82.1229715491882
 5800.0      83.1524939257054
 5900.0      84.2793555683956
 6000.0      85.3748497282817
# P = 12.000000 (GPa)
    1.0       1.0000339990444
  100.0      15.8365768315127
  200.0      36.7394957287965
  300.0      40.9897343202379
  400.0      45.5501184521672
  500.0      47.1638787538327
  600.0      48.5974285490789
  700.0      49.5056554290462
  800.0      50.2593286371892
  900.0      50.8724593763493
 1000.0      51.4097125601718
 1100.0      51.9008134119470
 1200.0      52.3535811889933
 1300.0      52.7882447704696
 1400.0      53.2105901131695
 1500.0      53.6254444457776
 1600.0      54.0369646873712
 1700.0      54.4483590968446
 1800.0      54.8604244472547
 1900.0      55.2838106896804
 2000.0      55.7018669291553
 2100.0      56.1388695395781
 2200.0      56.5789119616595
 2300.0      57.0254331650066
 2400.0      57.4928540495506
 2500.0      57.9543903293018
 2600.0      58.4473593447130
 2700.0      58.9392922540934
 2800.0      59.4452315502627
 2900.0      59.9793217310130
 3000.0      60.5040182201804
 3100.0      61.0624941254122
 3200.0      61.6191053694959
 3300.0      62.2206505805041
 3400.0      62.8098061113192
 3500.0      63.4136528650361
 3600.0      64.0786150968203
 3700.0      64.6761550555039
 3800.0      65.3948586527543
 3900.0      66.0408572484651
 4000.0      66.7574181174366
 4100.0      67.4806807293765
 4200.0      68.2199986662145
 4300.0      68.9506201047002
 4400.0      69.7727642884723
 4500.0      70.5264707164683
 4600.0      71.3688512532667
 4700.0      72.2115059581554
 4800.0      73.0278626082608
 4900.0      73.9399782564235
 5000.0      74.8143607975036
 5100.0      75.7280900519813
 5200.0      76.6736008575538
 5300.0      77.6301906474436
 5400.0      78.5999258614406
 5500.0      79.5926939330626
 5600.0      80.6090206360771
 5700.0      81.6620818113063
 5800.0      82.6797432503110
 5900.0      83.7965553380724
 6000.0      84.8840823666686
# P = 13.000000 (GPa)
    1.0       1.0000334117321
  100.0      15.8255010856419
  200.0      36.7214159456343
  300.0      40.9730965767395
  400.0      45.5324463638316
  500.0      47.1446863024660
  600.0      48.5756256063583
  700.0      49.4807798821779
  800.0      50.2309734710567
  900.0      50.8403227275494
 1000.0      51.3735599210279
 1100.0      51.8603804959043
 1200.0      52.3086566402175
 1300.0      52.7386104405682
 1400.0      53.1559940536906
 1500.0      53.5656735075149
 1600.0      53.9717701594158
 1700.0      54.3774865575927
 1800.0      54.7836396577788
 1900.0      55.2007901642514
 2000.0      55.6123885301731
 2100.0      56.0425869527356
 2200.0      56.4755550470442
 2300.0      56.9146552151060
 2400.0      57.3742063445123
 2500.0      57.8276851724192
 2600.0      58.3123008349627
 2700.0      58.7956902973558
 2800.0      59.2928678234562
 2900.0      59.8179169790621
 3000.0      60.3334520204816
 3100.0      60.8824874766237
 3200.0      61.4295448126194
 3300.0      62.0212475098286
 3400.0      62.6004328103895
 3500.0      63.1941912079923
 3600.0      63.8487268494256
 3700.0      64.4359777471795
 3800.0      65.1438858744463
 3900.0      65.7794611634784
 4000.0      66.4849779984415
 4100.0      67.1973470177145
 4200.0      67.9257166111057
 4300.0      68.6452372761824
 4400.0      69.4561261328178
 4500.0      70.1987985325154
 4600.0      71.0299648702960
 4700.0      71.8610473004425
 4800.0      72.6666384838924
 4900.0      73.5672752555677
 5000.0      74.4304898654102
 5100.0      75.3332584534368
 5200.0      76.2674793871519
 5300.0      77.2127327639673
 5400.0      78.1717635195349
 5500.0      79.1530312494845
 5600.0      80.1593592057006
 5700.0      81.2025786012154
 5800.0      82.2083230340646
 5900.0      83.3148597530354
 6000.0      84.3941347081468
# P = 14.000000 (GPa)
    1.0       1.0000328368925
  100.0      15.8145289292928
  200.0      36.7035317657158
  300.0      40.9566900834021
  400.0      45.5150569228977
  500.0      47.1258352526664
  600.0      48.5542412334582
  700.0      49.4563878758930
  800.0      50.2031840369239
  900.0      50.8088506160788
 1000.0      51.3381463801930
 1100.0      51.8207975286619
 1200.0      52.2646900651449
 1300.0      52.6900275522923
 1400.0      53.1025924311652
 1500.0      53.5072017543813
 1600.0      53.9080157177509
 1700.0      54.3082024222316
 1800.0      54.7085710608662
 1900.0      55.1196768200468
 2000.0      55.5249587843261
 2100.0      55.9485436590068
 2200.0      56.3746004927998
 2300.0      56.8065112963573
 2400.0      57.2584788956017
 2500.0      57.7040045669937
 2600.0      58.1803529294586
 2700.0      58.6552837586615
 2800.0      59.1437753070146
 2900.0      59.6598581236080
 3000.0      60.1662949447670
 3100.0      60.7059495721285
 3200.0      61.2435038314766
 3300.0      61.8254002402158
 3400.0      62.3946573586649
 3500.0      62.9783531911713
 3600.0      63.6224795888021
 3700.0      64.1994565244853
 3800.0      64.8965686056818
 3900.0      65.5216893991229
 4000.0      66.2161660126560
 4100.0      66.9176029981811
 4200.0      67.6349748981470
 4300.0      68.3433579196196
 4400.0      69.1429200657867
 4500.0      69.8744832066938
 4600.0      70.6943393144126
 4700.0      71.5137819110134
 4800.0      72.3084647976915
 4900.0      73.1975184454011
 5000.0      74.0494360956528
 5100.0      74.9410923944494
 5200.0      75.8638921524719
 5300.0      76.7976737253174
 5400.0      77.7458217376604
 5500.0      78.7154618549090
 5600.0      79.7115342589464
 5700.0      80.7446782897942
 5800.0      81.7384401346030
 5900.0      82.8344758407801
 6000.0      83.9052070322721
# P = 15.000000 (GPa)
    1.0       1.0000322747331
  100.0      15.8036589412644
  200.0      36.6858383916434
  300.0      40.9405068825137
  400.0      45.4979486784511
  500.0      47.1073178633086
  600.0      48.5332538576143
  700.0      49.4324765150154
  800.0      50.1759447968407
  900.0      50.7780103172273
 1000.0      51.3034699556944
 1100.0      51.7820283313874
 1200.0      52.2216483533567
 1300.0      52.6424852952507
 1400.0      53.0503235100716
 1500.0      53.4500104155533
 1600.0      53.8456512646252
 1700.0      54.2404480002143
 1800.0      54.6351894027280
 1900.0      55.0403771083064
 2000.0      55.4395390219419
 2100.0      55.8566579121820
 2200.0      56.2759953480694
 2300.0      56.7008853781672
 2400.0      57.1455000285613
 2500.0      57.5833725821274
 2600.0      58.0515670319541
 2700.0      58.5181222279232
 2800.0      58.9980104014677
 2900.0      59.5052055269220
 3000.0      60.0026131379741
 3100.0      60.5329519768427
 3200.0      61.0610596923655
 3300.0      61.6331931154260
 3400.0      62.1925694230406
 3500.0      62.7662349435947
 3600.0      63.3999762767512
 3700.0      63.9667003950205
 3800.0      64.6530234217156
 3900.0      65.2676669587386
 4000.0      65.9511122785694
 4100.0      66.6415871567117
 4200.0      67.3479193728866
 4300.0      68.0451341669801
 4400.0      68.8333061591147
 4500.0      69.5536920396174
 4600.0      70.3621494373546
 4700.0      71.1698897428399
 4800.0      71.9535304062263
 4900.0      72.8309015073070
 5000.0      73.6713995634989
 5100.0      74.5517970022318
 5200.0      75.4630477660507
 5300.0      76.3852248098041
 5400.0      77.3223151285554
 5500.0      78.2802008113687
 5600.0      79.2657681504647
 5700.0      80.2886036382020
 5800.0      81.2703093420149
 5900.0      82.3556196118223
 6000.0      83.4175103291889
# P = 16.000000 (GPa)
    1.0       1.0000317250928
  100.0      15.7928897379399
  200.0      36.6683339884647
  300.0      40.9245418305154
  400.0      45.4811086185761
  500.0      47.0891302736897
  600.0      48.5126579969626
  700.0      49.4090197638234
  800.0      50.1492495019362
  900.0      50.7477885701166
 1000.0      51.2694921489552
 1100.0      51.7440692621560
 1200.0      52.1794962945897
 1300.0      52.5959430377354
 1400.0      52.9991781399267
 1500.0      53.3940339540234
 1600.0      53.7846526257850
 1700.0      54.1741758314703
 1800.0      54.5634273385023
 1900.0      54.9628627470949
 2000.0      55.3560311571248
 2100.0      55.7668859428441
 2200.0      56.1796559673894
 2300.0      56.5977187519023
 2400.0      57.0351572209191
 2500.0      57.4656032050691
 2600.0      57.9259580585161
 2700.0      58.3842616913127
 2800.0      58.8556244214863
 2900.0      59.3540174800756
 3000.0      59.8424696179994
 3100.0      60.3635632679620
 3200.0      60.8822864597650
 3300.0      61.4447071904843
 3400.0      61.9942553251442
 3500.0      62.5579291659475
 3600.0      63.1813164258380
 3700.0      63.7378148962338
 3800.0      64.4133633590994
 3900.0      65.0175153613536
 4000.0      65.6899435739510
 4100.0      66.3694346171146
 4200.0      67.0646927436617
 4300.0      67.7507151764962
 4400.0      68.5274417064391
 4500.0      69.2365897985338
 4600.0      70.0335678623830
 4700.0      70.8295489299799
 4800.0      71.6020226443081
 4900.0      72.4676171760903
 5000.0      73.2965798375291
 5100.0      74.1655776015866
 5200.0      75.0651557449732
 5300.0      75.9755990084787
 5400.0      76.9014608588614
 5500.0      77.8474666555571
 5600.0      78.8222873698463
 5700.0      79.8345827514368
 5800.0      80.8041522245522
 5900.0      81.8785148904488
 6000.0      82.9312652201323
# P = 17.000000 (GPa)
    1.0       1.0000311867773
  100.0      15.7822196249163
  200.0      36.6510144321780
  300.0      40.9087930401248
  400.0      45.4645332775461
  500.0      47.0712557220551
  600.0      48.4924457035722
  700.0      49.3860146368296
  800.0      50.1230685436572
  900.0      50.7181746288802
 1000.0      51.2362024683518
 1100.0      51.7068766035716
 1200.0      52.1382272955128
 1300.0      52.5503675083351
 1400.0      52.9491080058188
 1500.0      53.3392640986743
 1600.0      53.7249519872445
 1700.0      54.1093549730494
 1800.0      54.4932402370640
 1900.0      54.8870583220882
 2000.0      55.2744075275248
 2100.0      55.6791247131454
 2200.0      56.0855328939962
 2300.0      56.4969283575280
 2400.0      56.9273840130376
 2500.0      57.3505875267592
 2600.0      57.8033269777779
 2700.0      58.2537057029346
 2800.0      58.7166786807029
 2900.0      59.2063460640953
 3000.0      59.6859254650977
 3100.0      60.1978487283866
 3200.0      60.7072550877985
 3300.0      61.2600201917878
 3400.0      61.7997980128582
 3500.0      62.3535250756927
 3600.0      62.9665960213040
 3700.0      63.5129019940496
 3800.0      64.1776977954218
 3900.0      64.7713524876203
 4000.0      65.4327831494433
 4100.0      66.1012769339010
 4200.0      66.7854343331228
 4300.0      67.4602468480318
 4400.0      68.2254809011226
 4500.0      68.9233383565082
 4600.0      69.7087645828894
 4700.0      70.4929353359181
 4800.0      71.2541268285857
 4900.0      72.1078567081675
 5000.0      72.9251753982084
 5100.0      73.7826390590199
 5200.0      74.6704258198627
 5300.0      75.5690102533553
 5400.0      76.4834778382072
 5500.0      77.4174805351233
 5600.0      78.3813215868956
 5700.0      79.3828480888674
 5800.0      80.3401960792759
 5900.0      81.4033921754736
 6000.0      82.4467006688902
# P = 18.000000 (GPa)
    1.0       1.0000306602911
  100.0      15.7716473499176
  200.0      36.6338760645496
  300.0      40.8932520743991
  400.0      45.4482180232358
  500.0      47.0536931388048
  600.0      48.4725976278872
  700.0      49.3634481439717
  800.0      50.0974012978813
  900.0      50.6891362555452
 1000.0      51.2035847613390
 1100.0      51.6704427977277
 1200.0      52.0977930397009
 1300.0      52.5057479343779
 1400.0      52.9000826456503
 1500.0      53.2856449193888
 1600.0      53.6665413875215
 1700.0      54.0459159336832
 1800.0      54.4245895249756
 1900.0      54.8129229302584
 2000.0      55.1945840271007
 2100.0      55.5933461869168
 2200.0      55.9935208297563
 2300.0      56.3984573828810
 2400.0      56.8220976310236
 2500.0      57.2382514419279
 2600.0      57.6835686433521
 2700.0      58.1262430310873
 2800.0      58.5811640361354
 2900.0      59.0622571577313
 3000.0      59.5330343276903
 3100.0      60.0358719116624
 3200.0      60.5360330132434
 3300.0      61.0792066370332
 3400.0      61.6092770109183
 3500.0      62.1531083807383
 3600.0      62.7559074618703
 3700.0      63.2920600045578
 3800.0      63.9461323484761
 3900.0      64.5292924534507
 4000.0      65.1797505676588
 4100.0      65.8372419061714
 4200.0      66.5102798555336
 4300.0      67.1738715682371
 4400.0      67.9275745456004
 4500.0      68.6140963644914
 4600.0      69.3879065935346
 4700.0      70.1602221428043
 4800.0      70.9100258095317
 4900.0      71.7518093653772
 5000.0      72.5573830840121
 5100.0      73.4031851856779
 5200.0      74.2790672678959
 5300.0      75.1656727121920
 5400.0      76.0685859330769
 5500.0      76.9904653578406
 5600.0      77.9431027859940
 5700.0      78.9336355056650
 5800.0      79.8786728822976
 5900.0      80.9304875422768
 6000.0      81.9640528592157
# P = 19.000000 (GPa)
    1.0       1.0000301452278
  100.0      15.7611715260261
  200.0      36.6169170364216
  300.0      40.8779163583151
  400.0      45.4321511834255
  500.0      47.0364333122613
  600.0      48.4531147624992
  700.0      49.3412996999589
  800.0      50.0722290344701
  900.0      50.6606747177312
 1000.0      51.1716052875689
 1100.0      51.6347453778263
 1200.0      52.0581888228709
 1300.0      52.4620322322560
 1400.0      52.8520860919604
 1500.0      53.2331494487947
 1600.0      53.6093573753146
 1700.0      53.9838500197617
 1800.0      54.3574056030098
 1900.0      54.7404091376886
 2000.0      55.1165231078539
 2100.0      55.5094590164729
 2200.0      55.9035908202834
 2300.0      56.3021978202077
 2400.0      56.7192332923354
 2500.0      57.1285137749543
 2600.0      57.5666004597777
 2700.0      58.0017721583436
 2800.0      58.4488589961398
 2900.0      58.9217260474492
 3000.0      59.3838675005975
 3100.0      59.8776877504578
 3200.0      60.3686861098783
 3300.0      60.9023373225506
 3400.0      61.4227685688461
 3500.0      61.9567612236046
 3600.0      62.5493395337779
 3700.0      63.0753835328566
 3800.0      63.7187688010789
 3900.0      64.2914455038385
 4000.0      64.9309615689378
 4100.0      65.5774534213415
 4200.0      66.2393612214442
 4300.0      66.8917279841099
 4400.0      67.6338697899605
 4500.0      68.3090189526188
 4600.0      69.0711575512573
 4700.0      69.8315794680901
 4800.0      70.5698995494705
 4900.0      71.3996619512189
 5000.0      72.1933975768671
 5100.0      73.0274181607918
 5200.0      73.8912882888606
 5300.0      74.7658000989093
 5400.0      75.6570052352161
 5500.0      76.5666449903822
 5600.0      77.5078643996450
 5700.0      78.4871833431174
 5800.0      79.4198183172111
 5900.0      80.4600415999324
 6000.0      81.4835639992920
# P = 20.000000 (GPa)
    1.0       1.0000296406612
  100.0      15.7507905883603
  200.0      36.6001330347808
  300.0      40.8627827150182
  400.0      45.4163322051333
  500.0      47.0194630351810
  600.0      48.4339826444663
  700.0      49.3195714311125
  800.0      50.0475311874180
  900.0      50.6327652815583
 1000.0      51.1402663036823
 1100.0      51.5997502233990
 1200.0      52.0193853003166
 1300.0      52.4192181999874
 1400.0      52.8050636192214
 1500.0      53.1817554233915
 1600.0      53.5533766330895
 1700.0      53.9230870603038
 1800.0      54.2916778196360
 1900.0      54.6694478822795
 2000.0      55.0401683636526
 2100.0      55.4274295465671
 2200.0      55.8156438260705
 2300.0      56.2081183724741
 2400.0      56.6186827200624
 2500.0      57.0213002934644
 2600.0      57.4523431015105
 2700.0      57.8802019893565
 2800.0      58.3196658947745
 2900.0      58.7845212397158
 3000.0      59.2383839542158
 3100.0      59.7233725195317
 3200.0      60.2052704563139
 3300.0      60.7294816491422
 3400.0      61.2403450461780
 3500.0      61.7645623589006
 3600.0      62.3469773451615
 3700.0      62.8629634497526
 3800.0      63.4957050415523
 3900.0      64.0579179328220
 4000.0      64.6865279604380
 4100.0      65.3220313215676
 4200.0      65.9728063706868
 4300.0      66.6139508043627
 4400.0      67.3445098992956
 4500.0      68.0082574633272
 4600.0      68.7586774701089
 4700.0      69.5071740168537
 4800.0      70.2339247360570
 4900.0      71.0515983740666
 5000.0      71.8334109232819
 5100.0      72.6555380009097
 5200.0      73.5072954244006
 5300.0      74.3696050348236
 5400.0      75.2489553530538
 5500.0      76.1462435105777
 5600.0      77.0758405306026
 5700.0      78.0437315454261
 5800.0      78.9638708041860
 5900.0      79.9922984929589
 6000.0      81.0054812849350
# P = 21.000000 (GPa)
    1.0       1.0000291469720
  100.0      15.7405033608304
  200.0      36.5835212709690
  300.0      40.8478434455636
  400.0      45.4007538696108
  500.0      47.0027834789792
  600.0      48.4151880397339
  700.0      49.2982434828279
  800.0      50.0233097743791
  900.0      50.6053885761482
 1000.0      51.1095369187199
 1100.0      51.5654595476883
 1200.0      51.9813492156925
 1300.0      52.3772692749849
 1400.0      52.7590147957953
 1500.0      53.1314065717759
 1600.0      53.4985695171969
 1700.0      53.8636078409679
 1800.0      54.2273295136551
 1900.0      54.6000253677714
 2000.0      54.9654533212052
 2100.0      55.3471912091193
 2200.0      55.7296490395922
 2300.0      56.1161139886974
 2400.0      56.5204113637420
 2500.0      56.9165030046543
 2600.0      57.3407122416919
 2700.0      57.7614556172813
 2800.0      58.1934847394489
 2900.0      58.6505484629394
 3000.0      59.0963446266877
 3100.0      59.5728660758649
 3200.0      60.0458670898294
 3300.0      60.5606980762036
 3400.0      61.0620776000635
 3500.0      61.5765864417785
 3600.0      62.1489025300963
 3700.0      62.6548868192540
 3800.0      63.2770350460552
 3900.0      63.8288120208828
 4000.0      64.4465575305341
 4100.0      65.0710912967972
 4200.0      65.7107391305647
 4300.0      66.3406706294301
 4400.0      67.0596340522154
 4500.0      67.7119592143387
 4600.0      68.4506224469279
 4700.0      69.1871687680002
 4800.0      69.9022744308398
 4900.0      70.7077992414597
 5000.0      71.4776120948952
 5100.0      72.2877420672008
 5200.0      73.1272930022604
 5300.0      73.9772984478868
 5400.0      74.8446547619632
 5500.0      75.7294844865687
 5600.0      76.6472651613230
 5700.0      77.6035208352976
 5800.0      78.5110706169551
 5900.0      79.5275049239620
 6000.0      80.5300558576321
# P = 22.000000 (GPa)
    1.0       1.0000286637184
  100.0      15.7303084964994
  200.0      36.5670797951583
  300.0      40.8330972261915
  400.0      45.3854067521715
  500.0      46.9863825512915
  600.0      48.3967324780958
  700.0      49.2773037181691
  800.0      49.9995399382346
  900.0      50.5785450901476
 1000.0      51.0793998234192
 1100.0      51.5318366961229
 1200.0      51.9440814488366
 1300.0      52.3361542395048
 1400.0      52.7138956039676
 1500.0      53.0821032404544
 1600.0      53.4448795572453
 1700.0      53.8053743966822
 1800.0      54.1643453191133
 1900.0      54.5320599643239
 2000.0      54.8923595758690
 2100.0      55.2686803856814
 2200.0      55.6455300586065
 2300.0      56.0261566924131
 2400.0      56.4243085221810
 2500.0      56.8140827374639
 2600.0      57.2316017524497
 2700.0      57.6454380025870
 2800.0      58.0702404380089
 2900.0      58.5197000505004
 3000.0      58.9576580015754
 3100.0      59.4259215778436
 3200.0      59.8903964101276
 3300.0      60.3960727657998
 3400.0      60.8880255746662
 3500.0      61.3929070103804
 3600.0      61.9551924570135
 3700.0      62.4512371258745
 3800.0      63.0628488039939
 3900.0      63.6042260155201
 4000.0      64.2111539817834
 4100.0      64.8247448037850
 4200.0      65.4532791012026
 4300.0      66.0720138080099
 4400.0      66.7793771655377
 4500.0      67.4202672919985
 4600.0      68.1471444170548
 4700.0      68.8717226909809
 4800.0      69.5751177526907
 4900.0      70.3684414993997
 5000.0      71.1261865795163
 5100.0      71.9242246047116
 5200.0      72.7514826359721
 5300.0      73.5890890043860
 5400.0      74.4443201853227
 5500.0      75.3165903010488
 5600.0      76.2223714451835
 5700.0      77.1667919254904
 5800.0      78.0616590088368
 5900.0      79.0659092525230
 6000.0      80.0575417660579
# P = 23.000000 (GPa)
    1.0       1.0000281902163
  100.0      15.7202045510280
  200.0      36.5508044221941
  300.0      40.8185401598817
  400.0      45.3702911908618
  500.0      46.9702508972507
  600.0      48.3785990864863
  700.0      49.2567524868321
  800.0      49.9762116415737
  900.0      50.5522051916572
 1000.0      51.0498528780227
 1100.0      51.4988672373068
 1200.0      51.9075398586127
 1300.0      52.2958714119769
 1400.0      52.6696776956185
 1500.0      53.0337941186567
 1600.0      53.3923069414047
 1700.0      53.7483311056069
 1800.0      54.1026785798228
 1900.0      54.4655400501082
 2000.0      54.8208009555245
 2100.0      55.1918726286528
 2200.0      55.5632277743274
 2300.0      55.9381601637746
 2400.0      56.3303477663828
 2500.0      56.7139246080922
 2600.0      57.1249666276198
 2700.0      57.5320458818723
 2800.0      57.9498264523424
 2900.0      58.3919032854866
 3000.0      58.8222073602683
 3100.0      59.2824499661949
 3200.0      59.7386070946255
 3300.0      60.2355049978907
 3400.0      60.7182783530208
 3500.0      61.2135850030033
 3600.0      61.7659234512049
 3700.0      62.2520934197013
 3800.0      62.8532325676433
 3900.0      63.3842540505866
 4000.0      63.9804169098358
 4100.0      64.5830990028420
 4200.0      65.2005415674586
 4300.0      65.8081023214360
 4400.0      66.5038697499271
 4500.0      67.1333203732191
 4600.0      67.8483909438474
 4700.0      68.5609904948556
 4800.0      69.2526195904015
 4900.0      70.0336981007347
 5000.0      70.7793160123980
 5100.0      71.5651763233057
 5200.0      72.3800627475152
 5300.0      73.2051825951023
 5400.0      74.0481660120066
 5500.0      74.9077815205983
 5600.0      75.8013910306158
 5700.0      76.7337847719210
 5800.0      77.6158774005442
 5900.0      78.6077606055091
 6000.0      79.5881950714038
# P = 24.000000 (GPa)
    1.0       1.0000277267359
  100.0      15.7101903984270
  200.0      36.5346928436166
  300.0      40.8041654245750
  400.0      45.3553990792026
  500.0      46.9543895157953
  600.0      48.3607797155175
  700.0      49.2365687377608
  800.0      49.9533226303766
  900.0      50.5263615419803
 1000.0      51.0208624632284
 1100.0      51.4665451022704
 1200.0      51.8717134107127
 1300.0      52.2563737892240
 1400.0      52.6263555301690
 1500.0      52.9864545997480
 1600.0      53.3407934528077
 1700.0      53.6924766199343
 1800.0      54.0422761879227
 1900.0      54.4004095236272
 2000.0      54.7507685287613
 2100.0      55.1166791104100
 2200.0      55.4827102579356
 2300.0      55.8520702619163
 2400.0      56.2384330612811
 2500.0      56.6160029737824
 2600.0      57.0206891390603
 2700.0      57.4212265825781
 2800.0      57.8321435578300
 2900.0      58.2670395043686
 3000.0      58.6899210309362
 3100.0      59.1423280828209
 3200.0      59.5904116812501
 3300.0      60.0787398603383
 3400.0      60.5527121864257
 3500.0      61.0387125873622
 3600.0      61.5811587781987
 3700.0      62.0575336864067
 3800.0      62.6482679629117
 3900.0      63.1689864059027
 4000.0      63.7544417171440
 4100.0      64.3462567425501
 4200.0      64.9526374305236
 4300.0      65.5490536953191
 4400.0      66.2332377909335
 4500.0      66.8512525789823
 4600.0      67.5545050360647
 4700.0      68.2551224113856
 4800.0      68.9349403520902
 4900.0      69.7037377081102
 5000.0      70.4371778402773
 5100.0      71.2107840154868
 5200.0      72.0132281412915
 5300.0      72.8257818442253
 5400.0      73.6564037664305
 5500.0      74.5032763042212
 5600.0      75.3845534200150
 5700.0      76.3047378709833
 5800.0      77.1739666121205
 5900.0      78.1533080695415
 6000.0      79.1222728861242
# P = 25.000000 (GPa)
    1.0       1.0000272728956
  100.0      15.7002647560670
  200.0      36.5187431236609
  300.0      40.7899721552772
  400.0      45.3407227993878
  500.0      46.9387857357502
  600.0      48.3432743282952
  700.0      49.2167465471343
  800.0      49.9308480355393
  900.0      50.5010083084422
 1000.0      50.9924244294793
 1100.0      51.4348330801156
 1200.0      51.8365912427166
 1300.0      52.2176540570281
 1400.0      52.5838779260117
 1500.0      52.9400741815531
 1600.0      53.2903187862588
 1700.0      53.6377463886591
 1800.0      53.9831339186071
 1900.0      54.3366185330729
 2000.0      54.6821969210436
 2100.0      55.0430930576184
 2200.0      55.4038869215208
 2300.0      55.7678462937772
 2400.0      56.1485157400858
 2500.0      56.5202125636112
 2600.0      56.9187431209810
 2700.0      57.3128606827530
 2800.0      57.7171304079480
 2900.0      58.1450135322033
 3000.0      58.5606696590805
 3100.0      59.0054856406021
 3200.0      59.4456789742479
 3300.0      59.9256909438659
 3400.0      60.3910695690028
 3500.0      60.8681429620480
 3600.0      61.4009926140650
 3700.0      61.8676228050825
 3800.0      62.4480353703670
 3900.0      62.9585086174071
 4000.0      63.5333198708874
 4100.0      64.1143164795139
 4200.0      64.7096731878394
 4300.0      65.2949809312880
 4400.0      65.9676026606781
 4500.0      66.5741933533047
 4600.0      67.2656249970075
 4700.0      67.9542640077212
 4800.0      68.6222357478098
 4900.0      69.3787244321297
 5000.0      70.0999450258242
 5100.0      70.8612302079269
 5200.0      71.6511696054182
 5300.0      72.4510856700678
 5400.0      73.2692416090306
 5500.0      74.1032898537356
 5600.0      74.9720853819043
 5700.0      75.8798876085238
 5800.0      76.7361661265875
 5900.0      77.7027998914454
 6000.0      78.6600325471990
# P = 26.000000 (GPa)
    1.0       1.0000268280836
  100.0      15.6904262673183
  200.0      36.5029513177304
  300.0      40.7759564638978
  400.0      45.3262628016619
  500.0      46.9234326219348
  600.0      48.3260662742057
  700.0      49.1972833785902
  800.0      49.9087846324163
  900.0      50.4761177022433
 1000.0      50.9645282079188
 1100.0      51.4037302456306
 1200.0      51.8021336618500
 1300.0      52.1796954314179
 1400.0      52.5422414146740
 1500.0      52.8945984258756
 1600.0      53.2408662905482
 1700.0      53.5841248223712
 1800.0      53.9251815421197
 1900.0      54.2741585452702
 2000.0      54.6150408172306
 2100.0      54.9710398914153
 2200.0      55.3267517098672
 2300.0      55.6853974374571
 2400.0      56.0605452270637
 2500.0      56.4265104332394
 2600.0      56.8190144523196
 2700.0      57.2069203352214
 2800.0      57.6046676299931
 2900.0      58.0257541257432
 3000.0      58.4343640933980
 3100.0      58.8717813788876
 3200.0      59.3043384928819
 3300.0      59.7762202684331
 3400.0      60.2332639486657
 3500.0      60.7016189620188
 3600.0      61.2252535731568
 3700.0      61.6824550054370
 3800.0      62.2526023158416
 3900.0      62.7529047395979
 4000.0      63.3171380457804
 4100.0      63.8873725328617
 4200.0      64.4717508518809
 4300.0      65.0459924875380
 4400.0      65.7070810494462
 4500.0      66.3022673746082
 4600.0      66.9818843024964
 4700.0      67.6585560314313
 4800.0      68.3146566011278
 4900.0      69.0588176042779
 5000.0      69.7677857809448
 5100.0      70.5166928531321
 5200.0      71.2940735606396
 5300.0      72.0812888798882
 5400.0      72.8868838832251
 5500.0      73.7080339087545
 5600.0      74.5642103948633
 5700.0      75.4594676374534
 5800.0      76.3027134235322
 5900.0      77.2564827605105
 6000.0      78.2017307723481
# P = 27.000000 (GPa)
    1.0       1.0000263924939
  100.0      15.6806738599542
  200.0      36.4873152988420
  300.0      40.7621121103255
  400.0      45.3120111651767
  500.0      46.9083307998379
  600.0      48.3091503714849
  700.0      49.1781591450251
  800.0      49.8871262996690
  900.0      50.4516895281313
 1000.0      50.9371435663254
 1100.0      51.3732206997705
 1200.0      51.7683428976533
 1300.0      52.1424564525434
 1400.0      52.5014226484594
 1500.0      52.8500275134939
 1600.0      53.1923792562457
 1700.0      53.5315881194210
 1800.0      53.8684081602650
 1900.0      54.2129548452187
 2000.0      54.5492858197547
 2100.0      54.9004794341222
 2200.0      55.2512213770587
 2300.0      55.6047169256109
 2400.0      55.9744320894283
 2500.0      56.3348352096672
 2600.0      56.7214658066923
 2700.0      57.1032837613757
 2800.0      57.4947243169352
 2900.0      57.9091439295984
 3000.0      58.3109217086495
 3100.0      58.7411308218775
 3200.0      59.1662389131053
 3300.0      59.6302562412771
 3400.0      60.0791515990350
 3500.0      60.5390533740646
 3600.0      61.0536852111100
 3700.0      61.5018339072389
 3800.0      62.0620619284444
 3900.0      62.5522468489322
 4000.0      63.1059810783627
 4100.0      63.6655143188911
 4200.0      64.2389681789328
 4300.0      64.8021922058313
 4400.0      65.4517849450960
 4500.0      66.0355944876099
 4600.0      66.7034115096680
 4700.0      67.3681342851442
 4800.0      68.0123486958620
 4900.0      68.7441715821558
 5000.0      69.4408633401341
 5100.0      70.1773450554637
 5200.0      70.9421217392412
 5300.0      71.7165818048680
 5400.0      72.5095306994240
 5500.0      73.3177162816805
 5600.0      74.1611481468709
 5700.0      75.0437083167619
 5800.0      75.8738433325186
 5900.0      76.8146011061050
 6000.0      77.7476229321960
# P = 28.000000 (GPa)
    1.0       1.0000259658231
  100.0      15.6710063386173
  200.0      36.4718332758818
  300.0      40.7484383238935
  400.0      45.2979610916862
  500.0      46.8934681758789
  600.0      48.2925257666523
  700.0      49.1593710994578
  800.0      49.8658502976367
  900.0      50.4277130843575
 1000.0      50.9102731245760
 1100.0      51.3432730163550
 1200.0      51.7351968353106
 1300.0      52.1059419668405
 1400.0      52.4613796873630
 1500.0      52.8063308023478
 1600.0      53.1448610150868
 1700.0      53.4800784554180
 1800.0      53.8127818620077
 1900.0      54.1530011961969
 2000.0      54.4848535756285
 2100.0      54.8313900175885
 2200.0      55.1772617463524
 2300.0      55.5257132004458
 2400.0      55.8901676949246
 2500.0      56.2451003077328
 2600.0      56.6260244626746
 2700.0      57.0019189831724
 2800.0      57.3871719809146
 2900.0      57.7951476300972
 3000.0      58.1902273380370
 3100.0      58.6134393097480
 3200.0      59.0313014849143
 3300.0      59.4876376280676
 3400.0      59.9286594806291
 3500.0      60.3802970069081
 3600.0      60.8861982636069
 3700.0      61.3255055047985
 3800.0      61.8761926453786
 3900.0      62.3566265681943
 4000.0      62.8999233864334
 4100.0      63.4488287840291
 4200.0      64.0114180477904
 4300.0      64.5636795023755
 4400.0      65.2018215726027
 4500.0      65.7742896809231
 4600.0      66.4303301893857
 4700.0      67.0831295329066
 4800.0      67.7154526527975
 4900.0      68.4349355877069
 5000.0      69.1193357649837
 5100.0      69.8433548348631
 5200.0      70.5954909057333
 5300.0      71.3571499730251
 5400.0      72.1373775642594
 5500.0      72.9325404326198
 5600.0      73.7631140657433
 5700.0      74.6328361805143
 5800.0      75.4497874468885
 5900.0      76.3773964676782
 6000.0      77.2979623035710
# P = 29.000000 (GPa)
    1.0       1.0000255474392
  100.0      15.6614224010847
  200.0      36.4565016251084
  300.0      40.7349317584713
  400.0      45.2841130860069
  500.0      46.8788387762298
  600.0      48.2761767820871
  700.0      49.1409155486529
  800.0      49.8449567140087
  900.0      50.4041635450045
 1000.0      50.8839010616318
 1100.0      51.3138923073803
 1200.0      51.7026635678133
 1300.0      52.0701234359819
 1400.0      52.4221192464820
 1500.0      52.7634669999837
 1600.0      53.0982732138212
 1700.0      53.4296014324891
 1800.0      53.7582450477243
 1900.0      54.0942567605401
 2000.0      54.4217420823841
 2100.0      54.7636910055585
 2200.0      55.1048426894824
 2300.0      55.4483583764570
 2400.0      55.8076531372154
 2500.0      56.1572935770295
 2600.0      56.5326081707110
 2700.0      56.9027414075607
 2800.0      57.2819830766286
 2900.0      57.6836312970636
 3000.0      58.0722389983096
 3100.0      58.4885963442254
 3200.0      58.8994186612709
 3300.0      59.3482908824273
 3400.0      59.7816177294552
 3500.0      60.2252736766447
 3600.0      60.7226391549542
 3700.0      61.1533777133933
 3800.0      61.6947441020135
 3900.0      62.1657978159672
 4000.0      62.6990506629800
 4100.0      63.2373945401532
 4200.0      63.7891901467775
 4300.0      64.3305489546933
 4400.0      64.9572935310248
 4500.0      65.5184630436261
 4600.0      66.1627588997629
 4700.0      66.8036674321280
 4800.0      67.4241038378542
 4900.0      68.1312535793753
 5000.0      68.8033557840416
 5100.0      69.5148849234960
 5200.0      70.2543526139913
 5300.0      71.0031738234432
 5400.0      71.7706150419465
 5500.0      72.5527050902531
 5600.0      73.3703189035752
 5700.0      74.2270734589744
 5800.0      75.0307735801686
 5900.0      75.9451068924876
 6000.0      76.8529993962316
# P = 30.000000 (GPa)
    1.0       1.0000251375868
  100.0      15.6519210292006
  200.0      36.4413181960497
  300.0      40.7215863883468
  400.0      45.2704601770144
  500.0      46.8644434573960
  600.0      48.2600991553287
  700.0      49.1227739104528
  800.0      49.8244379927651
  900.0      50.3810436535918
 1000.0      50.8580016064693
 1100.0      51.2850570283691
 1200.0      51.6707498328132
 1300.0      52.0349698916154
 1400.0      52.3836060597190
 1500.0      52.7214434648264
 1600.0      53.0525764819348
 1700.0      53.3801108870324
 1800.0      53.7048044102505
 1900.0      54.0366654683451
 2000.0      54.3599014052665
 2100.0      54.6973838436366
 2200.0      55.0338825096195
 2300.0      55.3726130691842
 2400.0      55.7268666851687
 2500.0      56.0713098085277
 2600.0      56.4411993269095
 2700.0      56.8056742051220
 2800.0      57.1790613571229
 2900.0      57.5745703172688
 3000.0      57.9568191823731
 3100.0      58.3665522422224
 3200.0      58.7704851302414
 3300.0      59.2120960281809
 3400.0      59.6379568432559
 3500.0      60.0738058193796
 3600.0      60.5629271943118
 3700.0      60.9852944425069
 3800.0      61.5176193824550
 3900.0      61.9795156673756
 4000.0      62.5030915025015
 4100.0      63.0312900504795
 4200.0      63.5723688234370
 4300.0      64.1028909713004
 4400.0      64.7182986637657
 4500.0      65.2682198276629
 4600.0      65.9008111650011
 4700.0      66.5298685008594
 4800.0      67.1384322994211
 4900.0      67.8332641544835
 5000.0      68.4930706654828
 5100.0      69.1920925995944
 5200.0      69.9188729999828
 5300.0      70.6548284556580
 5400.0      71.4094284633706
 5500.0      72.1784039102674
 5600.0      72.9829683501197
 5700.0      73.8266376393254
 5800.0      74.6170252681994
 5900.0      75.5179663908545
 6000.0      76.4129813403695
# P = 31.000000 (GPa)
    1.0       1.0000247361108
  100.0      15.6425011235640
  200.0      36.4262814176599
  300.0      40.7084013151998
  400.0      45.2569955143072
  500.0      46.8502712524277
  600.0      48.2442925418024
  700.0      49.1049443101654
  800.0      49.8042732713186
  900.0      50.3583412586371
 1000.0      50.8325798878060
 1100.0      51.2567412517176
 1200.0      51.6394283058971
 1300.0      52.0004886639958
 1400.0      52.3458110511794
 1500.0      52.6802184370828
 1600.0      53.0077773447767
 1700.0      53.3315706774422
 1800.0      53.6524061455330
 1900.0      53.9802336975844
 2000.0      54.2992787178743
 2100.0      54.6324091178812
 2200.0      54.9643847748727
 2300.0      55.2983963792016
 2400.0      55.6477584532788
 2500.0      55.9871330638648
 2600.0      56.3516877156335
 2700.0      56.7106925517142
 2800.0      57.0783367806605
 2900.0      57.4678564471300
 3000.0      57.8439456899573
 3100.0      58.2471676951009
 3200.0      58.6444416077123
 3300.0      59.0789543406636
 3400.0      59.4975435551963
 3500.0      59.9258273593592
 3600.0      60.4068782101346
 3700.0      60.8211695738352
 3800.0      61.3446604758736
 3900.0      61.7976771432073
 4000.0      62.3118071281473
 4100.0      62.8302214075153
 4200.0      63.3610226219251
 4300.0      63.8807947040685
 4400.0      64.4849293432996
 4500.0      65.0236607024464
 4600.0      65.6445954350926
 4700.0      66.2618481255238
 4800.0      66.8585627315530
 4900.0      67.5411004851333
 5000.0      68.1886221221508
 5100.0      68.8751295554275
 5200.0      69.5892126100336
 5300.0      70.3122834180922
 5400.0      71.0539976699202
 5500.0      71.8098251736409
 5600.0      72.6012627010731
 5700.0      73.4317410724482
 5800.0      74.2087613119797
 5900.0      75.0962044359162
 6000.0      75.9781513076324
# P = 32.000000 (GPa)
    1.0       1.0000243422599
  100.0      15.6331614188825
  200.0      36.4113881217416
  300.0      40.6953741370000
  400.0      45.2437195865876
  500.0      46.8363158378610
  600.0      48.2287424844063
  700.0      49.0874238116378
  800.0      49.7844633499323
  900.0      50.3360340451008
 1000.0      50.8076186821976
 1100.0      51.2289516656776
 1200.0      51.6086741482579
 1300.0      51.9666465978691
 1400.0      52.3087407370218
 1500.0      52.6397658898496
 1600.0      52.9638278355168
 1700.0      53.2839852120234
 1800.0      53.6010183261127
 1900.0      53.9249005059651
 2000.0      54.2398784322321
 2100.0      54.5687182883068
 2200.0      54.8962809272668
 2300.0      55.2257124732338
 2400.0      55.5702497815418
 2500.0      55.9047023307187
 2600.0      56.2640625895830
 2700.0      56.6176830291224
 2800.0      56.9797755339075
 2900.0      57.3634270117478
 3000.0      57.7334995161996
 3100.0      58.1304210272397
 3200.0      58.5211489836324
 3300.0      58.9487947365076
 3400.0      59.3602859601906
 3500.0      59.7811927528743
 3600.0      60.2544287672961
 3700.0      60.6608134839520
 3800.0      61.1757743353579
 3900.0      61.6201234665951
 4000.0      62.1250873203462
 4100.0      62.6339584213844
 4200.0      63.1548342666995
 4300.0      63.6643154216085
 4400.0      64.2572812430515
 4500.0      64.7848794375520
 4600.0      65.3942157834430
 4700.0      65.9997164007818
 4800.0      66.5846145195385
 4900.0      67.2548902699555
 5000.0      67.8901462527871
 5100.0      68.5641417967859
 5200.0      69.2655262670187
 5300.0      69.9757025330458
 5400.0      70.7044967957729
 5500.0      71.4471515304105
 5600.0      72.2253965587513
 5700.0      73.0425906224759
 5800.0      73.8061953733290
 5900.0      74.6800455021856
 6000.0      75.5487479781075
# P = 33.000000 (GPa)
    1.0       1.0000239563029
  100.0      15.6239009436183
  200.0      36.3966359094670
  300.0      40.6824989722499
  400.0      45.2306270959556
  500.0      46.8225785969344
  600.0      48.2134440397029
  700.0      49.0701950499700
  800.0      49.7650016879802
  900.0      50.3141255074441
 1000.0      50.7830950296487
 1100.0      51.2016657345187
 1200.0      51.5784945895958
 1300.0      51.9334208263086
 1400.0      52.2723565086893
 1500.0      52.6000902521520
 1600.0      52.9207059023084
 1700.0      53.2373008533384
 1800.0      53.5506418618980
 1900.0      53.8706390229575
 2000.0      54.1816328138131
 2100.0      54.5063122186856
 2200.0      54.8295279950332
 2300.0      55.1544836978731
 2400.0      55.4943439838511
 2500.0      55.8239429026104
 2600.0      56.1782513777674
 2700.0      56.5266393751929
 2800.0      56.8832621346143
 2900.0      57.2612382924190
 3000.0      57.6254260092042
 3100.0      58.0161824676147
 3200.0      58.4005847223137
 3300.0      58.8214790225107
 3400.0      59.2261007227295
 3500.0      59.6398175972902
 3600.0      60.1054219382865
 3700.0      60.5041638083970
 3800.0      61.0107672269182
 3900.0      61.4467532800313
 4000.0      61.9427745685747
 4100.0      62.4423810521849
 4200.0      62.9535813699828
 4300.0      63.4531157808123
 4400.0      64.0353936241358
 4500.0      64.5519785987884
 4600.0      65.1497676969946
 4700.0      65.7435793482956
 4800.0      66.3167014434079
 4900.0      66.9747558167960
 5000.0      67.5977734866067
 5100.0      68.2592695845085
 5200.0      68.9479629668780
 5300.0      69.6452437588652
 5400.0      70.3610940905956
 5500.0      71.0905597764015
 5600.0      71.8555585785842
 5700.0      72.6593873582319
 5800.0      73.4095356070291
 5900.0      74.2697086613470
 6000.0      75.1250050662030
# P = 34.000000 (GPa)
    1.0       1.0000235781369
  100.0      15.6147186859512
  200.0      36.3820233976764
  300.0      40.6697744343204
  400.0      45.2177106215933
  500.0      46.8090504632109
  600.0      48.1983982642406
  700.0      49.0532551857165
  800.0      49.7458686164464
  900.0      50.2926048593542
 1000.0      50.7590145789409
 1100.0      51.1748608663037
 1200.0      51.5488617669152
 1300.0      51.9008178582679
 1400.0      52.2366385785856
 1500.0      52.5611477661809
 1600.0      52.8784127409775
 1700.0      53.1915001422708
 1800.0      53.5012181127928
 1900.0      53.8174451919213
 2000.0      54.1245204845038
 2100.0      54.4451174821553
 2200.0      54.7641217104007
 2300.0      55.0846733066108
 2400.0      55.4199552891225
 2500.0      55.7448554376335
 2600.0      56.0941847867076
 2700.0      56.4374775347842
 2800.0      56.7887930636302
 2900.0      57.1611753452732
 3000.0      57.5196695295397
 3100.0      57.9044052176565
 3200.0      58.2826094854173
 3300.0      58.6969818856294
 3400.0      59.0948534347821
 3500.0      59.5016050003228
 3600.0      59.9597805723889
 3700.0      60.3510527844810
 3800.0      60.8495762174807
 3900.0      61.2773708414139
 4000.0      61.7647574843013
 4100.0      62.2553325527594
 4200.0      62.7571347052990
 4300.0      63.2469822804165
 4400.0      63.8189104753374
 4500.0      64.3249784533633
 4600.0      64.9113614612665
 4700.0      65.4935326050103
 4800.0      66.0549334785209
 4900.0      66.7008135880121
 5000.0      67.3116287136930
 5100.0      67.9606473652749
 5200.0      68.6366658222399
 5300.0      69.3210590843714
 5400.0      70.0239517786217
 5500.0      70.7402206745999
 5600.0      71.4919312538669
 5700.0      72.2823262873134
 5800.0      73.0189843434200
 5900.0      73.8654072157474
 6000.0      74.7071508831649
# P = 35.000000 (GPa)
    1.0       1.0000232070156
  100.0      15.6056134440438
  200.0      36.3675480598863
  300.0      40.6571991446476
  400.0      45.2049702719767
  500.0      46.7957238690593
  600.0      48.1835923546572
  700.0      49.0366036450897
  800.0      49.7270638666065
  900.0      50.2714508272966
 1000.0      50.7353617615409
 1100.0      51.1485440916343
 1200.0      51.5197544228627
 1300.0      51.8688047867155
 1400.0      52.2015915703303
 1500.0      52.5229224075153
 1600.0      52.8369001494274
 1700.0      53.1465795514471
 1800.0      53.4527347427750
 1900.0      53.7652561538773
 2000.0      54.0685311043238
 2100.0      54.3851189022595
 2200.0      54.6999836477160
 2300.0      55.0162706008181
 2400.0      55.3470539280132
 2500.0      55.6673467376906
 2600.0      56.0118590667915
 2700.0      56.3501346660483
 2800.0      56.6962732152098
 2900.0      57.0632358691064
 3000.0      57.4161167847009
 3100.0      57.7950210009433
 3200.0      58.1671841648691
 3300.0      58.5751563668326
 3400.0      58.9665142421509
 3500.0      59.3664256244982
 3600.0      59.8173927840515
 3700.0      60.2014100562074
 3800.0      60.6920239919540
 3900.0      61.1119114832906
 4000.0      61.5908393028369
 4100.0      62.0726902549405
 4200.0      62.5653415799044
 4300.0      63.0457742665609
 4400.0      63.6076272039048
 4500.0      64.1035058335081
 4600.0      64.6789961598033
 4700.0      65.2496929117983
 4800.0      65.7994082749118
 4900.0      66.4331766074946
 5000.0      67.0318306695915
 5100.0      67.6684039465079
 5200.0      68.3317719805727
 5300.0      69.0032944747815
 5400.0      69.6932259509748
 5500.0      70.3962988123381
 5600.0      71.1346907411351
 5700.0      71.9115961317517
 5800.0      72.6347378105905
 5900.0      73.4673483800498
 6000.0      74.2954079521440
# P = 36.000000 (GPa)
    1.0       1.0000228431566
  100.0      15.5965842611840
  200.0      36.3532070971419
  300.0      40.6447677634094
  400.0      45.1924030049616
  500.0      46.7826003558059
  600.0      48.1690194414463
  700.0      49.0202244681491
  800.0      49.7085840712262
  900.0      50.2506658178669
 1000.0      50.7121144529638
 1100.0      51.1226948296829
 1200.0      51.4911800506629
 1300.0      51.8373626879613
 1400.0      52.1671778619675
 1500.0      52.4854155890010
 1600.0      52.7961565324454
 1700.0      53.1024869475185
 1800.0      53.4051823343306
 1900.0      53.7140650880674
 2000.0      54.0135986146822
 2100.0      54.3262986246498
 2200.0      54.6371048673837
 2300.0      54.9491935812838
 2400.0      55.2756211404110
 2500.0      55.5913941784429
 2600.0      55.9311750802910
 2700.0      56.2646003302707
 2800.0      56.6056475937055
 2900.0      56.9673138735922
 3000.0      57.3147648865738
 3100.0      57.6879205887330
 3200.0      58.0542267203257
 3300.0      58.4559710950033
 3400.0      58.8409296239892
 3500.0      59.2342424618901
 3600.0      59.6781357081352
 3700.0      60.0551088950693
 3800.0      60.5380465419919
 3900.0      60.9501895916063
 4000.0      61.4209517423909
 4100.0      61.8942595172501
 4200.0      62.3780660718500
 4300.0      62.8493425296327
 4400.0      63.4013922503705
 4500.0      63.8873638979081
 4600.0      64.4522845942149
 4700.0      65.0120338607860
 4800.0      65.5502509764082
 4900.0      66.1719436659961
 5000.0      66.7584949697317
 5100.0      67.3826617112404
 5200.0      68.0334128463311
 5300.0      68.6920897771054
 5400.0      69.3690665139141
 5500.0      70.0589524926155
 5600.0      70.7840067259802
 5700.0      71.5473791457360
 5800.0      72.2569859018254
 5900.0      73.0757330063902
 6000.0      73.8899926695610
# P = 37.000000 (GPa)
    1.0       1.0000224864686
  100.0      15.5876301925609
  200.0      36.3389992329610
  300.0      40.6324778800078
  400.0      45.1800009598631
  500.0      46.7696738262045
  600.0      48.1546818760795
  700.0      49.0041122679525
  800.0      49.6904105905024
  900.0      50.2302427773897
 1000.0      50.6892775431186
 1100.0      51.0972910414700
 1200.0      51.4631130508864
 1300.0      51.8064983504698
 1400.0      52.1333816232081
 1500.0      52.4485855159274
 1600.0      52.7561787498186
 1700.0      53.0592156305179
 1800.0      53.3585057018300
 1900.0      53.6638556978850
 2000.0      53.9597217959350
 2100.0      54.2685881932628
 2200.0      54.5754591138582
 2300.0      54.8834394812649
 2400.0      55.2055722234086
 2500.0      55.5169698142511
 2600.0      55.8521175806310
 2700.0      56.1807703422981
 2800.0      56.5168977480949
 2900.0      56.8733625854795
 3000.0      57.2154982613259
 3100.0      57.5830987036865
 3200.0      57.9436334480534
 3300.0      58.3393299854486
 3400.0      58.7180743432345
 3500.0      59.1048969398405
 3600.0      59.5419638340380
 3700.0      59.9120347287314
 3800.0      60.3875024706754
 3900.0      60.7921460555541
 4000.0      61.2549025181432
 4100.0      61.7199669890836
 4200.0      62.1951158015002
 4300.0      62.6575370878073
 4400.0      63.2000606125360
 4500.0      63.6763897273876
 4600.0      64.2310380167637
 4700.0      64.7801547557256
 4800.0      65.3074094174881
 4900.0      65.9172472150067
 5000.0      66.4917211159255
 5100.0      67.1035402558610
 5200.0      67.7417131329936
 5300.0      68.3875789879856
 5400.0      69.0516170830128
 5500.0      69.7283336858652
 5600.0      70.4400423199928
 5700.0      71.1898509744981
 5800.0      71.8859119842937
 5900.0      72.6907553538939
 6000.0      73.4911150104325
# P = 38.000000 (GPa)
    1.0       1.0000221365692
  100.0      15.5787501709763
  200.0      36.3249226515906
  300.0      40.6203288248659
  400.0      45.1677630014556
  500.0      46.7569350988075
  600.0      48.1405699275926
  700.0      48.9882692226054
  800.0      49.6725401408848
  900.0      50.2101609239454
 1000.0      50.6668397213912
 1100.0      51.0723395667264
 1200.0      51.4355323930472
 1300.0      51.7761813926226
 1400.0      52.1002075453211
 1500.0      52.4124202950714
 1600.0      52.7169212591212
 1700.0      53.0167570105388
 1800.0      53.3127032812067
 1900.0      53.6145706059026
 2000.0      53.9068765958318
 2100.0      54.2119915061774
 2200.0      54.5149770167904
 2300.0      54.8189725669334
 2400.0      55.1369099076108
 2500.0      55.4439880479332
 2600.0      55.7746480710074
 2700.0      56.0986366596040
 2800.0      56.4299161456838
 2900.0      56.7813538886099
 3000.0      57.1182791036015
 3100.0      57.4804308993474
 3200.0      57.8353945575454
 3300.0      58.2251364379128
 3400.0      58.5978378900536
 3500.0      58.9783687272579
 3600.0      59.4087165434481
 3700.0      59.7721311963970
 3800.0      60.2402862674824
 3900.0      60.6376249874391
 4000.0      61.0926360213615
 4100.0      61.5496149350918
 4200.0      62.0164100708103
 4300.0      62.4701705907792
 4400.0      63.0034664916698
 4500.0      63.4704429542785
 4600.0      64.0150823054398
 4700.0      64.5538735422133
 4800.0      65.0704742703544
 4900.0      65.6690049682770
 5000.0      66.2316483052423
 5100.0      66.8311412407185
 5200.0      67.4567950921354
 5300.0      68.0898891468884
 5400.0      68.7410152958217
 5500.0      69.4045879135509
 5600.0      70.1029540247531
 5700.0      70.8391805453395
 5800.0      71.5216927516341
 5900.0      72.3126029004906
 6000.0      73.0989782834775
# P = 39.000000 (GPa)
    1.0       1.0000217932629
  100.0      15.5699429735924
  200.0      36.3109741937372
  300.0      40.6083167501022
  400.0      45.1556882806019
  500.0      46.7443847012911
  600.0      48.1266741523392
  700.0      48.9726818915944
  800.0      49.6549735691250
  900.0      50.1904195652932
 1000.0      50.6447787080587
 1100.0      51.0478244400487
 1200.0      51.4084460227865
 1300.0      51.7463926885310
 1400.0      52.0676207713956
 1500.0      52.3769213559461
 1600.0      52.6783766214934
 1700.0      52.9750626784584
 1800.0      53.2677600429684
 1900.0      53.5662130951753
 2000.0      53.8550045454689
 2100.0      54.1564761345568
 2200.0      54.4556669926686
 2300.0      54.7557236804386
 2400.0      55.0695884716605
 2500.0      55.3724565996613
 2600.0      55.6986811051009
 2700.0      56.0181498805602
 2800.0      56.3447012128499
 2900.0      56.6911784650084
 3000.0      57.0230682404873
 3100.0      57.3798879182781
 3200.0      57.7293787736051
 3300.0      58.1133735041127
 3400.0      58.4801320673653
 3500.0      58.8545341760742
 3600.0      59.2783765626933
 3700.0      59.6352372334593
 3800.0      60.0963284903601
 3900.0      60.4865305097074
 4000.0      60.9339827857816
 4100.0      61.3831493759693
 4200.0      61.8417483384307
 4300.0      62.2871528866242
 4400.0      62.8114286221804
 4500.0      63.2693421760356
 4600.0      63.8042806081815
 4700.0      64.3330059924905
 4800.0      64.8392704285352
 4900.0      65.4267981057103
 5000.0      65.9781634524963
 5100.0      66.5656108501694
 5200.0      67.1787615549199
 5300.0      67.7991450616642
 5400.0      68.4373915729658
 5500.0      69.0878545995085
 5600.0      69.7728916139903
 5700.0      70.4955300299623
 5800.0      71.1644981078358
 5900.0      71.9414562023353
 6000.0      72.7137789213100
# P = 40.000000 (GPa)
    1.0       1.0000214565667
  100.0      15.5612072419751
  200.0      36.2971518488133
  300.0      40.5964375585467
  400.0      45.1437697337579
  500.0      46.7320203094032
  600.0      48.1129967010580
  700.0      48.9573412753760
  800.0      49.6376941298983
  900.0      50.1710171403205
 1000.0      50.6230965924320
 1100.0      51.0237226114089
 1200.0      51.3818330890893
 1300.0      51.7171402972637
 1400.0      52.0356049544328
 1500.0      52.3420498135069
 1600.0      52.6405419527534
 1700.0      52.9341299732042
 1800.0      53.2236254509626
 1900.0      53.5187607961028
 2000.0      53.8041134552549
 2100.0      54.1019839223047
 2200.0      54.3974874846321
 2300.0      54.6937047395957
 2400.0      55.0035407548924
 2500.0      55.3023194170966
 2600.0      55.6242278856949
 2700.0      55.9392269113621
 2800.0      56.2611915775536
 2900.0      56.6028400350778
 3000.0      56.9297563602257
 3100.0      57.2814182498273
 3200.0      57.6255655733519
 3300.0      58.0039042473684
 3400.0      58.3649309858244
 3500.0      58.7333153031075
 3600.0      59.1508066674792
 3700.0      59.5013365808084
 3800.0      59.9554697351825
 3900.0      60.3387787293124
 4000.0      60.7788572013478
 4100.0      61.2203883163071
 4200.0      61.6710767127449
 4300.0      62.1082818205988
 4400.0      62.6238461878528
 4500.0      63.0729138044527
 4600.0      63.5984351830953
 4700.0      64.1174190519821
 4800.0      64.6136026789501
 4900.0      65.1904564974581
 5000.0      65.7308431905627
 5100.0      66.3068027752147
 5200.0      66.9077640677495
 5300.0      67.5154508090601
 5400.0      68.1408742673013
 5500.0      68.7782657194702
 5600.0      69.4499985257037
 5700.0      70.1590547152564
 5800.0      70.8144911295301
 5900.0      71.5774887745579
 6000.0      72.3357063528899
