# T (K)      C-ph_V_V (J K^-1 mol^-1)
# V = 131.930000 (a.u.^3)
    5.0       0.0006778131001
  100.0      19.4738164366812
  200.0      34.8139534131142
  300.0      41.5382978496725
  400.0      44.7287098239651
  500.0      46.4189135122289
  600.0      47.4040645322498
  700.0      48.0230176506832
  800.0      48.4353316589520
  900.0      48.7229973038130
 1000.0      48.9313090644058
 1100.0      49.0868259741236
 1200.0      49.2059104738887
 1300.0      49.2990696422254
 1400.0      49.3732918454547
 1500.0      49.4333672121940
 1600.0      49.4826658014578
 1700.0      49.5236131728135
 1800.0      49.5579904216550
 1900.0      49.5871288515245
 2000.0      49.6120394643587
 2100.0      49.6335010274473
 2200.0      49.6521211743696
 2300.0      49.6683795667211
 2400.0      49.6826588853524
 2500.0      49.6952674162608
 2600.0      49.7064557362224
 2700.0      49.7164291944206
 2800.0      49.7253573573122
 2900.0      49.7333812319563
 3000.0      49.7406188450402
 3100.0      49.7471695915512
 3200.0      49.7531176534760
 3300.0      49.7585347089114
 3400.0      49.7634820949433
 3500.0      49.7680125465606
 3600.0      49.7721716039310
 3700.0      49.7759987583683
 3800.0      49.7795283909749
 3900.0      49.7827905457278
 4000.0      49.7858115695406
 4100.0      49.7886146448222
 4200.0      49.7912202346737
 4300.0      49.7936464567205
 4400.0      49.7959093983546
 4500.0      49.7980233836480
 4600.0      49.8000012002200
 4700.0      49.8018542927789
 4800.0      49.8035929288145
 4900.0      49.8052263409293
 5000.0      49.8067628494955
 5100.0      49.8082099686852
 5200.0      49.8095744984007
 5300.0      49.8108626042059
 5400.0      49.8120798870163
 5500.0      49.8132314440197
 5600.0      49.8143219220655
 5700.0      49.8153555645697
 5800.0      49.8163362528172
 5900.0      49.8172675424165
 6000.0      49.8181526955434
# V = 124.170000 (a.u.^3)
    5.0       0.0005334154326
  100.0      15.3994964175618
  200.0      31.6194900053463
  300.0      39.4840966712892
  400.0      43.3846432870706
  500.0      45.4973897462831
  600.0      46.7439964798995
  700.0      47.5330111179292
  800.0      48.0611125248040
  900.0      48.4307521737209
 1000.0      48.6990382157061
 1100.0      48.8996660981922
 1200.0      49.0534885185327
 1300.0      49.1739410154121
 1400.0      49.2699827341376
 1500.0      49.3477670526954
 1600.0      49.4116301034903
 1700.0      49.4646968389279
 1800.0      49.5092643823300
 1900.0      49.5470512818808
 2000.0      49.5793635957696
 2100.0      49.6072080121994
 2200.0      49.6313704289031
 2300.0      49.6524715201413
 2400.0      49.6710066713569
 2500.0      49.6873751057068
 2600.0      49.7019014164060
 2700.0      49.7148516835992
 2800.0      49.7264456764862
 2900.0      49.7368661897626
 3000.0      49.7462662577564
 3100.0      49.7547747797265
 3200.0      49.7625009436720
 3300.0      49.7695377329961
 3400.0      49.7759647269029
 3500.0      49.7818503524239
 3600.0      49.7872537073669
 3700.0      49.7922260450769
 3800.0      49.7968119908149
 3900.0      49.8010505437657
 4000.0      49.8049759067669
 4100.0      49.8086181767806
 4200.0      49.8120039221777
 4300.0      49.8151566675470
 4400.0      49.8180973025679
 4500.0      49.8208444282396
 4600.0      49.8234146511934
 4700.0      49.8258228347961
 4800.0      49.8280823141409
 4900.0      49.8302050807415
 5000.0      49.8322019417088
 5100.0      49.8340826573612
 5200.0      49.8358560605420
 5300.0      49.8375301603717
 5400.0      49.8391122327114
 5500.0      49.8406088992475
 5600.0      49.8420261968047
 5700.0      49.8433696382407
 5800.0      49.8446442660734
 5900.0      49.8458546998133
 6000.0      49.8470051778324
# V = 116.746000 (a.u.^3)
    5.0       0.0004207901264
  100.0      12.6785613569802
  200.0      28.6174867631506
  300.0      37.3228748783901
  400.0      41.8944651999884
  500.0      44.4430538744059
  600.0      45.9710267020452
  700.0      46.9474842209260
  800.0      47.6051174509704
  900.0      48.0673712288318
 1000.0      48.4038847626683
 1100.0      48.6560889326661
 1200.0      48.8497771134890
 1300.0      49.0016422399495
 1400.0      49.1228535200284
 1500.0      49.2211027195520
 1600.0      49.3018215573257
 1700.0      49.3689312920851
 1800.0      49.4253184832877
 1900.0      49.4731451958119
 2000.0      49.5140561763691
 2100.0      49.5493202334221
 2200.0      49.5799286080106
 2300.0      49.6066646329077
 2400.0      49.6301538549000
 2500.0      49.6509006296219
 2600.0      49.6693151994476
 2700.0      49.6857339772617
 2800.0      49.7004349141073
 2900.0      49.7136492650199
 3000.0      49.7255706853511
 3100.0      49.7363623272346
 3200.0      49.7461624228210
 3300.0      49.7550887117722
 3400.0      49.7632419783091
 3500.0      49.7707088965772
 3600.0      49.7775643345774
 3700.0      49.7838732311926
 3800.0      49.7896921343137
 3900.0      49.7950704681826
 4000.0      49.8000515830597
 4100.0      49.8046736288906
 4200.0      49.8089702858888
 4300.0      49.8129713781862
 4400.0      49.8167033914504
 4500.0      49.8201899112584
 4600.0      49.8234519957882
 4700.0      49.8265084938332
 4800.0      49.8293763171146
 4900.0      49.8320706742434
 5000.0      49.8346052723801
 5100.0      49.8369924915878
 5200.0      49.8392435360230
 5300.0      49.8413685654137
 5400.0      49.8433768097072
 5500.0      49.8452766693048
 5600.0      49.8470758029165
 5700.0      49.8487812047533
 5800.0      49.8503992725085
 5900.0      49.8519358673655
 6000.0      49.8533963670792
# V = 109.593000 (a.u.^3)
    5.0       0.0003129353446
  100.0      10.6853179378231
  200.0      25.8240226021839
  300.0      35.0797174251144
  400.0      40.2689771399088
  500.0      43.2627562727689
  600.0      45.0925667399276
  700.0      46.2756911482060
  800.0      47.0785826107823
  900.0      47.6458685937884
 1000.0      48.0603668913594
 1100.0      48.3718596869467
 1200.0      48.6115705274603
 1300.0      48.7998185875097
 1400.0      48.9502569342159
 1500.0      49.0723189718559
 1600.0      49.1726838775014
 1700.0      49.2561837658824
 1800.0      49.3263819416255
 1900.0      49.3859512495915
 2000.0      49.4369274930913
 2100.0      49.4808827866196
 2200.0      49.5190464184072
 2300.0      49.5523905849158
 2400.0      49.5816921717513
 2500.0      49.6075779187309
 2600.0      49.6305578767540
 2700.0      49.6510504946926
 2800.0      49.6694016425528
 2900.0      49.6858991872757
 3000.0      49.7007842692179
 3100.0      49.7142601048566
 3200.0      49.7264989162521
 3300.0      49.7376474288275
 3400.0      49.7478312654269
 3500.0      49.7571584825431
 3600.0      49.7657224347120
 3700.0      49.7736041089486
 3800.0      49.7808740382876
 3900.0      49.7875938789028
 4000.0      49.7938177166869
 4100.0      49.7995931550169
 4200.0      49.8049622245757
 4300.0      49.8099621477118
 4400.0      49.8146259833051
 4500.0      49.8189831730062
 4600.0      49.8230600057080
 4700.0      49.8268800139392
 4800.0      49.8304643133387
 4900.0      49.8338318943622
 5000.0      49.8369998737453
 5100.0      49.8399837119428
 5200.0      49.8427974017019
 5300.0      49.8454536320674
 5400.0      49.8479639314057
 5500.0      49.8503387924611
 5600.0      49.8525877819758
 5700.0      49.8547196370134
 5800.0      49.8567423497972
 5900.0      49.8586632426002
 6000.0      49.8604890339993
# V = 102.777000 (a.u.^3)
    5.0       0.0002418081172
  100.0       9.1323462992022
  200.0      23.2461233174728
  300.0      32.7307084811723
  400.0      38.4390666010954
  500.0      41.8653361481877
  600.0      44.0078430783506
  700.0      45.4127477466847
  800.0      46.3749245238331
  900.0      47.0590389313521
 1000.0      47.5611449975828
 1100.0      47.9397225393176
 1200.0      48.2317882655677
 1300.0      48.4615962058412
 1400.0      48.6455285474660
 1500.0      48.7949505600574
 1600.0      48.9179354153160
 1700.0      49.0203391023095
 1800.0      49.1064892868362
 1900.0      49.1796379963589
 2000.0      49.2422659157831
 2100.0      49.2962911665427
 2200.0      49.3432152360121
 2300.0      49.3842267157178
 2400.0      49.4202761937600
 2500.0      49.4521310924482
 2600.0      49.4804163467856
 2700.0      49.5056449434948
 2800.0      49.5282411033673
 2900.0      49.5485580608026
 3000.0      49.5668918305023
 3100.0      49.5834919622515
 3200.0      49.5985700128127
 3300.0      49.6123062715885
 3400.0      49.6248551390383
 3500.0      49.6363494572771
 3600.0      49.6469040195328
 3700.0      49.6566184314939
 3800.0      49.6655794576644
 3900.0      49.6738629558817
 4000.0      49.6815354805082
 4100.0      49.6886556175333
 4200.0      49.6952751015779
 4300.0      49.7014397545550
 4400.0      49.7071902777729
 4500.0      49.7125629230434
 4600.0      49.7175900634475
 4700.0      49.7223006805345
 4800.0      49.7267207816411
 4900.0      49.7308737585466
 5000.0      49.7347806966984
 5100.0      49.7384606426366
 5200.0      49.7419308359499
 5300.0      49.7452069110366
 5400.0      49.7483030730774
 5500.0      49.7512322519169
 5600.0      49.7540062369676
 5700.0      49.7566357957619
 5800.0      49.7591307783779
 5900.0      49.7615002096301
 6000.0      49.7637523706353
# V = 96.163900 (a.u.^3)
    5.0       0.0001929286189
  100.0       7.8732443179661
  200.0      21.0003145566731
  300.0      30.4679890468735
  400.0      36.6015035472178
  500.0      40.4515396920809
  600.0      42.9240772766169
  700.0      44.5726405756521
  800.0      45.7141551486640
  900.0      46.5319452115375
 1000.0      47.1354234830257
 1100.0      47.5922590575810
 1200.0      47.9457719311835
 1300.0      48.2245854119194
 1400.0      48.4481572193895
 1500.0      48.6300540834323
 1600.0      48.7799514778606
 1700.0      48.9048903490565
 1800.0      49.0100878827923
 1900.0      49.0994731900619
 2000.0      49.1760490015021
 2100.0      49.2421407492209
 2200.0      49.2995712106389
 2300.0      49.3497849891927
 2400.0      49.3939385864222
 2500.0      49.4329664844416
 2600.0      49.4676302499436
 2700.0      49.4985554540381
 2800.0      49.5262597354382
 2900.0      49.5511743485841
 3000.0      49.5736608657787
 3100.0      49.5940242373759
 3200.0      49.6125230883468
 3300.0      49.6293778986873
 3400.0      49.6447775496495
 3500.0      49.6588845979095
 3600.0      49.6718395520938
 3700.0      49.6837643613364
 3800.0      49.6947652773035
 3900.0      49.7049352148960
 4000.0      49.7143557094076
 4100.0      49.7230985470044
 4200.0      49.7312271293170
 4300.0      49.7387976205189
 4400.0      49.7458599155887
 4500.0      49.7524584608911
 4600.0      49.7586329522430
 4700.0      49.7644189309151
 4800.0      49.7698482942593
 4900.0      49.7749497346478
 5000.0      49.7797491179876
 5100.0      49.7842698111303
 5200.0      49.7885329659037
 5300.0      49.7925577662092
 5400.0      49.7963616435689
 5500.0      49.7999604656408
 5600.0      49.8033687015064
 5700.0      49.8065995669425
 5800.0      49.8096651523979
 5900.0      49.8125765359892
 6000.0      49.8153438834838
# V = 89.955400 (a.u.^3)
    5.0       0.0001540144834
  100.0       6.8169355713211
  200.0      19.0357548194386
  300.0      28.2548099857574
  400.0      34.6669102211805
  500.0      38.8899843641905
  600.0      41.6839616457421
  700.0      43.5824759576033
  800.0      44.9137529840206
  900.0      45.8758770878211
 1000.0      46.5903500034941
 1100.0      47.1337400046076
 1200.0      47.5557271963973
 1300.0      47.8894661677117
 1400.0      48.1576670355519
 1500.0      48.3762585631911
 1600.0      48.5566546090389
 1700.0      48.7071930023072
 1800.0      48.8340713251149
 1900.0      48.9419692334126
 2000.0      49.0344708963641
 2100.0      49.1143572043628
 2200.0      49.1838114169508
 2300.0      49.2445662077316
 2400.0      49.2980103530261
 2500.0      49.3452671892283
 2600.0      49.3872530314064
 2700.0      49.4247211751146
 2800.0      49.4582953953825
 2900.0      49.4884957045714
 3000.0      49.5157583423006
 3100.0      49.5404514238547
 3200.0      49.5628872895723
 3300.0      49.5833323249813
 3400.0      49.6020148255687
 3500.0      49.6191313379322
 3600.0      49.6348518049073
 3700.0      49.6493237652483
 3800.0      49.6626758009890
 3900.0      49.6750203824104
 4000.0      49.6864562277990
 4100.0      49.6970702701800
 4200.0      49.7069393039931
 4300.0      49.7161313698054
 4400.0      49.7247069235688
 4500.0      49.7327198278572
 4600.0      49.7402181953614
 4700.0      49.7472451092582
 4800.0      49.7538392405509
 4900.0      49.7600353788671
 5000.0      49.7658648902948
 5100.0      49.7713561134853
 5200.0      49.7765347033486
 5300.0      49.7814239301116
 5400.0      49.7860449402383
 5500.0      49.7904169846665
 5600.0      49.7945576189535
 5700.0      49.7984828792122
 5800.0      49.8022074371233
 5900.0      49.8057447368192
 6000.0      49.8091071160209
# V = 83.949400 (a.u.^3)
    5.0       0.0001204987244
  100.0       5.8907203633051
  200.0      17.3077250536378
  300.0      26.1258119001012
  400.0      32.6727723595540
  500.0      37.2095657273810
  600.0      40.3118511310816
  700.0      42.4657169372544
  800.0      43.9981345872725
  900.0      45.1169294904404
 1000.0      45.9538707648323
 1100.0      46.5938927585167
 1200.0      47.0929995483228
 1300.0      47.4890150009789
 1400.0      47.8080843523136
 1500.0      48.0686763366762
 1600.0      48.2840997612208
 1700.0      48.4641212070569
 1800.0      48.6160275079238
 1900.0      48.7453379414481
 2000.0      48.8562908131642
 2100.0      48.9521818461793
 2200.0      49.0356034059277
 2300.0      49.1086162084768
 2400.0      49.1728743118393
 2500.0      49.2297172925806
 2600.0      49.2802390481756
 2700.0      49.3253397313410
 2800.0      49.3657653628593
 2900.0      49.4021383413895
 3000.0      49.4349811564565
 3100.0      49.4647349759887
 3200.0      49.4917743326836
 3300.0      49.5164188150224
 3400.0      49.5389424394770
 3500.0      49.5595812137141
 3600.0      49.5785392781923
 3700.0      49.5959939228672
 3800.0      49.6120997079679
 3900.0      49.6269918667940
 4000.0      49.6407891297554
 4100.0      49.6535960792830
 4200.0      49.6655051224596
 4300.0      49.6765981505687
 4400.0      49.6869479410038
 4500.0      49.6966193461897
 4600.0      49.7056703056597
 4700.0      49.7141527106852
 4800.0      49.7221131454745
 4900.0      49.7295935246518
 5000.0      49.7366316432587
 5100.0      49.7432616527181
 5200.0      49.7495144739223
 5300.0      49.7554181567541
 5400.0      49.7609981938242
 5500.0      49.7662777949652
 5600.0      49.7712781279873
 5700.0      49.7760185303484
 5800.0      49.7805166956836
 5900.0      49.7847888385462
 6000.0      49.7888498402193
# V = 78.213300 (a.u.^3)
    5.0       0.0000956378093
  100.0       5.1343405816393
  200.0      15.8190920355028
  300.0      24.1335844694763
  400.0      30.6617281016573
  500.0      35.4283193502287
  600.0      38.8071901769488
  700.0      41.2102923382935
  800.0      42.9484711629403
  900.0      44.2323580235647
 1000.0      45.2009765883692
 1100.0      45.9464029659125
 1200.0      46.5305328515822
 1300.0      46.9957685640096
 1400.0      47.3717391191493
 1500.0      47.6795513574925
 1600.0      47.9345173739506
 1700.0      48.1479348494660
 1800.0      48.3282704731995
 1900.0      48.4819608673372
 2000.0      48.6139640982236
 2100.0      48.7281457100451
 2200.0      48.8275531145349
 2300.0      48.9146134448919
 2400.0      48.9912781445912
 2500.0      49.0591299569665
 2600.0      49.1194630185776
 2700.0      49.1733434713797
 2800.0      49.2216557987541
 2900.0      49.2651385846477
 3000.0      49.3044123556796
 3100.0      49.3400014397998
 3200.0      49.3723512617044
 3300.0      49.4018421283339
 3400.0      49.4288002928757
 3500.0      49.4535068925468
 3600.0      49.4762052132930
 3700.0      49.4971066290324
 3800.0      49.5163954840833
 3900.0      49.5342331278382
 4000.0      49.5507612654469
 4100.0      49.5661047536084
 4200.0      49.5803739438430
 4300.0      49.5936666548971
 4400.0      49.6060698397519
 4500.0      49.6176610000098
 4600.0      49.6285093904093
 4700.0      49.6386770482609
 4800.0      49.6482196762504
 4900.0      49.6571874019676
 5000.0      49.6656254334220
 5100.0      49.6735746264859
 5200.0      49.6810719775206
 5300.0      49.6881510522320
 5400.0      49.6948423600113
 5500.0      49.7011736815260
 5600.0      49.7071703561127
 5700.0      49.7128555345026
 5800.0      49.7182504015755
 5900.0      49.7233743731302
 6000.0      49.7282452700779
# V = 72.747100 (a.u.^3)
    5.0       0.0001248089898
  100.0       5.1389309090679
  200.0      15.0903036826495
  300.0      22.6658360347741
  400.0      28.9202796274007
  500.0      33.7573271223947
  600.0      37.3320128640806
  700.0      39.9478898653360
  800.0      41.8777048099803
  900.0      43.3233093179029
 1000.0      44.4251989244844
 1100.0      45.2797497354476
 1200.0      45.9533641354950
 1300.0      46.4923599370107
 1400.0      46.9295467474028
 1500.0      47.2885459094893
 1600.0      47.5866380305843
 1700.0      47.8366597588078
 1800.0      48.0482845368282
 1900.0      48.2289002486119
 2000.0      48.3842196725323
 2100.0      48.5187113215053
 2200.0      48.6359077996639
 2300.0      48.7386294454026
 2400.0      48.8291485780171
 2500.0      48.9093115517102
 2600.0      48.9806304638823
 2700.0      49.0443527807346
 2800.0      49.1015147143193
 2900.0      49.1529825183384
 3000.0      49.1994847123522
 3100.0      49.2416374307976
 3200.0      49.2799645156159
 3300.0      49.3149135567986
 3400.0      49.3468687847567
 3500.0      49.3761614986664
 3600.0      49.4030785527436
 3700.0      49.4278693016696
 3800.0      49.4507513157985
 3900.0      49.4719151082818
 4000.0      49.4915280640784
 4100.0      49.5097377208067
 4200.0      49.5266745205138
 4300.0      49.5424541274390
 4400.0      49.5571793880951
 4500.0      49.5709419952533
 4600.0      49.5838239057623
 4700.0      49.5958985528764
 4800.0      49.6072318863745
 4900.0      49.6178832678196
 5000.0      49.6279062435239
 5100.0      49.6373492139164
 5200.0      49.6462560148548
 5300.0      49.6546664238579
 5400.0      49.6626166021220
 5500.0      49.6701394814516
 5600.0      49.6772651038031
 5700.0      49.6840209199498
 5800.0      49.6904320527915
 5900.0      49.6965215300053
 6000.0      49.7023104900473
# V = 67.550900 (a.u.^3)
    5.0       0.0000957648462
  100.0       4.4375853762253
  200.0      13.8076224213079
  300.0      20.9251534170371
  400.0      26.9500097924991
  500.0      31.8484740163160
  600.0      35.6217014872577
  700.0      38.4668621990004
  800.0      40.6111831560585
  900.0      42.2425345492287
 1000.0      43.5003350357051
 1100.0      44.4842894396442
 1200.0      45.2651138572977
 1300.0      45.8931882752566
 1400.0      46.4047730357080
 1500.0      46.8262981222052
 1600.0      47.1772887294474
 1700.0      47.4723635451764
 1800.0      47.7226101458196
 1900.0      47.9365417937001
 2000.0      48.1207710416319
 2100.0      48.2804898696562
 2200.0      48.4198161571661
 2300.0      48.5420467105144
 2400.0      48.6498441830578
 2500.0      48.7453766784669
 2600.0      48.8304231023185
 2700.0      48.9064534493973
 2800.0      48.9746905591284
 2900.0      49.0361580336165
 3000.0      49.0917177266545
 3100.0      49.1420993026409
 3200.0      49.1879237147622
 3300.0      49.2297219832865
 3400.0      49.2679503137635
 3500.0      49.3030023444273
 3600.0      49.3352191265668
 3700.0      49.3648973030691
 3800.0      49.3922958460893
 3900.0      49.4176416357568
 4000.0      49.4411341014900
 4100.0      49.4629491011135
 4200.0      49.4832421770986
 4300.0      49.5021513013288
 4400.0      49.5197991979290
 4500.0      49.5362953164987
 4600.0      49.5517375144562
 4700.0      49.5662134963739
 4800.0      49.5798020495168
 4900.0      49.5925741078313
 5000.0      49.6045936710222
 5100.0      49.6159186007945
 5200.0      49.6266013126344
 5300.0      49.6366893784751
 5400.0      49.6462260531045
 5500.0      49.6552507351290
 5600.0      49.6637993716129
 5700.0      49.6719048141123
 5800.0      49.6795971326510
 5900.0      49.6869038932160
 6000.0      49.6938504035290
# V = 62.624600 (a.u.^3)
    5.0       0.0000772690163
  100.0       3.9114780350998
  200.0      12.6797337728480
  300.0      19.3688028528884
  400.0      25.0727840097639
  500.0      29.9198958595827
  600.0      33.8155157728514
  700.0      36.8499468792822
  800.0      39.1921018099600
  900.0      41.0055336912837
 1000.0      42.4222190016756
 1100.0      43.5416249898173
 1200.0      44.4368736758581
 1300.0      45.1614233139321
 1400.0      45.7545024177844
 1500.0      46.2451349505474
 1600.0      46.6550168048130
 1700.0      47.0005467082722
 1800.0      47.2942590800638
 1900.0      47.5458400625780
 2000.0      47.7628537900382
 2100.0      47.9512664893296
 2200.0      48.1158285452379
 2300.0      48.2603559064252
 2400.0      48.3879394721596
 2500.0      48.5011024408843
 2600.0      48.6019196854048
 2700.0      48.6921091482000
 2800.0      48.7731024253940
 2900.0      48.8460997302638
 3000.0      48.9121130299514
 3100.0      48.9720001528925
 3200.0      49.0264919478004
 3300.0      49.0762140548859
 3400.0      49.1217044692409
 3500.0      49.1634277952631
 3600.0      49.2017868819270
 3700.0      49.2371323719512
 3800.0      49.2697705795402
 3900.0      49.2999700213532
 4000.0      49.3279668564168
 4100.0      49.3539694375846
 4200.0      49.3781621359506
 4300.0      49.4007085674986
 4400.0      49.4217543260622
 4500.0      49.4414293067912
 4600.0      49.4598496885558
 4700.0      49.4771196311584
 4800.0      49.4933327331646
 4900.0      49.5085732880720
 5000.0      49.5229173699973
 5100.0      49.5364337747530
 5200.0      49.5491848378663
 5300.0      49.5612271475485
 5400.0      49.5726121677214
 5500.0      49.5833867838105
 5600.0      49.5935937820362
 5700.0      49.6032722712836
 5800.0      49.6124580552687
 5900.0      49.6211839615690
 6000.0      49.6294801331292
# V = 57.900800 (a.u.^3)
    5.0       0.0000649369521
  100.0       3.5467817673478
  200.0      11.7042342584772
  300.0      18.0177064407366
  400.0      23.3634906832880
  500.0      28.0714115723021
  600.0      32.0187524861348
  700.0      35.2022991586100
  800.0      37.7253689107000
  900.0      39.7180735243441
 1000.0      41.2984336221619
 1100.0      42.5617194920762
 1200.0      43.5812242981281
 1300.0      44.4122859157211
 1400.0      45.0964941579757
 1500.0      45.6651886304587
 1600.0      46.1421356638814
 1700.0      46.5455072922298
 1800.0      46.8893245602595
 1900.0      47.1845069510357
 2000.0      47.4396373715347
 2100.0      47.6615229320032
 2200.0      47.8556090316085
 2300.0      48.0262876178308
 2400.0      48.1771286212691
 2500.0      48.3110552056978
 2600.0      48.4304775995904
 2700.0      48.5373961434530
 2800.0      48.6334812683965
 2900.0      48.7201360472768
 3000.0      48.7985454758905
 3100.0      48.8697155723830
 3200.0      48.9345046065681
 3300.0      48.9936482027645
 3400.0      49.0477796409506
 3500.0      49.0974463699921
 3600.0      49.1431235140031
 3700.0      49.1852249775859
 3800.0      49.2241126227099
 3900.0      49.2601038884463
 4000.0      49.2934781467411
 4100.0      49.3244820270771
 4200.0      49.3533338959529
 4300.0      49.3802276404025
 4400.0      49.4053358759191
 4500.0      49.4288126763190
 4600.0      49.4507959049544
 4700.0      49.4714092122047
 4800.0      49.4907637525552
 4900.0      49.5089596652189
 5000.0      49.5260873546771
 5100.0      49.5422286013589
 5200.0      49.5574575276566
 5300.0      49.5718414403560
 5400.0      49.5854415671782
 5500.0      49.5983137023366
 5600.0      49.6105087736984
 5700.0      49.6220733422197
 5800.0      49.6330500427210
 5900.0      49.6434779737289
 6000.0      49.6533930429866
# V = 53.446900 (a.u.^3)
    5.0       0.0000597419752
  100.0       3.3546207259900
  200.0      10.8513973487714
  300.0      16.8004393022349
  400.0      21.7602085168846
  500.0      26.2344663459948
  600.0      30.1375680092397
  700.0      33.4003750014925
  800.0      36.0609618636216
  900.0      38.2088873096299
 1000.0      39.9413738110831
 1100.0      41.3445772161832
 1200.0      42.4887755030048
 1300.0      43.4292156851564
 1400.0      44.2086604747223
 1500.0      44.8600612996000
 1600.0      45.4088463140935
 1700.0      45.8747305813750
 1800.0      46.2730986000500
 1900.0      46.6160438823516
 2000.0      46.9131464136592
 2100.0      47.1720541802294
 2200.0      47.3989196144544
 2300.0      47.5987288718442
 2400.0      47.7755518200342
 2500.0      47.9327331338734
 2600.0      48.0730394094086
 2700.0      48.1987732297819
 2800.0      48.3118622334482
 2900.0      48.4139291448763
 3000.0      48.5063472072422
 3100.0      48.5902843451966
 3200.0      48.6667385690123
 3300.0      48.7365665276115
 3400.0      48.8005066688060
 3500.0      48.8591981288517
 3600.0      48.9131962201122
 3700.0      48.9629851936049
 3800.0      49.0089888067287
 3900.0      49.0515791140723
 4000.0      49.0910838124408
 4100.0      49.1277924038783
 4200.0      49.1619613878879
 4300.0      49.1938186527797
 4400.0      49.2235672035297
 4500.0      49.2513883377125
 4600.0      49.2774443605191
 4700.0      49.3018809134024
 4800.0      49.3248289776668
 4900.0      49.3464066036308
 5000.0      49.3667204073248
 5100.0      49.3858668696357
 5200.0      49.4039334670374
 5300.0      49.4209996583205
 5400.0      49.4371377478359
 5500.0      49.4524136425468
 5600.0      49.4668875175169
 5700.0      49.4806144022369
 5800.0      49.4936446983428
 5900.0      49.5060246377252
 6000.0      49.5177966887237
# V = 49.262900 (a.u.^3)
    5.0       0.0089855038742
  100.0       3.3851791611392
  200.0      10.1596698448234
  300.0      15.7342901882848
  400.0      20.3091262285755
  500.0      24.4812453124676
  600.0      28.2475090769483
  700.0      31.5095976322159
  800.0      34.2501510899794
  900.0      36.5157129719014
 1000.0      38.3774109717284
 1100.0      39.9075355915280
 1200.0      41.1698529238431
 1300.0      42.2171406954791
 1400.0      43.0917749534486
 1500.0      43.8273150801127
 1600.0      44.4502117654003
 1700.0      44.9813194028901
 1800.0      45.4371335204852
 1900.0      45.8307661444008
 2000.0      46.1727008394775
 2100.0      46.4713725902541
 2200.0      46.7336122023718
 2300.0      46.9649873084955
 2400.0      47.1700649075939
 2500.0      47.3526144200512
 2600.0      47.5157655724481
 2700.0      47.6621318643644
 2800.0      47.7939076926168
 2900.0      47.9129452103187
 3000.0      48.0208155104319
 3100.0      48.1188576151569
 3200.0      48.2082179249018
 3300.0      48.2898821603810
 3400.0      48.3647013646412
 3500.0      48.4334131788440
 3600.0      48.4966593373650
 3700.0      48.5550001227860
 3800.0      48.6089263639284
 3900.0      48.6588694384951
 4000.0      48.7052096475277
 4100.0      48.7482832552544
 4200.0      48.7883884301657
 4300.0      48.8257902776507
 4400.0      48.8607251184928
 4500.0      48.8934041388582
 4600.0      48.9240165144942
 4700.0      48.9527320934679
 4800.0      48.9797037069386
 4900.0      49.0050691654652
 5000.0      49.0289529885815
 5100.0      49.0514679074216
 5200.0      49.0727161736501
 5300.0      49.0927907025960
 5400.0      49.1117760740683
 5500.0      49.1297494106688
 5600.0      49.1467811503823
 5700.0      49.1629357276883
 5800.0      49.1782721753263
 5900.0      49.1928446570699
 6000.0      49.2067029403748
