# T (K)      C_V_P (J K^-1 mol^-1)
# P = 0.000000 (GPa)
    1.0       1.0000000000000
  100.0      15.9551827441459
  200.0      36.7696761866574
  300.0      40.6765762253697
  400.0      44.8994215669865
  500.0      46.1792762625683
  600.0      47.2970114241867
  700.0      47.8947062002770
  800.0      48.3397296328326
  900.0      48.6423028385256
 1000.0      48.8651521445057
 1100.0      49.0367657638340
 1200.0      49.1635178732163
 1300.0      49.2652885058271
 1400.0      49.3470089857734
 1500.0      49.4129439709312
 1600.0      49.4667181596124
 1700.0      49.5110793778762
 1800.0      49.5463657467898
 1900.0      49.5829492110415
 2000.0      49.6031207310988
 2100.0      49.6316135728080
 2200.0      49.6511976452148
 2300.0      49.6650964969529
 2400.0      49.6875503785108
 2500.0      49.6903769569639
 2600.0      49.7119690548154
 2700.0      49.7178641717319
 2800.0      49.7237645076993
 2900.0      49.7434615034308
 3000.0      49.7377384619043
 3100.0      49.7513990880476
 3200.0      49.7466764614662
 3300.0      49.7721929473518
 3400.0      49.7665372446124
 3500.0      49.7598395493060
 3600.0      49.7983059920058
 3700.0      49.7481599433976
 3800.0      49.8068588695243
 3900.0      49.7703270482590
 4000.0      49.7880477506316
 4100.0      49.7937002569832
 4200.0      49.7966583879588
 4300.0      49.7700808940811
 4400.0      49.8204715365080
 4500.0      49.7771140664556
 4600.0      49.8088015548923
 4700.0      49.8144372926734
 4800.0      49.7785589022163
 4900.0      49.8182953889416
 5000.0      49.7970216756305
 5100.0      49.7995489633198
 5200.0      49.8099152007187
 5300.0      49.8095354382016
 5400.0      49.8058576155098
 5500.0      49.7968305610596
 5600.0      49.8046159451582
 5700.0      49.8326587345836
 5800.0      49.7752731813213
 5900.0      49.8199722271155
 6000.0      49.8374257462631
# P = 1.000000 (GPa)
    1.0       1.0000000000000
  100.0      15.9431591204262
  200.0      36.7525079721873
  300.0      40.6655695826129
  400.0      44.8918117900687
  500.0      46.1743786602725
  600.0      47.2935200826463
  700.0      47.8921375876069
  800.0      48.3377368520800
  900.0      48.6407076053294
 1000.0      48.8638452604914
 1100.0      49.0356561789557
 1200.0      49.1625765924238
 1300.0      49.2644709093152
 1400.0      49.3462895976035
 1500.0      49.4123046094654
 1600.0      49.4661466825202
 1700.0      49.5105657229305
 1800.0      49.5459075148557
 1900.0      49.5825157745118
 2000.0      49.6027469911190
 2100.0      49.6312533727139
 2200.0      49.6508662330972
 2300.0      49.6648035185716
 2400.0      49.6872540927446
 2500.0      49.6901382163003
 2600.0      49.7117139281342
 2700.0      49.7176430836836
 2800.0      49.7235704279484
 2900.0      49.7432408285958
 3000.0      49.7375806688352
 3100.0      49.7512240662790
 3200.0      49.7465664673819
 3300.0      49.7719999082836
 3400.0      49.7664062343882
 3500.0      49.7597604107120
 3600.0      49.7980936647356
 3700.0      49.7481869804200
 3800.0      49.8066553788495
 3900.0      49.7703037919984
 4000.0      49.7879666648103
 4100.0      49.7936177106454
 4200.0      49.7965754587485
 4300.0      49.7701369978189
 4400.0      49.8203155430782
 4500.0      49.7771737247137
 4600.0      49.8087234406810
 4700.0      49.8143633614916
 4800.0      49.7786361933154
 4900.0      49.8182243833450
 5000.0      49.7970565908096
 5100.0      49.7995704839262
 5200.0      49.8099280106371
 5300.0      49.8095238050985
 5400.0      49.8059040422232
 5500.0      49.7969058018956
 5600.0      49.8046749142891
 5700.0      49.8326045939771
 5800.0      49.7754651058989
 5900.0      49.8200055557829
 6000.0      49.8372944793451
# P = 2.000000 (GPa)
    1.0       1.0000000000000
  100.0      15.9312495811571
  200.0      36.7355008578922
  300.0      40.6546639520820
  400.0      44.8842705240711
  500.0      46.1695241944839
  600.0      47.2900591161764
  700.0      47.8895911324139
  800.0      48.3357612082964
  900.0      48.6391260930623
 1000.0      48.8625496298656
 1100.0      49.0345562083233
 1200.0      49.1616434936164
 1300.0      49.2636604541321
 1400.0      49.3455765199362
 1500.0      49.4116708766221
 1600.0      49.4655802460789
 1700.0      49.5100566008069
 1800.0      49.5454533117853
 1900.0      49.5820861749824
 2000.0      49.6023765059338
 2100.0      49.6308963308172
 2200.0      49.6505377096340
 2300.0      49.6645130471465
 2400.0      49.6869603730108
 2500.0      49.6899014479305
 2600.0      49.7114609594617
 2700.0      49.7174238029709
 2800.0      49.7233778791466
 2900.0      49.7430219591225
 3000.0      49.7374240334704
 3100.0      49.7510503760622
 3200.0      49.7464571362220
 3300.0      49.7718083619411
 3400.0      49.7662760865084
 3500.0      49.7596816289113
 3600.0      49.7978829429254
 3700.0      49.7482133728328
 3800.0      49.8064533466195
 3900.0      49.7702803570533
 4000.0      49.7878858996365
 4100.0      49.7935354748365
 4200.0      49.7964928294277
 4300.0      49.7701922755045
 4400.0      49.8201603595072
 4500.0      49.7772325564660
 4600.0      49.8086454929596
 4700.0      49.8142895188042
 4800.0      49.7787126159331
 4900.0      49.8181533882979
 5000.0      49.7970908968063
 5100.0      49.7995914880107
 5200.0      49.8099403052543
 5300.0      49.8095118075139
 5400.0      49.8059498236389
 5500.0      49.7969803506687
 5600.0      49.8047332439907
 5700.0      49.8325500529264
 5800.0      49.7756562643002
 5900.0      49.8200383235269
 6000.0      49.8371626353894
# P = 3.000000 (GPa)
    1.0       1.0000000000000
  100.0      15.9194525335192
  200.0      36.7186526600083
  300.0      40.6438580017398
  400.0      44.8767968680868
  500.0      46.1647123330949
  600.0      47.2866281550312
  700.0      47.8870665671325
  800.0      48.3338025040924
  900.0      48.6375581408415
 1000.0      48.8612651262433
 1100.0      49.0334657384300
 1200.0      49.1607184808198
 1300.0      49.2628570639019
 1400.0      49.3448696919977
 1500.0      49.4110427241506
 1600.0      49.4650188125557
 1700.0      49.5095519826185
 1800.0      49.5450031168212
 1900.0      49.5816603961777
 2000.0      49.6020092669738
 2100.0      49.6305424416096
 2200.0      49.6502120735189
 2300.0      49.6642250859418
 2400.0      49.6866692243315
 2500.0      49.6896666615041
 2600.0      49.7112101597168
 2700.0      49.7172063433417
 2800.0      49.7231868771548
 2900.0      49.7428049127596
 3000.0      49.7372685747612
 3100.0      49.7508780383090
 3200.0      49.7463484884742
 3300.0      49.7716183340471
 3400.0      49.7661468251536
 3500.0      49.7596032252755
 3600.0      49.7976738620259
 3700.0      49.7482391321740
 3800.0      49.8062528135130
 3900.0      49.7702567611650
 4000.0      49.7878054825673
 4100.0      49.7934535789128
 4200.0      49.7964105307585
 4300.0      49.7702467293222
 4400.0      49.8200060374544
 4500.0      49.7772905610413
 4600.0      49.8085677482956
 4700.0      49.8142158026381
 4800.0      49.7787881593739
 4900.0      49.8180824447628
 5000.0      49.7971245965479
 5100.0      49.7996119827212
 5200.0      49.8099520968350
 5300.0      49.8094994671736
 5400.0      49.8059949555106
 5500.0      49.7970541857705
 5600.0      49.8047909205563
 5700.0      49.8324951643129
 5800.0      49.7758465547497
 5900.0      49.8200705296891
 6000.0      49.8370303323594
# P = 4.000000 (GPa)
    1.0       1.0000000000000
  100.0      15.9077664115558
  200.0      36.7019611679896
  300.0      40.6331504010780
  400.0      44.8693899606073
  500.0      46.1599425343673
  600.0      47.2832268350418
  700.0      47.8845636312498
  800.0      48.3318605359231
  900.0      48.6360035932374
 1000.0      48.8599916195118
 1100.0      49.0323846617565
 1200.0      49.1598014590291
 1300.0      49.2620606549356
 1400.0      49.3441690461032
 1500.0      49.4104200974912
 1600.0      49.4644623384213
 1700.0      49.5090518341196
 1800.0      49.5445569042748
 1900.0      49.5812384170594
 2000.0      49.6016452613938
 2100.0      49.6301916953785
 2200.0      49.6498893194606
 2300.0      49.6639396345613
 2400.0      49.6863806479698
 2500.0      49.6894338634694
 2600.0      49.7109615363701
 2700.0      49.7169907154222
 2800.0      49.7229974349749
 2900.0      49.7425897039983
 3000.0      49.7371143091442
 3100.0      49.7507070711301
 3200.0      49.7462405426569
 3300.0      49.7714298471197
 3400.0      49.7660184721359
 3500.0      49.7595252195602
 3600.0      49.7974664536798
 3700.0      49.7482642700662
 3800.0      49.8060538163138
 3900.0      49.7702330212996
 4000.0      49.7877254391936
 4100.0      49.7933720502776
 4200.0      49.7963285914894
 4300.0      49.7703003622762
 4400.0      49.8198526248536
 4500.0      49.7773477387515
 4600.0      49.8084902410815
 4700.0      49.8141422488546
 4800.0      49.7788628145336
 4900.0      49.8180115914594
 5000.0      49.7971576935190
 5100.0      49.7996319754264
 5200.0      49.8099633975871
 5300.0      49.8094868050432
 5400.0      49.8060394346082
 5500.0      49.7971272876326
 5600.0      49.8048479318282
 5700.0      49.8324399785479
 5800.0      49.7760358821541
 5900.0      49.8201021743464
 6000.0      49.8368976822327
# P = 5.000000 (GPa)
    1.0       1.0000000000000
  100.0      15.8961896923350
  200.0      36.6854242699502
  300.0      40.6225398316377
  400.0      44.8620489262698
  500.0      46.1552142801024
  600.0      47.2798547881832
  700.0      47.8820820652786
  800.0      48.3299351071961
  900.0      48.6344622894694
 1000.0      48.8587289837874
 1100.0      49.0313128680220
 1200.0      49.1588923375315
 1300.0      49.2612711452496
 1400.0      49.3434745083239
 1500.0      49.4098029359959
 1600.0      49.4639107745535
 1700.0      49.5085561158949
 1800.0      49.5441146436987
 1900.0      49.5808202119957
 2000.0      49.6012844722226
 2100.0      49.6298440783568
 2200.0      49.6495694383241
 2300.0      49.6636566890774
 2400.0      49.6860946415649
 2500.0      49.6892030571852
 2600.0      49.7107150935682
 2700.0      49.7167769268267
 2800.0      49.7228095628495
 2900.0      49.7423763441895
 3000.0      49.7369612506276
 3100.0      49.7505374899336
 3200.0      49.7461333153834
 3300.0      49.7712429205886
 3400.0      49.7658910469805
 3500.0      49.7594476299551
 3600.0      49.7972607458647
 3700.0      49.7482887981959
 3800.0      49.8058563880550
 3900.0      49.7702091536636
 4000.0      49.7876457933017
 4100.0      49.7932909144452
 4200.0      49.7962470384223
 4300.0      49.7703531781407
 4400.0      49.8197001660492
 4500.0      49.7774040908355
 4600.0      49.8084130036088
 4700.0      49.8140688912214
 4800.0      49.7789365738209
 4900.0      49.8179408649408
 5000.0      49.7971901917248
 5100.0      49.7996514736921
 5200.0      49.8099742196475
 5300.0      49.8094738413436
 5400.0      49.8060832586613
 5500.0      49.7971996386347
 5600.0      49.8049042671206
 5700.0      49.8323845436519
 5800.0      49.7762241578281
 5900.0      49.8201332582713
 6000.0      49.8367647912152
# P = 6.000000 (GPa)
    1.0       1.0000000000000
  100.0      15.8847208366123
  200.0      36.6690398272394
  300.0      40.6120250182011
  400.0      44.8547729130241
  500.0      46.1505270390275
  600.0      47.2765116607890
  700.0      47.8796216091722
  800.0      48.3280260201108
  900.0      48.6329340751517
 1000.0      48.8574770887222
 1100.0      49.0302502502045
 1200.0      49.1579910236862
 1300.0      49.2604884558985
 1400.0      49.3427860069133
 1500.0      49.4091911736669
 1600.0      49.4633640664331
 1700.0      49.5080647835407
 1800.0      49.5436763000548
 1900.0      49.5804057509235
 2000.0      49.6009268785082
 2100.0      49.6294995728670
 2200.0      49.6492524172683
 2300.0      49.6633762421560
 2400.0      49.6858111992621
 2500.0      49.6889742430287
 2600.0      49.7104708322519
 2700.0      49.7165649822651
 2800.0      49.7226232683585
 2900.0      49.7421648416576
 3000.0      49.7368094108742
 3100.0      49.7503693075208
 3200.0      49.7460268214235
 3300.0      49.7710575709085
 3400.0      49.7657645670039
 3500.0      49.7593704731329
 3600.0      49.7970567630295
 3700.0      49.7483127282944
 3800.0      49.8056605581602
 3900.0      49.7701851737195
 4000.0      49.7875665669324
 4100.0      49.7932101951037
 4200.0      49.7961658964773
 4300.0      49.7704051814130
 4400.0      49.8195487019291
 4500.0      49.7774596194069
 4600.0      49.8083360661382
 4700.0      49.8139957614815
 4800.0      49.7790094310814
 4900.0      49.8178702996629
 5000.0      49.7972220956548
 5100.0      49.7996704852583
 5200.0      49.8099845750681
 5300.0      49.8094605955650
 5400.0      49.8061264263052
 5500.0      49.7972712230107
 5600.0      49.8049599171461
 5700.0      49.8323289053320
 5800.0      49.7764112992298
 5900.0      49.8201637828846
 6000.0      49.8366317599466
# P = 7.000000 (GPa)
    1.0       1.0000000000000
  100.0      15.8733583752505
  200.0      36.6528057626516
  300.0      40.6016046635831
  400.0      44.8475610815156
  500.0      46.1458803002292
  600.0      47.2731970893363
  700.0      47.8771820111578
  800.0      48.3261330782431
  900.0      48.6314187936017
 1000.0      48.8562358096924
 1100.0      49.0291966976650
 1200.0      49.1570974272363
 1300.0      49.2597125066928
 1400.0      49.3421034721638
 1500.0      49.4085847470269
 1600.0      49.4628221549585
 1700.0      49.5075777878402
 1800.0      49.5432418338753
 1900.0      49.5799949995068
 2000.0      49.6005724554583
 2100.0      49.6291581574598
 2200.0      49.6489382398773
 2300.0      49.6630982831769
 2400.0      49.6855303118380
 2500.0      49.6887474185004
 2600.0      49.7102287502721
 2700.0      49.7163548836451
 2800.0      49.7224385565122
 2900.0      49.7419552018094
 3000.0      49.7366587992826
 3100.0      49.7502025341786
 3200.0      49.7459210737633
 3300.0      49.7708738116673
 3400.0      49.7656390473910
 3500.0      49.7592937642964
 3600.0      49.7968545262270
 3700.0      49.7483360721191
 3800.0      49.8054663525785
 3900.0      49.7701610962011
 4000.0      49.7874877804384
 4100.0      49.7931299141753
 4200.0      49.7960851887558
 4300.0      49.7704563772691
 4400.0      49.8193982700517
 4500.0      49.7775143274020
 4600.0      49.8082594569680
 4700.0      49.8139228894211
 4800.0      49.7790813815258
 4900.0      49.8177999280568
 5000.0      49.7972534102483
 5100.0      49.7996890180185
 5200.0      49.8099944758040
 5300.0      49.8094470864842
 5400.0      49.8061689370300
 5500.0      49.7973420267622
 5600.0      49.8050148739461
 5700.0      49.8322731070574
 5800.0      49.7765972297045
 5900.0      49.8201937502162
 6000.0      49.8364986836997
# P = 8.000000 (GPa)
    1.0       1.0000000000000
  100.0      15.8621008255512
  200.0      36.6367200378410
  300.0      40.5912775297878
  400.0      44.8404125859194
  500.0      46.1412735523450
  600.0      47.2699107266039
  700.0      47.8747630127744
  800.0      48.3242560898635
  900.0      48.6299162905998
 1000.0      48.8550050193510
 1100.0      49.0281521048985
 1200.0      49.1562114551150
 1300.0      49.2589432191345
 1400.0      49.3414268336911
 1500.0      49.4079835938851
 1600.0      49.4622849837339
 1700.0      49.5070950756601
 1800.0      49.5428112014185
 1900.0      49.5795879192876
 2000.0      49.6002211745745
 2100.0      49.6288198070491
 2200.0      49.6486268862881
 2300.0      49.6628227983502
 2400.0      49.6852519668223
 2500.0      49.6885225783246
 2600.0      49.7099888425003
 2700.0      49.7161466301717
 2800.0      49.7222554298415
 2900.0      49.7417474272397
 3000.0      49.7365094230651
 3100.0      49.7500371777687
 3200.0      49.7458160836632
 3300.0      49.7706916536918
 3400.0      49.7655145012676
 3500.0      49.7592175172239
 3600.0      49.7966540532416
 3700.0      49.7483588414363
 3800.0      49.8052737939159
 3900.0      49.7701369351286
 4000.0      49.7874094525398
 4100.0      49.7930500918753
 4200.0      49.7960049366014
 4300.0      49.7705067715200
 4400.0      49.8192489047696
 4500.0      49.7775682185322
 4600.0      49.8081832025014
 4700.0      49.8138503029343
 4800.0      49.7791524216610
 4900.0      49.8177297805947
 5000.0      49.7972841408618
 5100.0      49.7997070800000
 5200.0      49.8100039337020
 5300.0      49.8094333321779
 5400.0      49.8062107911290
 5500.0      49.7974120375723
 5600.0      49.8050691308217
 5700.0      49.8322171901316
 5800.0      49.7767818782393
 5900.0      49.8202231628655
 6000.0      49.8363656525742
# P = 9.000000 (GPa)
    1.0       1.0000000000000
  100.0      15.8509467395006
  200.0      36.6207806002754
  300.0      40.5810423676989
  400.0      44.8333266184131
  500.0      46.1367062860010
  600.0      47.2666522207217
  700.0      47.8723643679984
  800.0      48.3223948590043
  900.0      48.6284264143228
 1000.0      48.8537845933446
 1100.0      49.0271163635994
 1200.0      49.1553330186057
 1300.0      49.2581805126322
 1400.0      49.3407560222448
 1500.0      49.4073876518289
 1600.0      49.4617524970483
 1700.0      49.5066165966526
 1800.0      49.5423843556388
 1900.0      49.5791844678327
 2000.0      49.5998730037837
 2100.0      49.6284844930407
 2200.0      49.6483183333133
 2300.0      49.6625497708279
 2400.0      49.6849761486140
 2500.0      49.6882997145466
 2600.0      49.7097511009362
 2700.0      49.7159402184432
 2800.0      49.7220738884847
 2900.0      49.7415415178337
 3000.0      49.7363612873227
 3100.0      49.7498732438140
 3200.0      49.7457118607140
 3300.0      49.7705111051487
 3400.0      49.7653909397721
 3500.0      49.7591417443144
 3600.0      49.7964553587125
 3700.0      49.7483810480054
 3800.0      49.8050829015608
 3900.0      49.7701127038238
 4000.0      49.7873316003778
 4100.0      49.7929707467684
 4200.0      49.7959251596591
 4300.0      49.7705563705712
 4400.0      49.8191006373481
 4500.0      49.7776212972370
 4600.0      49.8081073273098
 4700.0      49.8137780280871
 4800.0      49.7792225492220
 4900.0      49.8176598858565
 5000.0      49.7973142932377
 5100.0      49.7997246793434
 5200.0      49.8100129604888
 5300.0      49.8094193500379
 5400.0      49.8062519896532
 5500.0      49.7974812447256
 5600.0      49.8051226822693
 5700.0      49.8321611937630
 5800.0      49.7769651792233
 5900.0      49.8202520239623
 6000.0      49.8362327516822
# P = 10.000000 (GPa)
    1.0       1.0000000000000
  100.0      15.8398947085281
  200.0      36.6049854925516
  300.0      40.5708979503894
  400.0      44.8263023543896
  500.0      46.1321780108553
  600.0      47.2634212252997
  700.0      47.8699858253042
  800.0      48.3205491990344
  900.0      48.6269490105598
 1000.0      48.8525744081900
 1100.0      49.0260893687384
 1200.0      49.1544620263214
 1300.0      49.2574243102680
 1400.0      49.3400909671085
 1500.0      49.4067968591108
 1600.0      49.4612246393289
 1700.0      49.5061423006926
 1800.0      49.5419612522443
 1900.0      49.5787845998334
 2000.0      49.5995279075631
 2100.0      49.6281521834575
 2200.0      49.6480125545596
 2300.0      49.6622791808127
 2400.0      49.6847028385945
 2500.0      49.6880788166272
 2600.0      49.7095155148109
 2700.0      49.7157356425437
 2800.0      49.7218939302717
 2900.0      49.7413374708648
 3000.0      49.7362143951185
 3100.0      49.7497107355819
 3200.0      49.7456084128910
 3300.0      49.7703321716429
 3400.0      49.7652683721247
 3500.0      49.7590664566300
 3600.0      49.7962584542523
 3700.0      49.7484027035630
 3800.0      49.8048936918065
 3900.0      49.7700884149245
 4000.0      49.7872542395674
 4100.0      49.7928918958239
 4200.0      49.7958458759327
 4300.0      49.7706051813832
 4400.0      49.8189534960806
 4500.0      49.7776735686393
 4600.0      49.8080318541961
 4700.0      49.8137060891777
 4800.0      49.7792917631095
 4900.0      49.8175902705927
 5000.0      49.7973438734742
 5100.0      49.7997418242857
 5200.0      49.8100215677625
 5300.0      49.8094051567859
 5400.0      49.8062925343650
 5500.0      49.7975496390288
 5600.0      49.8051755239172
 5700.0      49.8321051551334
 5800.0      49.7771470722208
 5900.0      49.8202803371321
 6000.0      49.8361000613301
# P = 11.000000 (GPa)
    1.0       1.0000000000000
  100.0      15.8289433070165
  200.0      36.5893327329779
  300.0      40.5608430896796
  400.0      44.8193389982101
  500.0      46.1276882246519
  600.0      47.2602174035735
  700.0      47.8676271395847
  800.0      48.3187189181235
  900.0      48.6254839320243
 1000.0      48.8513743393818
 1100.0      49.0250710151872
 1200.0      49.1535983901793
 1300.0      49.2566745326971
 1400.0      49.3394316006117
 1500.0      49.4062111530511
 1600.0      49.4607013552804
 1700.0      49.5056721380757
 1800.0      49.5415418468128
 1900.0      49.5783882728172
 2000.0      49.5991858480699
 2100.0      49.6278228430599
 2200.0      49.6477095205424
 2300.0      49.6620110056623
 2400.0      49.6844320152362
 2500.0      49.6878598715332
 2600.0      49.7092820706867
 2700.0      49.7155328941328
 2800.0      49.7217155508050
 2900.0      49.7411352810900
 3000.0      49.7360687475480
 3100.0      49.7495496541645
 3200.0      49.7455057466068
 3300.0      49.7701548563114
 3400.0      49.7651468056932
 3500.0      49.7589916639381
 3600.0      49.7960633485621
 3700.0      49.7484238198090
 3800.0      49.8047061779687
 3900.0      49.7700640803993
 4000.0      49.7871773842474
 4100.0      49.7928135544690
 4200.0      49.7957671018395
 4300.0      49.7706532114341
 4400.0      49.8188075063998
 4500.0      49.7777250385033
 4600.0      49.8079568042541
 4700.0      49.8136345087963
 4800.0      49.7793600633275
 4900.0      49.8175209597865
 5000.0      49.7973728879967
 5100.0      49.7997585231420
 5200.0      49.8100297669814
 5300.0      49.8093907684869
 5400.0      49.8063324276941
 5500.0      49.7976172127351
 5600.0      49.8052276524671
 5700.0      49.8320491094643
 5800.0      49.7773275017483
 5900.0      49.8203081064602
 6000.0      49.8359676571933
# P = 12.000000 (GPa)
    1.0       1.0000000000000
  100.0      15.8180911751918
  200.0      36.5738203897173
  300.0      40.5508765767869
  400.0      44.8124357645606
  500.0      46.1232364478271
  600.0      47.2570404112806
  700.0      47.8652880699206
  800.0      48.3169038309856
  900.0      48.6240310269544
 1000.0      48.8501842674882
 1100.0      49.0240611977949
 1200.0      49.1527420213672
 1300.0      49.2559311037865
 1400.0      49.3387778529587
 1500.0      49.4056304734326
 1600.0      49.4601825891341
 1700.0      49.5052060590661
 1800.0      49.5411260955178
 1900.0      49.5779954439460
 2000.0      49.5988467900025
 2100.0      49.6274964346234
 2200.0      49.6474091987957
 2300.0      49.6617452199899
 2400.0      49.6841636542075
 2500.0      49.6876428638248
 2600.0      49.7090507525534
 2700.0      49.7153319625315
 2800.0      49.7215387435381
 2900.0      49.7409349408411
 3000.0      49.7359243438068
 3100.0      49.7493899985565
 3200.0      49.7454038667622
 3300.0      49.7699791599152
 3400.0      49.7650262460576
 3500.0      49.7589173747517
 3600.0      49.7958700475418
 3700.0      49.7484444083932
 3800.0      49.8045203704983
 3900.0      49.7700397115616
 4000.0      49.7871010471295
 4100.0      49.7927357366402
 4200.0      49.7956888522649
 4300.0      49.7707004686841
 4400.0      49.8186626909842
 4500.0      49.7777757131935
 4600.0      49.8078821969277
 4700.0      49.8135633078828
 4800.0      49.7794274509253
 4900.0      49.8174519767129
 5000.0      49.7974013435311
 5100.0      49.7997747842903
 5200.0      49.8100375694567
 5300.0      49.8093762005645
 5400.0      49.8063716726970
 5500.0      49.7976839594738
 5600.0      49.8052790656349
 5700.0      49.8319930900817
 5800.0      49.7775064170632
 5900.0      49.8203353364594
 6000.0      49.8358356104844
# P = 13.000000 (GPa)
    1.0       1.0000000000000
  100.0      15.8073369516350
  200.0      36.5584465851357
  300.0      40.5409972583276
  400.0      44.8055918611931
  500.0      46.1188221993513
  600.0      47.2538899212456
  700.0      47.8629683713290
  800.0      48.3151037536218
  900.0      48.6225901497839
 1000.0      48.8490040694187
 1100.0      49.0230598151076
 1200.0      49.1518928317373
 1300.0      49.2551939462792
 1400.0      49.3381296573905
 1500.0      49.4050547582451
 1600.0      49.4596682870675
 1700.0      49.5047440138259
 1800.0      49.5407139542375
 1900.0      49.5776060711847
 2000.0      49.5985106975018
 2100.0      49.6271729234641
 2200.0      49.6471115552478
 2300.0      49.6614817957616
 2400.0      49.6838977284735
 2500.0      49.6874277757402
 2600.0      49.7088215419211
 2700.0      49.7151328348057
 2800.0      49.7213634998510
 2900.0      49.7407364401132
 3000.0      49.7357811812569
 3100.0      49.7492317657299
 3200.0      49.7453027767958
 3300.0      49.7698050809263
 3400.0      49.7649066970726
 3500.0      49.7588435963688
 3600.0      49.7956785543967
 3700.0      49.7484644809021
 3800.0      49.8043362770911
 3900.0      49.7700153190835
 4000.0      49.7870252395458
 4100.0      49.7926584548336
 4200.0      49.7956111406130
 4300.0      49.7707469615415
 4400.0      49.8185190698621
 4500.0      49.7778255996362
 4600.0      49.8078080500667
 4700.0      49.8134925057820
 4800.0      49.7794939279406
 4900.0      49.8173833429968
 5000.0      49.7974292470778
 5100.0      49.7997906161550
 5200.0      49.8100449863431
 5300.0      49.8093614678133
 5400.0      49.8064102730162
 5500.0      49.7977498741788
 5600.0      49.8053297620960
 5700.0      49.8319371284780
 5800.0      49.7776837719582
 5900.0      49.8203620320374
 6000.0      49.8357039881172
# P = 14.000000 (GPa)
    1.0       1.0000000000000
  100.0      15.7966792866251
  200.0      36.5432094149533
  300.0      40.5312039809326
  400.0      44.7988065345431
  500.0      46.1144449995478
  600.0      47.2507656013812
  700.0      47.8606678111637
  800.0      48.3133185003205
  900.0      48.6211611545884
 1000.0      48.8478336276930
 1100.0      49.0220667627846
 1200.0      49.1510507356671
 1300.0      49.2544629840985
 1400.0      49.3374869458004
 1500.0      49.4044839482949
 1600.0      49.4591583938055
 1700.0      49.5042859539851
 1800.0      49.5403053790582
 1900.0      49.5772201120277
 2000.0      49.5981775355169
 2100.0      49.6268522742314
 2200.0      49.6468165581999
 2300.0      49.6612207037042
 2400.0      49.6836342083953
 2500.0      49.6872145872774
 2600.0      49.7085944179095
 2700.0      49.7149354958461
 2800.0      49.7211898091235
 2900.0      49.7405397666499
 3000.0      49.7356392554895
 3100.0      49.7490749507065
 3200.0      49.7452024787311
 3300.0      49.7696326156136
 3400.0      49.7647881609271
 3500.0      49.7587703349107
 3600.0      49.7954888697403
 3700.0      49.7484840488481
 3800.0      49.8041539027933
 3900.0      49.7699909130104
 4000.0      49.7869499714945
 4100.0      49.7925817201526
 4200.0      49.7955339788584
 4300.0      49.7707926988302
 4400.0      49.8183766605118
 4500.0      49.7778747052822
 4600.0      49.8077343799818
 4700.0      49.8134221202976
 4800.0      49.7795594973464
 4900.0      49.8173150786689
 5000.0      49.7974566058870
 5100.0      49.7998060271936
 5200.0      49.8100520286324
 5300.0      49.8093465844137
 5400.0      49.8064482328427
 5500.0      49.7978149530238
 5600.0      49.8053797414328
 5700.0      49.8318812543724
 5800.0      49.7778595245642
 5900.0      49.8203881984684
 6000.0      49.8355728528658
# P = 15.000000 (GPa)
    1.0       1.0000000000000
  100.0      15.7861168883058
  200.0      36.5281070618509
  300.0      40.5214955949145
  400.0      44.7920790189641
  500.0      46.1101043897945
  600.0      47.2476671244993
  700.0      47.8583861514339
  800.0      48.3115478942091
  900.0      48.6197438953237
 1000.0      48.8466728235549
 1100.0      49.0210819415586
 1200.0      49.1502156453842
 1300.0      49.2537381428357
 1400.0      49.3368496516175
 1500.0      49.4039179829474
 1600.0      49.4586528565931
 1700.0      49.5038318300612
 1800.0      49.5399003271220
 1900.0      49.5768375244741
 2000.0      49.5978472683766
 2100.0      49.6265344525330
 2200.0      49.6465241752295
 2300.0      49.6609619165890
 2400.0      49.6833730633597
 2500.0      49.6870032762763
 2600.0      49.7083693573344
 2700.0      49.7147399284461
 2800.0      49.7210176588050
 2900.0      49.7403449060252
 3000.0      49.7354985603870
 3100.0      49.7489195466279
 3200.0      49.7451029732230
 3300.0      49.7694617581236
 3400.0      49.7646706382025
 3500.0      49.7586975953584
 3600.0      49.7953009916934
 3700.0      49.7485031236580
 3800.0      49.8039732501026
 3900.0      49.7699665027736
 4000.0      49.7868752516844
 4100.0      49.7925055423553
 4200.0      49.7954573775935
 4300.0      49.7708376897587
 4400.0      49.8182354779568
 4500.0      49.7779230380715
 4600.0      49.8076612014980
 4700.0      49.8133521677444
 4800.0      49.7796241629984
 4900.0      49.8172472022197
 5000.0      49.7974834274353
 5100.0      49.7998210258816
 5200.0      49.8100587071465
 5300.0      49.8093315639446
 5400.0      49.8064855568788
 5500.0      49.7978791933567
 5600.0      49.8054290040836
 5700.0      49.8318254957698
 5800.0      49.7780336371596
 5900.0      49.8204138413621
 6000.0      49.8354422635152
# P = 16.000000 (GPa)
    1.0       1.0000000000000
  100.0      15.7756484466927
  200.0      36.5131377153585
  300.0      40.5118710033116
  400.0      44.7854085653812
  500.0      46.1057999007040
  600.0      47.2445941750814
  700.0      47.8561231601569
  800.0      48.3097917535688
  900.0      48.6183382322009
 1000.0      48.8455215391817
 1100.0      49.0201052504303
 1200.0      49.1493874774991
 1300.0      49.2530193465827
 1400.0      49.3362177092615
 1500.0      49.4033568033240
 1600.0      49.4581516212309
 1700.0      49.5033815947929
 1800.0      49.5394987547701
 1900.0      49.5764582672912
 2000.0      49.5975198610479
 2100.0      49.6262194232711
 2200.0      49.6462343748694
 2300.0      49.6607054064604
 2400.0      49.6831142648075
 2500.0      49.6867938199136
 2600.0      49.7081463348011
 2700.0      49.7145461133764
 2800.0      49.7208470344830
 2900.0      49.7401518417230
 3000.0      49.7353590881818
 3100.0      49.7487655448223
 3200.0      49.7450042596027
 3300.0      49.7692925005598
 3400.0      49.7645541279287
 3500.0      49.7586253815887
 3600.0      49.7951149159793
 3700.0      49.7485217166628
 3800.0      49.8037943190666
 3900.0      49.7699420972045
 4000.0      49.7868010875781
 4100.0      49.7924299298996
 4200.0      49.7953813460758
 4300.0      49.7708819438911
 4400.0      49.8180955348599
 4500.0      49.7779706064000
 4600.0      49.8075885280047
 4700.0      49.8132826629986
 4800.0      49.7796879295868
 4900.0      49.8171797306516
 5000.0      49.7975097194037
 5100.0      49.7998356207006
 5200.0      49.8100650325300
 5300.0      49.8093164193968
 5400.0      49.8065222503045
 5500.0      49.7979425936403
 5600.0      49.8054775512938
 5700.0      49.8317698790183
 5800.0      49.7782060759878
 5900.0      49.8204389666381
 6000.0      49.8353122750116
# P = 17.000000 (GPa)
    1.0       1.0000000000000
  100.0      15.7652726899053
  200.0      36.4982995649964
  300.0      40.5023290910506
  400.0      44.7787944497055
  500.0      46.1015310794733
  600.0      47.2415464296661
  700.0      47.8538786113564
  800.0      48.3080499029090
  900.0      48.6169440213683
 1000.0      48.8443796610801
 1100.0      49.0191365900554
 1200.0      49.1485661467157
 1300.0      49.2523065231592
 1400.0      49.3355910522225
 1500.0      49.4028003509985
 1600.0      49.4576546353998
 1700.0      49.5029351995456
 1800.0      49.5391006201920
 1900.0      49.5760822987372
 2000.0      49.5971952789061
 2100.0      49.6259071521837
 2200.0      49.6459471248824
 2300.0      49.6604511462540
 2400.0      49.6828577834621
 2500.0      49.6865861968870
 2600.0      49.7079253244849
 2700.0      49.7143540294738
 2800.0      49.7206779199483
 2900.0      49.7399605552128
 3000.0      49.7352208295133
 3100.0      49.7486129348699
 3200.0      49.7449063359205
 3300.0      49.7691248330586
 3400.0      49.7644386276381
 3500.0      49.7585536964092
 3600.0      49.7949306360163
 3700.0      49.7485398390882
 3800.0      49.8036171073769
 3900.0      49.7699177045474
 4000.0      49.7867274854328
 4100.0      49.7923548899865
 4200.0      49.7953058922740
 4300.0      49.7709254711188
 4400.0      49.8179568416121
 4500.0      49.7780174190870
 4600.0      49.8075163715061
 4700.0      49.8132136195471
 4800.0      49.7797508025881
 4900.0      49.8171126795302
 5000.0      49.7975354896565
 5100.0      49.7998498201260
 5200.0      49.8100710152454
 5300.0      49.8093011631857
 5400.0      49.8065583187434
 5500.0      49.7980051533922
 5600.0      49.8055253850698
 5700.0      49.8317144288629
 5800.0      49.7783768110814
 5900.0      49.8204635804982
 6000.0      49.8351829386032
# P = 18.000000 (GPa)
    1.0       1.0000000000000
  100.0      15.7549883829822
  200.0      36.4835908878735
  300.0      40.4928687722359
  400.0      44.7722359331353
  500.0      46.0972974820040
  600.0      47.2385235792422
  700.0      47.8516522737755
  800.0      48.3063221695356
  900.0      48.6155611249459
 1000.0      48.8432470725169
 1100.0      49.0181758640457
 1200.0      49.1477515698032
 1300.0      49.2515995984765
 1400.0      49.3349696171021
 1500.0      49.4022485671089
 1600.0      49.4571618468220
 1700.0      49.5024925975956
 1800.0      49.5387058803266
 1900.0      49.5757095787006
 2000.0      49.5968734870580
 2100.0      49.6255976052007
 2200.0      49.6456623939905
 2300.0      49.6601991081266
 2400.0      49.6826035910099
 2500.0      49.6863803852572
 2600.0      49.7077063021383
 2700.0      49.7141636553537
 2800.0      49.7205102972845
 2900.0      49.7397710260240
 3000.0      49.7350837734834
 3100.0      49.7484617046655
 3200.0      49.7448091989876
 3300.0      49.7689587438624
 3400.0      49.7643241334181
 3500.0      49.7584825415912
 3600.0      49.7947481430057
 3700.0      49.7485575020461
 3800.0      49.8034416104599
 3900.0      49.7698933324722
 4000.0      49.7866544503418
 4100.0      49.7922804286031
 4200.0      49.7952310229111
 4300.0      49.7709682816341
 4400.0      49.8178194064196
 4500.0      49.7780634853447
 4600.0      49.8074447426689
 4700.0      49.8131450495343
 4800.0      49.7798127882204
 4900.0      49.8170460630331
 5000.0      49.7975607462212
 5100.0      49.7998636326151
 5200.0      49.8100766655680
 5300.0      49.8092858071647
 5400.0      49.8065937682317
 5500.0      49.7980668731288
 5600.0      49.8055725081345
 5700.0      49.8316591684998
 5800.0      49.7785458160930
 5900.0      49.8204876894031
 6000.0      49.8350543019789
# P = 19.000000 (GPa)
    1.0       1.0000000000000
  100.0      15.7447942734520
  200.0      36.4690099435752
  300.0      40.4834889954184
  400.0      44.7657323082844
  500.0      46.0930986562818
  600.0      47.2355253166158
  700.0      47.8494439278487
  800.0      48.3046083775316
  900.0      48.6141894059130
 1000.0      48.8421236622559
 1100.0      49.0172229735253
 1200.0      49.1469436653853
 1300.0      49.2508985007706
 1400.0      49.3343533387038
 1500.0      49.4017013953533
 1600.0      49.4566732031979
 1700.0      49.5020537419452
 1800.0      49.5383144939865
 1900.0      49.5753400659444
 2000.0      49.5965544518284
 2100.0      49.6252907482332
 2200.0      49.6453801509085
 2300.0      49.6599492651865
 2400.0      49.6823516583370
 2500.0      49.6861763638041
 2600.0      49.7074892429259
 2700.0      49.7139749708582
 2800.0      49.7203441485172
 2900.0      49.7395832318629
 3000.0      49.7349479077095
 3100.0      49.7483118404785
 3200.0      49.7447128444170
 3300.0      49.7687942193904
 3400.0      49.7642106399612
 3500.0      49.7584119179027
 3600.0      49.7945674260174
 3700.0      49.7485747165262
 3800.0      49.8032678215647
 3900.0      49.7698689880878
 4000.0      49.7865819862722
 4100.0      49.7922065505634
 4200.0      49.7951567435076
 4300.0      49.7710103859050
 4400.0      49.8176832353867
 4500.0      49.7781088147493
 4600.0      49.8073736508684
 4700.0      49.8130769638081
 4800.0      49.7798738934002
 4900.0      49.8169798939972
 5000.0      49.7975854972696
 5100.0      49.7998770665967
 5200.0      49.8100819935801
 5300.0      49.8092703626368
 5400.0      49.8066286051877
 5500.0      49.7981277543120
 5600.0      49.8056189238849
 5700.0      49.8316041196277
 5800.0      49.7787130681313
 5900.0      49.8205113000470
 6000.0      49.8349264094018
# P = 20.000000 (GPa)
    1.0       1.0000000000000
  100.0      15.7346891601797
  200.0      36.4545550177080
  300.0      40.4741886903136
  400.0      44.7592828767238
  500.0      46.0889341732191
  600.0      47.2325513312285
  700.0      47.8472533527780
  800.0      48.3029083603104
  900.0      48.6128287256179
 1000.0      48.8410093187599
 1100.0      49.0162778246184
 1200.0      49.1461423503029
 1300.0      49.2502031593296
 1400.0      49.3337421542859
 1500.0      49.4011587778067
 1600.0      49.4561886542768
 1700.0      49.5016185859119
 1800.0      49.5379264194919
 1900.0      49.5749737211193
 2000.0      49.5962381386100
 2100.0      49.6249865482294
 2200.0      49.6451003645227
 2300.0      49.6597015903473
 2400.0      49.6821019574463
 2500.0      49.6859741105839
 2600.0      49.7072741228059
 2700.0      49.7137879553357
 2800.0      49.7201794566177
 2900.0      49.7393971506260
 3000.0      49.7348132184262
 3100.0      49.7481633270116
 3200.0      49.7446172666618
 3300.0      49.7686312443062
 3400.0      49.7640981406139
 3500.0      49.7583418251397
 3600.0      49.7943884720722
 3700.0      49.7485914933884
 3800.0      49.8030957318470
 3900.0      49.7698446779538
 4000.0      49.7865100961034
 4100.0      49.7921332595478
 4200.0      49.7950830584222
 4300.0      49.7710517946510
 4400.0      49.8175483325964
 4500.0      49.7781534172132
 4600.0      49.8073031042336
 4700.0      49.8130093719641
 4800.0      49.7799341257012
 4900.0      49.8169141839648
 5000.0      49.7976097510999
 5100.0      49.7998901304612
 5200.0      49.8100870091677
 5300.0      49.8092548403676
 5400.0      49.8066628363832
 5500.0      49.7981877992968
 5600.0      49.8056646363505
 5700.0      49.8315493024986
 5800.0      49.7788785476059
 5900.0      49.8205344193368
 6000.0      49.8347993018371
# P = 21.000000 (GPa)
    1.0       1.0000000000000
  100.0      15.7246718622867
  200.0      36.4402244687182
  300.0      40.4649668298281
  400.0      44.7528869310332
  500.0      46.0848036023782
  600.0      47.2296013290187
  700.0      47.8450803273223
  800.0      48.3012219488452
  900.0      48.6114789527138
 1000.0      48.8399039300315
 1100.0      49.0153403224743
 1200.0      49.1453475457477
 1300.0      49.2495135022810
 1400.0      49.3331360015554
 1500.0      49.4006206590137
 1600.0      49.4557081483987
 1700.0      49.5011870844018
 1800.0      49.5375416157225
 1900.0      49.5746105042274
 2000.0      49.5959245144516
 2100.0      49.6246849713673
 2200.0      49.6448230044915
 2300.0      49.6594560568324
 2400.0      49.6818544600343
 2500.0      49.6857736045737
 2600.0      49.7070609170248
 2700.0      49.7136025887544
 2800.0      49.7200162041538
 2900.0      49.7392127612124
 3000.0      49.7346796920515
 3100.0      49.7480161475348
 3200.0      49.7445224590536
 3300.0      49.7684698015836
 3400.0      49.7639866274236
 3500.0      49.7582722621568
 3600.0      49.7942112662206
 3700.0      49.7486078433559
 3800.0      49.8029253304506
 3900.0      49.7698204080933
 4000.0      49.7864387816630
 4100.0      49.7920605581412
 4200.0      49.7950099708918
 4300.0      49.7710925188208
 4400.0      49.8174147001880
 4500.0      49.7781973029588
 4600.0      49.8072331096901
 4700.0      49.8129422823882
 4800.0      49.7799934933147
 4900.0      49.8168489432285
 5000.0      49.7976335161199
 5100.0      49.7999028325506
 5200.0      49.8100917220162
 5300.0      49.8092392505973
 5400.0      49.8066964689162
 5500.0      49.7982470112824
 5600.0      49.8057096501557
 5700.0      49.8314947359653
 5800.0      49.7790422380760
 5900.0      49.8205570543692
 6000.0      49.8346730170772
# P = 22.000000 (GPa)
    1.0       1.0000000000000
  100.0      15.7147411860979
  200.0      36.4260166311614
  300.0      40.4558224057252
  400.0      44.7465437999761
  500.0      46.0807065118917
  600.0      47.2266750117206
  700.0      47.8429246415170
  800.0      48.2995489754253
  900.0      48.6101399530883
 1000.0      48.8388073896433
 1100.0      49.0144103726638
 1200.0      49.1445591715748
 1300.0      49.2488294614932
 1400.0      49.3325348175972
 1500.0      49.4000869835063
 1600.0      49.4552316363025
 1700.0      49.5007591911464
 1800.0      49.5371600427047
 1900.0      49.5742503760978
 2000.0      49.5956135456749
 2100.0      49.6243859854373
 2200.0      49.6445480398887
 2300.0      49.6592126383773
 2400.0      49.6816091383131
 2500.0      49.6855748243450
 2600.0      49.7068496019152
 2700.0      49.7134188504615
 2800.0      49.7198543741639
 2900.0      49.7390300422105
 3000.0      49.7345473155482
 3100.0      49.7478702857119
 3200.0      49.7444284139070
 3300.0      49.7683098725694
 3400.0      49.7638760911840
 3500.0      49.7582032268967
 3600.0      49.7940357916191
 3700.0      49.7486237770088
 3800.0      49.8027566045854
 3900.0      49.7697961840048
 4000.0      49.7863680437625
 4100.0      49.7919884478709
 4200.0      49.7949374830700
 4300.0      49.7711325695699
 4400.0      49.8172823384314
 4500.0      49.7782404824931
 4600.0      49.8071636730023
 4700.0      49.8128757022987
 4800.0      49.7800520050124
 4900.0      49.8167841808731
 5000.0      49.7976568008304
 5100.0      49.7999151811506
 5200.0      49.8100961416071
 5300.0      49.8092236030523
 5400.0      49.8067295101848
 5500.0      49.7983053942651
 5600.0      49.8057539704818
 5700.0      49.8314404375291
 5800.0      49.7792041261063
 5900.0      49.8205792124112
 6000.0      49.8345475898610
# P = 23.000000 (GPa)
    1.0       1.0000000000000
  100.0      15.7048959932386
  200.0      36.4119298795400
  300.0      40.4467543950979
  400.0      44.7402528114852
  500.0      46.0766424926015
  600.0      47.2237720834183
  700.0      47.8407860808661
  800.0      48.2978892800636
  900.0      48.6088115949350
 1000.0      48.8377195884774
 1100.0      49.0134878850333
 1200.0      49.1437771486593
 1300.0      49.2481509673504
 1400.0      49.3319385426383
 1500.0      49.3995576956586
 1600.0      49.4547590683786
 1700.0      49.5003348621507
 1800.0      49.5367816595398
 1900.0      49.5738932984210
 2000.0      49.5953051994976
 2100.0      49.6240895574506
 2200.0      49.6442754412358
 2300.0      49.6589713083110
 2400.0      49.6813659648771
 2500.0      49.6853777489665
 2600.0      49.7066401533349
 2700.0      49.7132367207456
 2800.0      49.7196939491585
 2900.0      49.7388489727362
 3000.0      49.7344160756326
 3100.0      49.7477257257409
 3200.0      49.7443351237618
 3300.0      49.7681514371978
 3400.0      49.7637665214787
 3500.0      49.7581347164187
 3600.0      49.7938620296036
 3700.0      49.7486393047784
 3800.0      49.8025895396026
 3900.0      49.7697720106737
 4000.0      49.7862978822310
 4100.0      49.7919169292413
 4200.0      49.7948655960639
 4300.0      49.7711719582412
 4400.0      49.8171512457994
 4500.0      49.7782829665844
 4600.0      49.8070947988136
 4700.0      49.8128096377852
 4800.0      49.7801096701102
 4900.0      49.8167199048183
 5000.0      49.7976796138106
 5100.0      49.7999271844817
 5200.0      49.8101002772148
 5300.0      49.8092079069572
 5400.0      49.8067619678626
 5500.0      49.7983629529924
 5600.0      49.8057976030318
 5700.0      49.8313864233851
 5800.0      49.7793642011275
 5900.0      49.8206009008807
 6000.0      49.8344230519903
# P = 24.000000 (GPa)
    1.0       1.0000000000000
  100.0      15.6951351574756
  200.0      36.3979626490732
  300.0      40.4377618228850
  400.0      44.7340132905076
  500.0      46.0726111295600
  600.0      47.2208922623333
  700.0      47.8386644349146
  800.0      48.2962426986852
  900.0      48.6074937516083
 1000.0      48.8366404202779
 1100.0      49.0125727669805
 1200.0      49.1430014010060
 1300.0      49.2474779516858
 1400.0      49.3313471154082
 1500.0      49.3990327424408
 1600.0      49.4542903952430
 1700.0      49.4999140528428
 1800.0      49.5364064274041
 1900.0      49.5735392321959
 2000.0      49.5949994436235
 2100.0      49.6237956554911
 2200.0      49.6440051782794
 2300.0      49.6587320411557
 2400.0      49.6811249120926
 2500.0      49.6851823576345
 2600.0      49.7064325478461
 2700.0      49.7130561793934
 2800.0      49.7195349124558
 2900.0      49.7386695314371
 3000.0      49.7342859592592
 3100.0      49.7475824516794
 3200.0      49.7442425813183
 3300.0      49.7679944761797
 3400.0      49.7636579068599
 3500.0      49.7580667269264
 3600.0      49.7936899597597
 3700.0      49.7486544369414
 3800.0      49.8024241190675
 3900.0      49.7697478925843
 4000.0      49.7862282959480
 4100.0      49.7918460017694
 4200.0      49.7947943099701
 4300.0      49.7712106963446
 4400.0      49.8170214190365
 4500.0      49.7783247662394
 4600.0      49.8070264906857
 4700.0      49.8127440938486
 4800.0      49.7801664984340
 4900.0      49.8166561218582
 5000.0      49.7977019637034
 5100.0      49.7999388506917
 5200.0      49.8101041379047
 5300.0      49.8091921710461
 5400.0      49.8067938498752
 5500.0      49.7984196929208
 5600.0      49.8058405539968
 5700.0      49.8313327084662
 5800.0      49.7795224553037
 5900.0      49.8206221273281
 6000.0      49.8342994324412
# P = 25.000000 (GPa)
    1.0       1.0000000000000
  100.0      15.6854575425267
  200.0      36.3841133511797
  300.0      40.4288437246890
  400.0      44.7278245976624
  500.0      46.0686120111583
  600.0      47.2180352606441
  700.0      47.8365595017230
  800.0      48.2946090719276
  900.0      48.6061862930428
 1000.0      48.8355697821522
 1100.0      49.0116649290516
 1200.0      49.1422318505119
 1300.0      49.2468103485836
 1400.0      49.3307604763735
 1500.0      49.3985120694009
 1600.0      49.4538255696033
 1700.0      49.4994967191827
 1800.0      49.5360343067586
 1900.0      49.5731881403764
 2000.0      49.5946962453095
 2100.0      49.6235042479164
 2200.0      49.6437372219058
 2300.0      49.6584948107087
 2400.0      49.6808859534688
 2500.0      49.6849886294427
 2600.0      49.7062267620534
 2700.0      49.7128772068728
 2800.0      49.7193772468744
 2900.0      49.7384916979073
 3000.0      49.7341569530299
 3100.0      49.7474404478317
 3200.0      49.7441507791307
 3300.0      49.7678389706166
 3400.0      49.7635502364074
 3500.0      49.7579992539025
 3600.0      49.7935195599905
 3700.0      49.7486691836153
 3800.0      49.8022603248285
 3900.0      49.7697238337307
 4000.0      49.7861592828757
 4100.0      49.7917756640179
 4200.0      49.7947236239097
 4300.0      49.7712487955394
 4400.0      49.8168928532262
 4500.0      49.7783658926820
 4600.0      49.8069587511361
 4700.0      49.8126790744375
 4800.0      49.7802225002872
 4900.0      49.8165928377006
 5000.0      49.7977238592022
 5100.0      49.7999501878488
 5200.0      49.8101077325298
 5300.0      49.8091764035740
 5400.0      49.8068251643775
 5500.0      49.7984756201735
 5600.0      49.8058828300234
 5700.0      49.8312793064860
 5800.0      49.7796788834038
 5900.0      49.8206428994191
 6000.0      49.8341767574720
# P = 26.000000 (GPa)
    1.0       1.0000000000000
  100.0      15.6758620662927
  200.0      36.3703804397435
  300.0      40.4199991243495
  400.0      44.7216860890266
  500.0      46.0646447460166
  600.0      47.2152007964193
  700.0      47.8344710742999
  800.0      48.2929882454627
  900.0      48.6048890940568
 1000.0      48.8345075684855
 1100.0      49.0107642838775
 1200.0      49.1414684222763
 1300.0      49.2461480903762
 1400.0      49.3301785675477
 1500.0      49.3979956239980
 1600.0      49.4533645428747
 1700.0      49.4990828187632
 1800.0      49.5356652588185
 1900.0      49.5728399851158
 2000.0      49.5943955734298
 2100.0      49.6232153028598
 2200.0      49.6434715430615
 2300.0      49.6582595918702
 2400.0      49.6806490618213
 2500.0      49.6847965442730
 2600.0      49.7060227726379
 2700.0      49.7126997835462
 2800.0      49.7192209358832
 2900.0      49.7383154512154
 3000.0      49.7340290441386
 3100.0      49.7472996982361
 3200.0      49.7440597097604
 3300.0      49.7676849016868
 3400.0      49.7634434992969
 3500.0      49.7579322931093
 3600.0      49.7933508069191
 3700.0      49.7486835547541
 3800.0      49.8020981370847
 3900.0      49.7696998376284
 4000.0      49.7860908400892
 4100.0      49.7917059136272
 4200.0      49.7946535360612
 4300.0      49.7712862676163
 4400.0      49.8167655418549
 4500.0      49.7784063573329
 4600.0      49.8068915816748
 4700.0      49.8126145824847
 4800.0      49.7802776864196
 4900.0      49.8165300570040
 5000.0      49.7977453090380
 5100.0      49.7999612039351
 5200.0      49.8101110697299
 5300.0      49.8091606123279
 5400.0      49.8068559197331
 5500.0      49.7985307415018
 5600.0      49.8059244381831
 5700.0      49.8312262299795
 5800.0      49.7798334826789
 5900.0      49.8206632249182
 6000.0      49.8340550507274
# P = 27.000000 (GPa)
    1.0       1.0000000000000
  100.0      15.6663476579057
  200.0      36.3567624253983
  300.0      40.4112270931668
  400.0      44.7155971202984
  500.0      46.0607089358707
  600.0      47.2123885993896
  700.0      47.8323989521491
  800.0      48.2913800610184
  900.0      48.6036020322870
 1000.0      48.8334536783570
 1100.0      49.0098707420065
 1200.0      49.1407110425278
 1300.0      49.2454911125390
 1400.0      49.3296013295512
 1500.0      49.3974833546683
 1600.0      49.4529072684625
 1700.0      49.4986723080484
 1800.0      49.5352992460061
 1900.0      49.5724947295542
 2000.0      49.5940973960626
 2100.0      49.6229287899311
 2200.0      49.6432081126691
 2300.0      49.6580263594180
 2400.0      49.6804142111872
 2500.0      49.6846060814319
 2600.0      49.7058205570430
 2700.0      49.7125238899483
 2800.0      49.7190659627447
 2900.0      49.7381407712843
 3000.0      49.7339022193322
 3100.0      49.7471601875725
 3200.0      49.7439693655550
 3300.0      49.7675322507193
 3400.0      49.7633376847379
 3500.0      49.7578658402245
 3600.0      49.7931836784240
 3700.0      49.7486975601094
 3800.0      49.8019375344498
 3900.0      49.7696759073246
 4000.0      49.7860229638065
 4100.0      49.7916367473473
 4200.0      49.7945840436934
 4300.0      49.7713231244816
 4400.0      49.8166394768740
 4500.0      49.7784461717903
 4600.0      49.8068249828395
 4700.0      49.8125506199426
 4800.0      49.7803320679977
 4900.0      49.8164677834146
 5000.0      49.7977663219673
 5100.0      49.7999719068400
 5200.0      49.8101141579295
 5300.0      49.8091448046373
 5400.0      49.8068861244936
 5500.0      49.7985850642467
 5600.0      49.8059653859431
 5700.0      49.8311734903438
 5800.0      49.7799862527441
 5900.0      49.8206831116736
 6000.0      49.8339343333390
# P = 28.000000 (GPa)
    1.0       1.0000000000000
  100.0      15.6569132359852
  200.0      36.3432577968637
  300.0      40.4025267117548
  400.0      44.7095570813435
  500.0      46.0568041875166
  600.0      47.2095983931540
  700.0      47.8303429411344
  800.0      48.2897843667663
  900.0      48.6023249824517
 1000.0      48.8324080121727
 1100.0      49.0089842184620
 1200.0      49.1399596360084
 1300.0      49.2448393509913
 1400.0      49.3290287060082
 1500.0      49.3969752088061
 1600.0      49.4524537002907
 1700.0      49.4982651454977
 1800.0      49.5349362298041
 1900.0      49.5721523377435
 2000.0      49.5938016823118
 2100.0      49.6226446779486
 2200.0      49.6429469028890
 2300.0      49.6577950882638
 2400.0      49.6801813753585
 2500.0      49.6844172212225
 2600.0      49.7056200921982
 2700.0      49.7123495071493
 2800.0      49.7189123109655
 2900.0      49.7379676377634
 3000.0      49.7337764659409
 3100.0      49.7470219000912
 3200.0      49.7438797391468
 3300.0      49.7673809989959
 3400.0      49.7632327819082
 3500.0      49.7577998908945
 3600.0      49.7930181524718
 3700.0      49.7487112090283
 3800.0      49.8017784944908
 3900.0      49.7696520454092
 4000.0      49.7859556494171
 4100.0      49.7915681610673
 4200.0      49.7945151431963
 4300.0      49.7713593781409
 4400.0      49.8165146487592
 4500.0      49.7784853478119
 4600.0      49.8067589542293
 4700.0      49.8124871878161
 4800.0      49.7803856565767
 4900.0      49.8164060196006
 5000.0      49.7977869067612
 5100.0      49.7999823043554
 5200.0      49.8101170053367
 5300.0      49.8091289873853
 5400.0      49.8069157873801
 5500.0      49.7986385963035
 5600.0      49.8060056811382
 5700.0      49.8311210978765
 5800.0      49.7801371954657
 5900.0      49.8207025676018
 6000.0      49.8338146240217
# P = 29.000000 (GPa)
    1.0       1.0000000000000
  100.0      15.6475577685798
  200.0      36.3298650780064
  300.0      40.3938970490664
  400.0      44.7035653575225
  500.0      46.0529301266985
  600.0      47.2068299083094
  700.0      47.8283028423802
  800.0      48.2882010141791
  900.0      48.6010578252540
 1000.0      48.8313704683104
 1100.0      49.0081046286604
 1200.0      49.1392141314803
 1300.0      49.2441927406975
 1400.0      49.3284606404983
 1500.0      49.3964711366033
 1600.0      49.4520037915773
 1700.0      49.4978612897276
 1800.0      49.5345761736058
 1900.0      49.5718127729746
 2000.0      49.5935084018242
 2100.0      49.6223629369113
 2200.0      49.6426878851440
 2300.0      49.6575657542793
 2400.0      49.6799505284664
 2500.0      49.6842299436061
 2600.0      49.7054213561552
 2700.0      49.7121766158184
 2800.0      49.7187599644047
 2900.0      49.7377960307475
 3000.0      49.7336517709741
 3100.0      49.7468848207468
 3200.0      49.7437908228242
 3300.0      49.7672311284046
 3400.0      49.7631287799478
 3500.0      49.7577344406213
 3600.0      49.7928542074468
 3700.0      49.7487245105824
 3800.0      49.8016209961325
 3900.0      49.7696282541110
 4000.0      49.7858888915097
 4100.0      49.7915001498449
 4200.0      49.7944468301112
 4300.0      49.7713950406851
 4400.0      49.8163910465679
 4500.0      49.7785238972972
 4600.0      49.8066934945378
 4700.0      49.8124242861961
 4800.0      49.7804384640733
 4900.0      49.8163447672871
 5000.0      49.7978070721945
 5100.0      49.7999924041698
 5200.0      49.8101196199424
 5300.0      49.8091131670191
 5400.0      49.8069449172647
 5500.0      49.7986913460874
 5600.0      49.8060453319443
 5700.0      49.8310690618127
 5800.0      49.7802863148526
 5900.0      49.8207216006747
 6000.0      49.8336959391675
# P = 30.000000 (GPa)
    1.0       1.0000000000000
  100.0      15.6382802400456
  200.0      36.3165828531832
  300.0      40.3853372178370
  400.0      44.6976213327355
  500.0      46.0490863727060
  600.0      47.2040828860602
  700.0      47.8262784642153
  800.0      48.2866298512580
  900.0      48.5998004428032
 1000.0      48.8303409505287
 1100.0      49.0072318867351
 1200.0      49.1384744574533
 1300.0      49.2435512202118
 1400.0      49.3278970761186
 1500.0      49.3959710878687
 1600.0      49.4515574980700
 1700.0      49.4974606989636
 1800.0      49.5342190406819
 1900.0      49.5714760004359
 2000.0      49.5932175236972
 2100.0      49.6220835371486
 2200.0      49.6424310320793
 2300.0      49.6573383326889
 2400.0      49.6797216454988
 2500.0      49.6840442289178
 2600.0      49.7052243265512
 2700.0      49.7120051975709
 2800.0      49.7186089066262
 2900.0      49.7376259306564
 3000.0      49.7335281217861
 3100.0      49.7467489341326
 3200.0      49.7437026092470
 3300.0      49.7670826205079
 3400.0      49.7630256682845
 3500.0      49.7576694848464
 3600.0      49.7926918216716
 3700.0      49.7487374735381
 3800.0      49.8014650181924
 3900.0      49.7696045356586
 4000.0      49.7858226841810
 4100.0      49.7914327079342
 4200.0      49.7943790991598
 4300.0      49.7714301242762
 4400.0      49.8162686579945
 4500.0      49.7785618322715
 4600.0      49.8066286015851
 4700.0      49.8123619142904
 4800.0      49.7804905027404
 4900.0      49.8162840272877
 5000.0      49.7978268270359
 5100.0      49.8000022138640
 5200.0      49.8101220095192
 5300.0      49.8090973495596
 5400.0      49.8069735231536
 5500.0      49.7987433225007
 5600.0      49.8060843468531
 5700.0      49.8310173903618
 5800.0      49.7804336169521
 5900.0      49.8207402189061
 6000.0      49.8335782929354
# P = 31.000000 (GPa)
    1.0       1.0000000000000
  100.0      15.6290796223293
  200.0      36.3034096885297
  300.0      40.3768463444904
  400.0      44.6917244242687
  500.0      46.0452725487444
  600.0      47.2013570619046
  700.0      47.8242696205662
  800.0      48.2850707328191
  900.0      48.5985527148182
 1000.0      48.8293193628422
 1100.0      49.0063659115809
 1200.0      49.1377405418015
 1300.0      49.2429147274499
 1400.0      49.3273379590801
 1500.0      49.3954750123377
 1600.0      49.4511147749127
 1700.0      49.4970633336542
 1800.0      49.5338647941935
 1900.0      49.5711419849966
 2000.0      49.5929290186752
 2100.0      49.6218064486307
 2200.0      49.6421763164548
 2300.0      49.6571127998790
 2400.0      49.6794947008634
 2500.0      49.6838600580265
 2600.0      49.7050289815936
 2700.0      49.7118352335815
 2800.0      49.7184591219846
 2900.0      49.7374573177231
 3000.0      49.7334055058217
 3100.0      49.7466142253411
 3200.0      49.7436150907365
 3300.0      49.7669354576698
 3400.0      49.7629234360980
 3500.0      49.7576050190718
 3600.0      49.7925309737972
 3700.0      49.7487501064187
 3800.0      49.8013105400312
 3900.0      49.7695808920535
 4000.0      49.7857570219926
 4100.0      49.7913658291500
 4200.0      49.7943119442728
 4300.0      49.7714646411343
 4400.0      49.8161474694233
 4500.0      49.7785991648705
 4600.0      49.8065642723476
 4700.0      49.8123000704544
 4800.0      49.7805417851428
 4900.0      49.8162237995369
 5000.0      49.7978461800388
 5100.0      49.8000117409065
 5200.0      49.8101241816218
 5300.0      49.8090815406123
 5400.0      49.8070016141710
 5500.0      49.7987945349016
 5600.0      49.8061227346484
 5700.0      49.8309660907423
 5800.0      49.7805791097508
 5900.0      49.8207584303396
 6000.0      49.8334616973379
# P = 32.000000 (GPa)
    1.0       1.0000000000000
  100.0      15.6199549271266
  200.0      36.2903441696899
  300.0      40.3684235423720
  400.0      44.6858740476810
  500.0      46.0414882972784
  600.0      47.1986521773939
  700.0      47.8222761209592
  800.0      48.2835235163869
  900.0      48.5973145271825
 1000.0      48.8283056077705
 1100.0      49.0055066216571
 1200.0      49.1370123164506
 1300.0      49.2422832002257
 1400.0      49.3267832347368
 1500.0      49.3949828623822
 1600.0      49.4506755775210
 1700.0      49.4966691535211
 1800.0      49.5335133991837
 1900.0      49.5708106916862
 2000.0      49.5926428570503
 2100.0      49.6215316428961
 2200.0      49.6419237108618
 2300.0      49.6568891321655
 2400.0      49.6792696702220
 2500.0      49.6836774113537
 2600.0      49.7048352999508
 2700.0      49.7116667056155
 2800.0      49.7183105943968
 2900.0      49.7372901730631
 3000.0      49.7332839104158
 3100.0      49.7464806795071
 3200.0      49.7435282599065
 3300.0      49.7667896218474
 3400.0      49.7628220730296
 3500.0      49.7575410386030
 3600.0      49.7923716428730
 3700.0      49.7487624174689
 3800.0      49.8011575407970
 3900.0      49.7695573251973
 4000.0      49.7856918992763
 4100.0      49.7912995077903
 4200.0      49.7942453590067
 4300.0      49.7714986035247
 4400.0      49.8160274659796
 4500.0      49.7786359073252
 4600.0      49.8065005029882
 4700.0      49.8122387522203
 4800.0      49.7805923241340
 4900.0      49.8161640831205
 5000.0      49.7978651399323
 5100.0      49.8000209926500
 5200.0      49.8101261435858
 5300.0      49.8090657453765
 5400.0      49.8070291995436
 5500.0      49.7988449930744
 5600.0      49.8061605043828
 5700.0      49.8309151692154
 5800.0      49.7807228030786
 5900.0      49.8207762430368
 6000.0      49.8333461623250
# P = 33.000000 (GPa)
    1.0       1.0000000000000
  100.0      15.6109051931951
  200.0      36.2773849508313
  300.0      40.3600679600272
  400.0      44.6800696136179
  500.0      46.0377332557937
  600.0      47.1959679852580
  700.0      47.8202977814070
  800.0      48.2819880562653
  900.0      48.5960857667758
 1000.0      48.8272995932308
 1100.0      49.0046539346650
 1200.0      49.1362897125027
 1300.0      49.2416565797270
 1400.0      49.3262328487788
 1500.0      49.3944945894168
 1600.0      49.4502398634890
 1700.0      49.4962781188394
 1800.0      49.5331648199228
 1900.0      49.5704820871952
 2000.0      49.5923590094503
 2100.0      49.6212590909426
 2200.0      49.6416731892723
 2300.0      49.6566673058583
 2400.0      49.6790465290410
 2500.0      49.6834962703337
 2600.0      49.7046432599354
 2700.0      49.7114995956981
 2800.0      49.7181633083725
 2900.0      49.7371244773262
 3000.0      49.7331633234461
 3100.0      49.7463482817730
 3200.0      49.7434421092649
 3300.0      49.7666450957249
 3400.0      49.7627215683723
 3500.0      49.7574775389418
 3600.0      49.7922138078958
 3700.0      49.7487744146768
 3800.0      49.8010060001671
 3900.0      49.7695338367666
 4000.0      49.7856273105204
 4100.0      49.7912337379099
 4200.0      49.7941793373998
 4300.0      49.7715320235217
 4400.0      49.8159086315828
 4500.0      49.7786720719488
 4600.0      49.8064372888844
 4700.0      49.8121779563258
 4800.0      49.7806421328343
 4900.0      49.8161048763048
 5000.0      49.7978837154133
 5100.0      49.8000299763272
 5200.0      49.8101279025288
 5300.0      49.8090499686553
 5400.0      49.8070562885864
 5500.0      49.7988947072017
 5600.0      49.8061976653561
 5700.0      49.8308646311180
 5800.0      49.7808647085175
 5900.0      49.8207936650670
 6000.0      49.8332316958645
# P = 34.000000 (GPa)
    1.0       1.0000000000000
  100.0      15.6019294465650
  200.0      36.2645306757614
  300.0      40.3517787690685
  400.0      44.6743105637443
  500.0      46.0340070623161
  600.0      47.1933042332946
  700.0      47.8183344240879
  800.0      48.2804642130842
  900.0      48.5948663182594
 1000.0      48.8263012271219
 1100.0      49.0038077729786
 1200.0      49.1355726609072
 1300.0      49.2410348061251
 1400.0      49.3256867496604
 1500.0      49.3940101455423
 1600.0      49.4498075894363
 1700.0      49.4958901916443
 1800.0      49.5328190214358
 1900.0      49.5701561374257
 2000.0      49.5920774477714
 2100.0      49.6209887643139
 2200.0      49.6414247250810
 2300.0      49.6564472983957
 2400.0      49.6788252529709
 2500.0      49.6833166161072
 2600.0      49.7044528409695
 2700.0      49.7113338856181
 2800.0      49.7180172485272
 2900.0      49.7369602119586
 3000.0      49.7330437324021
 3100.0      49.7462170178452
 3200.0      49.7433566313139
 3300.0      49.7665018618839
 3400.0      49.7626219119006
 3500.0      49.7574145153074
 3600.0      49.7920574486128
 3700.0      49.7487861058024
 3800.0      49.8008558980041
 3900.0      49.7695104283568
 4000.0      49.7855632499595
 4100.0      49.7911685137378
 4200.0      49.7941138732479
 4300.0      49.7715649126308
 4400.0      49.8157909498979
 4500.0      49.7787076711206
 4600.0      49.8063746246560
 4700.0      49.8121176787412
 4800.0      49.7806912246099
 4900.0      49.8160461765652
 5000.0      49.7979019151389
 5100.0      49.8000386990480
 5200.0      49.8101294653502
 5300.0      49.8090342148650
 5400.0      49.8070828906891
 5500.0      49.7989436878368
 5600.0      49.8062342270950
 5700.0      49.8308144808944
 5800.0      49.7810048393140
 5900.0      49.8208107044967
 6000.0      49.8331183040196
# P = 35.000000 (GPa)
    1.0       1.0000000000000
  100.0      15.5930267361345
  200.0      36.2517799882619
  300.0      40.3435551278352
  400.0      44.6685963438952
  500.0      46.0303093749654
  600.0      47.1906606726155
  700.0      47.8163858671212
  800.0      48.2789518507197
  900.0      48.5936560721250
 1000.0      48.8253104159480
 1100.0      49.0029680583782
 1200.0      49.1348610964645
 1300.0      49.2404178199329
 1400.0      49.3251448847535
 1500.0      49.3935294850731
 1600.0      49.4493787129325
 1700.0      49.4955053330335
 1800.0      49.5324759700983
 1900.0      49.5698328092411
 2000.0      49.5917981431800
 2100.0      49.6207206356260
 2200.0      49.6411782923658
 2300.0      49.6562290866473
 2400.0      49.6786058187173
 2500.0      49.6831384300680
 2600.0      49.7042640221082
 2700.0      49.7111695580899
 2800.0      49.7178723993460
 2900.0      49.7367973584501
 3000.0      49.7329251253482
 3100.0      49.7460868730548
 3200.0      49.7432718188026
 3300.0      49.7663599031642
 3400.0      49.7625230932031
 3500.0      49.7573519631699
 3600.0      49.7919025444154
 3700.0      49.7487974983407
 3800.0      49.8007072143178
 3900.0      49.7694871014080
 4000.0      49.7854997120132
 4100.0      49.7911038292346
 4200.0      49.7940489605391
 4300.0      49.7715972821626
 4400.0      49.8156744055570
 4500.0      49.7787427169718
 4600.0      49.8063125041992
 4700.0      49.8120579146956
 4800.0      49.7807396130532
 4900.0      49.8159879806140
 5000.0      49.7979197477192
 5100.0      49.8000471677964
 5200.0      49.8101308387316
 5300.0      49.8090184880443
 5400.0      49.8071090153029
 5500.0      49.7989919458785
 5600.0      49.8062701993334
 5700.0      49.8307647221269
 5800.0      49.7811432102953
 5900.0      49.8208273693800
 6000.0      49.8330059910240
# P = 36.000000 (GPa)
    1.0       1.0000000000000
  100.0      15.5841961516238
  200.0      36.2391316036078
  300.0      40.3353962151158
  400.0      44.6629263917157
  500.0      46.0266398497796
  600.0      47.1880370671005
  700.0      47.8144519331042
  800.0      48.2774508298994
  900.0      48.5924549203189
 1000.0      48.8243270713708
 1100.0      49.0021347119316
 1200.0      49.1341549530772
 1300.0      49.2398055648136
 1400.0      49.3246072021560
 1500.0      49.3930525612560
 1600.0      49.4489531932633
 1700.0      49.4951235052386
 1800.0      49.5321356314292
 1900.0      49.5695120705657
 2000.0      49.5915210678502
 2100.0      49.6204546768086
 2200.0      49.6409338660235
 2300.0      49.6560126482289
 2400.0      49.6783882024159
 2500.0      49.6829616943336
 2600.0      49.7040767828464
 2700.0      49.7110065954348
 2800.0      49.7177287460749
 2900.0      49.7366358982941
 3000.0      49.7328074902504
 3100.0      49.7459578334360
 3200.0      49.7431876641906
 3300.0      49.7662192028861
 3400.0      49.7624251020621
 3500.0      49.7572898777871
 3600.0      49.7917490756278
 3700.0      49.7488085996021
 3800.0      49.8005599296639
 3900.0      49.7694638572380
 4000.0      49.7854366909895
 4100.0      49.7910396785884
 4200.0      49.7939845929918
 4300.0      49.7716291430290
 4400.0      49.8155589829489
 4500.0      49.7787772210862
 4600.0      49.8062509213046
 4700.0      49.8119986587150
 4800.0      49.7807873119640
 4900.0      49.8159302844261
 5000.0      49.7979372217109
 5100.0      49.8000553894280
 5200.0      49.8101320291378
 5300.0      49.8090027918632
 5400.0      49.8071346719288
 5500.0      49.7990394925469
 5600.0      49.8063055919937
 5700.0      49.8307153575650
 5800.0      49.7812798377889
 5900.0      49.8208436677501
 6000.0      49.8328947593533
# P = 37.000000 (GPa)
    1.0       1.0000000000000
  100.0      15.5754367743152
  200.0      36.2265842426191
  300.0      40.3273012453971
  400.0      44.6573001688929
  500.0      46.0229981393979
  600.0      47.1854331772214
  700.0      47.8125324524247
  800.0      48.2759610162124
  900.0      48.5912627524626
 1000.0      48.8233511054022
 1100.0      49.0013076592358
 1200.0      49.1334541645026
 1300.0      49.2391979834024
 1400.0      49.3240736524769
 1500.0      49.3925793283537
 1600.0      49.4485309887136
 1700.0      49.4947446717641
 1800.0      49.5317979721923
 1900.0      49.5691938885487
 2000.0      49.5912461946589
 2100.0      49.6201908609352
 2200.0      49.6406914203480
 2300.0      49.6557979613163
 2400.0      49.6781723811058
 2500.0      49.6827863905332
 2600.0      49.7038911033555
 2700.0      49.7108449804557
 2800.0      49.7175862735676
 2900.0      49.7364758138108
 3000.0      49.7326908151198
 3100.0      49.7458298848670
 3200.0      49.7431041603472
 3300.0      49.7660797440866
 3400.0      49.7623279284706
 3500.0      49.7572282545203
 3600.0      49.7915970222763
 3700.0      49.7488194166302
 3800.0      49.8004140243792
 3900.0      49.7694406970809
 4000.0      49.7853741812458
 4100.0      49.7909760558444
 4200.0      49.7939207645841
 4300.0      49.7716605059867
 4400.0      49.8154446669541
 4500.0      49.7788111948505
 4600.0      49.8061898701157
 4700.0      49.8119399052678
 4800.0      49.7808343353167
 4900.0      49.8158730832653
 5000.0      49.7979543456105
 5100.0      49.8000633706677
 5200.0      49.8101330428173
 5300.0      49.8089871296324
 5400.0      49.8071598701059
 5500.0      49.7990863393594
 5600.0      49.8063404151694
 5700.0      49.8306663891545
 5800.0      49.7814147395463
 5900.0      49.8208596076106
 6000.0      49.8327846097952
# P = 38.000000 (GPa)
    1.0       1.0000000000000
  100.0      15.5667476836705
  200.0      36.2141366126848
  300.0      40.3192694237004
  400.0      44.6517171511403
  500.0      46.0193839149854
  600.0      47.1828487629729
  700.0      47.8106272521473
  800.0      48.2744822799133
  900.0      48.5900794629942
 1000.0      48.8223824284359
 1100.0      49.0004868255999
 1200.0      49.1327586682846
 1300.0      49.2385950186507
 1400.0      49.3235441852676
 1500.0      49.3921097425759
 1600.0      49.4481120587922
 1700.0      49.4943687952143
 1800.0      49.5314629600404
 1900.0      49.5688782317229
 2000.0      49.5909734958434
 2100.0      49.6199291615693
 2200.0      49.6404509308124
 2300.0      49.6555850035887
 2400.0      49.6779583322467
 2500.0      49.6826125010969
 2600.0      49.7037069633427
 2700.0      49.7106846964145
 2800.0      49.7174449671868
 2900.0      49.7363170868979
 3000.0      49.7325750884717
 3100.0      49.7457030134005
 3200.0      49.7430212999331
 3300.0      49.7659415106368
 3400.0      49.7622315622194
 3500.0      49.7571670887606
 3600.0      49.7914463650209
 3700.0      49.7488299563021
 3800.0      49.8002694796743
 3900.0      49.7694176219992
 4000.0      49.7853121771947
 4100.0      49.7909129551447
 4200.0      49.7938574691247
 4300.0      49.7716913813771
 4400.0      49.8153314421371
 4500.0      49.7788446492636
 4600.0      49.8061293445939
 4700.0      49.8118816491049
 4800.0      49.7808806967108
 4900.0      49.8158163717345
 5000.0      49.7979711278497
 5100.0      49.8000711181073
 5200.0      49.8101338858038
 5300.0      49.8089715043111
 5400.0      49.8071846194010
 5500.0      49.7991324981096
 5600.0      49.8063746791086
 5700.0      49.8306178180647
 5800.0      49.7815479346692
 5900.0      49.8208751969276
 6000.0      49.8326755415151
# P = 39.000000 (GPa)
    1.0       1.0000000000000
  100.0      15.5581278023589
  200.0      36.2017873504152
  300.0      40.3112999519854
  400.0      44.6461768052663
  500.0      46.0157968510494
  600.0      47.1802835981155
  700.0      47.8087361606712
  800.0      48.2730144883745
  900.0      48.5889049489917
 1000.0      48.8214209553992
 1100.0      48.9996721353039
 1200.0      49.1320684013186
 1300.0      49.2379966166189
 1400.0      49.3230187507648
 1500.0      49.3916437591109
 1600.0      49.4476963644626
 1700.0      49.4939958395600
 1800.0      49.5311305618532
 1900.0      49.5685650692366
 2000.0      49.5907029449581
 2100.0      49.6196695517455
 2200.0      49.6402123731615
 2300.0      49.6553737538442
 2400.0      49.6777460328887
 2500.0      49.6824400086400
 2600.0      49.7035243434731
 2700.0      49.7105257261943
 2800.0      49.7173048125865
 2900.0      49.7361597001546
 3000.0      49.7324602984715
 3100.0      49.7455772055959
 3200.0      49.7429390757252
 3300.0      49.7658044861381
 3400.0      49.7621359936180
 3500.0      49.7571063757492
 3600.0      49.7912970847558
 3700.0      49.7488402252602
 3800.0      49.8001262764168
 3900.0      49.7693946330436
 4000.0      49.7852506731315
 4100.0      49.7908503706481
 4200.0      49.7937947005686
 4300.0      49.7717217793723
 4400.0      49.8152192937318
 4500.0      49.7788775951705
 4600.0      49.8060693388436
 4700.0      49.8118238848110
 4800.0      49.7809264092013
 4900.0      49.8157601444969
 5000.0      49.7979875767784
 5100.0      49.8000786382040
 5200.0      49.8101345639169
 5300.0      49.8089559185163
 5400.0      49.8072089293983
 5500.0      49.7991779808459
 5600.0      49.8064083941981
 5700.0      49.8305696447155
 5800.0      49.7816794435396
 5900.0      49.8208904436230
 6000.0      49.8325675521211
# P = 40.000000 (GPa)
    1.0       1.0000000000000
  100.0      15.5495757865338
  200.0      36.1895346423655
  300.0      40.3033918756729
  400.0      44.6406785912716
  500.0      46.0122366163902
  600.0      47.1777374559779
  700.0      47.8068590159409
  800.0      48.2715575113773
  900.0      48.5877391051766
 1000.0      48.8204666025352
 1100.0      48.9988635168044
 1200.0      49.1313832999793
 1300.0      49.2374027225379
 1400.0      49.3224973017028
 1500.0      49.3911813341191
 1600.0      49.4472838657482
 1700.0      49.4936257698134
 1800.0      49.5308007459267
 1900.0      49.5682543695844
 2000.0      49.5904345158702
 2100.0      49.6194120058797
 2200.0      49.6399757227446
 2300.0      49.6551641909580
 2400.0      49.6775354612866
 2500.0      49.6822688954942
 2600.0      49.7033432245005
 2700.0      49.7103680535536
 2800.0      49.7171657951248
 2900.0      49.7360036364234
 3000.0      49.7323464338103
 3100.0      49.7454524476708
 3200.0      49.7428574807202
 3300.0      49.7656686546163
 3400.0      49.7620412127093
 3500.0      49.7570461109878
 3600.0      49.7911491623563
 3700.0      49.7488502299621
 3800.0      49.7999843962315
 3900.0      49.7693717310717
 4000.0      49.7851896635902
 4100.0      49.7907882964416
 4200.0      49.7937324528529
 4300.0      49.7717517098009
 4400.0      49.8151082067299
 4500.0      49.7789100429873
 4600.0      49.8060098467530
 4700.0      49.8117666070721
 4800.0      49.7809714856197
 4900.0      49.8157043964051
 5000.0      49.7980037004491
 5100.0      49.8000859372728
 5200.0      49.8101350827636
 5300.0      49.8089403745306
 5400.0      49.8072328096897
 5500.0      49.7992227998516
 5600.0      49.8064415709483
 5700.0      49.8305218688026
 5800.0      49.7818092877524
 5900.0      49.8209053555675
 6000.0      49.8324606377259
