# T (K)    Entropy (J K^-1 mol^-1)
# P = 0.000000 (GPa)
    0.0      -3.9586965068286
  100.0       9.4624561290206
  200.0      25.7383935110992
  300.0      41.3044663910888
  400.0      53.6678569687937
  500.0      64.0250009193288
  600.0      72.7895708778117
  700.0      80.3965664543927
  800.0      87.1070862820402
  900.0      93.1146036256643
 1000.0      98.5558298352325
 1100.0     103.5330941773879
 1200.0     108.1236580653875
 1300.0     112.3873110096483
 1400.0     116.3715215122991
 1500.0     120.1142899046870
 1600.0     123.6465308238091
 1700.0     126.9937432981269
 1800.0     130.1771450619593
 1900.0     133.2148333075241
 2000.0     136.1219250827543
 2100.0     138.9114928094888
 2200.0     141.5950254174495
 2300.0     144.1820893797795
 2400.0     146.6814853649694
 2500.0     149.1005958339440
 2600.0     151.4461658267868
 2700.0     153.7243120815338
 2800.0     155.9400002847183
 2900.0     158.0984000120914
 3000.0     160.2035619730507
 3100.0     162.2592520522504
 3200.0     164.2690136934956
 3300.0     166.2363952105274
 3400.0     168.1643496373617
 3500.0     170.0547328553186
 3600.0     171.9111254670150
 3700.0     173.7347288097543
 3800.0     175.5281147175114
 3900.0     177.2935893706152
 4000.0     179.0319277397811
 4100.0     180.7458045988945
 4200.0     182.4364514218516
 4300.0     184.1045049501500
 4400.0     185.7524480525017
 4500.0     187.3811591080965
 4600.0     188.9913631887660
 4700.0     190.5853418352295
 4800.0     192.1625621294185
 4900.0     193.7247813490167
 5000.0     195.2732300918130
 5100.0     196.8079884196007
 5200.0     198.3305291650435
 5300.0     199.8416641579573
 5400.0     201.3417872620810
 5500.0     202.8313307501274
 5600.0     204.3112957504091
 5700.0     205.7831446916869
 5800.0     207.2460338405154
 5900.0     208.7008163148213
 6000.0     210.1500401792965
# P = 1.000000 (GPa)
    0.0      -3.9209704339206
  100.0       9.3775571816882
  200.0      25.5591956014752
  300.0      41.0664531607038
  400.0      53.4002357875194
  500.0      63.7398057493845
  600.0      72.4927674927292
  700.0      80.0909786704542
  800.0      86.7941924449084
  900.0      92.7952237427783
 1000.0      98.2304195911757
 1100.0     103.2018570603795
 1200.0     107.7867869517269
 1300.0     112.0449593939226
 1400.0     116.0237831384516
 1500.0     119.7612276143639
 1600.0     123.2881847253958
 1700.0     126.6301379377208
 1800.0     129.8082947486301
 1900.0     132.8407384677538
 2000.0     135.7425832193536
 2100.0     138.5268961501635
 2200.0     141.2051560286886
 2300.0     143.7869334755512
 2400.0     146.2810206175483
 2500.0     148.6948024546550
 2600.0     151.0350207414870
 2700.0     153.3077860840868
 2800.0     155.5180722570588
 2900.0     157.6710366008146
 3000.0     159.7707356103179
 3100.0     161.8209367105027
 3200.0     163.8251830864485
 3300.0     165.7870114921796
 3400.0     167.7093732978016
 3500.0     169.5941471836605
 3600.0     171.4448815694281
 3700.0     173.2628066800740
 3800.0     175.0504801608203
 3900.0     176.8101972165785
 4000.0     178.5427597767511
 4100.0     180.2508150315784
 4200.0     181.9356023009549
 4300.0     183.5977785140509
 4400.0     185.2397967046148
 4500.0     186.8625447678637
 4600.0     188.4667587354184
 4700.0     190.0546905139593
 4800.0     191.6258456667227
 4900.0     193.1819616146533
 5000.0     194.7242625149873
 5100.0     196.2528455382658
 5200.0     197.7691690992380
 5300.0     199.2740427416153
 5400.0     200.7678686036622
 5500.0     202.2510859857278
 5600.0     203.7246862870606
 5700.0     205.1901141203801
 5800.0     206.6465574872669
 5900.0     208.0948643001649
 6000.0     209.5375328595203
# P = 2.000000 (GPa)
    0.0      -3.8838008871917
  100.0       9.2939234401589
  200.0      25.3825890661484
  300.0      40.8318160434550
  400.0      53.1363187285410
  500.0      63.4584932486802
  600.0      72.2000156478646
  700.0      79.7895324407114
  800.0      86.4855580862317
  900.0      92.4802050390256
 1000.0      97.9094854499225
 1100.0     102.8752646741291
 1200.0     107.4546184131700
 1300.0     111.7073285475518
 1400.0     115.6807920969069
 1500.0     119.4129363754187
 1600.0     122.9346337334594
 1700.0     126.2713513327040
 1800.0     129.4442866848289
 1900.0     132.4715093019596
 2000.0     135.3681303597628
 2100.0     138.1472117524373
 2200.0     140.8202222259759
 2300.0     143.3967364212643
 2400.0     145.8855380458767
 2500.0     148.2940145640075
 2600.0     150.6289044805150
 2700.0     152.8963123603590
 2800.0     155.1012199019239
 2900.0     157.2487724168349
 3000.0     159.3430320673612
 3100.0     161.3877677854934
 3200.0     163.3865224820321
 3300.0     165.3428215586396
 3400.0     167.2596147403779
 3500.0     169.1388030958388
 3600.0     170.9839034228825
 3700.0     172.7961743119621
 3800.0     174.5781594716652
 3900.0     176.3321433181093
 4000.0     178.0589542671867
 4100.0     179.7612123885364
 4200.0     181.4401647140092
 4300.0     183.0964880124189
 4400.0     184.7326059917082
 4500.0     186.3494158831785
 4600.0     187.9476645108442
 4700.0     189.5295746057809
 4800.0     191.0946895975108
 4900.0     192.6447273947084
 5000.0     194.1809057433459
 5100.0     195.7033387079378
 5200.0     197.2134705069391
 5300.0     198.7121084054003
 5400.0     200.1996626788224
 5500.0     201.6765795837545
 5600.0     203.1438408957199
 5700.0     204.6028737104126
 5800.0     206.0528972820231
 5900.0     207.4947543347507
 6000.0     208.9308942322311
# P = 3.000000 (GPa)
    0.0      -3.8471937963760
  100.0       9.2115472122302
  200.0      25.2085360877812
  300.0      40.6004500851779
  400.0      52.8760288319485
  500.0      63.1810031125508
  600.0      71.9111927456811
  700.0      79.4921614435767
  800.0      86.1810847146482
  900.0      92.1694545530187
 1000.0      97.5929241765697
 1100.0     102.5531530129601
 1200.0     107.1271006094098
 1300.0     111.3744149500787
 1400.0     115.3425343858400
 1500.0     119.0694050938655
 1600.0     122.5858660456709
 1700.0     125.9173719196868
 1800.0     129.0851092760067
 1900.0     132.1071342429303
 2000.0     134.9985549380884
 2100.0     137.7724280507302
 2200.0     140.4402124365777
 2300.0     143.0114866338452
 2400.0     145.4950260523973
 2500.0     147.8982205476091
 2600.0     150.2278054096342
 2700.0     152.4898792541331
 2800.0     154.6894315399100
 2900.0     156.8315957561076
 3000.0     158.9204396148280
 3100.0     160.9597335189947
 3200.0     162.9530200939017
 3300.0     164.9038135949746
 3400.0     166.8150621248148
 3500.0     168.6886887157836
 3600.0     170.5281791172732
 3700.0     172.3348197683342
 3800.0     174.1111406809164
 3900.0     175.8594156771421
 4000.0     177.5804991730663
 4100.0     179.2769846001110
 4200.0     180.9501265568787
 4300.0     182.6006213148993
 4400.0     184.2308637460675
 4500.0     185.8417602540597
 4600.0     187.4340682705648
 4700.0     189.0099818437992
 4800.0     190.5690816250980
 4900.0     192.1130663310017
 5000.0     193.6431474064165
 5100.0     195.1594555283428
 5200.0     196.6634209335748
 5300.0     198.1558486653220
 5400.0     199.6371569920703
 5500.0     201.1077989843519
 5600.0     202.5687469979046
 5700.0     204.0214108419734
 5800.0     205.4650405316128
 5900.0     206.9004737222455
 6000.0     208.3301115953438
# P = 4.000000 (GPa)
    0.0      -3.8111143792270
  100.0       9.1303799118881
  200.0      25.0369787670632
  300.0      40.3723218868992
  400.0      52.6192707674434
  500.0      62.9072405306619
  600.0      71.6262439601128
  700.0      79.1987445188875
  800.0      85.8806993596191
  900.0      91.8628798743831
 1000.0      97.2806377453373
 1100.0     102.2354242499278
 1200.0     106.8040680612368
 1300.0     111.0461568998041
 1400.0     115.0090079381512
 1500.0     118.7306194778068
 1600.0     122.2418707165614
 1700.0     125.5681879057317
 1800.0     128.7307509890130
 1900.0     131.7476017070385
 2000.0     134.6338453929948
 2100.0     137.4025334783808
 2200.0     140.0651150882686
 2300.0     142.6311725298378
 2400.0     145.1094730395456
 2500.0     147.5074087908685
 2600.0     149.8317118950604
 2700.0     152.0884751091162
 2800.0     154.2826954921034
 2900.0     156.4194949144340
 3000.0     158.5029465219056
 3100.0     160.5368221532657
 3200.0     162.5246641380025
 3300.0     164.4699757880789
 3400.0     166.3757036025959
 3500.0     168.2437921693920
 3600.0     170.0776967483885
 3700.0     171.8787311110555
 3800.0     173.6494118201584
 3900.0     175.3920022865143
 4000.0     177.1073824621767
 4100.0     178.7981196016462
 4200.0     180.4654757312992
 4300.0     182.1101662828387
 4400.0     183.7345577967364
 4500.0     185.3395656805947
 4600.0     186.9259577848806
 4700.0     188.4958999528047
 4800.0     190.0490094382799
 4900.0     191.5869660908859
 5000.0     193.1109751254632
 5100.0     194.6211835899032
 5200.0     196.1190079398926
 5300.0     197.6052510325036
 5400.0     199.0803390152603
 5500.0     200.5447316411662
 5600.0     201.9993920027196
 5700.0     203.4457128923006
 5800.0     204.8829746028429
 5900.0     206.3120097799884
 6000.0     207.7351721455590
# P = 5.000000 (GPa)
    0.0      -3.7755719260470
  100.0       9.0504124981575
  200.0      24.8678511018921
  300.0      40.1473314711863
  400.0      52.3660002825456
  500.0      62.6371241596259
  600.0      71.3450637521103
  700.0      78.9092284140379
  800.0      85.5842843199238
  900.0      91.5604010744900
 1000.0      96.9725393796834
 1100.0     101.9219760602888
 1200.0     106.4854273376600
 1300.0     110.7223886360471
 1400.0     114.6801410249227
 1500.0     118.3965785420388
 1600.0     121.9026332351742
 1700.0     125.2237884532173
 1800.0     128.3812000347945
 1900.0     131.3929001792596
 2000.0     134.2739901446888
 2100.0     137.0375164735634
 2200.0     139.6949186072192
 2300.0     142.2557825265111
 2400.0     144.7288674097043
 2500.0     147.1215676791527
 2600.0     149.4406123025142
 2700.0     151.6920882695152
 2800.0     153.8810000796628
 2900.0     156.0124581876412
 3000.0     158.0905410570238
 3100.0     160.1190219321738
 3200.0     162.1014428291087
 3300.0     164.0412963225697
 3400.0     165.9415273318645
 3500.0     167.8041015828686
 3600.0     169.6324444068037
 3700.0     171.4278964018935
 3800.0     173.1929609197007
 3900.0     174.9298911461291
 4000.0     176.6395920980506
 4100.0     178.3246053226482
 4200.0     179.9862001313575
 4300.0     181.6251107913040
 4400.0     183.2436759792317
 4500.0     184.8428199559590
 4600.0     186.4233208133251
 4700.0     187.9873166628136
 4800.0     189.5344607397814
 4900.0     191.0664143266428
 5000.0     192.5843765373652
 5100.0     194.0885104793173
 5200.0     195.5802190634939
 5300.0     197.0603030315798
 5400.0     198.5291962341419
 5500.0     199.9873650080717
 5600.0     201.4357633379953
 5700.0     202.8757672250214
 5800.0     204.3066868177160
 5900.0     205.7293498212234
 6000.0     207.1460631720720
# P = 6.000000 (GPa)
    0.0      -3.7405450923015
  100.0       8.9716140378411
  200.0      24.7011279356075
  300.0      39.9254302844102
  400.0      52.1161072957742
  500.0      62.3705952534789
  600.0      71.0675827203704
  700.0      78.6235014219689
  800.0      85.2917855521485
  900.0      91.2619050511477
 1000.0      96.6685422160673
 1100.0     101.6127266722653
 1200.0     106.1710725475684
 1300.0     110.4030202413705
 1400.0     114.3557686019043
 1500.0     118.0672004955693
 1600.0     121.5681532662030
 1700.0     124.8841589261978
 1800.0     128.0364456420237
 1900.0     131.0430178718243
 2000.0     133.9189776864908
 2100.0     136.6773654548718
 2200.0     139.3296114249864
 2300.0     141.8853050396199
 2400.0     144.3531975653655
 2500.0     146.7406855977352
 2600.0     149.0544949984904
 2700.0     151.3007070791899
 2800.0     153.4843336235701
 2900.0     155.6104738710096
 3000.0     157.6832114901464
 3100.0     159.7063210963624
 3200.0     161.6833443836595
 3300.0     163.6177633863304
 3400.0     165.5125214643402
 3500.0     167.3696050824398
 3600.0     169.1924101861333
 3700.0     170.9823037039094
 3800.0     172.7417760107168
 3900.0     174.4730702504530
 4000.0     176.1771160492283
 4100.0     177.8564296978113
 4200.0     179.5122876582428
 4300.0     181.1454426991212
 4400.0     182.7582061226336
 4500.0     184.3515108808753
 4600.0     185.9261451255798
 4700.0     187.4842196974231
 4800.0     189.0254232148259
 4900.0     190.5513987088300
 5000.0     192.0633392446431
 5100.0     193.5614237871822
 5200.0     195.0470418842995
 5300.0     196.5209921812178
 5400.0     197.9837161327045
 5500.0     199.4356865184663
 5600.0     200.8778483988968
 5700.0     202.3115612329155
 5800.0     203.7361645239612
 5900.0     205.1524811334587
 6000.0     206.5627719763862
# P = 7.000000 (GPa)
    0.0      -3.7060223804712
  100.0       8.8939543562904
  200.0      24.5367274157251
  300.0      39.7065554573178
  400.0      51.8695552732886
  500.0      62.1075467847006
  600.0      70.7937289796748
  700.0      78.3415031241303
  800.0      85.0030881440400
  900.0      90.9673353669752
 1000.0      96.3685384566240
 1100.0     101.3075825244633
 1200.0     105.8609261849906
 1300.0     110.0879429825319
 1400.0     114.0358034599740
 1500.0     117.7423218661480
 1600.0     121.2383390353878
 1700.0     124.5492991492212
 1800.0     127.6964731647092
 1900.0     130.6979440352148
 2000.0     133.5687962334974
 2100.0     136.3220689154967
 2200.0     138.9691819531278
 2300.0     141.5197284902452
 2400.0     143.9824519079879
 2500.0     146.3647509321686
 2600.0     148.6733483486673
 2700.0     150.9143198822430
 2800.0     153.0926844447862
 2900.0     155.2135302607380
 3000.0     157.2809460907087
 3100.0     159.2987078885172
 3200.0     161.2703570164699
 3300.0     163.1993651643336
 3400.0     165.0886741555541
 3500.0     166.9402907935786
 3600.0     168.7575821801332
 3700.0     170.5419410787193
 3800.0     172.2958451234463
 3900.0     174.0215275980052
 4000.0     175.7199422790894
 4100.0     177.3935806575959
 4200.0     179.0437262107581
 4300.0     180.6711498767138
 4400.0     182.2781360589768
 4500.0     183.8656262517199
 4600.0     185.4344184830504
 4700.0     186.9865967893769
 4800.0     188.5218845611630
 4900.0     190.0419068873287
 5000.0     191.5478508842550
 5100.0     193.0399111028101
 5200.0     194.5194639478293
 5300.0     195.9873060014177
 5400.0     197.4438861933070
 5500.0     198.8896836321832
 5600.0     200.3256346040352
 5700.0     201.7530822881386
 5800.0     203.1713950678800
 5900.0     204.5813910327271
 6000.0     205.9852858033158
# P = 8.000000 (GPa)
    0.0      -3.6720037055116
  100.0       8.8174244111833
  200.0      24.3746272393725
  300.0      39.4906230520390
  400.0      51.6262547680708
  500.0      61.8479443432596
  600.0      70.5234033239427
  700.0      78.0631504165371
  800.0      84.7181380321475
  900.0      90.6765760685600
 1000.0      96.0724680455241
 1100.0     101.0064415853785
 1200.0     105.5548884153381
 1300.0     109.7770827775057
 1400.0     113.7201347404608
 1500.0     117.4218574005589
 1600.0     120.9130293862703
 1700.0     124.2191075469786
 1800.0     127.3612820400908
 1900.0     130.3576641463082
 2000.0     133.2234350119549
 2100.0     135.9716150776316
 2200.0     138.6136186758246
 2300.0     141.1590412800046
 2400.0     143.6166188439804
 2500.0     145.9937520669178
 2600.0     148.2971607194086
 2700.0     150.5329150222242
 2800.0     152.7060408646986
 2900.0     154.8216156522792
 3000.0     156.8837331276713
 3100.0     158.8961705515165
 3200.0     160.8624689425630
 3300.0     162.7860898438073
 3400.0     164.6699735611580
 3500.0     166.5161468407820
 3600.0     168.3279484805733
 3700.0     170.1067965882625
 3800.0     171.8551562902645
 3900.0     173.5752511859822
 4000.0     175.2680587552067
 4100.0     176.9360461360349
 4200.0     178.5805036823782
 4300.0     180.2022201867223
 4400.0     181.8034536247660
 4500.0     183.3851538687185
 4600.0     184.9481286494127
 4700.0     186.4944356641138
 4800.0     188.0238324724502
 4900.0     189.5379265242360
 5000.0     191.0378990835316
 5100.0     192.5239600205920
 5200.0     193.9974728057510
 5300.0     195.4592320053877
 5400.0     196.9096938874355
 5500.0     198.3493437989013
 5600.0     199.7791093753900
 5700.0     201.2003177584244
 5800.0     202.6123657888697
 5900.0     204.0160668279561
 6000.0     205.4135918915736
# P = 9.000000 (GPa)
    0.0      -3.6384595806792
  100.0       8.7419810131848
  200.0      24.2147701994275
  300.0      39.2776071306188
  400.0      51.3861375767516
  500.0      61.5916853800498
  600.0      70.2565677974246
  700.0      77.7883533390559
  800.0      84.4368428743148
  900.0      90.3895771119866
 1000.0      95.7802156969207
 1100.0     100.7092391907311
 1200.0     105.2528632039480
 1300.0     109.4703341360386
 1400.0     113.4086909005857
 1500.0     117.1056947998354
 1600.0     120.5921403132869
 1700.0     123.8934259287148
 1800.0     127.0307611717247
 1900.0     130.0221766493746
 2000.0     132.8828797735029
 2100.0     135.6259930945384
 2200.0     138.2629098277583
 2300.0     140.8032318773816
 2400.0     143.2556867618819
 2500.0     145.6276773910080
 2600.0     147.9259204757828
 2700.0     150.1564808435596
 2800.0     152.3243912040701
 2900.0     154.4347183412755
 3000.0     156.4915608704833
 3100.0     158.4986973274831
 3200.0     160.4596683776467
 3300.0     162.3779256100752
 3400.0     164.2564078359197
 3500.0     166.0971613505591
 3600.0     167.9034971814557
 3700.0     169.6768582956528
 3800.0     171.4196975405079
 3900.0     173.1342290113503
 4000.0     174.8214534418604
 4100.0     176.4838140620139
 4200.0     178.1226079759475
 4300.0     179.7386414973699
 4400.0     181.3341466486721
 4500.0     182.9100815268258
 4600.0     184.4672633909459
 4700.0     186.0077240517170
 4800.0     187.5312546399406
 4900.0     189.0394452857607
 5000.0     190.5334714588924
 5100.0     192.0135581257576
 5200.0     193.4810560170133
 5300.0     194.9367577166553
 5400.0     196.3811267134753
 5500.0     197.8146544599686
 5600.0     199.2382601189702
 5700.0     200.6532550266669
 5800.0     202.0590640185920
 5900.0     203.4564958203913
 6000.0     204.8476775675763
# P = 10.000000 (GPa)
    0.0      -3.6053985757680
  100.0       8.6676171115486
  200.0      24.0571008390516
  300.0      39.0674144336349
  400.0      51.1491615415532
  500.0      61.3387165176976
  600.0      69.9931146102882
  700.0      77.5170677290482
  800.0      84.1591219275592
  900.0      90.1062388580314
 1000.0      95.4917334412793
 1100.0     100.4158620879044
 1200.0     104.9547805426466
 1300.0     109.1676069833765
 1400.0     113.1013615214642
 1500.0     116.7937642230451
 1600.0     120.2755587208130
 1700.0     123.5721708646054
 1800.0     126.7047559032340
 1900.0     129.6913612994275
 2000.0     132.5471273067655
 2100.0     135.2851891621006
 2200.0     137.9170444360448
 2300.0     140.4522885385460
 2400.0     142.8996441071622
 2500.0     145.2665152782554
 2600.0     147.5596159869421
 2700.0     149.7850056892459
 2800.0     151.9477237842976
 2900.0     154.0528266235419
 3000.0     156.1044175882977
 3100.0     158.1062764589118
 3200.0     160.0619435369846
 3300.0     161.9748606497693
 3400.0     163.8479651341375
 3500.0     165.6833224483131
 3600.0     167.4842163758559
 3700.0     169.2521142617748
 3800.0     170.9894569050586
 3900.0     172.6984490717315
 4000.0     174.3801143055698
 4100.0     176.0368723719797
 4200.0     177.6700269861342
 4300.0     179.2804016751961
 4400.0     180.8702029645421
 4500.0     182.4403970239581
 4600.0     183.9918104721461
 4700.0     185.5264496794129
 4800.0     187.0441387602097
 4900.0     188.5464508202876
 5000.0     190.0345556407118
 5100.0     191.5086930085806
 5200.0     192.9702011282050
 5300.0     194.4198706566264
 5400.0     195.8581721482592
 5500.0     197.2856030696909
 5600.0     198.7030742502732
 5700.0     200.1118814701111
 5800.0     201.5114771095695
 5900.0     202.9026653162253
 6000.0     204.2875300734720
# P = 11.000000 (GPa)
    0.0      -3.5728043107883
  100.0       8.5943087252837
  200.0      23.9015999787268
  300.0      38.8600070766915
  400.0      50.9152273568937
  500.0      61.0889785469413
  600.0      69.7330011630932
  700.0      77.2491848937969
  800.0      83.8849235921562
  900.0      89.8264891535080
 1000.0      95.2069160354669
 1100.0     100.1262627983036
 1200.0     104.6605302978625
 1300.0     108.8688255151649
 1400.0     112.7980622352821
 1500.0     116.4859510730734
 1600.0     119.9632156865663
 1700.0     123.2552290728201
 1800.0     126.3831827354379
 1900.0     129.3650674693752
 2000.0     132.2160486832304
 2100.0     134.9491976931884
 2200.0     137.5760093260659
 2300.0     140.1062001095978
 2400.0     142.5484791672029
 2500.0     144.9102541448702
 2600.0     147.1982356106305
 2700.0     149.4184779054509
 2800.0     151.5760269258110
 2900.0     153.6759287948612
 3000.0     155.7222915506763
 3100.0     157.7188961879795
 3200.0     159.6692826358921
 3300.0     161.5768831491612
 3400.0     163.4446336104536
 3500.0     165.2746182601085
 3600.0     167.0700941559663
 3700.0     168.8325525498064
 3800.0     170.5644224159831
 3900.0     172.2678993632907
 4000.0     173.9440293123635
 4100.0     175.5952089947218
 4200.0     177.2227486121928
 4300.0     178.8274885856969
 4400.0     180.4116104031143
 4500.0     181.9760881603849
 4600.0     183.5217576580541
 4700.0     185.0506002727553
 4800.0     186.5624725309667
 4900.0     188.0589307948325
 5000.0     189.5411392441272
 5100.0     191.0093522602918
 5200.0     192.4648957054688
 5300.0     193.9085583375346
 5400.0     195.3408176789338
 5500.0     196.7621770725297
 5600.0     198.1735391780019
 5700.0     199.5761844616800
 5800.0     200.9695923943433
 5900.0     202.3545626321022
 6000.0     203.7331366530261
# P = 12.000000 (GPa)
    0.0      -3.5406620885545
  100.0       8.5220244372317
  200.0      23.7481945725245
  300.0      38.6553334398680
  400.0      50.6843092310815
  500.0      60.8423773374063
  600.0      69.4761541825014
  700.0      76.9846690369843
  800.0      83.6141410678896
  900.0      89.5502684109318
 1000.0      94.9256990796820
 1100.0      99.8403319450077
 1200.0     104.3700641470705
 1300.0     108.5738835813481
 1400.0     112.4987112226647
 1500.0     116.1821762703200
 1600.0     119.6549932100023
 1700.0     122.9425318051782
 1800.0     126.0659287891295
 1900.0     129.0432109606137
 2000.0     131.8894977368947
 2100.0     134.6178816327061
 2200.0     137.2397957535503
 2300.0     139.7649542495245
 2400.0     142.2021805474705
 2500.0     144.5588823218163
 2600.0     146.8417677274830
 2700.0     149.0568858322023
 2800.0     151.2092889506935
 2900.0     153.3040131506892
 3000.0     155.3451710268409
 3100.0     157.3365447571921
 3200.0     159.2816738897055
 3300.0     161.1839812941499
 3400.0     163.0464014203948
 3500.0     164.8710369107091
 3600.0     166.6611186157496
 3700.0     168.4181612219186
 3800.0     170.1445821021705
 3900.0     171.8425678841859
 4000.0     173.5131864272105
 4100.0     175.1588118644040
 4200.0     176.7807607527133
 4300.0     178.3798900937373
 4400.0     179.9583568000016
 4500.0     181.5171427328323
 4600.0     183.0570927093387
 4700.0     184.5801635638717
 4800.0     186.0862436406179
 4900.0     187.5768728653765
 5000.0     189.0532099027109
 5100.0     190.5155234704235
 5200.0     191.9651272965900
 5300.0     193.4028082809564
 5400.0     194.8290507809639
 5500.0     196.2443639196454
 5600.0     197.6496423214871
 5700.0     199.0461513826532
 5800.0     200.4333972183704
 5900.0     201.8121750576049
 6000.0     203.1844846039873
# P = 13.000000 (GPa)
    0.0      -3.5089751062482
  100.0       8.4507593928325
  200.0      23.5968611116010
  300.0      38.4533127252034
  400.0      50.4563296637047
  500.0      60.5988898094397
  600.0      69.2224888220614
  700.0      76.7234357841067
  800.0      83.3467420331865
  900.0      89.2774736351166
 1000.0      94.6480148611109
 1100.0      99.5580119115577
 1200.0     104.0832699369306
 1300.0     108.2827308388812
 1400.0     112.2032070134750
 1500.0     115.8823519652390
 1600.0     119.3508169259596
 1700.0     122.6339584667024
 1800.0     125.7529247715978
 1900.0     128.7256798691695
 2000.0     131.5673889540624
 2100.0     134.2910996458083
 2200.0     136.9082591871262
 2300.0     139.4285382188557
 2400.0     141.8607369542650
 2500.0     144.2123881130305
 2600.0     146.4902007253545
 2700.0     148.7002178075695
 2800.0     150.8474981816281
 2900.0     152.9370679863178
 3000.0     154.9730442862396
 3100.0     156.9592104088129
 3200.0     158.8991055137541
 3300.0     160.7961432710995
 3400.0     162.6532567183738
 3500.0     164.4725665264256
 3600.0     166.2572778473621
 3700.0     168.0089283399881
 3800.0     169.7299239964900
 3900.0     171.4224426303606
 4000.0     173.0875736167586
 4100.0     174.7276689127706
 4200.0     176.3440513046820
 4300.0     177.9375940685477
 4400.0     179.5104299819764
 4500.0     181.0635485375617
 4600.0     182.5978033957858
 4700.0     184.1151272774490
 4800.0     185.6154397837385
 4900.0     187.1002646961514
 5000.0     188.5707552366530
 5100.0     190.0271942284014
 5200.0     191.4708834581233
 5300.0     192.9026080068295
 5400.0     194.3228589437894
 5500.0     195.7321510543092
 5600.0     197.1313710942058
 5700.0     198.5217696093061
 5800.0     199.9028789266575
 5900.0     201.2754899143636
 6000.0     202.6415611601513
# P = 14.000000 (GPa)
    0.0      -3.4777195954584
  100.0       8.3804789849180
  200.0      23.4475622941241
  300.0      38.2539278056050
  400.0      50.2312204512127
  500.0      60.3584242385249
  600.0      68.9719783053608
  700.0      76.4654106803873
  800.0      83.0826337339372
  900.0      89.0080733254815
 1000.0      94.3737655300309
 1100.0      99.2792270237934
 1200.0     103.8000957345548
 1300.0     107.9952536712055
 1400.0     111.9114961686233
 1500.0     115.5863819248407
 1600.0     119.0505931430273
 1700.0     122.3294386846007
 1800.0     125.4440483251222
 1900.0     128.4124036582515
 2000.0     131.2496119684662
 2100.0     133.9687643024837
 2200.0     136.5812634085499
 2300.0     139.0968007853607
 2400.0     141.5241307711541
 2500.0     143.8707614670255
 2600.0     146.1435225514433
 2700.0     148.3484622877154
 2800.0     150.4906429096035
 2900.0     152.5750816054803
 3000.0     154.6058995960157
 3100.0     156.5868813858454
 3200.0     158.5215657232649
 3300.0     160.4133572660978
 3400.0     162.2651876595240
 3500.0     164.0791952324967
 3600.0     165.8585599442040
 3700.0     167.6048419664134
 3800.0     169.3204361285157
 3900.0     171.0075115999658
 4000.0     172.6671788463179
 4100.0     174.3017680713205
 4200.0     175.9126081665463
 4300.0     177.5005883745240
 4400.0     179.0678177858697
 4500.0     180.6152933750800
 4600.0     182.1438774776796
 4700.0     183.6554791428143
 4800.0     185.1500486572201
 4900.0     186.6290939423237
 5000.0     188.0937628697162
 5100.0     189.5443521232360
 5200.0     190.9821517432911
 5300.0     192.4079450365047
 5400.0     193.8222296481112
 5500.0     195.2255259304555
 5600.0     196.6187129080818
 5700.0     198.0030265112071
 5800.0     199.3780248485347
 5900.0     200.7444945004702
 6000.0     202.1043536471743
# P = 15.000000 (GPa)
    0.0      -3.4468969532598
  100.0       8.3111688723598
  200.0      23.3002349851802
  300.0      38.0571030163107
  400.0      50.0089577064403
  500.0      60.1209269491414
  600.0      68.7245244975059
  700.0      76.2105602046161
  800.0      82.8217517376734
  900.0      88.7419686898645
 1000.0      94.1029183291835
 1100.0      99.0038855333622
 1200.0     103.5204583208062
 1300.0     107.7114045991420
 1400.0     111.6234648974563
 1500.0     115.2942086301615
 1600.0     118.7542312405412
 1700.0     122.0288733250420
 1800.0     125.1392322598196
 1900.0     128.1032590274391
 2000.0     130.9360943289012
 2100.0     133.6507673157231
 2200.0     136.2587185189700
 2300.0     138.7696109761766
 2400.0     141.1922049504335
 2500.0     143.5339790483148
 2600.0     145.8017245430224
 2700.0     148.0016068204260
 2800.0     150.1387116690095
 2900.0     152.2180422467482
 3000.0     154.2437252407919
 3100.0     156.2195459265347
 3200.0     158.1490427346911
 3300.0     160.0356114651505
 3400.0     161.8821823983906
 3500.0     163.6909111548187
 3600.0     165.4649529992669
 3700.0     167.2058901632564
 3800.0     168.9161065295795
 3900.0     170.5977627893731
 4000.0     172.2519900814988
 4100.0     173.8810972741828
 4200.0     175.4864192356913
 4300.0     177.0688608770371
 4400.0     178.6305080439916
 4500.0     180.1723650402383
 4600.0     181.6953027219419
 4700.0     183.2012068887908
 4800.0     184.6900579504236
 4900.0     186.1633482657986
 5000.0     187.6222204281442
 5100.0     189.0669847460255
 5200.0     190.4989197115968
 5300.0     191.9188068822837
 5400.0     193.3271503771670
 5500.0     194.7244759958338
 5600.0     196.1116551746545
 5700.0     197.4899094684406
 5800.0     198.8588223363785
 5900.0     200.2191761299976
 6000.0     201.5728492529018
# P = 16.000000 (GPa)
    0.0      -3.4165020337331
  100.0       8.2428189563753
  200.0      23.1548678747555
  300.0      37.8627870544093
  400.0      49.7894504302635
  500.0      59.8863611151154
  600.0      68.4800861293112
  700.0      75.9587840714370
  800.0      82.5640545098589
  900.0      88.4791044132191
 1000.0      93.8353703943255
 1100.0      98.7319517277702
 1200.0     103.2442727063459
 1300.0     107.4310935286039
 1400.0     111.3390688474882
 1500.0     115.0057193383172
 1600.0     118.4616687948798
 1700.0     121.7321775184600
 1800.0     124.8383725450131
 1900.0     127.7981811520199
 2000.0     130.6267125851136
 2100.0     133.3370336853160
 2200.0     135.9405188028433
 2300.0     138.4468760065435
 2400.0     140.8648337198278
 2500.0     143.2018789115328
 2600.0     145.4647768837577
 2700.0     147.6596442186083
 2800.0     149.7916915834535
 2900.0     151.8659385266835
 3000.0     153.8865094039158
 3100.0     155.8571922962731
 3200.0     157.7815247571591
 3300.0     159.6628940561212
 3400.0     161.5042290895578
 3500.0     163.3077024188538
 3600.0     165.0764451056278
 3700.0     166.8120609928518
 3800.0     168.5169232299287
 3900.0     170.1931841966548
 4000.0     171.8419952882276
 4100.0     173.4656444516536
 4200.0     175.0654724112565
 4300.0     176.6423994437522
 4400.0     178.1984885858070
 4500.0     179.7347513333103
 4600.0     181.2520668921390
 4700.0     182.7522982417366
 4800.0     184.2354553620632
 4900.0     185.7030153254783
 5000.0     187.1561155331034
 5100.0     188.5950796853668
 5200.0     190.0211749133987
 5300.0     191.4351810687431
 5400.0     192.8376086144405
 5500.0     194.2289886944834
 5600.0     195.6101853124665
 5700.0     196.9824058627762
 5800.0     198.3452587222323
 5900.0     199.6995220981491
 6000.0     201.0470353090612
# P = 17.000000 (GPa)
    0.0      -3.3865108074199
  100.0       8.1753928326605
  200.0      23.0114093162671
  300.0      37.6709575109507
  400.0      49.5726637780256
  500.0      59.6546336026551
  600.0      68.2386132015587
  700.0      75.7100504232313
  800.0      82.3094423890719
  900.0      88.2194304335308
 1000.0      93.5710744389928
 1100.0      98.4633204026198
 1200.0     102.9714988256738
 1300.0     107.1542425467805
 1400.0     111.0582119159029
 1500.0     114.7208715321147
 1600.0     118.1727952081286
 1700.0     121.4392833314942
 1800.0     124.5413899932028
 1900.0     127.4970617175934
 2000.0     130.3214034727704
 2100.0     133.0274405740711
 2200.0     135.6265861147513
 2300.0     138.1284931506408
 2400.0     140.5419211397607
 2500.0     142.8743403006018
 2600.0     145.1325136535324
 2700.0     147.3225375045874
 2800.0     149.4495769711109
 2900.0     151.5187571340742
 3000.0     153.5342407852570
 3100.0     155.4998086220837
 3200.0     157.4190000369386
 3300.0     159.2951932168694
 3400.0     161.1313158900840
 3500.0     162.9295571497597
 3600.0     164.6930243563270
 3700.0     166.4233425172449
 3800.0     168.1228742611939
 3900.0     169.7937638180457
 4000.0     171.4371824323055
 4100.0     173.0553975369845
 4200.0     174.6497555902878
 4300.0     176.2211919405532
 4400.0     177.7717472454151
 4500.0     179.3024400503478
 4600.0     180.8141577529230
 4700.0     182.3087409309219
 4800.0     183.7862285838642
 4900.0     185.2480827815894
 5000.0     186.6954358108770
 5100.0     188.1286245307905
 5200.0     189.5489049068451
 5300.0     190.9570551112471
 5400.0     192.3535918398373
 5500.0     193.7390514811107
 5600.0     195.1142907308936
 5700.0     196.4805030620587
 5800.0     197.8373213551214
 5900.0     199.1855197227623
 6000.0     200.5268990415587
# P = 18.000000 (GPa)
    0.0      -3.3569305071878
  100.0       8.1088849887558
  200.0      22.8698144901892
  300.0      37.4815333892106
  400.0      49.3585559692790
  500.0      59.4257214542973
  600.0      68.0000158024619
  700.0      75.4642974829271
  800.0      82.0578900125044
  900.0      87.9628497624160
 1000.0      93.3099717769565
 1100.0      98.1979510860977
 1200.0     102.7020307010078
 1300.0     106.8808061737617
 1400.0     110.7808232853772
 1500.0     114.4395640280130
 1600.0     117.8875685860431
 1700.0     121.1500832673524
 1800.0     124.2482107646584
 1900.0     127.1998269715395
 2000.0     130.0200550697805
 2100.0     132.7219254802248
 2200.0     135.3167989654384
 2300.0     137.8143805666369
 2400.0     140.2233678006193
 2500.0     142.5512640183150
 2600.0     144.8048187975798
 2700.0     146.9901176914419
 2800.0     149.1123231034286
 2900.0     151.1764938591775
 3000.0     153.1869056459742
 3100.0     155.1473836844117
 3200.0     157.0614566452105
 3300.0     158.9324971722268
 3400.0     160.7634309443593
 3500.0     162.5564634759402
 3600.0     164.3146788436316
 3700.0     166.0397227989643
 3800.0     167.7339476536018
 3900.0     169.3994896511604
 4000.0     171.0375394793181
 4100.0     172.6503444619968
 4200.0     174.2392566718065
 4300.0     175.8052262330277
 4400.0     177.3502718544151
 4500.0     178.8754189908609
 4600.0     180.3815630682594
 4700.0     181.8705226837525
 4800.0     183.3423653106335
 4900.0     184.7985382912523
 5000.0     186.2401688848983
 5100.0     187.6676068750383
 5200.0     189.0820972440077
 5300.0     190.4844165310445
 5400.0     191.8750875388052
 5500.0     193.2546518013238
 5600.0     194.6239588472809
 5700.0     195.9841884462074
 5800.0     197.3349975697371
 5900.0     198.6771563037964
 6000.0     200.0124277481694
# P = 19.000000 (GPa)
    0.0      -3.3277517939392
  100.0       8.0432811020161
  200.0      22.7300716238873
  300.0      37.2944864076725
  400.0      49.1470432891404
  500.0      59.1995651195290
  600.0      67.7642775247399
  700.0      75.2214413950008
  800.0      81.8093254107847
  900.0      87.7093408504154
 1000.0      93.0519697269889
 1100.0      97.9357766546921
 1200.0     102.4358333539799
 1300.0     106.6106790852565
 1400.0     110.5068512897586
 1500.0     114.1617329018890
 1600.0     117.6058836263997
 1700.0     120.8645349085272
 1800.0     123.9587312948039
 1900.0     126.9063969634676
 2000.0     129.7225986437992
 2100.0     132.4203736140325
 2200.0     135.0110948187522
 2300.0     137.5044188235045
 2400.0     139.9090876681846
 2500.0     142.2325541590002
 2600.0     144.4815899258535
 2700.0     146.6622730332179
 2800.0     148.7797588017910
 2900.0     150.8390957219153
 3000.0     152.8445011552878
 3100.0     154.7999033409038
 3200.0     156.7088834362796
 3300.0     158.5747939371695
 3400.0     160.4005624531419
 3500.0     162.1884095106957
 3600.0     163.9413966638869
 3700.0     165.6611898992095
 3800.0     167.3501314384926
 3900.0     169.0103496928406
 4000.0     170.6430543951582
 4100.0     172.2504731591106
 4200.0     173.8339635529692
 4300.0     175.3944901879248
 4400.0     176.9340502456459
 4500.0     178.4536759516094
 4600.0     179.9542706029911
 4700.0     181.4376312288561
 4800.0     182.9038532354500
 4900.0     184.3543695161389
 5000.0     185.7903023799715
 5100.0     187.2120143049587
 5200.0     188.6207394814206
 5300.0     190.0172528458468
 5400.0     191.4020831963228
 5500.0     192.7757771020099
 5600.0     194.1391770689411
 5700.0     195.4934493946533
 5800.0     196.8382747114411
 5900.0     198.1744191467706
 6000.0     199.5036086746866
# P = 20.000000 (GPa)
    0.0      -3.2989554612982
  100.0       7.9785487500790
  200.0      22.5921234348988
  300.0      37.1097830153399
  400.0      48.9381097052380
  500.0      58.9760873132681
  600.0      67.5313256523294
  700.0      74.9814673999474
  800.0      81.5636725623545
  900.0      87.4588232150266
 1000.0      92.7970480486778
 1100.0      97.6767100467885
 1200.0     102.1728316571785
 1300.0     106.3438303590368
 1400.0     110.2361925787425
 1500.0     113.8873197760364
 1600.0     117.3276829005738
 1700.0     120.5825298392103
 1800.0     123.6729075462593
 1900.0     126.6166727786029
 2000.0     129.4289481153970
 2100.0     132.1227206832816
 2200.0     134.7093568194578
 2300.0     137.1985445610633
 2400.0     139.5989640369091
 2500.0     141.9181201165588
 2600.0     144.1627346526491
 2700.0     146.3388981255814
 2800.0     148.4517762110881
 2900.0     150.5063901775194
 3000.0     152.5069656758683
 3100.0     154.4573659851681
 3200.0     156.3612659054756
 3300.0     158.2220724267127
 3400.0     160.0426983759989
 3500.0     161.8253834319562
 3600.0     163.5731658960501
 3700.0     165.2877318840415
 3800.0     166.9714136455582
 3900.0     168.6263319404673
 4000.0     170.2537151455695
 4100.0     171.8557715607182
 4200.0     173.4338641318925
 4300.0     174.9889716713481
 4400.0     176.5230702507710
 4500.0     178.0371987303990
 4600.0     179.5322681222725
 4700.0     181.0100542927220
 4800.0     182.4706800533141
 4900.0     183.9155641166172
 5000.0     185.3458239191528
 5100.0     186.7618344115348
 5200.0     188.1648191728164
 5300.0     189.5555515750729
 5400.0     190.9345662939886
 5500.0     192.3024148305267
 5600.0     193.6599328143848
 5700.0     195.0082732826481
 5800.0     196.3471401173213
 5900.0     197.6772955617625
 6000.0     199.0004291009303
# P = 21.000000 (GPa)
    0.0      -3.2705470583078
  100.0       7.9146844138937
  200.0      22.4559394172005
  300.0      36.9273477687731
  400.0      48.7316986424964
  500.0      58.7552767842422
  600.0      67.3010923902738
  700.0      74.7442937536912
  800.0      81.3209145970502
  900.0      87.2112294828477
 1000.0      92.5451195550329
 1100.0      97.4207301147189
 1200.0     101.9129451732951
 1300.0     106.0801775694929
 1400.0     109.9688187336958
 1500.0     113.6162244770756
 1600.0     117.0529010235354
 1700.0     120.3040165398321
 1800.0     123.3906290469260
 1900.0     126.3306076996556
 2000.0     129.1390098287358
 2100.0     131.8288746589228
 2200.0     134.4115243735287
 2300.0     136.8966397065006
 2400.0     139.2929319441831
 2500.0     141.6078485140043
 2600.0     143.8481575671088
 2700.0     146.0199039649055
 2800.0     148.1282671707843
 2900.0     150.1782728196865
 3000.0     152.1741260765089
 3100.0     154.1197010131444
 3200.0     156.0186034535853
 3300.0     157.8743178299216
 3400.0     159.6898276708102
 3500.0     161.4673731501754
 3600.0     163.2099746908122
 3700.0     164.9193368001397
 3800.0     166.5977823098206
 3900.0     168.2474243902234
 4000.0     169.8695096964937
 4100.0     171.4662275987560
 4200.0     173.0389463067763
 4300.0     174.5886585496052
 4400.0     176.1173197026132
 4500.0     177.6259751248956
 4600.0     179.1155433896411
 4700.0     180.5877796049322
 4800.0     182.0428334576282
 4900.0     183.4821097505126
 5000.0     184.9067211270074
 5100.0     186.3170547847694
 5200.0     187.7143238745105
 5300.0     189.0993002371670
 5400.0     190.4725243122560
 5500.0     191.8345524406370
 5600.0     193.1862134953976
 5700.0     194.5286474804670
 5800.0     195.8615811323910
 5900.0     197.1857728567908
 6000.0     198.5028762874101
# P = 22.000000 (GPa)
    0.0      -3.2425165155128
  100.0       7.8516721770908
  200.0      22.3215052568093
  300.0      36.7471644784819
  400.0      48.5277399316527
  500.0      58.5370610329750
  600.0      67.0735647503218
  700.0      74.5098630053292
  800.0      81.0809639588908
  900.0      86.9665382363309
 1000.0      92.2961256216926
 1100.0      97.1677446952949
 1200.0     101.6561499650707
 1300.0     105.8196475272764
 1400.0     109.7046409884514
 1500.0     113.3484195427907
 1600.0     116.7814420570354
 1700.0     120.0289225452059
 1800.0     123.1118494152925
 1900.0     126.0480903078018
 2000.0     128.8527333770937
 2100.0     131.5387475854613
 2200.0     134.1174998891978
 2300.0     136.5986465268746
 2400.0     138.9908729544054
 2500.0     141.3016720331692
 2600.0     143.5377491456651
 2700.0     145.7051902473443
 2800.0     147.8091457845973
 2900.0     149.8546330579620
 3000.0     151.8458809422524
 3100.0     153.7867354416353
 3200.0     155.6808162910809
 3300.0     157.5315302739357
 3400.0     159.3419352928415
 3500.0     161.1143676482941
 3600.0     162.8518109114569
 3700.0     164.5559927712897
 3800.0     166.2292254456300
 3900.0     167.8736150435685
 4000.0     169.4904260125417
 4100.0     171.0818292058770
 4200.0     172.6491979755025
 4300.0     174.1935386884747
 4400.0     175.7167864331185
 4500.0     177.2199929336524
 4600.0     178.7040841700590
 4700.0     180.1707948928676
 4800.0     181.6203011422186
 4900.0     183.0539940783826
 5000.0     184.4729816285439
 5100.0     185.8776630132899
 5200.0     187.2692411400272
 5300.0     188.6484863515218
 5400.0     190.0159447374411
 5500.0     191.3721773764931
 5600.0     192.7180065262490
 5700.0     194.0545593713437
 5800.0     195.3815850940860
 5900.0     196.6998383331140
 6000.0     198.0109374968127
# P = 23.000000 (GPa)
    0.0      -3.2148487359230
  100.0       7.7894838135876
  200.0      22.1887636505755
  300.0      36.5691931072504
  400.0      48.3262241969852
  500.0      58.3213805971982
  600.0      66.8486614071999
  700.0      74.2781564029695
  800.0      80.8437732769526
  900.0      86.7246584721405
 1000.0      92.0500387515129
 1100.0      96.9177036174442
 1200.0     101.4023504769913
 1300.0     105.5622120106342
 1400.0     109.4435936550438
 1500.0     113.0838109351487
 1600.0     116.5132780249442
 1700.0     119.7571570640997
 1800.0     122.8364892494488
 1900.0     125.7690784097975
 2000.0     128.5700075400815
 2100.0     131.2522844757881
 2200.0     133.8272013307847
 2300.0     136.3044624036172
 2400.0     138.6927313339173
 2500.0     140.9994727215945
 2600.0     143.2314389893472
 2700.0     145.3946517429377
 2800.0     147.4943069324908
 2900.0     149.5353876870289
 3000.0     151.5221176367159
 3100.0     153.4583703752706
 3200.0     155.3477322709219
 3300.0     157.1936206565336
 3400.0     158.9990217516459
 3500.0     160.7663517414869
 3600.0     162.4986635380183
 3700.0     164.1976876220031
 3800.0     165.8657311474947
 3900.0     167.5048918805562
 4000.0     169.1164520640587
 4100.0     170.7025643131231
 4200.0     172.2646070363154
 4300.0     173.8035999544579
 4400.0     175.3214582748550
 4500.0     176.8192399537742
 4600.0     178.2978782275983
 4700.0     179.7590878847014
 4800.0     181.2030708015875
 4900.0     182.6312047593786
 5000.0     184.0445930473876
 5100.0     185.4436466876569
 5200.0     186.8295585251169
 5300.0     188.2030974356885
 5400.0     189.5648150514863
 5500.0     190.9152770874081
 5600.0     192.2552993200663
 5700.0     193.5859963319657
 5800.0     194.9071393430620
 5900.0     196.2194792986883
 6000.0     197.5246000110469
# P = 24.000000 (GPa)
    0.0      -3.1875472036993
  100.0       7.7281159902432
  200.0      22.0576919388593
  300.0      36.3933654945301
  400.0      48.1270889725595
  500.0      58.1082249652046
  600.0      66.6263343572627
  700.0      74.0490882301514
  800.0      80.6093161270821
  900.0      86.4855520672550
 1000.0      91.8067663774513
 1100.0      96.6705723348277
 1200.0     101.1515044443324
 1300.0     105.3077735142139
 1400.0     109.1856430898103
 1500.0     112.8223404422568
 1600.0     116.2483107311173
 1700.0     119.4886902119908
 1800.0     122.5644636680441
 1900.0     125.4934860422574
 2000.0     128.2907932087165
 2100.0     130.9693754238735
 2200.0     133.5405684182755
 2300.0     136.0140112436655
 2400.0     138.3984000519655
 2500.0     140.7011959807951
 2600.0     142.9291104571250
 2700.0     145.0882142889449
 2800.0     147.1836499855738
 2900.0     149.2204270192297
 3000.0     151.2027551439060
 3100.0     153.1344915421279
 3200.0     155.0192545377494
 3300.0     156.8604183050642
 3400.0     158.6609885966434
 3500.0     160.4233259207851
 3600.0     162.1505173502037
 3700.0     163.8444103022914
 3800.0     165.5072872083574
 3900.0     167.1412429620630
 4000.0     168.7475757997242
 4100.0     170.3284208572514
 4200.0     171.8851613860996
 4300.0     173.4188302139033
 4400.0     174.9313230599098
 4500.0     176.4237039833334
 4600.0     177.8969133270508
 4700.0     179.3526463085052
 4800.0     180.7911301294404
 4900.0     182.2137294531618
 5000.0     183.6215430068657
 5100.0     185.0149933979387
 5200.0     186.3952635844793
 5300.0     187.7631210100927
 5400.0     189.1191227367142
 5500.0     190.4638390236843
 5600.0     191.7980792901355
 5700.0     193.1229457331341
 5800.0     194.4382312238124
 5900.0     195.7446830631658
 6000.0     197.0438510861382
# P = 25.000000 (GPa)
    0.0      -3.1606026320252
  100.0       7.6675534119124
  200.0      21.9282753217458
  300.0      36.2196704531888
  400.0      47.9302749497222
  500.0      57.8975188314009
  600.0      66.4065664664294
  700.0      73.8226213181263
  800.0      80.3775051180357
  900.0      86.2491841167349
 1000.0      91.5662784990828
 1100.0      96.4262583137964
 1200.0     100.9035697000880
 1300.0     105.0562969272414
 1400.0     108.9306911666237
 1500.0     112.5639681592994
 1600.0     115.9864891836350
 1700.0     119.2234207897906
 1800.0     122.2957395763185
 1900.0     125.2212347666395
 2000.0     128.0149984642244
 2100.0     130.6899832424326
 2200.0     133.2574935895796
 2300.0     135.7272269510942
 2400.0     138.1078088014588
 2500.0     140.4067310563592
 2600.0     142.6307092205716
 2700.0     144.7857633502459
 2800.0     146.8770964424560
 2900.0     148.9096551466851
 3000.0     150.8876795855007
 3100.0     152.8150195895116
 3200.0     154.6952676047491
 3300.0     156.5318279136579
 3400.0     158.3276672200440
 3500.0     160.0851824545462
 3600.0     161.8073723490162
 3700.0     163.4961456836153
 3800.0     165.1538825140201
 3900.0     166.7826560561137
 4000.0     168.3837852466685
 4100.0     169.9593867541227
 4200.0     171.5108489272190
 4300.0     173.0392173318633
 4400.0     174.5463686207782
 4500.0     176.0333728201038
 4600.0     177.5011772328089
 4700.0     178.9514578920952
 4800.0     180.3844668199574
 4900.0     181.8015558194155
 5000.0     183.2038191320638
 5100.0     184.5916907336746
 5200.0     185.9663438725506
 5300.0     187.3285445927999
 5400.0     188.6788552768955
 5500.0     190.0178506308919
 5600.0     191.3463338504014
 5700.0     192.6653949569987
 5800.0     193.9748480743353
 5900.0     195.2754369286406
 6000.0     196.5686779940391
# P = 26.000000 (GPa)
    0.0      -3.1340014619083
  100.0       7.6077699769675
  200.0      21.8004590460101
  300.0      36.0480677912668
  400.0      47.7357747837932
  500.0      57.6892146811805
  600.0      66.1892769235811
  700.0      73.5987294978348
  800.0      80.1483125867127
  900.0      86.0154675471887
 1000.0      91.3285314885627
 1100.0      96.1847383666626
 1200.0     100.6584551582656
 1300.0     104.8077322035244
 1400.0     108.6787089866499
 1500.0     112.3085965906098
 1600.0     115.7277666347127
 1700.0     118.9613045614182
 1800.0     122.0302139477328
 1900.0     124.9522871532901
 2000.0     127.7425515846130
 2100.0     130.4140107985202
 2200.0     132.9779404255278
 2300.0     135.4440052399907
 2400.0     137.8208853323892
 2500.0     140.1160130975828
 2600.0     142.3361215617687
 2700.0     144.4872440071016
 2800.0     146.5745346104045
 2900.0     148.6029888044399
 3000.0     150.5767997286910
 3100.0     152.4998368980127
 3200.0     154.3756932475072
 3300.0     156.2077332035888
 3400.0     157.9989633720659
 3500.0     159.7517553487560
 3600.0     161.4691116748484
 3700.0     163.1528927472116
 3800.0     164.8055021695593
 3900.0     166.4291199438132
 4000.0     168.0250681605879
 4100.0     169.5954499922246
 4200.0     171.1416575425855
 4300.0     172.6647491785827
 4400.0     174.1665827887505
 4500.0     175.6482342621387
 4600.0     177.1106577093513
 4700.0     178.5555103634088
 4800.0     179.9830685669503
 4900.0     181.3946715177966
 5000.0     182.7914090466015
 5100.0     184.1737262850729
 5200.0     185.5427869447155
 5300.0     186.8993557022411
 5400.0     188.2440001552607
 5500.0     189.5772993593623
 5600.0     190.9000504143570
 5700.0     192.2133313757310
 5800.0     193.5169772366805
 5900.0     194.8117282067982
 6000.0     196.0990679941841
# P = 27.000000 (GPa)
    0.0      -3.1077464919369
  100.0       7.5487624384538
  200.0      21.6742229984953
  300.0      35.8784939440397
  400.0      47.5435269981342
  500.0      57.4833017326184
  600.0      65.9744296926417
  700.0      73.3773302893976
  800.0      79.9217027299188
  900.0      85.7843824998012
 1000.0      91.0934402256894
 1100.0      95.9459602614876
 1200.0     100.4161429791079
 1300.0     104.5619910005642
 1400.0     108.4296386255827
 1500.0     112.0562019274037
 1600.0     115.4720474162855
 1700.0     118.7022875829841
 1800.0     121.7678486504255
 1900.0     124.6865395079505
 2000.0     127.4734098945716
 2100.0     130.1413931392588
 2200.0     132.7018073964429
 2300.0     135.1643093294485
 2400.0     137.5375294676976
 2500.0     139.8289635463712
 2600.0     142.0452875827719
 2700.0     144.1925404088271
 2800.0     146.2759081281873
 2900.0     148.3003197993960
 3000.0     150.2700272765837
 3100.0     152.1888567131218
 3200.0     154.0604106212953
 3300.0     155.8880565304911
 3400.0     157.6747604103272
 3500.0     159.4229509211930
 3600.0     161.1355724403703
 3700.0     162.8145257574396
 3800.0     164.4621435423912
 3900.0     166.0806201205331
 4000.0     167.6714131775832
 4100.0     169.2365983241879
 4200.0     170.7775751783786
 4300.0     172.2954136073529
 4400.0     173.7919533995576
 4500.0     175.2682761062693
 4600.0     176.7253425214128
 4700.0     178.1647914505377
 4800.0     179.5869230645179
 4900.0     180.9930642079983
 5000.0     182.3843003749497
 5100.0     183.7610876410726
 5200.0     185.1245803554947
 5300.0     186.4755418589572
 5400.0     187.8145448539328
 5500.0     189.1421726560439
 5600.0     190.4592163956846
 5700.0     191.7667423685699
 5800.0     193.0646060522141
 5900.0     194.3535441999294
 6000.0     195.6350083575468
# P = 28.000000 (GPa)
    0.0      -3.0818303558688
  100.0       7.4905180981554
  200.0      21.5495543580041
  300.0      35.7109393244116
  400.0      47.3534774303747
  500.0      57.2797070326032
  600.0      65.7620058080383
  700.0      73.1583979511610
  800.0      79.6975937198918
  900.0      85.5558837152763
 1000.0      90.8609907953180
 1100.0      95.7098422463555
 1200.0     100.1765727240302
 1300.0     104.3190592093900
 1400.0     108.1833957003930
 1500.0     111.8067185988637
 1600.0     115.2193115120694
 1700.0     118.4462771731243
 1800.0     121.5085824018204
 1900.0     124.4239589713294
 2000.0     127.2074701692223
 2100.0     129.8720816343719
 2200.0     132.4290361718256
 2300.0     134.8880341872819
 2400.0     137.2577029509997
 2500.0     139.5454870739759
 2600.0     141.7581224462315
 2700.0     143.9015969332409
 2800.0     145.9810999155534
 2900.0     148.0015894821686
 3000.0     149.9672581193323
 3100.0     151.8819855929252
 3200.0     153.7493371031958
 3300.0     155.5726744031311
 3400.0     157.3549807133696
 3500.0     159.0986526069514
 3600.0     160.8066610247616
 3700.0     162.4808853886863
 3800.0     164.1236723697187
 3900.0     165.7371516746409
 4000.0     167.3228063633210
 4100.0     168.8828201913907
 4200.0     170.4185895961416
 4300.0     171.9311985209456
 4400.0     173.4224682756391
 4500.0     174.8934861530191
 4600.0     176.3452194326473
 4700.0     177.7792888817368
 4800.0     179.1960180065796
 4900.0     180.5967215492044
 5000.0     181.9824807412220
 5100.0     183.3537623922286
 5200.0     184.7117116600338
 5300.0     186.0570905800155
 5400.0     187.3904768568413
 5500.0     188.7124579704872
 5600.0     190.0238192066812
 5700.0     191.3256153110363
 5800.0     192.6177218613661
 5900.0     193.9008722158958
 6000.0     195.1764863540819
# P = 29.000000 (GPa)
    0.0      -3.0562383874920
  100.0       7.4330107105003
  200.0      21.4264026503694
  300.0      35.5453690038548
  400.0      47.1656202812618
  500.0      57.0783879601008
  600.0      65.5519279925139
  700.0      72.9419035963524
  800.0      79.4759683042309
  900.0      85.3298917665389
 1000.0      90.6311290419292
 1100.0      95.4763743789416
 1200.0      99.9396672834059
 1300.0     104.0788688270593
 1400.0     107.9399680585840
 1500.0     111.5600673332665
 1600.0     114.9694861635708
 1700.0     118.1932556359444
 1800.0     121.2523266269314
 1900.0     124.1644769802549
 2000.0     126.9447038152743
 2100.0     129.6059746483919
 2200.0     132.1595716473078
 2300.0     134.6151277672262
 2400.0     136.9812982160717
 2500.0     139.2655428543623
 2600.0     141.4745363040858
 2700.0     143.6143226968236
 2800.0     145.6900577883617
 2900.0     147.7066804867579
 3000.0     149.6684304901611
 3100.0     151.5791240107016
 3200.0     153.4423741652271
 3300.0     155.2615078302893
 3400.0     157.0394987698877
 3500.0     158.7787822547319
 3600.0     160.4822613772258
 3700.0     162.1518775829232
 3800.0     163.7899332908533
 3900.0     165.3985722516690
 4000.0     166.9792398070528
 4100.0     168.5341024211878
 4200.0     170.0646889899471
 4300.0     171.5720917061840
 4400.0     173.0581152705851
 4500.0     174.5238521944543
 4600.0     175.9702762091099
 4700.0     177.3989903845240
 4800.0     178.8103410871832
 4900.0     180.2056312013513
 5000.0     181.5859377696941
 5100.0     182.9517381279579
 5200.0     184.3041684128231
 5300.0     185.6439893854514
 5400.0     186.9717836460598
 5500.0     188.2881427506299
 5600.0     189.5938462630120
 5700.0     190.8899375796507
 5800.0     192.1763120045689
 5900.0     193.4536995606419
 6000.0     194.7234892493390
# P = 30.000000 (GPa)
    0.0      -3.0309740766054
  100.0       7.3762372311302
  200.0      21.3047459100688
  300.0      35.3817206419732
  400.0      46.9799001393380
  500.0      56.8793360992488
  600.0      65.3441646230319
  700.0      72.7277692280550
  800.0      79.2567876087511
  900.0      85.1063957754209
 1000.0      90.4037794063973
 1100.0      95.2454944256893
 1200.0      99.7054186101853
 1300.0     103.8413485353987
 1400.0     107.6992810374104
 1500.0     111.3162360347618
 1600.0     114.7224982129008
 1700.0     117.9431437536389
 1800.0     120.9990643398215
 1900.0     123.9080101010771
 2000.0     126.6850352635192
 2100.0     129.3430466688326
 2200.0     131.8933148759699
 2300.0     134.3455281610524
 2400.0     136.7082689718599
 2500.0     138.9890218262419
 2600.0     141.1944847104683
 2700.0     143.3306337811124
 2800.0     145.4026852619636
 2900.0     147.4155431408836
 3000.0     149.3734276882459
 3100.0     151.2802062949386
 3200.0     153.1394272221305
 3300.0     154.9544534405257
 3400.0     156.7282386244860
 3500.0     158.4632129843020
 3600.0     160.1622942554613
 3700.0     161.8273872530382
 3800.0     163.4608313001625
 3900.0     165.0647308101259
 4000.0     166.6405636082173
 4100.0     168.1904333085223
 4200.0     169.7158611592292
 4300.0     171.2180810556945
 4400.0     172.6988822095746
 4500.0     174.1593620302943
 4600.0     175.6005006147690
 4700.0     177.0238836870054
 4800.0     178.4298800004492
 4900.0     179.8197808239285
 5000.0     181.1946590842098
 5100.0     182.5550024381584
 5200.0     183.9019381692965
 5300.0     185.2362257934846
 5400.0     186.5584527052716
 5500.0     187.8692144452955
 5600.0     189.1692849763255
 5700.0     190.4596965508458
 5800.0     191.7403638236658
 5900.0     193.0120135408518
 6000.0     194.2760043091951
# P = 31.000000 (GPa)
    0.0      -3.0060326495670
  100.0       7.3201887459987
  200.0      21.1845745665635
  300.0      35.2199837695162
  400.0      46.7962623581974
  500.0      56.6824837944189
  600.0      65.1386999035335
  700.0      72.5159730850070
  800.0      79.0399750451210
  900.0      84.8853475029511
 1000.0      90.1789351461538
 1100.0      95.0171319771761
 1200.0      99.4737574515333
 1300.0     103.6064900453104
 1400.0     107.4612699876307
 1500.0     111.0751445191257
 1600.0     114.4783338047825
 1700.0     117.6958751740744
 1800.0     120.7487108317992
 1900.0     123.6545404427780
 2000.0     126.4283871057089
 2100.0     129.0832156514673
 2200.0     131.6302420845644
 2300.0     134.0791401544282
 2400.0     136.4385463668458
 2500.0     138.7158827430655
 2600.0     140.9178581938916
 2700.0     143.0504811962821
 2800.0     145.1189045808640
 2900.0     147.1280759322719
 3000.0     149.0822016095314
 3100.0     150.9851173330446
 3200.0     152.8404260200338
 3300.0     154.6514217527398
 3400.0     156.4210924395931
 3500.0     158.1518712545600
 3600.0     159.8466320540390
 3700.0     161.5073335222720
 3800.0     163.1362527211628
 3900.0     164.7355308813496
 4000.0     166.3066313492876
 4100.0     167.8516560612364
 4200.0     169.3720897503146
 4300.0     170.8691555496487
 4400.0     172.3447566264073
 4500.0     173.8000035383178
 4600.0     175.2358803926885
 4700.0     176.6539565229841
 4800.0     178.0546224387134
 4900.0     179.4391580769149
 5000.0     180.8086323089663
 5100.0     182.1635429127350
 5200.0     183.5050084838758
 5300.0     184.8337873234408
 5400.0     186.1504715173720
 5500.0     187.4556605022352
 5600.0     188.7501227609538
 5700.0     190.0348796010057
 5800.0     191.3098646587526
 5900.0     192.5758014633259
 6000.0     193.8340188039898
# P = 32.000000 (GPa)
    0.0      -2.9813968098075
  100.0       7.2648380272043
  200.0      21.0658455675503
  300.0      35.0601328306480
  400.0      46.6147021419493
  500.0      56.4877870606455
  600.0      64.9354610105899
  700.0      72.3064899300859
  800.0      78.8255169782033
  900.0      84.6666733724771
 1000.0      89.9565395998017
 1100.0      94.7912821298314
 1200.0      99.2446195970868
 1300.0     103.3742183550046
 1400.0     107.2259244260780
 1500.0     110.8367353426210
 1600.0     114.2369084257250
 1700.0     117.4514327434745
 1800.0     120.5012069325333
 1900.0     123.4039788721159
 2000.0     126.1747390298168
 2100.0     128.8264108313029
 2200.0     131.3702655209753
 2300.0     133.8159403307883
 2400.0     136.1720398707319
 2500.0     138.4460498679369
 2600.0     140.6446196651854
 2700.0     142.7737561565361
 2800.0     144.8386614553271
 2900.0     146.8442073081101
 3000.0     148.7946463709124
 3100.0     150.6938096463483
 3200.0     152.5452578972835
 3300.0     154.3523374097322
 3400.0     156.1179758245122
 3500.0     157.8446452276120
 3600.0     159.5352029961909
 3700.0     161.1915887086784
 3800.0     162.8161145042397
 3900.0     164.4108606408625
 4000.0     165.9773446106496
 4100.0     167.5176290620491
 4200.0     169.0332118674600
 4300.0     170.5252933322362
 4400.0     171.9957288508106
 4500.0     173.4457638471506
 4600.0     174.8764034866489
 4700.0     176.2891965723994
 4800.0     177.6845561088825
 4900.0     179.0637506164519
 5000.0     180.4278450690226
 5100.0     181.7773471412404
 5200.0     183.1133669116032
 5300.0     184.4366614939435
 5400.0     185.7478275653159
 5500.0     187.0474683705012
 5600.0     188.3363470304645
 5700.0     189.6154741060666
 5800.0     190.8848018516575
 5900.0     192.1450506349840
 6000.0     193.3975199949060
# P = 33.000000 (GPa)
    0.0      -2.9570714262504
  100.0       7.2101816971283
  200.0      20.9485305250270
  300.0      34.9021057885770
  400.0      46.4351752099939
  500.0      56.2952414921605
  600.0      64.7344142461333
  700.0      72.0992456081628
  800.0      78.6133784485295
  900.0      84.4503657693115
 1000.0      89.7365235727068
 1100.0      94.5678809400876
 1200.0      99.0179997528348
 1300.0     103.1444761959636
 1400.0     106.9931649025314
 1500.0     110.6009942294184
 1600.0     113.9981720858943
 1700.0     117.2097287701503
 1800.0     120.2565309332041
 1900.0     123.1562735259604
 2000.0     125.9239985736380
 2100.0     128.5726081686284
 2200.0     131.1133214039361
 2300.0     133.5558361245770
 2400.0     135.9087250510473
 2500.0     138.1794381985192
 2600.0     140.3746867769516
 2700.0     142.5004246710747
 2800.0     144.5618488629456
 2900.0     146.5638770886812
 3000.0     148.5106964870656
 3100.0     150.4061737159482
 3200.0     152.2538750619705
 3300.0     154.0570909835189
 3400.0     155.8188079589459
 3500.0     157.5414554354544
 3600.0     159.2278917768884
 3700.0     160.8800821441107
 3800.0     162.5002895315643
 3900.0     164.0906343384013
 4000.0     165.6525938448497
 4100.0     167.1882515323293
 4200.0     168.6990907097008
 4300.0     170.1863262681815
 4400.0     171.6517707226929
 4500.0     173.0966347548016
 4600.0     174.5220565892641
 4700.0     175.9295918504842
 4800.0     177.3196686279946
 4900.0     178.6935461227566
 5000.0     180.0522849830073
 5100.0     181.3964027149316
 5200.0     182.7270010069366
 5300.0     184.0448358240444
 5400.0     185.3505083320699
 5500.0     186.6446254981594
 5600.0     187.9279451981172
 5700.0     189.2014674431064
 5800.0     190.4651627428529
 5900.0     191.7197483613728
 6000.0     192.9664951537869
# P = 34.000000 (GPa)
    0.0      -2.9330534798099
  100.0       7.1562140759969
  200.0      20.8326227951689
  300.0      34.7458874043261
  400.0      46.2576224548728
  500.0      56.1047887808237
  600.0      64.5355509024722
  700.0      71.8942160177545
  800.0      78.4034861402826
  900.0      84.2363805563207
 1000.0      89.5188831963175
 1100.0      94.3468647717427
 1200.0      98.7938279976031
 1300.0     102.9172558646581
 1400.0     106.7629415360477
 1500.0     110.3678384894994
 1600.0     113.7621054567961
 1700.0     116.9707207141178
 1800.0     120.0145930777094
 1900.0     122.9113971382382
 2000.0     125.6761210891915
 2100.0     128.3217129568101
 2200.0     130.8593808824633
 2300.0     133.2987708490032
 2400.0     135.6485055061439
 2500.0     137.9160209518284
 2600.0     140.1079807233181
 2700.0     142.2303982942153
 2800.0     144.2884347442580
 2900.0     146.2869810305086
 3000.0     148.2302854779747
 3100.0     150.1221498094427
 3200.0     151.9661651742550
 3300.0     153.7656334293931
 3400.0     155.5234833539796
 3500.0     157.2422154037421
 3600.0     158.9246235133481
 3700.0     160.5726956731539
 3800.0     162.1887075663365
 3900.0     163.7747260527053
 4000.0     165.3322901059678
 4100.0     166.8634165632992
 4200.0     168.3696228714634
 4300.0     169.8521222493770
 4400.0     171.3127097462252
 4500.0     172.7525810653697
 4600.0     174.1728330319010
 4700.0     175.5751285935832
 4800.0     176.9599480897357
 4900.0     178.3285321483224
 5000.0     179.6819397037559
 5100.0     181.0206972158928
 5200.0     182.3458983269102
 5300.0     183.6582978320291
 5400.0     184.9585013008658
 5500.0     186.2471193336298
 5600.0     187.5249046775377
 5700.0     188.7928469884197
 5800.0     190.0509346734442
 5900.0     191.2998819496545
 6000.0     192.5409315459196
# P = 35.000000 (GPa)
    0.0      -2.9093255069840
  100.0       7.1029098504913
  200.0      20.7180913946178
  300.0      34.5914629869268
  400.0      46.0820372097429
  500.0      55.9163785217988
  600.0      64.3388047446057
  700.0      71.6913850197338
  800.0      78.1958243971005
  900.0      84.0246468092023
 1000.0      89.3035660736277
 1100.0      94.1282312158726
 1200.0      98.5720471195004
 1300.0     102.6924828380744
 1400.0     106.5352425551513
 1500.0     110.1372257944769
 1600.0     113.5286237506466
 1700.0     116.7343832324460
 1800.0     119.7753580358616
 1900.0     122.6692589740094
 2000.0     125.4310729894847
 2100.0     128.0736874614146
 2200.0     130.6083480740106
 2300.0     133.0447099739215
 2400.0     135.3913315414384
 2500.0     137.6556989292796
 2600.0     139.8444711497756
 2700.0     141.9636048383938
 2800.0     144.0183252483062
 2900.0     146.0134878146924
 3000.0     147.9533128124235
 3100.0     149.8416649210826
 3200.0     151.6820737590464
 3300.0     153.4778504802357
 3400.0     155.2319507747401
 3500.0     156.9468242156807
 3600.0     158.6253060425992
 3700.0     160.2693585096254
 3800.0     161.8812482900140
 3900.0     163.4630652826412
 4000.0     165.0163092999941
 4100.0     166.5430315408314
 4200.0     168.0447043595911
 4300.0     169.5225751402687
 4400.0     170.9784182498841
 4500.0     172.4134267959527
 4600.0     173.8286899387998
 4700.0     175.2258016667610
 4800.0     176.6053802757332
 4900.0     177.9686968651574
 5000.0     179.3167967181352
 5100.0     180.6502182707540
 5200.0     181.9700464164374
 5300.0     183.2770350394173
 5400.0     184.5717939540028
 5500.0     185.8549373255159
 5600.0     187.1272128822669
 5700.0     188.3896001184096
 5800.0     189.6421049841306
 5900.0     190.8854387058613
 6000.0     192.1208164384050
# P = 36.000000 (GPa)
    0.0      -2.8858911530513
  100.0       7.0502623742232
  200.0      20.6048978652989
  300.0      34.4387754126100
  400.0      45.9083909152036
  500.0      55.7300082986484
  600.0      64.1441345925489
  700.0      71.4906828439157
  800.0      77.9903683712676
  900.0      83.8151556799795
 1000.0      89.0905050015480
 1100.0      93.9119207024497
 1200.0      98.3526540485815
 1300.0     102.4701069206918
 1400.0     106.3099901007393
 1500.0     109.9091390310926
 1600.0     113.2976920829806
 1700.0     116.5006305384224
 1800.0     119.5387937578800
 1900.0     122.4298304465023
 2000.0     125.1887636269796
 2100.0     127.8284912368103
 2200.0     130.3601916506211
 2300.0     132.7935575008548
 2400.0     135.1371622823901
 2500.0     137.3984291303476
 2600.0     139.5840571222452
 2700.0     141.7000093412407
 2800.0     143.7514550018274
 2900.0     145.7432989741817
 3000.0     147.6797467270428
 3100.0     149.5646230759472
 3200.0     151.4015212446233
 3300.0     153.1936922365541
 3400.0     154.9440950004946
 3500.0     156.6552275219292
 3600.0     158.3298435514327
 3700.0     159.9699729636172
 3800.0     161.5778443670897
 3900.0     163.1555302787066
 4000.0     164.7045799675156
 4100.0     166.2269748056556
 4200.0     167.7242384797783
 4300.0     169.1975840007037
 4400.0     170.6487874107839
 4500.0     172.0790483962377
 4600.0     173.4894486907841
 4700.0     174.8815599464861
 4800.0     176.2559615316473
 4900.0     177.6140256146502
 5000.0     178.9568442714383
 5100.0     180.2849533028862
 5200.0     181.5994328750494
 5300.0     182.9010349531376
 5400.0     184.1903737776310
 5500.0     185.4680669215003
 5600.0     186.7348572258854
 5700.0     187.9917142094369
 5800.0     189.2386610162808
 5900.0     190.4764059366542
 6000.0     191.7061370989952
# P = 37.000000 (GPa)
    0.0      -2.8627472852423
  100.0       6.9982670202935
  200.0      20.4930366435623
  300.0      34.2877986330167
  400.0      45.7366206818947
  500.0      55.5456354451347
  600.0      63.9515384137092
  700.0      71.2920772233607
  800.0      77.7870473529078
  900.0      83.6078734726116
 1000.0      88.8796959905008
 1100.0      93.6978709458781
 1200.0      98.1355832576295
 1300.0     102.2501224345152
 1400.0     106.0871413493737
 1500.0     109.6834981589220
 1600.0     113.0692870650339
 1700.0     116.2694348278829
 1800.0     119.3048145264863
 1900.0     122.1930723555021
 2000.0     124.9491704753461
 2100.0     127.5860347748706
 2200.0     130.1148639854335
 2300.0     132.5452878017724
 2400.0     134.8859026673541
 2500.0     137.1441638684485
 2600.0     139.3267018468345
 2700.0     141.4395101918552
 2800.0     143.4877835879982
 2900.0     145.4763559422608
 3000.0     147.4094850165801
 3100.0     149.2909908881015
 3200.0     151.1244169643713
 3300.0     152.9130727166076
 3400.0     154.6598698455106
 3500.0     156.3673101865824
 3600.0     158.0381776812418
 3700.0     159.6744486966930
 3800.0     161.2783929310395
 3900.0     162.8520564296312
 4000.0     164.3969796828415
 4100.0     165.9151732436737
 4200.0     167.4081065782426
 4300.0     168.8770477705248
 4400.0     170.3237193078562
 4500.0     171.7493345015794
 4600.0     173.1549895142047
 4700.0     174.5422229837912
 4800.0     175.9116320180379
 4900.0     177.2645161039537
 5000.0     178.6020672955777
 5100.0     179.9248906234675
 5200.0     181.2340450642820
 5300.0     182.5302851438914
 5400.0     183.8142282409374
 5500.0     185.0864955735447
 5600.0     186.3478251211852
 5700.0     187.5991766380671
 5800.0     188.8405901103957
 5900.0     190.0727709488082
 6000.0     191.2968807937815
# P = 38.000000 (GPa)
    0.0      -2.8398840103971
  100.0       6.9469077306810
  200.0      20.3824908533642
  300.0      34.1385256890714
  400.0      45.5667117937420
  500.0      55.3632008656633
  600.0      63.7609625851232
  700.0      71.0955630367899
  800.0      77.5858376034369
  900.0      83.4027302268527
 1000.0      88.6710969636514
 1100.0      93.4860807212051
 1200.0      97.9207783073292
 1300.0     102.0324592301608
 1400.0     105.8666863779417
 1500.0     109.4602678097183
 1600.0     112.8433275643584
 1700.0     116.0407658008079
 1800.0     119.0733990146685
 1900.0     121.9589000982772
 2000.0     124.7122469774764
 2100.0     127.3463007130904
 2200.0     129.8722777511122
 2300.0     132.2998459581409
 2400.0     134.6375318611130
 2500.0     136.8928100690115
 2600.0     139.0723505503946
 2700.0     141.1820761280700
 2800.0     143.2272097779538
 2900.0     145.2126121830740
 3000.0     147.1424757176167
 3100.0     149.0206633769670
 3200.0     150.8507247492747
 3300.0     152.6359071720894
 3400.0     154.3791832961771
 3500.0     156.0830287479893
 3600.0     157.7501944112076
 3700.0     159.3827225819031
 3800.0     160.9828092837454
 3900.0     162.5525361594941
 4000.0     164.0934458121740
 4100.0     165.6075045031470
 4200.0     167.0962332082844
 4300.0     168.5608513138534
 4400.0     170.0031083612931
 4500.0     171.4241900347031
 4600.0     172.8251987275629
 4700.0     174.2076744042062
 4800.0     175.5722102326002
 4900.0     176.9200993970579
 5000.0     178.2524646762595
 5100.0     179.5700148047876
 5200.0     180.8738713475562
 5300.0     182.1647729138756
 5400.0     183.4433448850184
 5500.0     184.7102107145908
 5600.0     185.9661039856106
 5700.0     187.2119747799062
 5800.0     188.4478796079320
 5900.0     189.6745210480630
 6000.0     190.8930347908744
# P = 39.000000 (GPa)
    0.0      -2.8172958600632
  100.0       6.8961685477102
  200.0      20.2732152854062
  300.0      33.9909147875129
  400.0      45.3986520084857
  500.0      55.1826977411610
  600.0      63.5723548328529
  700.0      70.9010793408900
  800.0      77.3867282647185
  900.0      83.1997100045577
 1000.0      88.4646400357931
 1100.0      93.2765003423496
 1200.0      97.7082387264884
 1300.0     101.8170673540393
 1400.0     105.6485516898156
 1500.0     109.2394325633886
 1600.0     112.6197854691388
 1700.0     115.8145422828469
 1800.0     118.8445096463087
 1900.0     121.7272979902786
 2000.0     124.4779106749713
 2100.0     127.1092351588660
 2200.0     129.6324196409407
 2300.0     132.0571478597229
 2400.0     134.3919877478650
 2500.0     136.6443505861145
 2600.0     138.8209131940458
 2700.0     140.9276452047144
 2800.0     142.9697069818823
 2900.0     144.9519679069338
 3000.0     146.8786656934739
 3100.0     148.7535947865318
 3200.0     150.5803378756818
 3300.0     152.3621555657113
 3400.0     154.1019569148531
 3500.0     155.8022857280471
 3600.0     157.4658519689781
 3700.0     159.0946826901507
 3800.0     160.6910249354208
 3900.0     162.2568903955662
 4000.0     163.7938666279267
 4100.0     165.3039071551622
 4200.0     166.7884968421959
 4300.0     168.2489161988611
 4400.0     169.6868433838558
 4500.0     171.1035048979595
 4600.0     172.4999837849110
 4700.0     173.8777984897037
 4800.0     175.2375828146193
 4900.0     176.5805936708219
 5000.0     177.9079580870347
 5100.0     179.2203256683803
 5200.0     180.5188960022729
 5300.0     181.8044866601695
 5400.0     183.0777109575410
 5500.0     184.3391998560939
 5600.0     185.5896812159422
 5700.0     186.8300960156789
 5800.0     188.0605168484912
 5900.0     189.2816435420965
 6000.0     190.4945863556092
# P = 40.000000 (GPa)
    0.0      -2.7949824394114
  100.0       6.8460461843576
  200.0      20.1652003734992
  300.0      33.8449231170908
  400.0      45.2323837822071
  500.0      55.0041039913911
  600.0      63.3857133124607
  700.0      70.7085813923481
  800.0      77.1896541943643
  900.0      82.9987947140117
 1000.0      88.2603159129120
 1100.0      93.0690651976615
 1200.0      97.4979081283869
 1300.0     101.6039452150008
 1400.0     105.4326942644658
 1500.0     109.0209167222637
 1600.0     112.3986389684976
 1700.0     115.5907429520252
 1800.0     118.6180662289489
 1900.0     121.4982210670286
 2000.0     124.2461504675895
 2100.0     126.8747588166133
 2200.0     129.3952286674756
 2300.0     131.8171829408776
 2400.0     134.1491904655157
 2500.0     136.3987164068058
 2600.0     138.5723750196506
 2700.0     140.6761314646174
 2800.0     142.7152061888278
 2900.0     144.6944001475538
 3000.0     146.6179576544287
 3100.0     148.4897250762843
 3200.0     150.3132162161604
 3300.0     152.0917104959458
 3400.0     153.8281458694725
 3500.0     155.5250091833888
 3600.0     157.1850480734548
 3700.0     158.8102879090377
 3800.0     160.4029309428662
 3900.0     161.9650448570267
 4000.0     163.4981685029694
 4100.0     165.0042659534674
 4200.0     166.4848364689702
 4300.0     167.9411224718821
 4400.0     169.3748423277816
 4500.0     170.7871721710115
 4600.0     172.1792302506823
 4700.0     173.5525048003724
 4800.0     174.9076323343221
 4900.0     176.2458881718937
 5000.0     177.5683660729090
 5100.0     178.8757353032077
 5200.0     180.1691194755258
 5300.0     181.4494104471734
 5400.0     182.7173148671557
 5500.0     183.9734501984304
 5600.0     185.2185442921104
 5700.0     186.4535277040293
 5800.0     187.6784891781548
 5900.0     188.8941257345864
 6000.0     190.1015227602398
