# T (K)     Gibbs free energy (Ry.)
# P= 0.000000 GPa
    0.0      -0.8231615740899
  100.0      -0.8233531470711
  200.0      -0.8246762242052
  300.0      -0.8272578030521
  400.0      -0.8308899239989
  500.0      -0.8353861492208
  600.0      -0.8406072694177
  700.0      -0.8464503176821
  800.0      -0.8528374223053
  900.0      -0.8597081089026
 1000.0      -0.8670142682069
 1100.0      -0.8747168299426
 1200.0      -0.8827835170343
 1300.0      -0.8911872272592
 1400.0      -0.8999049266637
 1500.0      -0.9089168199775
 1600.0      -0.9182057252454
 1700.0      -0.9277566011970
 1800.0      -0.9375561808963
 1900.0      -0.9475926862689
 2000.0      -0.9578556120666
 2100.0      -0.9683355079080
 2200.0      -0.9790238725745
 2300.0      -0.9899129980572
 2400.0      -1.0009958705063
 2500.0      -1.0122661066162
 2600.0      -1.0237178375018
 2700.0      -1.0353457080742
 2800.0      -1.0471447683979
 2900.0      -1.0591104546015
 3000.0      -1.0712385710250
 3100.0      -1.0835251923351
 3200.0      -1.0959666984001
 3300.0      -1.1085597097029
 3400.0      -1.1213011316520
 3500.0      -1.1341880220424
 3600.0      -1.1472176408087
 3700.0      -1.1603874872061
 3800.0      -1.1736950995079
 3900.0      -1.1871383273726
 4000.0      -1.2007150284029
 4100.0      -1.2144232575189
 4200.0      -1.2282611950567
 4300.0      -1.2422271051750
 4400.0      -1.2563193272535
 4500.0      -1.2705364162060
 4600.0      -1.2848768821439
 4700.0      -1.2993394339165
 4800.0      -1.3139228183299
 4900.0      -1.3286257926767
 5000.0      -1.3434473000314
 5100.0      -1.3583862693905
 5200.0      -1.3734417206331
 5300.0      -1.3886127550563
 5400.0      -1.4038985224403
 5500.0      -1.4192981957019
 5600.0      -1.4348110039762
 5700.0      -1.4504362700260
 5800.0      -1.4661733755731
 5900.0      -1.4820216164707
 6000.0      -1.4979805044125
# P= 1.000000 GPa
    0.0      -0.8144866908448
  100.0      -0.8146762865904
  200.0      -0.8159891213561
  300.0      -0.8185545330435
  400.0      -0.8221672883869
  500.0      -0.8266423977961
  600.0      -0.8318413198690
  700.0      -0.8376614033494
  800.0      -0.8440249368766
  900.0      -0.8508715284806
 1000.0      -0.8581531189220
 1100.0      -0.8658306601949
 1200.0      -0.8738718901034
 1300.0      -0.8822497202098
 1400.0      -0.8909411256516
 1500.0      -0.8999263170874
 1600.0      -0.9091881164179
 1700.0      -0.9187114848118
 1800.0      -0.9284831567704
 1900.0      -0.9384913548699
 2000.0      -0.9487255735551
 2100.0      -0.9591763623112
 2200.0      -0.9698352187443
 2300.0      -0.9806944336511
 2400.0      -0.9917469919527
 2500.0      -1.0029865084514
 2600.0      -1.0144071129902
 2700.0      -1.0260034481632
 2800.0      -1.0377705622620
 2900.0      -1.0497038894532
 3000.0      -1.0617992314133
 3100.0      -1.0740526611632
 3200.0      -1.0864605562045
 3300.0      -1.0990195350937
 3400.0      -1.1117264996489
 3500.0      -1.1245785058554
 3600.0      -1.1375728115142
 3700.0      -1.1507069121135
 3800.0      -1.1639783455503
 3900.0      -1.1773849567296
 4000.0      -1.1909246020871
 4100.0      -1.2045953335487
 4200.0      -1.2183953283651
 4300.0      -1.2323228483103
 4400.0      -1.2463762311711
 4500.0      -1.2605540271997
 4600.0      -1.2748547454021
 4700.0      -1.2892770905685
 4800.0      -1.3038198066445
 4900.0      -1.3184816495164
 5000.0      -1.3332615581945
 5100.0      -1.3481584595449
 5200.0      -1.3631713705907
 5300.0      -1.3782993894104
 5400.0      -1.3935416625401
 5500.0      -1.4088973606389
 5600.0      -1.4243657102749
 5700.0      -1.4399460306906
 5800.0      -1.4556376997896
 5900.0      -1.4714400125446
 6000.0      -1.4873524758443
# P= 2.000000 GPa
    0.0      -0.8058357624336
  100.0      -0.8060234110922
  200.0      -0.8073261535782
  300.0      -0.8098756292059
  400.0      -0.8134692907848
  500.0      -0.8179235732765
  600.0      -0.8231005998266
  700.0      -0.8288980313981
  800.0      -0.8352383128612
  900.0      -0.8420611391983
 1000.0      -0.8493184960566
 1100.0      -0.8569713651361
 1200.0      -0.8649874946629
 1300.0      -0.8733398035432
 1400.0      -0.8820052758164
 1500.0      -0.8909641280300
 1600.0      -0.9001991859131
 1700.0      -0.9096954130524
 1800.0      -0.9194395453707
 1900.0      -0.9294198060832
 2000.0      -0.9396256893256
 2100.0      -0.9500477444386
 2200.0      -0.9606774678562
 2300.0      -0.9715071491809
 2400.0      -0.9825297721017
 2500.0      -0.9937389495359
 2600.0      -1.0051288100486
 2700.0      -1.0166939939278
 2800.0      -1.0284295476919
 2900.0      -1.0403309035478
 3000.0      -1.0523938605215
 3100.0      -1.0646144899831
 3200.0      -1.0769891670737
 3300.0      -1.0895145084209
 3400.0      -1.1021874122804
 3500.0      -1.1150049328216
 3600.0      -1.1279643257127
 3700.0      -1.1410630827024
 3800.0      -1.1542987412800
 3900.0      -1.1676691416410
 4000.0      -1.1811721390361
 4100.0      -1.1948057824101
 4200.0      -1.2085682459418
 4300.0      -1.2224577890225
 4400.0      -1.2364727478340
 4500.0      -1.2506116680073
 4600.0      -1.2648730574211
 4700.0      -1.2792556168371
 4800.0      -1.2937580873453
 4900.0      -1.3083792234141
 5000.0      -1.3231179600144
 5100.0      -1.3379732218767
 5200.0      -1.3529440231779
 5300.0      -1.3680294587897
 5400.0      -1.3832286720163
 5500.0      -1.3985408312557
 5600.0      -1.4139651605132
 5700.0      -1.4295009755241
 5800.0      -1.4451476503988
 5900.0      -1.4609044792015
 6000.0      -1.4767709640513
# P= 3.000000 GPa
    0.0      -0.7972085132167
  100.0      -0.7973942445982
  200.0      -0.7986870433391
  300.0      -0.8012208088570
  400.0      -0.8047956400808
  500.0      -0.8092293809627
  600.0      -0.8143848069829
  700.0      -0.8201598914559
  800.0      -0.8264772355969
  900.0      -0.8332766166303
 1000.0      -0.8405100703789
 1100.0      -0.8481386033247
 1200.0      -0.8561299808787
 1300.0      -0.8644571262952
 1400.0      -0.8730970252938
 1500.0      -0.8820299000474
 1600.0      -0.8912385800839
 1700.0      -0.9007080313861
 1800.0      -0.9104249912810
 1900.0      -0.9203776836104
 2000.0      -0.9305556021983
 2100.0      -0.9409492962292
 2200.0      -0.9515502609676
 2300.0      -0.9623507848218
 2400.0      -0.9733438502452
 2500.0      -0.9845230682774
 2600.0      -0.9958825661988
 2700.0      -1.0074169820024
 2800.0      -1.0191213604329
 2900.0      -1.0309911317394
 3000.0      -1.0430220923112
 3100.0      -1.0552103118612
 3200.0      -1.0675521631772
 3300.0      -1.0800442609548
 3400.0      -1.0926834999154
 3500.0      -1.1054669324063
 3600.0      -1.1183918119631
 3700.0      -1.1314556266234
 3800.0      -1.1446559134363
 3900.0      -1.1579905079331
 4000.0      -1.1714572641606
 4100.0      -1.1850542280952
 4200.0      -1.1987795708579
 4300.0      -1.2126315494592
 4400.0      -1.2266084984642
 4500.0      -1.2407089589219
 4600.0      -1.2549314375633
 4700.0      -1.2692746311500
 4800.0      -1.2837372779249
 4900.0      -1.2983181309222
 5000.0      -1.3130161211014
 5100.0      -1.3278301710529
 5200.0      -1.3427592921147
 5300.0      -1.3578025759633
 5400.0      -1.3729591626865
 5500.0      -1.3882282184157
 5600.0      -1.4036089645957
 5700.0      -1.4191007134724
 5800.0      -1.4347028353813
 5900.0      -1.4504146234546
 6000.0      -1.4662355750791
# P= 4.000000 GPa
    0.0      -0.7886046740335
  100.0      -0.7887885169515
  200.0      -0.7900715159544
  300.0      -0.7925897938746
  400.0      -0.7961460543052
  500.0      -0.8005595297898
  600.0      -0.8056936459207
  700.0      -0.8114466814017
  800.0      -0.8177413941101
  900.0      -0.8245176458165
 1000.0      -0.8317275171827
 1100.0      -0.8393320450086
 1200.0      -0.8472990074114
 1300.0      -0.8556013378481
 1400.0      -0.8642160222193
 1500.0      -0.8731232803816
 1600.0      -0.8823059452833
 1700.0      -0.8917489852801
 1800.0      -0.9014391390852
 1900.0      -0.9113646311532
 2000.0      -0.9215149549936
 2100.0      -0.9318806596219
 2200.0      -0.9424532391361
 2300.0      -0.9532249807488
 2400.0      -0.9641888656751
 2500.0      -0.9753385030834
 2600.0      -0.9866680189624
 2700.0      -0.9981720490213
 2800.0      -1.0098456362302
 2900.0      -1.0216842088826
 3000.0      -1.0336835607437
 3100.0      -1.0458397598642
 3200.0      -1.0581491766845
 3300.0      -1.0706084239660
 3400.0      -1.0832143929227
 3500.0      -1.0959641340746
 3600.0      -1.1088548988247
 3700.0      -1.1218841715269
 3800.0      -1.1350494887592
 3900.0      -1.1483486814324
 4000.0      -1.1617796023709
 4100.0      -1.1753402945964
 4200.0      -1.1890289261849
 4300.0      -1.2028437517686
 4400.0      -1.2167831042836
 4500.0      -1.2308455202371
 4600.0      -1.2450295051910
 4700.0      -1.2593337519362
 4800.0      -1.2737569958750
 4900.0      -1.2882979885942
 5000.0      -1.3029556570672
 5100.0      -1.3177289217405
 5200.0      -1.3326167911213
 5300.0      -1.3476183537022
 5400.0      -1.3627327463679
 5500.0      -1.3779591329809
 5600.0      -1.3932967324269
 5700.0      -1.4087448534789
 5800.0      -1.4243028627181
 5900.0      -1.4399700523208
 6000.0      -1.4557459149740
# P= 5.000000 GPa
    0.0      -0.7800239817946
  100.0      -0.7802059647276
  200.0      -0.7814793055036
  300.0      -0.7839823113591
  400.0      -0.7875202545786
  500.0      -0.7919137377563
  600.0      -0.7970268256910
  700.0      -0.8027581050917
  800.0      -0.8090304863706
  900.0      -0.8157839152712
 1000.0      -0.8229705211227
 1100.0      -0.8305513652556
 1200.0      -0.8384942439418
 1300.0      -0.8467720969675
 1400.0      -0.8553619152368
 1500.0      -0.8642439162745
 1600.0      -0.8734009278643
 1700.0      -0.8828179202018
 1800.0      -0.8924816333671
 1900.0      -0.9023802924133
 2000.0      -0.9125033905317
 2100.0      -0.9228414765558
 2200.0      -0.9333860434189
 2300.0      -0.9441293771372
 2400.0      -0.9550644576835
 2500.0      -0.9661848923613
 2600.0      -0.9774848058613
 2700.0      -0.9889588316188
 2800.0      -1.0006020108293
 2900.0      -1.0124097698316
 3000.0      -1.0243778997806
 3100.0      -1.0365024670586
 3200.0      -1.0487798397651
 3300.0      -1.0612066287248
 3400.0      -1.0737797216715
 3500.0      -1.0864961672920
 3600.0      -1.0993532148566
 3700.0      -1.1123483450637
 3800.0      -1.1254790939883
 3900.0      -1.1387432879649
 4000.0      -1.1521387785777
 4100.0      -1.1656636059054
 4200.0      -1.1793159349938
 4300.0      -1.1930940180980
 4400.0      -1.2069961865146
 4500.0      -1.2210209722460
 4600.0      -1.2351668796667
 4700.0      -1.2494325976237
 4800.0      -1.2638168586882
 4900.0      -1.2783184129831
 5000.0      -1.2929361835232
 5100.0      -1.3076690886076
 5200.0      -1.3225161339173
 5300.0      -1.3374764047757
 5400.0      -1.3525490348782
 5500.0      -1.3677331858139
 5600.0      -1.3830280739124
 5700.0      -1.3984330044890
 5800.0      -1.4139473403897
 5900.0      -1.4295703728142
 6000.0      -1.4453015897826
# P= 6.000000 GPa
    0.0      -0.7714661762792
  100.0      -0.7716463269715
  200.0      -0.7729101485260
  300.0      -0.7753980957803
  400.0      -0.7789179690720
  500.0      -0.7832917254217
  600.0      -0.7883840639368
  700.0      -0.7940938717045
  800.0      -0.8003442155359
  900.0      -0.8070751229716
 1000.0      -0.8142387702857
 1100.0      -0.8217962482675
 1200.0      -0.8297153653522
 1300.0      -0.8379690727348
 1400.0      -0.8465343632103
 1500.0      -0.8553914556768
 1600.0      -0.8645231741799
 1700.0      -0.8739144816185
 1800.0      -0.8835521187104
 1900.0      -0.8934243110924
 2000.0      -0.9035205516327
 2100.0      -0.9138313889697
 2200.0      -0.9243483148736
 2300.0      -0.9350636141620
 2400.0      -0.9459702655623
 2500.0      -0.9570618745187
 2600.0      -0.9683325644173
 2700.0      -0.9797769664295
 2800.0      -0.9913901199753
 2900.0      -1.0031674494409
 3000.0      -1.0151047433833
 3100.0      -1.0271980665108
 3200.0      -1.0394437845886
 3300.0      -1.0518385065016
 3400.0      -1.0643791165306
 3500.0      -1.0770626615233
 3600.0      -1.0898863886181
 3700.0      -1.1028477748841
 3800.0      -1.1159443558634
 3900.0      -1.1291739533571
 4000.0      -1.1425344176912
 4100.0      -1.1560237860148
 4200.0      -1.1696402203562
 4300.0      -1.1833819705957
 4400.0      -1.1972473663787
 4500.0      -1.2112349352422
 4600.0      -1.2253431803525
 4700.0      -1.2395707866414
 4800.0      -1.2539164838558
 4900.0      -1.2683790206417
 5000.0      -1.2829573160804
 5100.0      -1.2976502863188
 5200.0      -1.3124569342225
 5300.0      -1.3273763419546
 5400.0      -1.3424076400354
 5500.0      -1.3575499877772
 5600.0      -1.3728025989556
 5700.0      -1.3881647754452
 5800.0      -1.4036358763767
 5900.0      -1.4192151919487
 6000.0      -1.4349022055500
# P= 7.000000 GPa
    0.0      -0.7629310055436
  100.0      -0.7631093510917
  200.0      -0.7643637882253
  300.0      -0.7668368838668
  400.0      -0.7703389315940
  500.0      -0.7746932214872
  600.0      -0.7797650808386
  700.0      -0.7854536983840
  800.0      -0.7916822909027
  900.0      -0.7983909714177
 1000.0      -0.8055319625771
 1100.0      -0.8130663817813
 1200.0      -0.8209620553346
 1300.0      -0.8291919398737
 1400.0      -0.8377330346004
 1500.0      -0.8465655575374
 1600.0      -0.8556723315350
 1700.0      -0.8650383149975
 1800.0      -0.8746502396990
 1900.0      -0.8844963308922
 2000.0      -0.8945660811171
 2100.0      -0.9048500388027
 2200.0      -0.9153396945574
 2300.0      -0.9260273319985
 2400.0      -0.9369059286034
 2500.0      -0.9479690879632
 2600.0      -0.9592109321519
 2700.0      -0.9706260900876
 2800.0      -0.9822095994135
 2900.0      -0.9939568825648
 3000.0      -1.0058637255132
 3100.0      -1.0179261912875
 3200.0      -1.0301406433244
 3300.0      -1.0425036885669
 3400.0      -1.0550122078689
 3500.0      -1.0676632462339
 3600.0      -1.0804540486681
 3700.0      -1.0933820886387
 3800.0      -1.1064449011244
 3900.0      -1.1196403034352
 4000.0      -1.1329661446220
 4100.0      -1.1464204589164
 4200.0      -1.1600014053431
 4300.0      -1.1737072314094
 4400.0      -1.1875362650982
 4500.0      -1.2014870295188
 4600.0      -1.2155580266107
 4700.0      -1.2297479374177
 4800.0      -1.2440554888702
 4900.0      -1.2584794281230
 5000.0      -1.2730186703499
 5100.0      -1.2876721295421
 5200.0      -1.3024388057567
 5300.0      -1.3173177780089
 5400.0      -1.3323081736572
 5500.0      -1.3474091497337
 5600.0      -1.3626199174620
 5700.0      -1.3779397752928
 5800.0      -1.3933680786610
 5900.0      -1.4089041167408
 6000.0      -1.4245473683237
# P= 8.000000 GPa
    0.0      -0.7544182196340
  100.0      -0.7545947868192
  200.0      -0.7558399731642
  300.0      -0.7582984207217
  400.0      -0.7617828793405
  500.0      -0.7661179589614
  600.0      -0.7711696053039
  700.0      -0.7768373050741
  800.0      -0.7830444290419
  900.0      -0.7897311700043
 1000.0      -0.7968497998875
 1100.0      -0.8043614635529
 1200.0      -0.8122340013518
 1300.0      -0.8204403815230
 1400.0      -0.8289576039907
 1500.0      -0.8377658896838
 1600.0      -0.8468480589417
 1700.0      -0.8561890670467
 1800.0      -0.8657756409167
 1900.0      -0.8755959955144
 2000.0      -0.8856396218049
 2100.0      -0.8958970679938
 2200.0      -0.9063598235277
 2300.0      -0.9170201708217
 2400.0      -0.9278710860987
 2500.0      -0.9389061711022
 2600.0      -0.9501195465871
 2700.0      -0.9615058392275
 2800.0      -0.9730600848892
 2900.0      -0.9847777040578
 3000.0      -0.9966544801317
 3100.0      -1.0086864744551
 3200.0      -1.0208700481420
 3300.0      -1.0332018061911
 3400.0      -1.0456786260556
 3500.0      -1.0582975508891
 3600.0      -1.0710558235659
 3700.0      -1.0839509139780
 3800.0      -1.0969803565107
 3900.0      -1.1101419640257
 4000.0      -1.1234335842806
 4100.0      -1.1368532486027
 4200.0      -1.1503991130259
 4300.0      -1.1640694226867
 4400.0      -1.1778625038947
 4500.0      -1.1917768753695
 4600.0      -1.2058110378037
 4700.0      -1.2199636683811
 4800.0      -1.2342334912234
 4900.0      -1.2486192519800
 5000.0      -1.2631198619431
 5100.0      -1.2777342329449
 5200.0      -1.2924613622402
 5300.0      -1.3073003257091
 5400.0      -1.3222502475608
 5500.0      -1.3373102825448
 5600.0      -1.3524796393363
 5700.0      -1.3677576129755
 5800.0      -1.3831435552224
 5900.0      -1.3986367542048
 6000.0      -1.4142366841485
# P= 9.000000 GPa
    0.0      -0.7459275748528
  100.0      -0.7461023895618
  200.0      -0.7473384545531
  300.0      -0.7497824541845
  400.0      -0.7532495577008
  500.0      -0.7575656754904
  600.0      -0.7625973696061
  700.0      -0.7682444206747
  800.0      -0.7744303497767
  900.0      -0.7810954346925
 1000.0      -0.7881919916816
 1100.0      -0.7956811949162
 1200.0      -0.8035309009304
 1300.0      -0.8117140849370
 1400.0      -0.8202077539333
 1500.0      -0.8289921265694
 1600.0      -0.8380500235907
 1700.0      -0.8473663968132
 1800.0      -0.8569279685257
 1900.0      -0.8667229486607
 2000.0      -0.8767408165165
 2100.0      -0.8869721184819
 2200.0      -0.8974083428420
 2300.0      -0.9080417708068
 2400.0      -0.9188653773404
 2500.0      -0.9298727623433
 2600.0      -0.9410580452446
 2700.0      -0.9524158504837
 2800.0      -0.9639412121477
 2900.0      -0.9756295487741
 3000.0      -0.9874766412004
 3100.0      -0.9994785490802
 3200.0      -1.0116316312110
 3300.0      -1.0239324906447
 3400.0      -1.0363780014594
 3500.0      -1.0489652049539
 3600.0      -1.0616913418706
 3700.0      -1.0745538785528
 3800.0      -1.0875503487623
 3900.0      -1.1006785609548
 4000.0      -1.1139363615776
 4100.0      -1.1273217790656
 4200.0      -1.1408329664757
 4300.0      -1.1544681665756
 4400.0      -1.1682257039902
 4500.0      -1.1821040930874
 4600.0      -1.1961018332935
 4700.0      -1.2102175979601
 4800.0      -1.2244501084073
 4900.0      -1.2387981087656
 5000.0      -1.2532605064715
 5100.0      -1.2678362111932
 5200.0      -1.2825242173928
 5300.0      -1.2973235978249
 5400.0      -1.3122334735644
 5500.0      -1.3272529970742
 5600.0      -1.3423813744833
 5700.0      -1.3576178974379
 5800.0      -1.3729619140422
 5900.0      -1.3884127113549
 6000.0      -1.4039697590716
# P= 10.000000 GPa
    0.0      -0.7374588327371
  100.0      -0.7376319205785
  200.0      -0.7388589915861
  300.0      -0.7412887373316
  400.0      -0.7447387139142
  500.0      -0.7490361161425
  600.0      -0.7540481117523
  700.0      -0.7596747768244
  800.0      -0.7658397818381
  900.0      -0.7724834852645
 1000.0      -0.7795582532973
 1100.0      -0.7870252853718
 1200.0      -0.7948524549047
 1300.0      -0.8030127473385
 1400.0      -0.8114831715272
 1500.0      -0.8202439501359
 1600.0      -0.8292778998076
 1700.0      -0.8385699708548
 1800.0      -0.8481068815736
 1900.0      -0.8578768360014
 2000.0      -0.8678693080720
 2100.0      -0.8780748322060
 2200.0      -0.8884848935577
 2300.0      -0.8990917721289
 2400.0      -0.9098884416202
 2500.0      -0.9208685000941
 2600.0      -0.9320260656461
 2700.0      -0.9433557604904
 2800.0      -0.9548526169343
 2900.0      -0.9665120515681
 3000.0      -0.9783298426807
 3100.0      -0.9903020482293
 3200.0      -1.0024250247010
 3300.0      -1.0146953731979
 3400.0      -1.0271099644494
 3500.0      -1.0396658378936
 3600.0      -1.0523602321414
 3700.0      -1.0651906100134
 3800.0      -1.0781545046188
 3900.0      -1.0912497200487
 4000.0      -1.1044741014233
 4100.0      -1.1178256742975
 4200.0      -1.1313025887641
 4300.0      -1.1449030852239
 4400.0      -1.1586254866070
 4500.0      -1.1724683029660
 4600.0      -1.1864300324428
 4700.0      -1.2005093445834
 4800.0      -1.2147049579142
 4900.0      -1.2290156150330
 5000.0      -1.2434402195459
 5100.0      -1.2579776789544
 5200.0      -1.2726269849336
 5300.0      -1.2873872071261
 5400.0      -1.3022574634852
 5500.0      -1.3172369041835
 5600.0      -1.3323247328074
 5700.0      -1.3475202376237
 5800.0      -1.3628227631013
 5900.0      -1.3782315952068
 6000.0      -1.3937461991390
# P= 11.000000 GPa
    0.0      -0.7290117568162
  100.0      -0.7291831428223
  200.0      -0.7304013452851
  300.0      -0.7328170295957
  400.0      -0.7362501021434
  500.0      -0.7405290277943
  600.0      -0.7455215762848
  700.0      -0.7511281118067
  800.0      -0.7572724563323
  900.0      -0.7638950501674
 1000.0      -0.7709483045257
 1100.0      -0.7783934496348
 1200.0      -0.7861983727708
 1300.0      -0.7943360691211
 1400.0      -0.8027835536261
 1500.0      -0.8115210473685
 1600.0      -0.8205313689089
 1700.0      -0.8297994633653
 1800.0      -0.8393120459952
 1900.0      -0.8490573165431
 2000.0      -0.8590247417062
 2100.0      -0.8692048511050
 2200.0      -0.8795891167322
 2300.0      -0.8901698149632
 2400.0      -0.9009399182302
 2500.0      -0.9118930227620
 2600.0      -0.9230232453134
 2700.0      -0.9343252058820
 2800.0      -0.9457939349942
 2900.0      -0.9574248472943
 3000.0      -0.9692137185340
 3100.0      -0.9811566049690
 3200.0      -0.9932498607813
 3300.0      -1.0054900851214
 3400.0      -1.0178741453946
 3500.0      -1.0303990791734
 3600.0      -1.0430621229374
 3700.0      -1.0558607360104
 3800.0      -1.0687924508201
 3900.0      -1.0818550671340
 4000.0      -1.0950464287283
 4100.0      -1.1083645582904
 4200.0      -1.1218076029621
 4300.0      -1.1353738007793
 4400.0      -1.1490614729666
 4500.0      -1.1628691252985
 4600.0      -1.1767952546136
 4700.0      -1.1908385266793
 4800.0      -1.2049976572359
 4900.0      -1.2192713873354
 5000.0      -1.2336586167778
 5100.0      -1.2481582508951
 5200.0      -1.2627692785831
 5300.0      -1.2774907663835
 5400.0      -1.2923218291410
 5500.0      -1.3072616147362
 5600.0      -1.3223093242133
 5700.0      -1.3374642424774
 5800.0      -1.3527257103799
 5900.0      -1.3680930127751
 6000.0      -1.3835656103963
# P= 12.000000 GPa
    0.0      -0.7205861182943
  100.0      -0.7207558268317
  200.0      -0.7219652821799
  300.0      -0.7243670919844
  400.0      -0.7277834811631
  500.0      -0.7320441651306
  600.0      -0.7370175098979
  700.0      -0.7426041695614
  800.0      -0.7487281117422
  900.0      -0.7553298600667
 1000.0      -0.7623618734467
 1100.0      -0.7697854075358
 1200.0      -0.7775683686324
 1300.0      -0.7856837597309
 1400.0      -0.7941086002428
 1500.0      -0.8028231146949
 1600.0      -0.8118101177968
 1700.0      -0.8210545550284
 1800.0      -0.8305431358432
 1900.0      -0.8402640556153
 2000.0      -0.8502067763367
 2100.0      -0.8603618200374
 2200.0      -0.8707206534227
 2300.0      -0.8812755394848
 2400.0      -0.8920194464623
 2500.0      -0.9029459687547
 2600.0      -0.9140492217682
 2700.0      -0.9253238232930
 2800.0      -0.9367648020728
 2900.0      -0.9483675708069
 3000.0      -0.9601279027218
 3100.0      -0.9720418523657
 3200.0      -0.9841057716215
 3300.0      -0.9963162576854
 3400.0      -1.0086701746639
 3500.0      -1.0211645582585
 3600.0      -1.0337966428178
 3700.0      -1.0465638841944
 3800.0      -1.0594638141058
 3900.0      -1.0724942280368
 4000.0      -1.0856529684032
 4100.0      -1.0989380550366
 4200.0      -1.1123476321411
 4300.0      -1.1258799353898
 4400.0      -1.1395332842912
 4500.0      -1.1533061803786
 4600.0      -1.1671971191684
 4700.0      -1.1812047626764
 4800.0      -1.1953278238647
 4900.0      -1.2095650422254
 5000.0      -1.2239153137784
 5100.0      -1.2383775416823
 5200.0      -1.2529507120610
 5300.0      -1.2676338883669
 5400.0      -1.2824261823493
 5500.0      -1.2973267395937
 5600.0      -1.3123347586057
 5700.0      -1.3274495209429
 5800.0      -1.3426703638595
 5900.0      -1.3579965710744
 6000.0      -1.3734275988895
# P= 13.000000 GPa
    0.0      -0.7121816904502
  100.0      -0.7123497456866
  200.0      -0.7135505743776
  300.0      -0.7159386930134
  400.0      -0.7193386123051
  500.0      -0.7235812861542
  600.0      -0.7285356674548
  700.0      -0.7341026967409
  800.0      -0.7402064913821
  900.0      -0.7467876535715
 1000.0      -0.7537986903690
 1100.0      -0.7612008867241
 1200.0      -0.7689621623753
 1300.0      -0.7770555326799
 1400.0      -0.7854580207216
 1500.0      -0.7941498518073
 1600.0      -0.8031138424233
 1700.0      -0.8123349326855
 1800.0      -0.8217998311676
 1900.0      -0.8314967271134
 2000.0      -0.8414150767114
 2100.0      -0.8515453977776
 2200.0      -0.8618791481739
 2300.0      -0.8724085858695
 2400.0      -0.8831266656084
 2500.0      -0.8940269764795
 2600.0      -0.9051036325323
 2700.0      -0.9163512493577
 2800.0      -0.9277648539152
 2900.0      -0.9393398569604
 3000.0      -0.9510720292056
 3100.0      -0.9629574234860
 3200.0      -0.9749923893912
 3300.0      -0.9871735221604
 3400.0      -0.9994976826262
 3500.0      -1.0119619046141
 3600.0      -1.0245634203416
 3700.0      -1.0372996822159
 3800.0      -1.0501682212157
 3900.0      -1.0631668285834
 4000.0      -1.0762933453582
 4100.0      -1.0895457885282
 4200.0      -1.1029222993722
 4300.0      -1.1164211112031
 4400.0      -1.1300405418028
 4500.0      -1.1437790884992
 4600.0      -1.1576352454692
 4700.0      -1.1716076710032
 4800.0      -1.1856950752921
 4900.0      -1.1998961962560
 5000.0      -1.2142099261591
 5100.0      -1.2286351659829
 5200.0      -1.2431708990872
 5300.0      -1.2578161858465
 5400.0      -1.2725701349281
 5500.0      -1.2874318896191
 5600.0      -1.3024006458893
 5700.0      -1.3174756819648
 5800.0      -1.3326563315211
 5900.0      -1.3479418771209
 6000.0      -1.3633317706658
# P= 14.000000 GPa
    0.0      -0.7037982506011
  100.0      -0.7039646759379
  200.0      -0.7051569953356
  300.0      -0.7075316041293
  400.0      -0.7109152646068
  500.0      -0.7151401526171
  600.0      -0.7200758062604
  700.0      -0.7256234481555
  800.0      -0.7317073419560
  900.0      -0.7382681733766
 1000.0      -0.7452584939544
 1100.0      -0.7526396172303
 1200.0      -0.7603794811678
 1300.0      -0.7684511079138
 1400.0      -0.7768315280104
 1500.0      -0.7855009678911
 1600.0      -0.7944422422217
 1700.0      -0.8036402917708
 1800.0      -0.8130818187635
 1900.0      -0.8227550104604
 2000.0      -0.8326493165472
 2100.0      -0.8427552485222
 2200.0      -0.8530642595558
 2300.0      -0.8635685984114
 2400.0      -0.8742612149653
 2500.0      -0.8851356843442
 2600.0      -0.8961861151275
 2700.0      -0.9074071207105
 2800.0      -0.9187937262669
 2900.0      -0.9303413406091
 3000.0      -0.9420457319467
 3100.0      -0.9539029513964
 3200.0      -0.9659093462598
 3300.0      -0.9780615098169
 3400.0      -0.9903562996506
 3500.0      -1.0027907477054
 3600.0      -1.0153620840681
 3700.0      -1.0280677577255
 3800.0      -1.0409052988895
 3900.0      -1.0538724946003
 4000.0      -1.0669671845040
 4100.0      -1.0801873827574
 4200.0      -1.0935312277269
 4300.0      -1.1069969503670
 4400.0      -1.1205828667233
 4500.0      -1.1342874699540
 4600.0      -1.1481092528786
 4700.0      -1.1620468700882
 4800.0      -1.1760990290107
 4900.0      -1.1902644659805
 5000.0      -1.2045420695309
 5100.0      -1.2189307384636
 5200.0      -1.2334294533814
 5300.0      -1.2480372715922
 5400.0      -1.2627532986950
 5500.0      -1.2775766756748
 5600.0      -1.2925065959692
 5700.0      -1.3075423344869
 5800.0      -1.3226832213448
 5900.0      -1.3379285379276
 6000.0      -1.3532777317709
# P= 15.000000 GPa
    0.0      -0.6954355824331
  100.0      -0.6956004008996
  200.0      -0.6967843256437
  300.0      -0.6991455999453
  400.0      -0.7025132087597
  500.0      -0.7067205334199
  600.0      -0.7116376884534
  700.0      -0.7171661805201
  800.0      -0.7232304180671
  900.0      -0.7297711662893
 1000.0      -0.7367410262996
 1100.0      -0.7441013376935
 1200.0      -0.7518200548388
 1300.0      -0.7598702120797
 1400.0      -0.7682288421097
 1500.0      -0.7768761753652
 1600.0      -0.7857950261558
 1700.0      -0.7949703315165
 1800.0      -0.8043887935139
 1900.0      -0.8140385924116
 2000.0      -0.8239091746522
 2100.0      -0.8339910457827
 2200.0      -0.8442756512502
 2300.0      -0.8547552354104
 2400.0      -0.8654227386348
 2500.0      -0.8762717307722
 2600.0      -0.8872963070755
 2700.0      -0.8984910739857
 2800.0      -0.9098510548731
 2900.0      -0.9213716566074
 3000.0      -0.9330486449066
 3100.0      -0.9448780691635
 3200.0      -0.9568562743969
 3300.0      -0.9689798519252
 3400.0      -0.9812456561060
 3500.0      -0.9936507169976
 3600.0      -1.0061922625564
 3700.0      -1.0188677383738
 3800.0      -1.0316746738670
 3900.0      -1.0446108519136
 4000.0      -1.0576741107511
 4100.0      -1.0708624617163
 4200.0      -1.0841740402763
 4300.0      -1.0976070750293
 4400.0      -1.1111598802745
 4500.0      -1.1248309450364
 4600.0      -1.1386187607587
 4700.0      -1.1525219783601
 4800.0      -1.1665393025122
 4900.0      -1.1806694679516
 5000.0      -1.1949113595052
 5100.0      -1.2092638737914
 5200.0      -1.2237259886636
 5300.0      -1.2382967583746
 5400.0      -1.2529752854673
 5500.0      -1.2677607086235
 5600.0      -1.2826522187497
 5700.0      -1.2976490874536
 5800.0      -1.3127506413118
 5900.0      -1.3279561605109
 6000.0      -1.3432650882502
# P= 16.000000 GPa
    0.0      -0.6870934705604
  100.0      -0.6872567049080
  200.0      -0.6884323487334
  300.0      -0.6907804620888
  400.0      -0.6941322203838
  500.0      -0.6983221987056
  600.0      -0.7032210825521
  700.0      -0.7087306563018
  800.0      -0.7147754759412
  900.0      -0.7212963866043
 1000.0      -0.7282460343424
 1100.0      -0.7355857896449
 1200.0      -0.7432836219259
 1300.0      -0.7513125748780
 1400.0      -0.7596496891180
 1500.0      -0.7682751942709
 1600.0      -0.7771719061567
 1700.0      -0.7863247606020
 1800.0      -0.7957204544987
 1900.0      -0.8053471672740
 2000.0      -0.8151943377417
 2100.0      -0.8252524677714
 2200.0      -0.8355129965310
 2300.0      -0.8459681600758
 2400.0      -0.8566108945834
 2500.0      -0.8674347597235
 2600.0      -0.8784338459363
 2700.0      -0.8896027458177
 2800.0      -0.9009364754790
 2900.0      -0.9124304398097
 3000.0      -0.9240804020469
 3100.0      -0.9358824098538
 3200.0      -0.9478328059720
 3300.0      -0.9599281797558
 3400.0      -0.9721653823613
 3500.0      -0.9845414419558
 3600.0      -0.9970535843657
 3700.0      -1.0096992518112
 3800.0      -1.0224759728879
 3900.0      -1.0353815263498
 4000.0      -1.0484137490099
 4100.0      -1.0615706493971
 4200.0      -1.0748503600918
 4300.0      -1.0882511073379
 4400.0      -1.1017712036785
 4500.0      -1.1154091340396
 4600.0      -1.1291633884720
 4700.0      -1.1430326142472
 4800.0      -1.1570155132887
 4900.0      -1.1711108187225
 5000.0      -1.1853174116933
 5100.0      -1.1996341866331
 5200.0      -1.2140601186535
 5300.0      -1.2285942589634
 5400.0      -1.2432357070630
 5500.0      -1.2579835993272
 5600.0      -1.2728371241354
 5700.0      -1.2877955498093
 5800.0      -1.3028581994033
 5900.0      -1.3180243518849
 6000.0      -1.3332934461506
# P= 17.000000 GPa
    0.0      -0.6787717052466
  100.0      -0.6789333774683
  200.0      -0.6801008504679
  300.0      -0.6824359733236
  400.0      -0.6857720808687
  500.0      -0.6899449247627
  600.0      -0.6948257583284
  700.0      -0.7003166435341
  800.0      -0.7063422783116
  900.0      -0.7128435901481
 1000.0      -0.7197732719971
 1100.0      -0.7270927201624
 1200.0      -0.7347699234352
 1300.0      -0.7427779346646
 1400.0      -0.7510937986660
 1500.0      -0.7596977501409
 1600.0      -0.7685726022850
 1700.0      -0.7777032905171
 1800.0      -0.7870765100555
 1900.0      -0.7966804340147
 2000.0      -0.8065044995295
 2100.0      -0.8165392011561
 2200.0      -0.8267759730395
 2300.0      -0.8372070454059
 2400.0      -0.8478253455930
 2500.0      -0.8586244287719
 2600.0      -0.8695983755711
 2700.0      -0.8807417729156
 2800.0      -0.8920496238299
 2900.0      -0.9035173250704
 3000.0      -0.9151406373288
 3100.0      -0.9269156065338
 3200.0      -0.9388385731545
 3300.0      -0.9509061245791
 3400.0      -0.9631151087855
 3500.0      -0.9754625520454
 3600.0      -0.9879456780550
 3700.0      -1.0005619256883
 3800.0      -1.0133088226920
 3900.0      -1.0261841437351
 4000.0      -1.0391857241909
 4100.0      -1.0523115697921
 4200.0      -1.0655598102446
 4300.0      -1.0789286694406
 4400.0      -1.0924164581573
 4500.0      -1.1060216572570
 4600.0      -1.1197427553805
 4700.0      -1.1335783961781
 4800.0      -1.1475272788322
 4900.0      -1.1615881348461
 5000.0      -1.1757598417064
 5100.0      -1.1900412916557
 5200.0      -1.2044314570710
 5300.0      -1.2189293861290
 5400.0      -1.2335341752995
 5500.0      -1.2482449586488
 5600.0      -1.2630609220314
 5700.0      -1.2779813304977
 5800.0      -1.2930055035995
 5900.0      -1.3081327190650
 6000.0      -1.3233624115180
# P= 18.000000 GPa
    0.0      -0.6704700811851
  100.0      -0.6706302130487
  200.0      -0.6717896236584
  300.0      -0.6741119213666
  400.0      -0.6774325725962
  500.0      -0.6815884924226
  600.0      -0.6864514924863
  700.0      -0.6919239117607
  800.0      -0.6979305926775
  900.0      -0.7044125398548
 1000.0      -0.7113224947733
 1100.0      -0.7186218827258
 1200.0      -0.7262787065818
 1300.0      -0.7342660319680
 1400.0      -0.7425609088574
 1500.0      -0.7511435725828
 1600.0      -0.7599968395006
 1700.0      -0.7691056413122
 1800.0      -0.7784566712821
 1900.0      -0.7880381005781
 2000.0      -0.7978393589015
 2100.0      -0.8078509390483
 2200.0      -0.8180642673821
 2300.0      -0.8284715685020
 2400.0      -0.8390657643437
 2500.0      -0.8498404003196
 2600.0      -0.8607895531080
 2700.0      -0.8719077990777
 2800.0      -0.8831901358002
 2900.0      -0.8946319472437
 3000.0      -0.9062289847140
 3100.0      -0.9179772922700
 3200.0      -0.9298732081141
 3300.0      -0.9419133176655
 3400.0      -0.9540944657476
 3500.0      -0.9664136767315
 3600.0      -0.9788681721836
 3700.0      -0.9914553876557
 3800.0      -1.0041728500189
 3900.0      -1.0170183298959
 4000.0      -1.0299896612046
 4100.0      -1.0430848468933
 4200.0      -1.0563020138059
 4300.0      -1.0696393834852
 4400.0      -1.0830952649327
 4500.0      -1.0966681349819
 4600.0      -1.1103564808468
 4700.0      -1.1241589425813
 4800.0      -1.1380742166349
 4900.0      -1.1521010328755
 5000.0      -1.1662382651556
 5100.0      -1.1804848035260
 5200.0      -1.1948396176360
 5300.0      -1.2093017526414
 5400.0      -1.2238703019946
 5500.0      -1.2385443974505
 5600.0      -1.2533232223423
 5700.0      -1.2682060384634
 5800.0      -1.2831921618816
 5900.0      -1.2982808690658
 6000.0      -1.3134715903989
# P= 19.000000 GPa
    0.0      -0.6621883939883
  100.0      -0.6623470069053
  200.0      -0.6634984624002
  300.0      -0.6658080991956
  400.0      -0.6691134843626
  500.0      -0.6732526839263
  600.0      -0.6780980652284
  700.0      -0.6835522379128
  800.0      -0.6895401884765
  900.0      -0.6960030026657
 1000.0      -0.7028934657370
 1100.0      -0.7101730326073
 1200.0      -0.7178097243689
 1300.0      -0.7257766141262
 1400.0      -0.7340507597929
 1500.0      -0.7426123993861
 1600.0      -0.7514443474222
 1700.0      -0.7605315373765
 1800.0      -0.7698606581822
 1900.0      -0.7794198777221
 2000.0      -0.7891986233615
 2100.0      -0.7991873802759
 2200.0      -0.8093775720652
 2300.0      -0.8197614158886
 2400.0      -0.8303318274332
 2500.0      -0.8410823466801
 2600.0      -0.8520070406143
 2700.0      -0.8631004809399
 2800.0      -0.8743576551543
 2900.0      -0.8857739413889
 3000.0      -0.8973450781638
 3100.0      -0.9090671001290
 3200.0      -0.9209363430201
 3300.0      -0.9329493902854
 3400.0      -0.9451030836165
 3500.0      -0.9573944454793
 3600.0      -0.9698206953106
 3700.0      -0.9823792653639
 3800.0      -0.9950676816085
 3900.0      -1.0078837106584
 4000.0      -1.0208251849615
 4100.0      -1.0338901046929
 4200.0      -1.0470765938471
 4300.0      -1.0603828716195
 4400.0      -1.0738072452268
 4500.0      -1.0873481875079
 4600.0      -1.1010041842329
 4700.0      -1.1147738718853
 4800.0      -1.1286559441888
 4900.0      -1.1426491293635
 5000.0      -1.1567522976523
 5100.0      -1.1709643369108
 5200.0      -1.1852842140683
 5300.0      -1.1997109712708
 5400.0      -1.2142436989659
 5500.0      -1.2288815265953
 5600.0      -1.2436236349727
 5700.0      -1.2584692826502
 5800.0      -1.2734177822306
 5900.0      -1.2884684089022
 6000.0      -1.3036205888388
# P= 20.000000 GPa
    0.0      -0.6539264455763
  100.0      -0.6540835602848
  200.0      -0.6552271643521
  300.0      -0.6575243005614
  400.0      -0.6608146085554
  500.0      -0.6649372885803
  600.0      -0.6697652588354
  700.0      -0.6752014015705
  800.0      -0.6811708427118
  900.0      -0.6876147480178
 1000.0      -0.6944859512689
 1100.0      -0.7017459329314
 1200.0      -0.7093627319088
 1300.0      -0.7173094336336
 1400.0      -0.7255630989096
 1500.0      -0.7341039702761
 1600.0      -0.7429148634715
 1700.0      -0.7519807083634
 1800.0      -0.7612881945846
 1900.0      -0.7708254853598
 2000.0      -0.7805820033831
 2100.0      -0.7905482318603
 2200.0      -0.8007155858752
 2300.0      -0.8110762794717
 2400.0      -0.8216232212777
 2500.0      -0.8323499439905
 2600.0      -0.8432505099890
 2700.0      -0.8543194802735
 2800.0      -0.8655518379956
 2900.0      -0.8769429512587
 3000.0      -0.8884885519450
 3100.0      -0.9001846631774
 3200.0      -0.9120276100422
 3300.0      -0.9240139737093
 3400.0      -0.9361405927613
 3500.0      -0.9484044877539
 3600.0      -0.9608028759951
 3700.0      -0.9733331864635
 3800.0      -0.9859929442004
 3900.0      -0.9987799118491
 4000.0      -1.0116919203721
 4100.0      -1.0247269671832
 4200.0      -1.0378831734395
 4300.0      -1.0511587559913
 4400.0      -1.0645520202614
 4500.0      -1.0780614351281
 4600.0      -1.0916854849014
 4700.0      -1.1054228025187
 4800.0      -1.1192720789856
 4900.0      -1.1332320408633
 5000.0      -1.1473015548078
 5100.0      -1.1614795064770
 5200.0      -1.1757648600878
 5300.0      -1.1901566547872
 5400.0      -1.2046539780312
 5500.0      -1.2192559569453
 5600.0      -1.2339617698271
 5700.0      -1.2487706720027
 5800.0      -1.2636819726270
 5900.0      -1.2786949455892
 6000.0      -1.2938090128843
# P= 21.000000 GPa
    0.0      -0.6456840408583
  100.0      -0.6458396779350
  200.0      -0.6469755331498
  300.0      -0.6492603251065
  400.0      -0.6525357389333
  500.0      -0.6566420980767
  600.0      -0.6614528627636
  700.0      -0.6668711851758
  800.0      -0.6728223343835
  900.0      -0.6792475528510
 1000.0      -0.6860997208803
 1100.0      -0.6933403495310
 1200.0      -0.7009374923064
 1300.0      -0.7088642455194
 1400.0      -0.7170976781727
 1500.0      -0.7256180327564
 1600.0      -0.7344081270529
 1700.0      -0.7434528912802
 1800.0      -0.7527390101922
 1900.0      -0.7622546467784
 2000.0      -0.7719892187374
 2100.0      -0.7819332040486
 2200.0      -0.7920780153148
 2300.0      -0.8024158580050
 2400.0      -0.8129396371939
 2500.0      -0.8236428785252
 2600.0      -0.8345196369556
 2700.0      -0.8455644685181
 2800.0      -0.8567723458333
 2900.0      -0.8681386323903
 3000.0      -0.8796590498137
 3100.0      -0.8913296149159
 3200.0      -0.9031466413498
 3300.0      -0.9151066992076
 3400.0      -0.9272066235507
 3500.0      -0.9394434330207
 3600.0      -0.9518143427963
 3700.0      -0.9643167786050
 3800.0      -0.9769482645345
 3900.0      -0.9897065592941
 4000.0      -1.0025894923468
 4100.0      -1.0155950583562
 4200.0      -1.0287213756542
 4300.0      -1.0419666587484
 4400.0      -1.0553292112586
 4500.0      -1.0688074981360
 4600.0      -1.0824000022143
 4700.0      -1.0961053529100
 4800.0      -1.1099222385177
 4900.0      -1.1238493839279
 5000.0      -1.1378856522331
 5100.0      -1.1520299268916
 5200.0      -1.1662811694143
 5300.0      -1.1806384159610
 5400.0      -1.1951007510080
 5500.0      -1.2096672993630
 5600.0      -1.2243372368108
 5700.0      -1.2391098154647
 5800.0      -1.2539843410515
 5900.0      -1.2689600861416
 6000.0      -1.2840364685815
# P= 22.000000 GPa
    0.0      -0.6374609858808
  100.0      -0.6376151655046
  200.0      -0.6387433731149
  300.0      -0.6410159762097
  400.0      -0.6442766760266
  500.0      -0.6483669064119
  600.0      -0.6531606680650
  700.0      -0.6585613781043
  800.0      -0.6644944461523
  900.0      -0.6709011956416
 1000.0      -0.6777345513429
 1100.0      -0.6849560520411
 1200.0      -0.6925337708723
 1300.0      -0.7004408127864
 1400.0      -0.7086542525933
 1500.0      -0.7171543382540
 1600.0      -0.7259238856956
 1700.0      -0.7349478252679
 1800.0      -0.7442128415564
 1900.0      -0.7537070917356
 2000.0      -0.7634199921968
 2100.0      -0.7733420164128
 2200.0      -0.7834645704603
 2300.0      -0.7937798574439
 2400.0      -0.8042807739049
 2500.0      -0.8149608410295
 2600.0      -0.8258141076070
 2700.0      -0.8368351210333
 2800.0      -0.8480188496053
 2900.0      -0.8593606460590
 3000.0      -0.8708562267136
 3100.0      -0.8825015991128
 3200.0      -0.8942930697079
 3300.0      -0.9062271980507
 3400.0      -0.9183008063539
 3500.0      -0.9305109107448
 3600.0      -0.9428547242734
 3700.0      -0.9553296694390
 3800.0      -0.9679332693504
 3900.0      -0.9806632788198
 4000.0      -0.9935175257963
 4100.0      -1.0064940022041
 4200.0      -1.0195908235625
 4300.0      -1.0328062020387
 4400.0      -1.0461384394403
 4500.0      -1.0595859968250
 4600.0      -1.0731473555341
 4700.0      -1.0868211414876
 4800.0      -1.1006060402770
 4900.0      -1.1145007751101
 5000.0      -1.1285042055398
 5100.0      -1.1426152128213
 5200.0      -1.1568327557676
 5300.0      -1.1711558675621
 5400.0      -1.1855836297139
 5500.0      -1.2001151647111
 5600.0      -1.2147496458280
 5700.0      -1.2294863219807
 5800.0      -1.2443244954854
 5900.0      -1.2592634375744
 6000.0      -1.2743025619762
# P= 23.000000 GPa
    0.0      -0.6292570930240
  100.0      -0.6294098347829
  200.0      -0.6305304926875
  300.0      -0.6327910581041
  400.0      -0.6360372225141
  500.0      -0.6401115143393
  600.0      -0.6448884690727
  700.0      -0.6502717708598
  800.0      -0.6561869671771
  900.0      -0.6625754592925
 1000.0      -0.6693902206675
 1100.0      -0.6765928169845
 1200.0      -0.6841513373938
 1300.0      -0.6920389002573
 1400.0      -0.7002325849959
 1500.0      -0.7087126418121
 1600.0      -0.7174618902904
 1700.0      -0.7264652578321
 1800.0      -0.7357094276156
 1900.0      -0.7451825562917
 2000.0      -0.7548740535706
 2100.0      -0.7647743912440
 2200.0      -0.7748749706252
 2300.0      -0.7851679877414
 2400.0      -0.7956463367982
 2500.0      -0.8063035301910
 2600.0      -0.8171336121425
 2700.0      -0.8281311236847
 2800.0      -0.8392910243606
 2900.0      -0.8506086626632
 3000.0      -0.8620797437082
 3100.0      -0.8737002700965
 3200.0      -0.8854665388984
 3300.0      -0.8973751023010
 3400.0      -0.9094227715398
 3500.0      -0.9216065503914
 3600.0      -0.9339236489854
 3700.0      -0.9463714866160
 3800.0      -0.9589475853878
 3900.0      -0.9716496962526
 4000.0      -0.9844756456309
 4100.0      -0.9974234227192
 4200.0      -1.0104911402359
 4300.0      -1.0236770080099
 4400.0      -1.0369793260284
 4500.0      -1.0503965514884
 4600.0      -1.0639271642229
 4700.0      -1.0775697866801
 4800.0      -1.0913231017555
 4900.0      -1.1051858309631
 5000.0      -1.1191568303389
 5100.0      -1.1332349789332
 5200.0      -1.1474192328676
 5300.0      -1.1617086223607
 5400.0      -1.1761022259666
 5500.0      -1.1905991638520
 5600.0      -1.2051986067834
 5700.0      -1.2198998004949
 5800.0      -1.2347020439094
 5900.0      -1.2496046069023
 6000.0      -1.2646068991150
# P= 24.000000 GPa
    0.0      -0.6210721768935
  100.0      -0.6212235002395
  200.0      -0.6223367054706
  300.0      -0.6245853811412
  400.0      -0.6278171829110
  500.0      -0.6318757238649
  600.0      -0.6366360664278
  700.0      -0.6420021581266
  800.0      -0.6478996874995
  900.0      -0.6542701326576
 1000.0      -0.6610665119997
 1100.0      -0.6682504219641
 1200.0      -0.6757899680815
 1300.0      -0.6836582778866
 1400.0      -0.6918324397560
 1500.0      -0.7002927060113
 1600.0      -0.7090218959491
 1700.0      -0.7180049393389
 1800.0      -0.7272285157949
 1900.0      -0.7366807792455
 2000.0      -0.7463511384003
 2100.0      -0.7562300583924
 2200.0      -0.7663089376596
 2300.0      -0.7765799678982
 2400.0      -0.7870360357428
 2500.0      -0.7976706508159
 2600.0      -0.8084778492019
 2700.0      -0.8194521661566
 2800.0      -0.8305885556851
 2900.0      -0.8418823569930
 3000.0      -0.8533292706250
 3100.0      -0.8649252887369
 3200.0      -0.8766667026198
 3300.0      -0.8885500557495
 3400.0      -0.9005721505050
 3500.0      -0.9127299814257
 3600.0      -0.9250207454915
 3700.0      -0.9374418577865
 3800.0      -0.9499908393867
 3900.0      -0.9626654374188
 4000.0      -0.9754634767611
 4100.0      -0.9883829438936
 4200.0      -1.0014219487454
 4300.0      -1.0145786988099
 4400.0      -1.0278514922449
 4500.0      -1.0412387824196
 4600.0      -1.0547390476432
 4700.0      -1.0683509069161
 4800.0      -1.0820730404453
 4900.0      -1.0959041680397
 5000.0      -1.1098431422417
 5100.0      -1.1238888398938
 5200.0      -1.1380402144341
 5300.0      -1.1522962931269
 5400.0      -1.1666561515839
 5500.0      -1.1811189076481
 5600.0      -1.1956837295821
 5700.0      -1.2103498599512
 5800.0      -1.2251165943042
 5900.0      -1.2399832011405
 6000.0      -1.2549490860439
# P= 25.000000 GPa
    0.0      -0.6129060532437
  100.0      -0.6130559772407
  200.0      -0.6141618255245
  300.0      -0.6163987585105
  400.0      -0.6196163682584
  500.0      -0.6236593399554
  600.0      -0.6284032615786
  700.0      -0.6337523402738
  800.0      -0.6396324021359
  900.0      -0.6459850053957
 1000.0      -0.6527632138276
 1100.0      -0.6599286503536
 1200.0      -0.6674494401889
 1300.0      -0.6752987215212
 1400.0      -0.6834535869958
 1500.0      -0.6918942948231
 1600.0      -0.7006036649519
 1700.0      -0.7095666249944
 1800.0      -0.7187698559566
 1900.0      -0.7282015078779
 2000.0      -0.7378509854029
 2100.0      -0.7477087528624
 2200.0      -0.7577662014349
 2300.0      -0.7680155193665
 2400.0      -0.7784495893763
 2500.0      -0.7890619127207
 2600.0      -0.7998465230042
 2700.0      -0.8107979470232
 2800.0      -0.8219111327864
 2900.0      -0.8331814143010
 3000.0      -0.8446044820402
 3100.0      -0.8561763242642
 3200.0      -0.8678932215598
 3300.0      -0.8797517114560
 3400.0      -0.8917485870374
 3500.0      -0.9038808346189
 3600.0      -0.9161456423509
 3700.0      -0.9285404106012
 3800.0      -0.9410626580865
 3900.0      -0.9537101281446
 4000.0      -0.9664806440974
 4100.0      -0.9793721897194
 4200.0      -0.9923828721624
 4300.0      -1.0055108965865
 4400.0      -1.0187545593117
 4500.0      -1.0321123099119
 4600.0      -1.0455826251572
 4700.0      -1.0591641206240
 4800.0      -1.0728554738384
 4900.0      -1.0866554028931
 5000.0      -1.1005627568596
 5100.0      -1.1145764103704
 5200.0      -1.1286953141871
 5300.0      -1.1429184926308
 5400.0      -1.1572450183832
 5500.0      -1.1716740069621
 5600.0      -1.1862046241284
 5700.0      -1.2008361092939
 5800.0      -1.2155677546507
 5900.0      -1.2303988273036
 6000.0      -1.2453287288090
# P= 26.000000 GPa
    0.0      -0.6047585439255
  100.0      -0.6049070870895
  200.0      -0.6060056710016
  300.0      -0.6082310042683
  400.0      -0.6114345910479
  500.0      -0.6154621736930
  600.0      -0.6201898599494
  700.0      -0.6255221183008
  800.0      -0.6313849110967
  900.0      -0.6377198728194
 1000.0      -0.6444801155038
 1100.0      -0.6516272902320
 1200.0      -0.6591295372905
 1300.0      -0.6669600081251
 1400.0      -0.6750958021574
 1500.0      -0.6835171785277
 1600.0      -0.6922069609135
 1700.0      -0.7011500767289
 1800.0      -0.7103332034160
 1900.0      -0.7197444915767
 2000.0      -0.7293733416520
 2100.0      -0.7392102133366
 2200.0      -0.7492464964090
 2300.0      -0.7594743720123
 2400.0      -0.7698867188005
 2500.0      -0.7804770341343
 2600.0      -0.7912393433380
 2700.0      -0.8021681699167
 2800.0      -0.8132584541474
 2900.0      -0.8245055233611
 3000.0      -0.8359050628222
 3100.0      -0.8474530510800
 3200.0      -0.8591457643318
 3300.0      -0.8709797299330
 3400.0      -0.8829517335550
 3500.0      -0.8950587537373
 3600.0      -0.9072979697536
 3700.0      -0.9196667727106
 3800.0      -0.9321626682272
 3900.0      -0.9447833942564
 4000.0      -0.9575267725504
 4100.0      -0.9703907841888
 4200.0      -0.9833735335581
 4300.0      -0.9964732234875
 4400.0      -1.0096881484509
 4500.0      -1.0230167542587
 4600.0      -1.0364575161272
 4700.0      -1.0500090462323
 4800.0      -1.0636700194268
 4900.0      -1.0774391520763
 5000.0      -1.0913152898036
 5100.0      -1.1052973050295
 5200.0      -1.1193841458463
 5300.0      -1.1335748336427
 5400.0      -1.1478684381823
 5500.0      -1.1622640726563
 5600.0      -1.1767609003273
 5700.0      -1.1913581574674
 5800.0      -1.2060551329297
 5900.0      -1.2208510924068
 6000.0      -1.2357454334564
# P= 27.000000 GPa
    0.0      -0.5966294728083
  100.0      -0.5967766535294
  200.0      -0.5978680648596
  300.0      -0.6000819384172
  400.0      -0.6032716657062
  500.0      -0.6072840369455
  600.0      -0.6119956723948
  700.0      -0.6173112980454
  800.0      -0.6231570150312
  900.0      -0.6294745345289
 1000.0      -0.6362170125881
 1100.0      -0.6433461307198
 1200.0      -0.6508300470241
 1300.0      -0.6586419214357
 1400.0      -0.6667588619781
 1500.0      -0.6751611321282
 1600.0      -0.6838315542504
 1700.0      -0.6927550578504
 1800.0      -0.7019183197104
 1900.0      -0.7113094857714
 2000.0      -0.7209179560966
 2100.0      -0.7307341866246
 2200.0      -0.7407495612683
 2300.0      -0.7509562597453
 2400.0      -0.7613471538411
 2500.0      -0.7719157358584
 2600.0      -0.7826560279813
 2700.0      -0.7935625446147
 2800.0      -0.8046302228222
 2900.0      -0.8158543825332
 3000.0      -0.8272307013575
 3100.0      -0.8387551536212
 3200.0      -0.8504240051955
 3300.0      -0.8622337791630
 3400.0      -0.8741812503959
 3500.0      -0.8862633905603
 3600.0      -0.8984773714188
 3700.0      -0.9108205737706
 3800.0      -0.9232904965485
 3900.0      -0.9358848615805
 4000.0      -0.9486014870305
 4100.0      -0.9614383512940
 4200.0      -0.9743935560039
 4300.0      -0.9874653016607
 4400.0      -1.0006518808843
 4500.0      -1.0139517357534
 4600.0      -1.0273633399155
 4700.0      -1.0408853021697
 4800.0      -1.0545162947025
 4900.0      -1.0682550321421
 5000.0      -1.0821003566851
 5100.0      -1.0960511385382
 5200.0      -1.1101063231315
 5300.0      -1.1242649289326
 5400.0      -1.1385260227989
 5500.0      -1.1528887155933
 5600.0      -1.1673521680833
 5700.0      -1.1819156134157
 5800.0      -1.1965783371221
 5900.0      -1.2113396034648
 6000.0      -1.2261988060322
# P= 28.000000 GPa
    0.0      -0.5885186646318
  100.0      -0.5886645009701
  200.0      -0.5897488304091
  300.0      -0.5919513834981
  400.0      -0.5951274128684
  500.0      -0.5991247446541
  600.0      -0.6038205102799
  700.0      -0.6091196900147
  800.0      -0.6149485201289
  900.0      -0.6212487909140
 1000.0      -0.6279737042396
 1100.0      -0.6350849675667
 1200.0      -0.6425507583536
 1300.0      -0.6503442486269
 1400.0      -0.6584425503097
 1500.0      -0.6668259322009
 1600.0      -0.6754772195006
 1700.0      -0.6843813388816
 1800.0      -0.6935249678958
 1900.0      -0.7028962515694
 2000.0      -0.7124845842753
 2100.0      -0.7222804212759
 2200.0      -0.7322751425067
 2300.0      -0.7424609212851
 2400.0      -0.7528306278669
 2500.0      -0.7633777476360
 2600.0      -0.7740962974905
 2700.0      -0.7849807884062
 2800.0      -0.7960261485867
 2900.0      -0.8072276943082
 3000.0      -0.8185810958449
 3100.0      -0.8300823199371
 3200.0      -0.8417276281120
 3300.0      -0.8535135332905
 3400.0      -0.8654368049040
 3500.0      -0.8774944052480
 3600.0      -0.8896834984971
 3700.0      -0.9020014574211
 3800.0      -0.9144457722242
 3900.0      -0.9270141559432
 4000.0      -0.9397044124482
 4100.0      -0.9525145150272
 4200.0      -0.9654425625710
 4300.0      -0.9784867532539
 4400.0      -0.9916453778338
 4500.0      -1.0049168746893
 4600.0      -1.0182997158843
 4700.0      -1.0317925068645
 4800.0      -1.0453939171576
 4900.0      -1.0591026596437
 5000.0      -1.0729175731153
 5100.0      -1.0868375255634
 5200.0      -1.1008614597627
 5300.0      -1.1149883912707
 5400.0      -1.1292173840505
 5500.0      -1.1435475466357
 5600.0      -1.1579780373012
 5700.0      -1.1725080860829
 5800.0      -1.1871369752087
 5900.0      -1.2018639674925
 6000.0      -1.2166884525827
# P= 29.000000 GPa
    0.0      -0.5804259498277
  100.0      -0.5805704592963
  200.0      -0.5816477945060
  300.0      -0.5838391627136
  400.0      -0.5870016544120
  500.0      -0.5909841174625
  600.0      -0.5956641890415
  700.0      -0.6009471051843
  800.0      -0.6067592364904
  900.0      -0.6130424484461
 1000.0      -0.6197499906751
 1100.0      -0.6268435994716
 1200.0      -0.6342914671514
 1300.0      -0.6420667785830
 1400.0      -0.6501466538477
 1500.0      -0.6585113626545
 1600.0      -0.6671437331484
 1700.0      -0.6760286938756
 1800.0      -0.6851529185605
 1900.0      -0.6945045518330
 2000.0      -0.7040729868339
 2100.0      -0.7138486729243
 2200.0      -0.7238229883175
 2300.0      -0.7339881027631
 2400.0      -0.7443368796512
 2500.0      -0.7548628023105
 2600.0      -0.7655598814760
 2700.0      -0.7764226216600
 2800.0      -0.7874459482096
 2900.0      -0.7986251684627
 3000.0      -0.8099559482335
 3100.0      -0.8214342480195
 3200.0      -0.8330563208467
 3300.0      -0.8448186757616
 3400.0      -0.8567180711278
 3500.0      -0.8687514645026
 3600.0      -0.8809160109608
 3700.0      -0.8932090741990
 3800.0      -0.9056281387759
 3900.0      -0.9181709060910
 4000.0      -0.9308351737139
 4100.0      -0.9436188993806
 4200.0      -0.9565201763306
 4300.0      -0.9695372004150
 4400.0      -0.9826682605216
 4500.0      -0.9959117913599
 4600.0      -1.0092662633961
 4700.0      -1.0227302787453
 4800.0      -1.0363025042841
 4900.0      -1.0499816511339
 5000.0      -1.0637665547055
 5100.0      -1.0776560807718
 5200.0      -1.0916491694597
 5300.0      -1.1057448334270
 5400.0      -1.1199421337548
 5500.0      -1.1342401766458
 5600.0      -1.1486381178857
 5700.0      -1.1631351844134
 5800.0      -1.1777306551705
 5900.0      -1.1924237915049
 6000.0      -1.2072139791540
# P= 30.000000 GPa
    0.0      -0.5723511611207
  100.0      -0.5724943611066
  200.0      -0.5735647889188
  300.0      -0.5757451047698
  400.0      -0.5788942138062
  500.0      -0.5828619766491
  600.0      -0.5875265290830
  700.0      -0.5927933594248
  800.0      -0.5985889748036
  900.0      -0.6048553167883
 1000.0      -0.6115456785703
 1100.0      -0.6186218265635
 1200.0      -0.6260519716463
 1300.0      -0.6338093072230
 1400.0      -0.6418709614741
 1500.0      -0.6502172097032
 1600.0      -0.6588308790919
 1700.0      -0.6676968992939
 1800.0      -0.6768019452639
 1900.0      -0.6861341571665
 2000.0      -0.6956829265038
 2100.0      -0.7054387017288
 2200.0      -0.7153928544069
 2300.0      -0.7255375520642
 2400.0      -0.7358656549208
 2500.0      -0.7463706387205
 2600.0      -0.7570465122789
 2700.0      -0.7678877737971
 2800.0      -0.7788893419256
 2900.0      -0.7900465212213
 3000.0      -0.8013549682962
 3100.0      -0.8128106393058
 3200.0      -0.8244097811331
 3300.0      -0.8361488941098
 3400.0      -0.8480247319660
 3500.0      -0.8600342422913
 3600.0      -0.8721745748747
 3700.0      -0.8844430838738
 3800.0      -0.8968372461489
 3900.0      -0.9093547553806
 4000.0      -0.9219933992059
 4100.0      -0.9347511283463
 4200.0      -0.9476260203540
 4300.0      -0.9606162652918
 4400.0      -0.9737201501694
 4500.0      -0.9869361060584
 4600.0      -1.0002626018130
 4700.0      -1.0136982362407
 4800.0      -1.0272416735741
 4900.0      -1.0408916231659
 5000.0      -1.0546469170670
 5100.0      -1.0685064188304
 5200.0      -1.0824690659423
 5300.0      -1.0965338681718
 5400.0      -1.1106998837296
 5500.0      -1.1249662164862
 5600.0      -1.1393320197414
 5700.0      -1.1537965173513
 5800.0      -1.1683589849881
 5900.0      -1.1830186825168
 6000.0      -1.1977749917922
# P= 31.000000 GPa
    0.0      -0.5642941316835
  100.0      -0.5644360393333
  200.0      -0.5654996457928
  300.0      -0.5676690411339
  400.0      -0.5708049205013
  500.0      -0.5747581461447
  600.0      -0.5794073511913
  700.0      -0.5846582727906
  800.0      -0.5904375512976
  900.0      -0.5966872064355
 1000.0      -0.6033605771365
 1100.0      -0.6104194556383
 1200.0      -0.6178320719654
 1300.0      -0.6255716323075
 1400.0      -0.6336152690723
 1500.0      -0.6419432622915
 1600.0      -0.6505384430734
 1700.0      -0.6593857389513
 1800.0      -0.6684718245032
 1900.0      -0.6777848406380
 2000.0      -0.6873141738464
 2100.0      -0.6970502703539
 2200.0      -0.7069845004302
 2300.0      -0.7171090249351
 2400.0      -0.7274167013041
 2500.0      -0.7379010021508
 2600.0      -0.7485559288072
 2700.0      -0.7593759766874
 2800.0      -0.7703560589094
 2900.0      -0.7814914727306
 3000.0      -0.7927778716965
 3100.0      -0.8042112035526
 3200.0      -0.8157877099324
 3300.0      -0.8275038857566
 3400.0      -0.8393564747644
 3500.0      -0.8513424209382
 3600.0      -0.8634588641322
 3700.0      -0.8757031518820
 3800.0      -0.8880727538905
 3900.0      -0.9005653531938
 4000.0      -0.9131787320629
 4100.0      -0.9259108299965
 4200.0      -0.9387597177150
 4300.0      -0.9517235700320
 4400.0      -0.9648006679993
 4500.0      -0.9779894390783
 4600.0      -0.9912883504973
 4700.0      -1.0046959977791
 4800.0      -1.0182110425195
 4900.0      -1.0318321922926
 5000.0      -1.0455582758109
 5100.0      -1.0593881544060
 5200.0      -1.0733207629303
 5300.0      -1.0873551082751
 5400.0      -1.1014902457923
 5500.0      -1.1157252770194
 5600.0      -1.1300593527732
 5700.0      -1.1444916938407
 5800.0      -1.1590215726424
 5900.0      -1.1736482475430
 6000.0      -1.1883710965434
# P= 32.000000 GPa
    0.0      -0.5562546996039
  100.0      -0.5563953315034
  200.0      -0.5574521997950
  300.0      -0.5596108036181
  400.0      -0.5627336053522
  500.0      -0.5666724555076
  600.0      -0.5713064797806
  700.0      -0.5765416656827
  800.0      -0.5823047856266
  900.0      -0.5885379338932
 1000.0      -0.5951944967664
 1100.0      -0.6022362954510
 1200.0      -0.6096315749330
 1300.0      -0.6173535540377
 1400.0      -0.6253793739489
 1500.0      -0.6336893161915
 1600.0      -0.6422662141501
 1700.0      -0.6510949981378
 1800.0      -0.6601623399428
 1900.0      -0.6694563788258
 2000.0      -0.6789665014507
 2100.0      -0.6886831492525
 2200.0      -0.6985976890416
 2300.0      -0.7087022805203
 2400.0      -0.7189897745475
 2500.0      -0.7294536400293
 2600.0      -0.7400878758704
 2700.0      -0.7508869693033
 2800.0      -0.7618458305963
 2900.0      -0.7729597518663
 3000.0      -0.7842243785313
 3100.0      -0.7956356558538
 3200.0      -0.8071898169662
 3300.0      -0.8188833512289
 3400.0      -0.8307129965827
 3500.0      -0.8426756876408
 3600.0      -0.8547685604629
 3700.0      -0.8669889520442
 3800.0      -0.8793343268244
 3900.0      -0.8918023588293
 4000.0      -0.9043908211376
 4100.0      -0.9170976471924
 4200.0      -0.9299208962394
 4300.0      -0.9428587367937
 4400.0      -0.9559094352332
 4500.0      -0.9690714107128
 4600.0      -0.9823431288115
 4700.0      -0.9957231817891
 4800.0      -1.0092102286124
 4900.0      -1.0228029750670
 5000.0      -1.0365002465485
 5100.0      -1.0503009021655
 5200.0      -1.0642038741437
 5300.0      -1.0782081665071
 5400.0      -1.0923128317608
 5500.0      -1.1065169691078
 5600.0      -1.1208197268857
 5700.0      -1.1352203228259
 5800.0      -1.1497180261143
 5900.0      -1.1643120935987
 6000.0      -1.1790018994538
# P= 33.000000 GPa
    0.0      -0.5482327060378
  100.0      -0.5483720786271
  200.0      -0.5494222908935
  300.0      -0.5515702286866
  400.0      -0.5546801001782
  500.0      -0.5586047350154
  600.0      -0.5632237442419
  700.0      -0.5684433629591
  800.0      -0.5741904979028
  900.0      -0.5804073183903
 1000.0      -0.5870472541531
 1100.0      -0.5940721563825
 1200.0      -0.6014502888531
 1300.0      -0.6091548791778
 1400.0      -0.6171630764366
 1500.0      -0.6254551682774
 1600.0      -0.6340139879160
 1700.0      -0.6428244660586
 1800.0      -0.6518732764459
 1900.0      -0.6611485551845
 2000.0      -0.6706396860105
 2100.0      -0.6803371105569
 2200.0      -0.6902321905235
 2300.0      -0.7003170815097
 2400.0      -0.7105846332876
 2500.0      -0.7210283080529
 2600.0      -0.7316421007563
 2700.0      -0.7424204959522
 2800.0      -0.7533583960104
 2900.0      -0.7644510896698
 3000.0      -0.7756942173281
 3100.0      -0.7870837162870
 3200.0      -0.7986158167570
 3300.0      -0.8102870001870
 3400.0      -0.8220939975583
 3500.0      -0.8340337390494
 3600.0      -0.8461033509481
 3700.0      -0.8583001654818
 3800.0      -0.8706216386942
 3900.0      -0.8830654365194
 4000.0      -0.8956293254492
 4100.0      -0.9083112282980
 4200.0      -0.9211091984496
 4300.0      -0.9340213932106
 4400.0      -0.9470460731201
 4500.0      -0.9601816412555
 4600.0      -0.9734265561176
 4700.0      -0.9867794066992
 4800.0      -1.0002388493448
 4900.0      -1.0138035880421
 5000.0      -1.0274724448911
 5100.0      -1.0412442767757
 5200.0      -1.0551180133022
 5300.0      -1.0690926556379
 5400.0      -1.0831672534525
 5500.0      -1.0973409036141
 5600.0      -1.1116127519835
 5700.0      -1.1259820132511
 5800.0      -1.1404479533847
 5900.0      -1.1550098276986
 6000.0      -1.1696670065696
# P= 34.000000 GPa
    0.0      -0.5402279922922
  100.0      -0.5403661218607
  200.0      -0.5414097597260
  300.0      -0.5435471562893
  400.0      -0.5466442423983
  500.0      -0.5505548167441
  600.0      -0.5551589743472
  700.0      -0.5603631937180
  800.0      -0.5660945133661
  900.0      -0.5722951798426
 1000.0      -0.5789186680914
 1100.0      -0.5859268552179
 1200.0      -0.5932880241804
 1300.0      -0.6009754155964
 1400.0      -0.6089661831643
 1500.0      -0.6172406190537
 1600.0      -0.6257815608408
 1700.0      -0.6345739380734
 1800.0      -0.6436044233888
 1900.0      -0.6528611541811
 2000.0      -0.6623335107177
 2100.0      -0.6720119310992
 2200.0      -0.6818877765783
 2300.0      -0.6919531979586
 2400.0      -0.7022010402858
 2500.0      -0.7126247643618
 2600.0      -0.7232183590545
 2700.0      -0.7339763038407
 2800.0      -0.7448934989388
 2900.0      -0.7559652251958
 3000.0      -0.7671871187795
 3100.0      -0.7785551129867
 3200.0      -0.7900654293862
 3300.0      -0.8017145465882
 3400.0      -0.8134991872563
 3500.0      -0.8254162749610
 3600.0      -0.8374629317852
 3700.0      -0.8496364791855
 3800.0      -0.8619343700059
 3900.0      -0.8743542599190
 4000.0      -0.8868939086663
 4100.0      -0.8995512320164
 4200.0      -0.9123242722658
 4300.0      -0.9252111814083
 4400.0      -0.9382102091493
 4500.0      -0.9513197510559
 4600.0      -0.9645382517782
 4700.0      -0.9778642909379
 4800.0      -0.9912965222088
 4900.0      -1.0048336477710
 5000.0      -1.0184744864499
 5100.0      -1.0322178929036
 5200.0      -1.0460627941257
 5300.0      -1.0600081884377
 5400.0      -1.0740531226853
 5500.0      -1.0881966914006
 5600.0      -1.1024380379715
 5700.0      -1.1167763740604
 5800.0      -1.1312109624342
 5900.0      -1.1457410568576
 6000.0      -1.1603660239369
# P= 35.000000 GPa
    0.0      -0.5322404031672
  100.0      -0.5323773054698
  200.0      -0.5334144481774
  300.0      -0.5355414265276
  400.0      -0.5386258714486
  500.0      -0.5425225384643
  600.0      -0.5471120025595
  700.0      -0.5523009873098
  800.0      -0.5580166607595
  900.0      -0.5642013437981
 1000.0      -0.5708085583893
 1100.0      -0.5778002103188
 1200.0      -0.5851445976942
 1300.0      -0.5928149738881
 1400.0      -0.6007885015871
 1500.0      -0.6090454749508
 1600.0      -0.6175687336259
 1700.0      -0.6263432102788
 1800.0      -0.6353555758471
 1900.0      -0.6445939653740
 2000.0      -0.6540477596783
 2100.0      -0.6637073937621
 2200.0      -0.6735642241894
 2300.0      -0.6836104011720
 2400.0      -0.6938387653192
 2500.0      -0.7042427718152
 2600.0      -0.7148164084297
 2700.0      -0.7255541483901
 2800.0      -0.7364508865566
 2900.0      -0.7475019017009
 3000.0      -0.7587028219410
 3100.0      -0.7700495763455
 3200.0      -0.7815383825544
 3300.0      -0.7931657105332
 3400.0      -0.8049282790821
 3500.0      -0.8168230048049
 3600.0      -0.8288470024837
 3700.0      -0.8409975888589
 3800.0      -0.8532722076795
 3900.0      -0.8656685089178
 4000.0      -0.8781842443375
 4100.0      -0.8908173214860
 4200.0      -0.9035657760329
 4300.0      -0.9164277489104
 4400.0      -0.9294014849974
 4500.0      -0.9424853674995
 4600.0      -0.9556778352570
 4700.0      -0.9689774529337
 4800.0      -0.9823828646964
 4900.0      -0.9958927708065
 5000.0      -1.0095059868363
 5100.0      -1.0232213652161
 5200.0      -1.0370378303341
 5300.0      -1.0509543776766
 5400.0      -1.0649700512767
 5500.0      -1.0790839433300
 5600.0      -1.0932951947543
 5700.0      -1.1076030141981
 5800.0      -1.1220066612439
 5900.0      -1.1365053880906
 6000.0      -1.1510985576017
# P= 36.000000 GPa
    0.0      -0.5242697877082
  100.0      -0.5244054782905
  200.0      -0.5254362035482
  300.0      -0.5275528827102
  400.0      -0.5306248271231
  500.0      -0.5345077390707
  600.0      -0.5390826666559
  700.0      -0.5442565766115
  800.0      -0.5499567690941
  900.0      -0.5561256386125
 1000.0      -0.5627167508210
 1100.0      -0.5696920414747
 1200.0      -0.5770198273308
 1300.0      -0.5846733707423
 1400.0      -0.5926298424857
 1500.0      -0.6008695430376
 1600.0      -0.6093753124494
 1700.0      -0.6181320835855
 1800.0      -0.6271265295824
 1900.0      -0.6363467835124
 2000.0      -0.6457822226327
 2100.0      -0.6554232823312
 2200.0      -0.6652613158894
 2300.0      -0.6752884682866
 2400.0      -0.6854975793325
 2500.0      -0.6958820998659
 2600.0      -0.7064360118558
 2700.0      -0.7171537868178
 2800.0      -0.7280303140610
 2900.0      -0.7390608663709
 3000.0      -0.7502410695378
 3100.0      -0.7615668453827
 3200.0      -0.7730344064072
 3300.0      -0.7846402192513
 3400.0      -0.7963809931635
 3500.0      -0.8082536414552
 3600.0      -0.8202552722886
 3700.0      -0.8323831937794
 3800.0      -0.8446348468903
 3900.0      -0.8570078703777
 4000.0      -0.8695000117422
 4100.0      -0.8821091701249
 4200.0      -0.8948333723982
 4300.0      -0.9076707536565
 4400.0      -0.9206195478352
 4500.0      -0.9336781317670
 4600.0      -0.9468449338706
 4700.0      -0.9601185112819
 4800.0      -0.9734974942996
 4900.0      -0.9869805737017
 5000.0      -1.0005665616613
 5100.0      -1.0142543083799
 5200.0      -1.0280427356472
 5300.0      -1.0419308361247
 5400.0      -1.0559176510443
 5500.0      -1.0700022702646
 5600.0      -1.0841838322366
 5700.0      -1.0984615426083
 5800.0      -1.1128346577945
 5900.0      -1.1273024284126
 6000.0      -1.1418642136104
# P= 37.000000 GPa
    0.0      -0.5163159952171
  100.0      -0.5164504895244
  200.0      -0.5174748746085
  300.0      -0.5195813726944
  400.0      -0.5226409538066
  500.0      -0.5265102582851
  600.0      -0.5310708050369
  700.0      -0.5362297992351
  800.0      -0.5419146716441
  900.0      -0.5480678930376
 1000.0      -0.5546430733394
 1100.0      -0.5616021745943
 1200.0      -0.5689135329492
 1300.0      -0.5765504236835
 1400.0      -0.5844900223899
 1500.0      -0.5927126343102
 1600.0      -0.6012011040269
 1700.0      -0.6099403638739
 1800.0      -0.6189170857137
 1900.0      -0.6281194040654
 2000.0      -0.6375366939677
 2100.0      -0.6471593867174
 2200.0      -0.6569788351887
 2300.0      -0.6669871814497
 2400.0      -0.6771772596078
 2500.0      -0.6875425191403
 2600.0      -0.6980769384203
 2700.0      -0.7087749822195
 2800.0      -0.7196315382542
 2900.0      -0.7306418741265
 3000.0      -0.7418016087988
 3100.0      -0.7531066622989
 3200.0      -0.7645532398822
 3300.0      -0.7761378026988
 3400.0      -0.7878570562258
 3500.0      -0.7997079050671
 3600.0      -0.8116874535714
 3700.0      -0.8237930029533
 3800.0      -0.8360219867359
 3900.0      -0.8483720389175
 4000.0      -0.8608408976905
 4100.0      -0.8734264566149
 4200.0      -0.8861267346193
 4300.0      -0.8989398578481
 4400.0      -0.9118640551513
 4500.0      -0.9248976907148
 4600.0      -0.9380391882624
 4700.0      -0.9512870932571
 4800.0      -0.9646400287654
 4900.0      -0.9780966730097
 5000.0      -0.9916558265363
 5100.0      -1.0053163370620
 5200.0      -1.0190771237848
 5300.0      -1.0329371765521
 5400.0      -1.0468955338059
 5500.0      -1.0609512830670
 5600.0      -1.0751035603232
 5700.0      -1.0893515682352
 5800.0      -1.1036945600668
 5900.0      -1.1181317848384
 6000.0      -1.1326625980090
# P= 38.000000 GPa
    0.0      -0.5083788765905
  100.0      -0.5085121896736
  200.0      -0.5095303104459
  300.0      -0.5116267446829
  400.0      -0.5146740990771
  500.0      -0.5185299411373
  600.0      -0.5230762575404
  700.0      -0.5282204931310
  800.0      -0.5338902057622
  900.0      -0.5400279407047
 1000.0      -0.5465873545172
 1100.0      -0.5535304372254
 1200.0      -0.5608255404949
 1300.0      -0.5684459527121
 1400.0      -0.5763688584322
 1500.0      -0.5845745650805
 1600.0      -0.5930459195844
 1700.0      -0.6017678575445
 1800.0      -0.6107270497860
 1900.0      -0.6199116283480
 2000.0      -0.6293109689077
 2100.0      -0.6389155009152
 2200.0      -0.6487165721470
 2300.0      -0.6587063239470
 2400.0      -0.6688775878774
 2500.0      -0.6792238070482
 2600.0      -0.6897389584782
 2700.0      -0.7004175032814
 2800.0      -0.7112543223523
 2900.0      -0.7222446813923
 3000.0      -0.7333841943204
 3100.0      -0.7446687743904
 3200.0      -0.7560946246709
 3300.0      -0.7676581996777
 3400.0      -0.7793561980936
 3500.0      -0.7911855218370
 3600.0      -0.8031432665076
 3700.0      -0.8152267282847
 3800.0      -0.8274333359299
 3900.0      -0.8397607134996
 4000.0      -0.8522065962237
 4100.0      -0.8647688677140
 4200.0      -0.8774455407986
 4300.0      -0.8902347345453
 4400.0      -0.9031346687513
 4500.0      -0.9161437013360
 4600.0      -0.9292602450088
 4700.0      -0.9424828389310
 4800.0      -0.9558100953477
 4900.0      -0.9692406856534
 5000.0      -0.9827733970725
 5100.0      -0.9964070659292
 5200.0      -1.0101406084668
 5300.0      -1.0239730117290
 5400.0      -1.0379033113791
 5500.0      -1.0519305925997
 5600.0      -1.0660539889187
 5700.0      -1.0802727000230
 5800.0      -1.0945859760418
 5900.0      -1.1089930643829
 6000.0      -1.1234933168436
# P= 39.000000 GPa
    0.0      -0.5004582878438
  100.0      -0.5005904344035
  200.0      -0.5016023644450
  300.0      -0.5036888482807
  400.0      -0.5067241106135
  500.0      -0.5105666347536
  600.0      -0.5150988695137
  700.0      -0.5202284983929
  800.0      -0.5258832089997
  900.0      -0.5320056186515
 1000.0      -0.5385494282863
 1100.0      -0.5454766578414
 1200.0      -0.5527556771154
 1300.0      -0.5603597837226
 1400.0      -0.5682661708055
 1500.0      -0.5764551521150
 1600.0      -0.5849095751672
 1700.0      -0.5936143760539
 1800.0      -0.6025562279283
 1900.0      -0.6117232615386
 2000.0      -0.6211048489393
 2100.0      -0.6306914199578
 2200.0      -0.6404743203424
 2300.0      -0.6504456859542
 2400.0      -0.6605983472578
 2500.0      -0.6709257448817
 2600.0      -0.6814218495390
 2700.0      -0.6920811201384
 2800.0      -0.7028984346084
 2900.0      -0.7138690514935
 3000.0      -0.7249885821918
 3100.0      -0.7362529358865
 3200.0      -0.7476583081526
 3300.0      -0.7592011513946
 3400.0      -0.7708781573752
 3500.0      -0.7826862215088
 3600.0      -0.7946224367477
 3700.0      -0.8066840899540
 3800.0      -0.8188686059497
 3900.0      -0.8311736024938
 4000.0      -0.8435968062071
 4100.0      -0.8561360968712
 4200.0      -0.8687894776353
 4300.0      -0.8815550612970
 4400.0      -0.8944310614544
 4500.0      -0.9074158250935
 4600.0      -0.9205077605671
 4700.0      -0.9337053946273
 4800.0      -0.9470073335167
 4900.0      -0.9604122388809
 5000.0      -0.9739188893969
 5100.0      -0.9875261096484
 5200.0      -1.0012328034131
 5300.0      -1.0150379544255
 5400.0      -1.0289405955815
 5500.0      -1.0429398097252
 5600.0      -1.0570347279278
 5700.0      -1.0712245469158
 5800.0      -1.0855085137001
 5900.0      -1.0998858740611
 6000.0      -1.1143559761605
# P= 40.000000 GPa
    0.0      -0.4925540860171
  100.0      -0.4926850806608
  200.0      -0.4936908930791
  300.0      -0.4957675382916
  400.0      -0.4987908388348
  500.0      -0.5026201864427
  600.0      -0.5071384876237
  700.0      -0.5122536604448
  800.0      -0.5178935217760
  900.0      -0.5240007640872
 1000.0      -0.5305291313370
 1100.0      -0.5374406706064
 1200.0      -0.5447037712678
 1300.0      -0.5522917434684
 1400.0      -0.5601817852804
 1500.0      -0.5683542158327
 1600.0      -0.5767918872078
 1700.0      -0.5854797351407
 1800.0      -0.5944044318158
 1900.0      -0.6035541095441
 2000.0      -0.6129181388500
 2100.0      -0.6224869454677
 2200.0      -0.6322518746749
 2300.0      -0.6422050606147
 2400.0      -0.6523393279976
 2500.0      -0.6626481156489
 2600.0      -0.6731253924358
 2700.0      -0.6837656103626
 2800.0      -0.6945636449942
 2900.0      -0.7055147522237
 3000.0      -0.7166145358268
 3100.0      -0.7278589025870
 3200.0      -0.7392440441504
 3300.0      -0.7507664053192
 3400.0      -0.7624226748232
 3500.0      -0.7742097424416
 3600.0      -0.7861246939977
 3700.0      -0.7981648130564
 3800.0      -0.8103275169588
 3900.0      -0.8226104169953
 4000.0      -0.8350112356198
 4100.0      -0.8475278428867
 4200.0      -0.8601582379788
 4300.0      -0.8729005247298
 4400.0      -0.8857529102883
 4500.0      -0.8987137345148
 4600.0      -0.9117813961109
 4700.0      -0.9249544162333
 4800.0      -0.9382313893669
 4900.0      -0.9516109715378
 5000.0      -0.9650919307592
 5100.0      -0.9786730835821
 5200.0      -0.9923533223434
 5300.0      -1.0061316174118
 5400.0      -1.0200069982309
 5500.0      -1.0339785453060
 5600.0      -1.0480453872553
 5700.0      -1.0622067178580
 5800.0      -1.0764617810228
 5900.0      -1.0908098208877
 6000.0      -1.1052501820056
