# T (K)     Gibbs free energy (Ry.)
    0.0      -0.8231615740899
    0.0      -0.8233531470711
    0.0      -0.8246762242052
    0.0      -0.8272578030521
    0.0      -0.8308899239989
    0.0      -0.8353861492208
    0.0      -0.8406072694177
    0.0      -0.8464503176821
    0.0      -0.8528374223053
    0.0      -0.8597081089026
    0.0      -0.8670142682069
    0.0      -0.8747168299426
    0.0      -0.8827835170343
    0.0      -0.8911872272592
    0.0      -0.8999049266637
    0.0      -0.9089168199775
    0.0      -0.9182057252454
    0.0      -0.9277566011970
    0.0      -0.9375561808963
    0.0      -0.9475926862689
    0.0      -0.9578556120666
    0.0      -0.9683355079080
    0.0      -0.9790238725745
    0.0      -0.9899129980572
    0.0      -1.0009958705063
    0.0      -1.0122661066162
    0.0      -1.0237178375018
    0.0      -1.0353457080742
    0.0      -1.0471447683979
    0.0      -1.0591104546015
    0.0      -1.0712385710250
    0.0      -1.0835251923351
    0.0      -1.0959666984001
    0.0      -1.1085597097029
    0.0      -1.1213011316520
    0.0      -1.1341880220424
    0.0      -1.1472176408087
    0.0      -1.1603874872061
    0.0      -1.1736950995079
    0.0      -1.1871383273726
    0.0      -1.2007150284029
    0.0      -1.2144232575189
    0.0      -1.2282611950567
    0.0      -1.2422271051750
    0.0      -1.2563193272535
    0.0      -1.2705364162060
    0.0      -1.2848768821439
    0.0      -1.2993394339165
    0.0      -1.3139228183299
    0.0      -1.3286257926767
    0.0      -1.3434473000314
    0.0      -1.3583862693905
    0.0      -1.3734417206331
    0.0      -1.3886127550563
    0.0      -1.4038985224403
    0.0      -1.4192981957019
    0.0      -1.4348110039762
    0.0      -1.4504362700260
    0.0      -1.4661733755731
    0.0      -1.4820216164707
    0.0      -1.4979805044125
    1.0      -0.8144866908448
    1.0      -0.8146762865904
    1.0      -0.8159891213561
    1.0      -0.8185545330435
    1.0      -0.8221672883869
    1.0      -0.8266423977961
    1.0      -0.8318413198690
    1.0      -0.8376614033494
    1.0      -0.8440249368766
    1.0      -0.8508715284806
    1.0      -0.8581531189220
    1.0      -0.8658306601949
    1.0      -0.8738718901034
    1.0      -0.8822497202098
    1.0      -0.8909411256516
    1.0      -0.8999263170874
    1.0      -0.9091881164179
    1.0      -0.9187114848118
    1.0      -0.9284831567704
    1.0      -0.9384913548699
    1.0      -0.9487255735551
    1.0      -0.9591763623112
    1.0      -0.9698352187443
    1.0      -0.9806944336511
    1.0      -0.9917469919527
    1.0      -1.0029865084514
    1.0      -1.0144071129902
    1.0      -1.0260034481632
    1.0      -1.0377705622620
    1.0      -1.0497038894532
    1.0      -1.0617992314133
    1.0      -1.0740526611632
    1.0      -1.0864605562045
    1.0      -1.0990195350937
    1.0      -1.1117264996489
    1.0      -1.1245785058554
    1.0      -1.1375728115142
    1.0      -1.1507069121135
    1.0      -1.1639783455503
    1.0      -1.1773849567296
    1.0      -1.1909246020871
    1.0      -1.2045953335487
    1.0      -1.2183953283651
    1.0      -1.2323228483103
    1.0      -1.2463762311711
    1.0      -1.2605540271997
    1.0      -1.2748547454021
    1.0      -1.2892770905685
    1.0      -1.3038198066445
    1.0      -1.3184816495164
    1.0      -1.3332615581945
    1.0      -1.3481584595449
    1.0      -1.3631713705907
    1.0      -1.3782993894104
    1.0      -1.3935416625401
    1.0      -1.4088973606389
    1.0      -1.4243657102749
    1.0      -1.4399460306906
    1.0      -1.4556376997896
    1.0      -1.4714400125446
    1.0      -1.4873524758443
    2.0      -0.8058357624336
    2.0      -0.8060234110922
    2.0      -0.8073261535782
    2.0      -0.8098756292059
    2.0      -0.8134692907848
    2.0      -0.8179235732765
    2.0      -0.8231005998266
    2.0      -0.8288980313981
    2.0      -0.8352383128612
    2.0      -0.8420611391983
    2.0      -0.8493184960566
    2.0      -0.8569713651361
    2.0      -0.8649874946629
    2.0      -0.8733398035432
    2.0      -0.8820052758164
    2.0      -0.8909641280300
    2.0      -0.9001991859131
    2.0      -0.9096954130524
    2.0      -0.9194395453707
    2.0      -0.9294198060832
    2.0      -0.9396256893256
    2.0      -0.9500477444386
    2.0      -0.9606774678562
    2.0      -0.9715071491809
    2.0      -0.9825297721017
    2.0      -0.9937389495359
    2.0      -1.0051288100486
    2.0      -1.0166939939278
    2.0      -1.0284295476919
    2.0      -1.0403309035478
    2.0      -1.0523938605215
    2.0      -1.0646144899831
    2.0      -1.0769891670737
    2.0      -1.0895145084209
    2.0      -1.1021874122804
    2.0      -1.1150049328216
    2.0      -1.1279643257127
    2.0      -1.1410630827024
    2.0      -1.1542987412800
    2.0      -1.1676691416410
    2.0      -1.1811721390361
    2.0      -1.1948057824101
    2.0      -1.2085682459418
    2.0      -1.2224577890225
    2.0      -1.2364727478340
    2.0      -1.2506116680073
    2.0      -1.2648730574211
    2.0      -1.2792556168371
    2.0      -1.2937580873453
    2.0      -1.3083792234141
    2.0      -1.3231179600144
    2.0      -1.3379732218767
    2.0      -1.3529440231779
    2.0      -1.3680294587897
    2.0      -1.3832286720163
    2.0      -1.3985408312557
    2.0      -1.4139651605132
    2.0      -1.4295009755241
    2.0      -1.4451476503988
    2.0      -1.4609044792015
    2.0      -1.4767709640513
    3.0      -0.7972085132167
    3.0      -0.7973942445982
    3.0      -0.7986870433391
    3.0      -0.8012208088570
    3.0      -0.8047956400808
    3.0      -0.8092293809627
    3.0      -0.8143848069829
    3.0      -0.8201598914559
    3.0      -0.8264772355969
    3.0      -0.8332766166303
    3.0      -0.8405100703789
    3.0      -0.8481386033247
    3.0      -0.8561299808787
    3.0      -0.8644571262952
    3.0      -0.8730970252938
    3.0      -0.8820299000474
    3.0      -0.8912385800839
    3.0      -0.9007080313861
    3.0      -0.9104249912810
    3.0      -0.9203776836104
    3.0      -0.9305556021983
    3.0      -0.9409492962292
    3.0      -0.9515502609676
    3.0      -0.9623507848218
    3.0      -0.9733438502452
    3.0      -0.9845230682774
    3.0      -0.9958825661988
    3.0      -1.0074169820024
    3.0      -1.0191213604329
    3.0      -1.0309911317394
    3.0      -1.0430220923112
    3.0      -1.0552103118612
    3.0      -1.0675521631772
    3.0      -1.0800442609548
    3.0      -1.0926834999154
    3.0      -1.1054669324063
    3.0      -1.1183918119631
    3.0      -1.1314556266234
    3.0      -1.1446559134363
    3.0      -1.1579905079331
    3.0      -1.1714572641606
    3.0      -1.1850542280952
    3.0      -1.1987795708579
    3.0      -1.2126315494592
    3.0      -1.2266084984642
    3.0      -1.2407089589219
    3.0      -1.2549314375633
    3.0      -1.2692746311500
    3.0      -1.2837372779249
    3.0      -1.2983181309222
    3.0      -1.3130161211014
    3.0      -1.3278301710529
    3.0      -1.3427592921147
    3.0      -1.3578025759633
    3.0      -1.3729591626865
    3.0      -1.3882282184157
    3.0      -1.4036089645957
    3.0      -1.4191007134724
    3.0      -1.4347028353813
    3.0      -1.4504146234546
    3.0      -1.4662355750791
    4.0      -0.7886046740335
    4.0      -0.7887885169515
    4.0      -0.7900715159544
    4.0      -0.7925897938746
    4.0      -0.7961460543052
    4.0      -0.8005595297898
    4.0      -0.8056936459207
    4.0      -0.8114466814017
    4.0      -0.8177413941101
    4.0      -0.8245176458165
    4.0      -0.8317275171827
    4.0      -0.8393320450086
    4.0      -0.8472990074114
    4.0      -0.8556013378481
    4.0      -0.8642160222193
    4.0      -0.8731232803816
    4.0      -0.8823059452833
    4.0      -0.8917489852801
    4.0      -0.9014391390852
    4.0      -0.9113646311532
    4.0      -0.9215149549936
    4.0      -0.9318806596219
    4.0      -0.9424532391361
    4.0      -0.9532249807488
    4.0      -0.9641888656751
    4.0      -0.9753385030834
    4.0      -0.9866680189624
    4.0      -0.9981720490213
    4.0      -1.0098456362302
    4.0      -1.0216842088826
    4.0      -1.0336835607437
    4.0      -1.0458397598642
    4.0      -1.0581491766845
    4.0      -1.0706084239660
    4.0      -1.0832143929227
    4.0      -1.0959641340746
    4.0      -1.1088548988247
    4.0      -1.1218841715269
    4.0      -1.1350494887592
    4.0      -1.1483486814324
    4.0      -1.1617796023709
    4.0      -1.1753402945964
    4.0      -1.1890289261849
    4.0      -1.2028437517686
    4.0      -1.2167831042836
    4.0      -1.2308455202371
    4.0      -1.2450295051910
    4.0      -1.2593337519362
    4.0      -1.2737569958750
    4.0      -1.2882979885942
    4.0      -1.3029556570672
    4.0      -1.3177289217405
    4.0      -1.3326167911213
    4.0      -1.3476183537022
    4.0      -1.3627327463679
    4.0      -1.3779591329809
    4.0      -1.3932967324269
    4.0      -1.4087448534789
    4.0      -1.4243028627181
    4.0      -1.4399700523208
    4.0      -1.4557459149740
    5.0      -0.7800239817946
    5.0      -0.7802059647276
    5.0      -0.7814793055036
    5.0      -0.7839823113591
    5.0      -0.7875202545786
    5.0      -0.7919137377563
    5.0      -0.7970268256910
    5.0      -0.8027581050917
    5.0      -0.8090304863706
    5.0      -0.8157839152712
    5.0      -0.8229705211227
    5.0      -0.8305513652556
    5.0      -0.8384942439418
    5.0      -0.8467720969675
    5.0      -0.8553619152368
    5.0      -0.8642439162745
    5.0      -0.8734009278643
    5.0      -0.8828179202018
    5.0      -0.8924816333671
    5.0      -0.9023802924133
    5.0      -0.9125033905317
    5.0      -0.9228414765558
    5.0      -0.9333860434189
    5.0      -0.9441293771372
    5.0      -0.9550644576835
    5.0      -0.9661848923613
    5.0      -0.9774848058613
    5.0      -0.9889588316188
    5.0      -1.0006020108293
    5.0      -1.0124097698316
    5.0      -1.0243778997806
    5.0      -1.0365024670586
    5.0      -1.0487798397651
    5.0      -1.0612066287248
    5.0      -1.0737797216715
    5.0      -1.0864961672920
    5.0      -1.0993532148566
    5.0      -1.1123483450637
    5.0      -1.1254790939883
    5.0      -1.1387432879649
    5.0      -1.1521387785777
    5.0      -1.1656636059054
    5.0      -1.1793159349938
    5.0      -1.1930940180980
    5.0      -1.2069961865146
    5.0      -1.2210209722460
    5.0      -1.2351668796667
    5.0      -1.2494325976237
    5.0      -1.2638168586882
    5.0      -1.2783184129831
    5.0      -1.2929361835232
    5.0      -1.3076690886076
    5.0      -1.3225161339173
    5.0      -1.3374764047757
    5.0      -1.3525490348782
    5.0      -1.3677331858139
    5.0      -1.3830280739124
    5.0      -1.3984330044890
    5.0      -1.4139473403897
    5.0      -1.4295703728142
    5.0      -1.4453015897826
    6.0      -0.7714661762792
    6.0      -0.7716463269715
    6.0      -0.7729101485260
    6.0      -0.7753980957803
    6.0      -0.7789179690720
    6.0      -0.7832917254217
    6.0      -0.7883840639368
    6.0      -0.7940938717045
    6.0      -0.8003442155359
    6.0      -0.8070751229716
    6.0      -0.8142387702857
    6.0      -0.8217962482675
    6.0      -0.8297153653522
    6.0      -0.8379690727348
    6.0      -0.8465343632103
    6.0      -0.8553914556768
    6.0      -0.8645231741799
    6.0      -0.8739144816185
    6.0      -0.8835521187104
    6.0      -0.8934243110924
    6.0      -0.9035205516327
    6.0      -0.9138313889697
    6.0      -0.9243483148736
    6.0      -0.9350636141620
    6.0      -0.9459702655623
    6.0      -0.9570618745187
    6.0      -0.9683325644173
    6.0      -0.9797769664295
    6.0      -0.9913901199753
    6.0      -1.0031674494409
    6.0      -1.0151047433833
    6.0      -1.0271980665108
    6.0      -1.0394437845886
    6.0      -1.0518385065016
    6.0      -1.0643791165306
    6.0      -1.0770626615233
    6.0      -1.0898863886181
    6.0      -1.1028477748841
    6.0      -1.1159443558634
    6.0      -1.1291739533571
    6.0      -1.1425344176912
    6.0      -1.1560237860148
    6.0      -1.1696402203562
    6.0      -1.1833819705957
    6.0      -1.1972473663787
    6.0      -1.2112349352422
    6.0      -1.2253431803525
    6.0      -1.2395707866414
    6.0      -1.2539164838558
    6.0      -1.2683790206417
    6.0      -1.2829573160804
    6.0      -1.2976502863188
    6.0      -1.3124569342225
    6.0      -1.3273763419546
    6.0      -1.3424076400354
    6.0      -1.3575499877772
    6.0      -1.3728025989556
    6.0      -1.3881647754452
    6.0      -1.4036358763767
    6.0      -1.4192151919487
    6.0      -1.4349022055500
    7.0      -0.7629310055436
    7.0      -0.7631093510917
    7.0      -0.7643637882253
    7.0      -0.7668368838668
    7.0      -0.7703389315940
    7.0      -0.7746932214872
    7.0      -0.7797650808386
    7.0      -0.7854536983840
    7.0      -0.7916822909027
    7.0      -0.7983909714177
    7.0      -0.8055319625771
    7.0      -0.8130663817813
    7.0      -0.8209620553346
    7.0      -0.8291919398737
    7.0      -0.8377330346004
    7.0      -0.8465655575374
    7.0      -0.8556723315350
    7.0      -0.8650383149975
    7.0      -0.8746502396990
    7.0      -0.8844963308922
    7.0      -0.8945660811171
    7.0      -0.9048500388027
    7.0      -0.9153396945574
    7.0      -0.9260273319985
    7.0      -0.9369059286034
    7.0      -0.9479690879632
    7.0      -0.9592109321519
    7.0      -0.9706260900876
    7.0      -0.9822095994135
    7.0      -0.9939568825648
    7.0      -1.0058637255132
    7.0      -1.0179261912875
    7.0      -1.0301406433244
    7.0      -1.0425036885669
    7.0      -1.0550122078689
    7.0      -1.0676632462339
    7.0      -1.0804540486681
    7.0      -1.0933820886387
    7.0      -1.1064449011244
    7.0      -1.1196403034352
    7.0      -1.1329661446220
    7.0      -1.1464204589164
    7.0      -1.1600014053431
    7.0      -1.1737072314094
    7.0      -1.1875362650982
    7.0      -1.2014870295188
    7.0      -1.2155580266107
    7.0      -1.2297479374177
    7.0      -1.2440554888702
    7.0      -1.2584794281230
    7.0      -1.2730186703499
    7.0      -1.2876721295421
    7.0      -1.3024388057567
    7.0      -1.3173177780089
    7.0      -1.3323081736572
    7.0      -1.3474091497337
    7.0      -1.3626199174620
    7.0      -1.3779397752928
    7.0      -1.3933680786610
    7.0      -1.4089041167408
    7.0      -1.4245473683237
    8.0      -0.7544182196340
    8.0      -0.7545947868192
    8.0      -0.7558399731642
    8.0      -0.7582984207217
    8.0      -0.7617828793405
    8.0      -0.7661179589614
    8.0      -0.7711696053039
    8.0      -0.7768373050741
    8.0      -0.7830444290419
    8.0      -0.7897311700043
    8.0      -0.7968497998875
    8.0      -0.8043614635529
    8.0      -0.8122340013518
    8.0      -0.8204403815230
    8.0      -0.8289576039907
    8.0      -0.8377658896838
    8.0      -0.8468480589417
    8.0      -0.8561890670467
    8.0      -0.8657756409167
    8.0      -0.8755959955144
    8.0      -0.8856396218049
    8.0      -0.8958970679938
    8.0      -0.9063598235277
    8.0      -0.9170201708217
    8.0      -0.9278710860987
    8.0      -0.9389061711022
    8.0      -0.9501195465871
    8.0      -0.9615058392275
    8.0      -0.9730600848892
    8.0      -0.9847777040578
    8.0      -0.9966544801317
    8.0      -1.0086864744551
    8.0      -1.0208700481420
    8.0      -1.0332018061911
    8.0      -1.0456786260556
    8.0      -1.0582975508891
    8.0      -1.0710558235659
    8.0      -1.0839509139780
    8.0      -1.0969803565107
    8.0      -1.1101419640257
    8.0      -1.1234335842806
    8.0      -1.1368532486027
    8.0      -1.1503991130259
    8.0      -1.1640694226867
    8.0      -1.1778625038947
    8.0      -1.1917768753695
    8.0      -1.2058110378037
    8.0      -1.2199636683811
    8.0      -1.2342334912234
    8.0      -1.2486192519800
    8.0      -1.2631198619431
    8.0      -1.2777342329449
    8.0      -1.2924613622402
    8.0      -1.3073003257091
    8.0      -1.3222502475608
    8.0      -1.3373102825448
    8.0      -1.3524796393363
    8.0      -1.3677576129755
    8.0      -1.3831435552224
    8.0      -1.3986367542048
    8.0      -1.4142366841485
    9.0      -0.7459275748528
    9.0      -0.7461023895618
    9.0      -0.7473384545531
    9.0      -0.7497824541845
    9.0      -0.7532495577008
    9.0      -0.7575656754904
    9.0      -0.7625973696061
    9.0      -0.7682444206747
    9.0      -0.7744303497767
    9.0      -0.7810954346925
    9.0      -0.7881919916816
    9.0      -0.7956811949162
    9.0      -0.8035309009304
    9.0      -0.8117140849370
    9.0      -0.8202077539333
    9.0      -0.8289921265694
    9.0      -0.8380500235907
    9.0      -0.8473663968132
    9.0      -0.8569279685257
    9.0      -0.8667229486607
    9.0      -0.8767408165165
    9.0      -0.8869721184819
    9.0      -0.8974083428420
    9.0      -0.9080417708068
    9.0      -0.9188653773404
    9.0      -0.9298727623433
    9.0      -0.9410580452446
    9.0      -0.9524158504837
    9.0      -0.9639412121477
    9.0      -0.9756295487741
    9.0      -0.9874766412004
    9.0      -0.9994785490802
    9.0      -1.0116316312110
    9.0      -1.0239324906447
    9.0      -1.0363780014594
    9.0      -1.0489652049539
    9.0      -1.0616913418706
    9.0      -1.0745538785528
    9.0      -1.0875503487623
    9.0      -1.1006785609548
    9.0      -1.1139363615776
    9.0      -1.1273217790656
    9.0      -1.1408329664757
    9.0      -1.1544681665756
    9.0      -1.1682257039902
    9.0      -1.1821040930874
    9.0      -1.1961018332935
    9.0      -1.2102175979601
    9.0      -1.2244501084073
    9.0      -1.2387981087656
    9.0      -1.2532605064715
    9.0      -1.2678362111932
    9.0      -1.2825242173928
    9.0      -1.2973235978249
    9.0      -1.3122334735644
    9.0      -1.3272529970742
    9.0      -1.3423813744833
    9.0      -1.3576178974379
    9.0      -1.3729619140422
    9.0      -1.3884127113549
    9.0      -1.4039697590716
   10.0      -0.7374588327371
   10.0      -0.7376319205785
   10.0      -0.7388589915861
   10.0      -0.7412887373316
   10.0      -0.7447387139142
   10.0      -0.7490361161425
   10.0      -0.7540481117523
   10.0      -0.7596747768244
   10.0      -0.7658397818381
   10.0      -0.7724834852645
   10.0      -0.7795582532973
   10.0      -0.7870252853718
   10.0      -0.7948524549047
   10.0      -0.8030127473385
   10.0      -0.8114831715272
   10.0      -0.8202439501359
   10.0      -0.8292778998076
   10.0      -0.8385699708548
   10.0      -0.8481068815736
   10.0      -0.8578768360014
   10.0      -0.8678693080720
   10.0      -0.8780748322060
   10.0      -0.8884848935577
   10.0      -0.8990917721289
   10.0      -0.9098884416202
   10.0      -0.9208685000941
   10.0      -0.9320260656461
   10.0      -0.9433557604904
   10.0      -0.9548526169343
   10.0      -0.9665120515681
   10.0      -0.9783298426807
   10.0      -0.9903020482293
   10.0      -1.0024250247010
   10.0      -1.0146953731979
   10.0      -1.0271099644494
   10.0      -1.0396658378936
   10.0      -1.0523602321414
   10.0      -1.0651906100134
   10.0      -1.0781545046188
   10.0      -1.0912497200487
   10.0      -1.1044741014233
   10.0      -1.1178256742975
   10.0      -1.1313025887641
   10.0      -1.1449030852239
   10.0      -1.1586254866070
   10.0      -1.1724683029660
   10.0      -1.1864300324428
   10.0      -1.2005093445834
   10.0      -1.2147049579142
   10.0      -1.2290156150330
   10.0      -1.2434402195459
   10.0      -1.2579776789544
   10.0      -1.2726269849336
   10.0      -1.2873872071261
   10.0      -1.3022574634852
   10.0      -1.3172369041835
   10.0      -1.3323247328074
   10.0      -1.3475202376237
   10.0      -1.3628227631013
   10.0      -1.3782315952068
   10.0      -1.3937461991390
   11.0      -0.7290117568162
   11.0      -0.7291831428223
   11.0      -0.7304013452851
   11.0      -0.7328170295957
   11.0      -0.7362501021434
   11.0      -0.7405290277943
   11.0      -0.7455215762848
   11.0      -0.7511281118067
   11.0      -0.7572724563323
   11.0      -0.7638950501674
   11.0      -0.7709483045257
   11.0      -0.7783934496348
   11.0      -0.7861983727708
   11.0      -0.7943360691211
   11.0      -0.8027835536261
   11.0      -0.8115210473685
   11.0      -0.8205313689089
   11.0      -0.8297994633653
   11.0      -0.8393120459952
   11.0      -0.8490573165431
   11.0      -0.8590247417062
   11.0      -0.8692048511050
   11.0      -0.8795891167322
   11.0      -0.8901698149632
   11.0      -0.9009399182302
   11.0      -0.9118930227620
   11.0      -0.9230232453134
   11.0      -0.9343252058820
   11.0      -0.9457939349942
   11.0      -0.9574248472943
   11.0      -0.9692137185340
   11.0      -0.9811566049690
   11.0      -0.9932498607813
   11.0      -1.0054900851214
   11.0      -1.0178741453946
   11.0      -1.0303990791734
   11.0      -1.0430621229374
   11.0      -1.0558607360104
   11.0      -1.0687924508201
   11.0      -1.0818550671340
   11.0      -1.0950464287283
   11.0      -1.1083645582904
   11.0      -1.1218076029621
   11.0      -1.1353738007793
   11.0      -1.1490614729666
   11.0      -1.1628691252985
   11.0      -1.1767952546136
   11.0      -1.1908385266793
   11.0      -1.2049976572359
   11.0      -1.2192713873354
   11.0      -1.2336586167778
   11.0      -1.2481582508951
   11.0      -1.2627692785831
   11.0      -1.2774907663835
   11.0      -1.2923218291410
   11.0      -1.3072616147362
   11.0      -1.3223093242133
   11.0      -1.3374642424774
   11.0      -1.3527257103799
   11.0      -1.3680930127751
   11.0      -1.3835656103963
   12.0      -0.7205861182943
   12.0      -0.7207558268317
   12.0      -0.7219652821799
   12.0      -0.7243670919844
   12.0      -0.7277834811631
   12.0      -0.7320441651306
   12.0      -0.7370175098979
   12.0      -0.7426041695614
   12.0      -0.7487281117422
   12.0      -0.7553298600667
   12.0      -0.7623618734467
   12.0      -0.7697854075358
   12.0      -0.7775683686324
   12.0      -0.7856837597309
   12.0      -0.7941086002428
   12.0      -0.8028231146949
   12.0      -0.8118101177968
   12.0      -0.8210545550284
   12.0      -0.8305431358432
   12.0      -0.8402640556153
   12.0      -0.8502067763367
   12.0      -0.8603618200374
   12.0      -0.8707206534227
   12.0      -0.8812755394848
   12.0      -0.8920194464623
   12.0      -0.9029459687547
   12.0      -0.9140492217682
   12.0      -0.9253238232930
   12.0      -0.9367648020728
   12.0      -0.9483675708069
   12.0      -0.9601279027218
   12.0      -0.9720418523657
   12.0      -0.9841057716215
   12.0      -0.9963162576854
   12.0      -1.0086701746639
   12.0      -1.0211645582585
   12.0      -1.0337966428178
   12.0      -1.0465638841944
   12.0      -1.0594638141058
   12.0      -1.0724942280368
   12.0      -1.0856529684032
   12.0      -1.0989380550366
   12.0      -1.1123476321411
   12.0      -1.1258799353898
   12.0      -1.1395332842912
   12.0      -1.1533061803786
   12.0      -1.1671971191684
   12.0      -1.1812047626764
   12.0      -1.1953278238647
   12.0      -1.2095650422254
   12.0      -1.2239153137784
   12.0      -1.2383775416823
   12.0      -1.2529507120610
   12.0      -1.2676338883669
   12.0      -1.2824261823493
   12.0      -1.2973267395937
   12.0      -1.3123347586057
   12.0      -1.3274495209429
   12.0      -1.3426703638595
   12.0      -1.3579965710744
   12.0      -1.3734275988895
   13.0      -0.7121816904502
   13.0      -0.7123497456866
   13.0      -0.7135505743776
   13.0      -0.7159386930134
   13.0      -0.7193386123051
   13.0      -0.7235812861542
   13.0      -0.7285356674548
   13.0      -0.7341026967409
   13.0      -0.7402064913821
   13.0      -0.7467876535715
   13.0      -0.7537986903690
   13.0      -0.7612008867241
   13.0      -0.7689621623753
   13.0      -0.7770555326799
   13.0      -0.7854580207216
   13.0      -0.7941498518073
   13.0      -0.8031138424233
   13.0      -0.8123349326855
   13.0      -0.8217998311676
   13.0      -0.8314967271134
   13.0      -0.8414150767114
   13.0      -0.8515453977776
   13.0      -0.8618791481739
   13.0      -0.8724085858695
   13.0      -0.8831266656084
   13.0      -0.8940269764795
   13.0      -0.9051036325323
   13.0      -0.9163512493577
   13.0      -0.9277648539152
   13.0      -0.9393398569604
   13.0      -0.9510720292056
   13.0      -0.9629574234860
   13.0      -0.9749923893912
   13.0      -0.9871735221604
   13.0      -0.9994976826262
   13.0      -1.0119619046141
   13.0      -1.0245634203416
   13.0      -1.0372996822159
   13.0      -1.0501682212157
   13.0      -1.0631668285834
   13.0      -1.0762933453582
   13.0      -1.0895457885282
   13.0      -1.1029222993722
   13.0      -1.1164211112031
   13.0      -1.1300405418028
   13.0      -1.1437790884992
   13.0      -1.1576352454692
   13.0      -1.1716076710032
   13.0      -1.1856950752921
   13.0      -1.1998961962560
   13.0      -1.2142099261591
   13.0      -1.2286351659829
   13.0      -1.2431708990872
   13.0      -1.2578161858465
   13.0      -1.2725701349281
   13.0      -1.2874318896191
   13.0      -1.3024006458893
   13.0      -1.3174756819648
   13.0      -1.3326563315211
   13.0      -1.3479418771209
   13.0      -1.3633317706658
   14.0      -0.7037982506011
   14.0      -0.7039646759379
   14.0      -0.7051569953356
   14.0      -0.7075316041293
   14.0      -0.7109152646068
   14.0      -0.7151401526171
   14.0      -0.7200758062604
   14.0      -0.7256234481555
   14.0      -0.7317073419560
   14.0      -0.7382681733766
   14.0      -0.7452584939544
   14.0      -0.7526396172303
   14.0      -0.7603794811678
   14.0      -0.7684511079138
   14.0      -0.7768315280104
   14.0      -0.7855009678911
   14.0      -0.7944422422217
   14.0      -0.8036402917708
   14.0      -0.8130818187635
   14.0      -0.8227550104604
   14.0      -0.8326493165472
   14.0      -0.8427552485222
   14.0      -0.8530642595558
   14.0      -0.8635685984114
   14.0      -0.8742612149653
   14.0      -0.8851356843442
   14.0      -0.8961861151275
   14.0      -0.9074071207105
   14.0      -0.9187937262669
   14.0      -0.9303413406091
   14.0      -0.9420457319467
   14.0      -0.9539029513964
   14.0      -0.9659093462598
   14.0      -0.9780615098169
   14.0      -0.9903562996506
   14.0      -1.0027907477054
   14.0      -1.0153620840681
   14.0      -1.0280677577255
   14.0      -1.0409052988895
   14.0      -1.0538724946003
   14.0      -1.0669671845040
   14.0      -1.0801873827574
   14.0      -1.0935312277269
   14.0      -1.1069969503670
   14.0      -1.1205828667233
   14.0      -1.1342874699540
   14.0      -1.1481092528786
   14.0      -1.1620468700882
   14.0      -1.1760990290107
   14.0      -1.1902644659805
   14.0      -1.2045420695309
   14.0      -1.2189307384636
   14.0      -1.2334294533814
   14.0      -1.2480372715922
   14.0      -1.2627532986950
   14.0      -1.2775766756748
   14.0      -1.2925065959692
   14.0      -1.3075423344869
   14.0      -1.3226832213448
   14.0      -1.3379285379276
   14.0      -1.3532777317709
   15.0      -0.6954355824331
   15.0      -0.6956004008996
   15.0      -0.6967843256437
   15.0      -0.6991455999453
   15.0      -0.7025132087597
   15.0      -0.7067205334199
   15.0      -0.7116376884534
   15.0      -0.7171661805201
   15.0      -0.7232304180671
   15.0      -0.7297711662893
   15.0      -0.7367410262996
   15.0      -0.7441013376935
   15.0      -0.7518200548388
   15.0      -0.7598702120797
   15.0      -0.7682288421097
   15.0      -0.7768761753652
   15.0      -0.7857950261558
   15.0      -0.7949703315165
   15.0      -0.8043887935139
   15.0      -0.8140385924116
   15.0      -0.8239091746522
   15.0      -0.8339910457827
   15.0      -0.8442756512502
   15.0      -0.8547552354104
   15.0      -0.8654227386348
   15.0      -0.8762717307722
   15.0      -0.8872963070755
   15.0      -0.8984910739857
   15.0      -0.9098510548731
   15.0      -0.9213716566074
   15.0      -0.9330486449066
   15.0      -0.9448780691635
   15.0      -0.9568562743969
   15.0      -0.9689798519252
   15.0      -0.9812456561060
   15.0      -0.9936507169976
   15.0      -1.0061922625564
   15.0      -1.0188677383738
   15.0      -1.0316746738670
   15.0      -1.0446108519136
   15.0      -1.0576741107511
   15.0      -1.0708624617163
   15.0      -1.0841740402763
   15.0      -1.0976070750293
   15.0      -1.1111598802745
   15.0      -1.1248309450364
   15.0      -1.1386187607587
   15.0      -1.1525219783601
   15.0      -1.1665393025122
   15.0      -1.1806694679516
   15.0      -1.1949113595052
   15.0      -1.2092638737914
   15.0      -1.2237259886636
   15.0      -1.2382967583746
   15.0      -1.2529752854673
   15.0      -1.2677607086235
   15.0      -1.2826522187497
   15.0      -1.2976490874536
   15.0      -1.3127506413118
   15.0      -1.3279561605109
   15.0      -1.3432650882502
   16.0      -0.6870934705604
   16.0      -0.6872567049080
   16.0      -0.6884323487334
   16.0      -0.6907804620888
   16.0      -0.6941322203838
   16.0      -0.6983221987056
   16.0      -0.7032210825521
   16.0      -0.7087306563018
   16.0      -0.7147754759412
   16.0      -0.7212963866043
   16.0      -0.7282460343424
   16.0      -0.7355857896449
   16.0      -0.7432836219259
   16.0      -0.7513125748780
   16.0      -0.7596496891180
   16.0      -0.7682751942709
   16.0      -0.7771719061567
   16.0      -0.7863247606020
   16.0      -0.7957204544987
   16.0      -0.8053471672740
   16.0      -0.8151943377417
   16.0      -0.8252524677714
   16.0      -0.8355129965310
   16.0      -0.8459681600758
   16.0      -0.8566108945834
   16.0      -0.8674347597235
   16.0      -0.8784338459363
   16.0      -0.8896027458177
   16.0      -0.9009364754790
   16.0      -0.9124304398097
   16.0      -0.9240804020469
   16.0      -0.9358824098538
   16.0      -0.9478328059720
   16.0      -0.9599281797558
   16.0      -0.9721653823613
   16.0      -0.9845414419558
   16.0      -0.9970535843657
   16.0      -1.0096992518112
   16.0      -1.0224759728879
   16.0      -1.0353815263498
   16.0      -1.0484137490099
   16.0      -1.0615706493971
   16.0      -1.0748503600918
   16.0      -1.0882511073379
   16.0      -1.1017712036785
   16.0      -1.1154091340396
   16.0      -1.1291633884720
   16.0      -1.1430326142472
   16.0      -1.1570155132887
   16.0      -1.1711108187225
   16.0      -1.1853174116933
   16.0      -1.1996341866331
   16.0      -1.2140601186535
   16.0      -1.2285942589634
   16.0      -1.2432357070630
   16.0      -1.2579835993272
   16.0      -1.2728371241354
   16.0      -1.2877955498093
   16.0      -1.3028581994033
   16.0      -1.3180243518849
   16.0      -1.3332934461506
   17.0      -0.6787717052466
   17.0      -0.6789333774683
   17.0      -0.6801008504679
   17.0      -0.6824359733236
   17.0      -0.6857720808687
   17.0      -0.6899449247627
   17.0      -0.6948257583284
   17.0      -0.7003166435341
   17.0      -0.7063422783116
   17.0      -0.7128435901481
   17.0      -0.7197732719971
   17.0      -0.7270927201624
   17.0      -0.7347699234352
   17.0      -0.7427779346646
   17.0      -0.7510937986660
   17.0      -0.7596977501409
   17.0      -0.7685726022850
   17.0      -0.7777032905171
   17.0      -0.7870765100555
   17.0      -0.7966804340147
   17.0      -0.8065044995295
   17.0      -0.8165392011561
   17.0      -0.8267759730395
   17.0      -0.8372070454059
   17.0      -0.8478253455930
   17.0      -0.8586244287719
   17.0      -0.8695983755711
   17.0      -0.8807417729156
   17.0      -0.8920496238299
   17.0      -0.9035173250704
   17.0      -0.9151406373288
   17.0      -0.9269156065338
   17.0      -0.9388385731545
   17.0      -0.9509061245791
   17.0      -0.9631151087855
   17.0      -0.9754625520454
   17.0      -0.9879456780550
   17.0      -1.0005619256883
   17.0      -1.0133088226920
   17.0      -1.0261841437351
   17.0      -1.0391857241909
   17.0      -1.0523115697921
   17.0      -1.0655598102446
   17.0      -1.0789286694406
   17.0      -1.0924164581573
   17.0      -1.1060216572570
   17.0      -1.1197427553805
   17.0      -1.1335783961781
   17.0      -1.1475272788322
   17.0      -1.1615881348461
   17.0      -1.1757598417064
   17.0      -1.1900412916557
   17.0      -1.2044314570710
   17.0      -1.2189293861290
   17.0      -1.2335341752995
   17.0      -1.2482449586488
   17.0      -1.2630609220314
   17.0      -1.2779813304977
   17.0      -1.2930055035995
   17.0      -1.3081327190650
   17.0      -1.3233624115180
   18.0      -0.6704700811851
   18.0      -0.6706302130487
   18.0      -0.6717896236584
   18.0      -0.6741119213666
   18.0      -0.6774325725962
   18.0      -0.6815884924226
   18.0      -0.6864514924863
   18.0      -0.6919239117607
   18.0      -0.6979305926775
   18.0      -0.7044125398548
   18.0      -0.7113224947733
   18.0      -0.7186218827258
   18.0      -0.7262787065818
   18.0      -0.7342660319680
   18.0      -0.7425609088574
   18.0      -0.7511435725828
   18.0      -0.7599968395006
   18.0      -0.7691056413122
   18.0      -0.7784566712821
   18.0      -0.7880381005781
   18.0      -0.7978393589015
   18.0      -0.8078509390483
   18.0      -0.8180642673821
   18.0      -0.8284715685020
   18.0      -0.8390657643437
   18.0      -0.8498404003196
   18.0      -0.8607895531080
   18.0      -0.8719077990777
   18.0      -0.8831901358002
   18.0      -0.8946319472437
   18.0      -0.9062289847140
   18.0      -0.9179772922700
   18.0      -0.9298732081141
   18.0      -0.9419133176655
   18.0      -0.9540944657476
   18.0      -0.9664136767315
   18.0      -0.9788681721836
   18.0      -0.9914553876557
   18.0      -1.0041728500189
   18.0      -1.0170183298959
   18.0      -1.0299896612046
   18.0      -1.0430848468933
   18.0      -1.0563020138059
   18.0      -1.0696393834852
   18.0      -1.0830952649327
   18.0      -1.0966681349819
   18.0      -1.1103564808468
   18.0      -1.1241589425813
   18.0      -1.1380742166349
   18.0      -1.1521010328755
   18.0      -1.1662382651556
   18.0      -1.1804848035260
   18.0      -1.1948396176360
   18.0      -1.2093017526414
   18.0      -1.2238703019946
   18.0      -1.2385443974505
   18.0      -1.2533232223423
   18.0      -1.2682060384634
   18.0      -1.2831921618816
   18.0      -1.2982808690658
   18.0      -1.3134715903989
   19.0      -0.6621883939883
   19.0      -0.6623470069053
   19.0      -0.6634984624002
   19.0      -0.6658080991956
   19.0      -0.6691134843626
   19.0      -0.6732526839263
   19.0      -0.6780980652284
   19.0      -0.6835522379128
   19.0      -0.6895401884765
   19.0      -0.6960030026657
   19.0      -0.7028934657370
   19.0      -0.7101730326073
   19.0      -0.7178097243689
   19.0      -0.7257766141262
   19.0      -0.7340507597929
   19.0      -0.7426123993861
   19.0      -0.7514443474222
   19.0      -0.7605315373765
   19.0      -0.7698606581822
   19.0      -0.7794198777221
   19.0      -0.7891986233615
   19.0      -0.7991873802759
   19.0      -0.8093775720652
   19.0      -0.8197614158886
   19.0      -0.8303318274332
   19.0      -0.8410823466801
   19.0      -0.8520070406143
   19.0      -0.8631004809399
   19.0      -0.8743576551543
   19.0      -0.8857739413889
   19.0      -0.8973450781638
   19.0      -0.9090671001290
   19.0      -0.9209363430201
   19.0      -0.9329493902854
   19.0      -0.9451030836165
   19.0      -0.9573944454793
   19.0      -0.9698206953106
   19.0      -0.9823792653639
   19.0      -0.9950676816085
   19.0      -1.0078837106584
   19.0      -1.0208251849615
   19.0      -1.0338901046929
   19.0      -1.0470765938471
   19.0      -1.0603828716195
   19.0      -1.0738072452268
   19.0      -1.0873481875079
   19.0      -1.1010041842329
   19.0      -1.1147738718853
   19.0      -1.1286559441888
   19.0      -1.1426491293635
   19.0      -1.1567522976523
   19.0      -1.1709643369108
   19.0      -1.1852842140683
   19.0      -1.1997109712708
   19.0      -1.2142436989659
   19.0      -1.2288815265953
   19.0      -1.2436236349727
   19.0      -1.2584692826502
   19.0      -1.2734177822306
   19.0      -1.2884684089022
   19.0      -1.3036205888388
   20.0      -0.6539264455763
   20.0      -0.6540835602848
   20.0      -0.6552271643521
   20.0      -0.6575243005614
   20.0      -0.6608146085554
   20.0      -0.6649372885803
   20.0      -0.6697652588354
   20.0      -0.6752014015705
   20.0      -0.6811708427118
   20.0      -0.6876147480178
   20.0      -0.6944859512689
   20.0      -0.7017459329314
   20.0      -0.7093627319088
   20.0      -0.7173094336336
   20.0      -0.7255630989096
   20.0      -0.7341039702761
   20.0      -0.7429148634715
   20.0      -0.7519807083634
   20.0      -0.7612881945846
   20.0      -0.7708254853598
   20.0      -0.7805820033831
   20.0      -0.7905482318603
   20.0      -0.8007155858752
   20.0      -0.8110762794717
   20.0      -0.8216232212777
   20.0      -0.8323499439905
   20.0      -0.8432505099890
   20.0      -0.8543194802735
   20.0      -0.8655518379956
   20.0      -0.8769429512587
   20.0      -0.8884885519450
   20.0      -0.9001846631774
   20.0      -0.9120276100422
   20.0      -0.9240139737093
   20.0      -0.9361405927613
   20.0      -0.9484044877539
   20.0      -0.9608028759951
   20.0      -0.9733331864635
   20.0      -0.9859929442004
   20.0      -0.9987799118491
   20.0      -1.0116919203721
   20.0      -1.0247269671832
   20.0      -1.0378831734395
   20.0      -1.0511587559913
   20.0      -1.0645520202614
   20.0      -1.0780614351281
   20.0      -1.0916854849014
   20.0      -1.1054228025187
   20.0      -1.1192720789856
   20.0      -1.1332320408633
   20.0      -1.1473015548078
   20.0      -1.1614795064770
   20.0      -1.1757648600878
   20.0      -1.1901566547872
   20.0      -1.2046539780312
   20.0      -1.2192559569453
   20.0      -1.2339617698271
   20.0      -1.2487706720027
   20.0      -1.2636819726270
   20.0      -1.2786949455892
   20.0      -1.2938090128843
   21.0      -0.6456840408583
   21.0      -0.6458396779350
   21.0      -0.6469755331498
   21.0      -0.6492603251065
   21.0      -0.6525357389333
   21.0      -0.6566420980767
   21.0      -0.6614528627636
   21.0      -0.6668711851758
   21.0      -0.6728223343835
   21.0      -0.6792475528510
   21.0      -0.6860997208803
   21.0      -0.6933403495310
   21.0      -0.7009374923064
   21.0      -0.7088642455194
   21.0      -0.7170976781727
   21.0      -0.7256180327564
   21.0      -0.7344081270529
   21.0      -0.7434528912802
   21.0      -0.7527390101922
   21.0      -0.7622546467784
   21.0      -0.7719892187374
   21.0      -0.7819332040486
   21.0      -0.7920780153148
   21.0      -0.8024158580050
   21.0      -0.8129396371939
   21.0      -0.8236428785252
   21.0      -0.8345196369556
   21.0      -0.8455644685181
   21.0      -0.8567723458333
   21.0      -0.8681386323903
   21.0      -0.8796590498137
   21.0      -0.8913296149159
   21.0      -0.9031466413498
   21.0      -0.9151066992076
   21.0      -0.9272066235507
   21.0      -0.9394434330207
   21.0      -0.9518143427963
   21.0      -0.9643167786050
   21.0      -0.9769482645345
   21.0      -0.9897065592941
   21.0      -1.0025894923468
   21.0      -1.0155950583562
   21.0      -1.0287213756542
   21.0      -1.0419666587484
   21.0      -1.0553292112586
   21.0      -1.0688074981360
   21.0      -1.0824000022143
   21.0      -1.0961053529100
   21.0      -1.1099222385177
   21.0      -1.1238493839279
   21.0      -1.1378856522331
   21.0      -1.1520299268916
   21.0      -1.1662811694143
   21.0      -1.1806384159610
   21.0      -1.1951007510080
   21.0      -1.2096672993630
   21.0      -1.2243372368108
   21.0      -1.2391098154647
   21.0      -1.2539843410515
   21.0      -1.2689600861416
   21.0      -1.2840364685815
   22.0      -0.6374609858808
   22.0      -0.6376151655046
   22.0      -0.6387433731149
   22.0      -0.6410159762097
   22.0      -0.6442766760266
   22.0      -0.6483669064119
   22.0      -0.6531606680650
   22.0      -0.6585613781043
   22.0      -0.6644944461523
   22.0      -0.6709011956416
   22.0      -0.6777345513429
   22.0      -0.6849560520411
   22.0      -0.6925337708723
   22.0      -0.7004408127864
   22.0      -0.7086542525933
   22.0      -0.7171543382540
   22.0      -0.7259238856956
   22.0      -0.7349478252679
   22.0      -0.7442128415564
   22.0      -0.7537070917356
   22.0      -0.7634199921968
   22.0      -0.7733420164128
   22.0      -0.7834645704603
   22.0      -0.7937798574439
   22.0      -0.8042807739049
   22.0      -0.8149608410295
   22.0      -0.8258141076070
   22.0      -0.8368351210333
   22.0      -0.8480188496053
   22.0      -0.8593606460590
   22.0      -0.8708562267136
   22.0      -0.8825015991128
   22.0      -0.8942930697079
   22.0      -0.9062271980507
   22.0      -0.9183008063539
   22.0      -0.9305109107448
   22.0      -0.9428547242734
   22.0      -0.9553296694390
   22.0      -0.9679332693504
   22.0      -0.9806632788198
   22.0      -0.9935175257963
   22.0      -1.0064940022041
   22.0      -1.0195908235625
   22.0      -1.0328062020387
   22.0      -1.0461384394403
   22.0      -1.0595859968250
   22.0      -1.0731473555341
   22.0      -1.0868211414876
   22.0      -1.1006060402770
   22.0      -1.1145007751101
   22.0      -1.1285042055398
   22.0      -1.1426152128213
   22.0      -1.1568327557676
   22.0      -1.1711558675621
   22.0      -1.1855836297139
   22.0      -1.2001151647111
   22.0      -1.2147496458280
   22.0      -1.2294863219807
   22.0      -1.2443244954854
   22.0      -1.2592634375744
   22.0      -1.2743025619762
   23.0      -0.6292570930240
   23.0      -0.6294098347829
   23.0      -0.6305304926875
   23.0      -0.6327910581041
   23.0      -0.6360372225141
   23.0      -0.6401115143393
   23.0      -0.6448884690727
   23.0      -0.6502717708598
   23.0      -0.6561869671771
   23.0      -0.6625754592925
   23.0      -0.6693902206675
   23.0      -0.6765928169845
   23.0      -0.6841513373938
   23.0      -0.6920389002573
   23.0      -0.7002325849959
   23.0      -0.7087126418121
   23.0      -0.7174618902904
   23.0      -0.7264652578321
   23.0      -0.7357094276156
   23.0      -0.7451825562917
   23.0      -0.7548740535706
   23.0      -0.7647743912440
   23.0      -0.7748749706252
   23.0      -0.7851679877414
   23.0      -0.7956463367982
   23.0      -0.8063035301910
   23.0      -0.8171336121425
   23.0      -0.8281311236847
   23.0      -0.8392910243606
   23.0      -0.8506086626632
   23.0      -0.8620797437082
   23.0      -0.8737002700965
   23.0      -0.8854665388984
   23.0      -0.8973751023010
   23.0      -0.9094227715398
   23.0      -0.9216065503914
   23.0      -0.9339236489854
   23.0      -0.9463714866160
   23.0      -0.9589475853878
   23.0      -0.9716496962526
   23.0      -0.9844756456309
   23.0      -0.9974234227192
   23.0      -1.0104911402359
   23.0      -1.0236770080099
   23.0      -1.0369793260284
   23.0      -1.0503965514884
   23.0      -1.0639271642229
   23.0      -1.0775697866801
   23.0      -1.0913231017555
   23.0      -1.1051858309631
   23.0      -1.1191568303389
   23.0      -1.1332349789332
   23.0      -1.1474192328676
   23.0      -1.1617086223607
   23.0      -1.1761022259666
   23.0      -1.1905991638520
   23.0      -1.2051986067834
   23.0      -1.2198998004949
   23.0      -1.2347020439094
   23.0      -1.2496046069023
   23.0      -1.2646068991150
   24.0      -0.6210721768935
   24.0      -0.6212235002395
   24.0      -0.6223367054706
   24.0      -0.6245853811412
   24.0      -0.6278171829110
   24.0      -0.6318757238649
   24.0      -0.6366360664278
   24.0      -0.6420021581266
   24.0      -0.6478996874995
   24.0      -0.6542701326576
   24.0      -0.6610665119997
   24.0      -0.6682504219641
   24.0      -0.6757899680815
   24.0      -0.6836582778866
   24.0      -0.6918324397560
   24.0      -0.7002927060113
   24.0      -0.7090218959491
   24.0      -0.7180049393389
   24.0      -0.7272285157949
   24.0      -0.7366807792455
   24.0      -0.7463511384003
   24.0      -0.7562300583924
   24.0      -0.7663089376596
   24.0      -0.7765799678982
   24.0      -0.7870360357428
   24.0      -0.7976706508159
   24.0      -0.8084778492019
   24.0      -0.8194521661566
   24.0      -0.8305885556851
   24.0      -0.8418823569930
   24.0      -0.8533292706250
   24.0      -0.8649252887369
   24.0      -0.8766667026198
   24.0      -0.8885500557495
   24.0      -0.9005721505050
   24.0      -0.9127299814257
   24.0      -0.9250207454915
   24.0      -0.9374418577865
   24.0      -0.9499908393867
   24.0      -0.9626654374188
   24.0      -0.9754634767611
   24.0      -0.9883829438936
   24.0      -1.0014219487454
   24.0      -1.0145786988099
   24.0      -1.0278514922449
   24.0      -1.0412387824196
   24.0      -1.0547390476432
   24.0      -1.0683509069161
   24.0      -1.0820730404453
   24.0      -1.0959041680397
   24.0      -1.1098431422417
   24.0      -1.1238888398938
   24.0      -1.1380402144341
   24.0      -1.1522962931269
   24.0      -1.1666561515839
   24.0      -1.1811189076481
   24.0      -1.1956837295821
   24.0      -1.2103498599512
   24.0      -1.2251165943042
   24.0      -1.2399832011405
   24.0      -1.2549490860439
   25.0      -0.6129060532437
   25.0      -0.6130559772407
   25.0      -0.6141618255245
   25.0      -0.6163987585105
   25.0      -0.6196163682584
   25.0      -0.6236593399554
   25.0      -0.6284032615786
   25.0      -0.6337523402738
   25.0      -0.6396324021359
   25.0      -0.6459850053957
   25.0      -0.6527632138276
   25.0      -0.6599286503536
   25.0      -0.6674494401889
   25.0      -0.6752987215212
   25.0      -0.6834535869958
   25.0      -0.6918942948231
   25.0      -0.7006036649519
   25.0      -0.7095666249944
   25.0      -0.7187698559566
   25.0      -0.7282015078779
   25.0      -0.7378509854029
   25.0      -0.7477087528624
   25.0      -0.7577662014349
   25.0      -0.7680155193665
   25.0      -0.7784495893763
   25.0      -0.7890619127207
   25.0      -0.7998465230042
   25.0      -0.8107979470232
   25.0      -0.8219111327864
   25.0      -0.8331814143010
   25.0      -0.8446044820402
   25.0      -0.8561763242642
   25.0      -0.8678932215598
   25.0      -0.8797517114560
   25.0      -0.8917485870374
   25.0      -0.9038808346189
   25.0      -0.9161456423509
   25.0      -0.9285404106012
   25.0      -0.9410626580865
   25.0      -0.9537101281446
   25.0      -0.9664806440974
   25.0      -0.9793721897194
   25.0      -0.9923828721624
   25.0      -1.0055108965865
   25.0      -1.0187545593117
   25.0      -1.0321123099119
   25.0      -1.0455826251572
   25.0      -1.0591641206240
   25.0      -1.0728554738384
   25.0      -1.0866554028931
   25.0      -1.1005627568596
   25.0      -1.1145764103704
   25.0      -1.1286953141871
   25.0      -1.1429184926308
   25.0      -1.1572450183832
   25.0      -1.1716740069621
   25.0      -1.1862046241284
   25.0      -1.2008361092939
   25.0      -1.2155677546507
   25.0      -1.2303988273036
   25.0      -1.2453287288090
   26.0      -0.6047585439255
   26.0      -0.6049070870895
   26.0      -0.6060056710016
   26.0      -0.6082310042683
   26.0      -0.6114345910479
   26.0      -0.6154621736930
   26.0      -0.6201898599494
   26.0      -0.6255221183008
   26.0      -0.6313849110967
   26.0      -0.6377198728194
   26.0      -0.6444801155038
   26.0      -0.6516272902320
   26.0      -0.6591295372905
   26.0      -0.6669600081251
   26.0      -0.6750958021574
   26.0      -0.6835171785277
   26.0      -0.6922069609135
   26.0      -0.7011500767289
   26.0      -0.7103332034160
   26.0      -0.7197444915767
   26.0      -0.7293733416520
   26.0      -0.7392102133366
   26.0      -0.7492464964090
   26.0      -0.7594743720123
   26.0      -0.7698867188005
   26.0      -0.7804770341343
   26.0      -0.7912393433380
   26.0      -0.8021681699167
   26.0      -0.8132584541474
   26.0      -0.8245055233611
   26.0      -0.8359050628222
   26.0      -0.8474530510800
   26.0      -0.8591457643318
   26.0      -0.8709797299330
   26.0      -0.8829517335550
   26.0      -0.8950587537373
   26.0      -0.9072979697536
   26.0      -0.9196667727106
   26.0      -0.9321626682272
   26.0      -0.9447833942564
   26.0      -0.9575267725504
   26.0      -0.9703907841888
   26.0      -0.9833735335581
   26.0      -0.9964732234875
   26.0      -1.0096881484509
   26.0      -1.0230167542587
   26.0      -1.0364575161272
   26.0      -1.0500090462323
   26.0      -1.0636700194268
   26.0      -1.0774391520763
   26.0      -1.0913152898036
   26.0      -1.1052973050295
   26.0      -1.1193841458463
   26.0      -1.1335748336427
   26.0      -1.1478684381823
   26.0      -1.1622640726563
   26.0      -1.1767609003273
   26.0      -1.1913581574674
   26.0      -1.2060551329297
   26.0      -1.2208510924068
   26.0      -1.2357454334564
   27.0      -0.5966294728083
   27.0      -0.5967766535294
   27.0      -0.5978680648596
   27.0      -0.6000819384172
   27.0      -0.6032716657062
   27.0      -0.6072840369455
   27.0      -0.6119956723948
   27.0      -0.6173112980454
   27.0      -0.6231570150312
   27.0      -0.6294745345289
   27.0      -0.6362170125881
   27.0      -0.6433461307198
   27.0      -0.6508300470241
   27.0      -0.6586419214357
   27.0      -0.6667588619781
   27.0      -0.6751611321282
   27.0      -0.6838315542504
   27.0      -0.6927550578504
   27.0      -0.7019183197104
   27.0      -0.7113094857714
   27.0      -0.7209179560966
   27.0      -0.7307341866246
   27.0      -0.7407495612683
   27.0      -0.7509562597453
   27.0      -0.7613471538411
   27.0      -0.7719157358584
   27.0      -0.7826560279813
   27.0      -0.7935625446147
   27.0      -0.8046302228222
   27.0      -0.8158543825332
   27.0      -0.8272307013575
   27.0      -0.8387551536212
   27.0      -0.8504240051955
   27.0      -0.8622337791630
   27.0      -0.8741812503959
   27.0      -0.8862633905603
   27.0      -0.8984773714188
   27.0      -0.9108205737706
   27.0      -0.9232904965485
   27.0      -0.9358848615805
   27.0      -0.9486014870305
   27.0      -0.9614383512940
   27.0      -0.9743935560039
   27.0      -0.9874653016607
   27.0      -1.0006518808843
   27.0      -1.0139517357534
   27.0      -1.0273633399155
   27.0      -1.0408853021697
   27.0      -1.0545162947025
   27.0      -1.0682550321421
   27.0      -1.0821003566851
   27.0      -1.0960511385382
   27.0      -1.1101063231315
   27.0      -1.1242649289326
   27.0      -1.1385260227989
   27.0      -1.1528887155933
   27.0      -1.1673521680833
   27.0      -1.1819156134157
   27.0      -1.1965783371221
   27.0      -1.2113396034648
   27.0      -1.2261988060322
   28.0      -0.5885186646318
   28.0      -0.5886645009701
   28.0      -0.5897488304091
   28.0      -0.5919513834981
   28.0      -0.5951274128684
   28.0      -0.5991247446541
   28.0      -0.6038205102799
   28.0      -0.6091196900147
   28.0      -0.6149485201289
   28.0      -0.6212487909140
   28.0      -0.6279737042396
   28.0      -0.6350849675667
   28.0      -0.6425507583536
   28.0      -0.6503442486269
   28.0      -0.6584425503097
   28.0      -0.6668259322009
   28.0      -0.6754772195006
   28.0      -0.6843813388816
   28.0      -0.6935249678958
   28.0      -0.7028962515694
   28.0      -0.7124845842753
   28.0      -0.7222804212759
   28.0      -0.7322751425067
   28.0      -0.7424609212851
   28.0      -0.7528306278669
   28.0      -0.7633777476360
   28.0      -0.7740962974905
   28.0      -0.7849807884062
   28.0      -0.7960261485867
   28.0      -0.8072276943082
   28.0      -0.8185810958449
   28.0      -0.8300823199371
   28.0      -0.8417276281120
   28.0      -0.8535135332905
   28.0      -0.8654368049040
   28.0      -0.8774944052480
   28.0      -0.8896834984971
   28.0      -0.9020014574211
   28.0      -0.9144457722242
   28.0      -0.9270141559432
   28.0      -0.9397044124482
   28.0      -0.9525145150272
   28.0      -0.9654425625710
   28.0      -0.9784867532539
   28.0      -0.9916453778338
   28.0      -1.0049168746893
   28.0      -1.0182997158843
   28.0      -1.0317925068645
   28.0      -1.0453939171576
   28.0      -1.0591026596437
   28.0      -1.0729175731153
   28.0      -1.0868375255634
   28.0      -1.1008614597627
   28.0      -1.1149883912707
   28.0      -1.1292173840505
   28.0      -1.1435475466357
   28.0      -1.1579780373012
   28.0      -1.1725080860829
   28.0      -1.1871369752087
   28.0      -1.2018639674925
   28.0      -1.2166884525827
   29.0      -0.5804259498277
   29.0      -0.5805704592963
   29.0      -0.5816477945060
   29.0      -0.5838391627136
   29.0      -0.5870016544120
   29.0      -0.5909841174625
   29.0      -0.5956641890415
   29.0      -0.6009471051843
   29.0      -0.6067592364904
   29.0      -0.6130424484461
   29.0      -0.6197499906751
   29.0      -0.6268435994716
   29.0      -0.6342914671514
   29.0      -0.6420667785830
   29.0      -0.6501466538477
   29.0      -0.6585113626545
   29.0      -0.6671437331484
   29.0      -0.6760286938756
   29.0      -0.6851529185605
   29.0      -0.6945045518330
   29.0      -0.7040729868339
   29.0      -0.7138486729243
   29.0      -0.7238229883175
   29.0      -0.7339881027631
   29.0      -0.7443368796512
   29.0      -0.7548628023105
   29.0      -0.7655598814760
   29.0      -0.7764226216600
   29.0      -0.7874459482096
   29.0      -0.7986251684627
   29.0      -0.8099559482335
   29.0      -0.8214342480195
   29.0      -0.8330563208467
   29.0      -0.8448186757616
   29.0      -0.8567180711278
   29.0      -0.8687514645026
   29.0      -0.8809160109608
   29.0      -0.8932090741990
   29.0      -0.9056281387759
   29.0      -0.9181709060910
   29.0      -0.9308351737139
   29.0      -0.9436188993806
   29.0      -0.9565201763306
   29.0      -0.9695372004150
   29.0      -0.9826682605216
   29.0      -0.9959117913599
   29.0      -1.0092662633961
   29.0      -1.0227302787453
   29.0      -1.0363025042841
   29.0      -1.0499816511339
   29.0      -1.0637665547055
   29.0      -1.0776560807718
   29.0      -1.0916491694597
   29.0      -1.1057448334270
   29.0      -1.1199421337548
   29.0      -1.1342401766458
   29.0      -1.1486381178857
   29.0      -1.1631351844134
   29.0      -1.1777306551705
   29.0      -1.1924237915049
   29.0      -1.2072139791540
   30.0      -0.5723511611207
   30.0      -0.5724943611066
   30.0      -0.5735647889188
   30.0      -0.5757451047698
   30.0      -0.5788942138062
   30.0      -0.5828619766491
   30.0      -0.5875265290830
   30.0      -0.5927933594248
   30.0      -0.5985889748036
   30.0      -0.6048553167883
   30.0      -0.6115456785703
   30.0      -0.6186218265635
   30.0      -0.6260519716463
   30.0      -0.6338093072230
   30.0      -0.6418709614741
   30.0      -0.6502172097032
   30.0      -0.6588308790919
   30.0      -0.6676968992939
   30.0      -0.6768019452639
   30.0      -0.6861341571665
   30.0      -0.6956829265038
   30.0      -0.7054387017288
   30.0      -0.7153928544069
   30.0      -0.7255375520642
   30.0      -0.7358656549208
   30.0      -0.7463706387205
   30.0      -0.7570465122789
   30.0      -0.7678877737971
   30.0      -0.7788893419256
   30.0      -0.7900465212213
   30.0      -0.8013549682962
   30.0      -0.8128106393058
   30.0      -0.8244097811331
   30.0      -0.8361488941098
   30.0      -0.8480247319660
   30.0      -0.8600342422913
   30.0      -0.8721745748747
   30.0      -0.8844430838738
   30.0      -0.8968372461489
   30.0      -0.9093547553806
   30.0      -0.9219933992059
   30.0      -0.9347511283463
   30.0      -0.9476260203540
   30.0      -0.9606162652918
   30.0      -0.9737201501694
   30.0      -0.9869361060584
   30.0      -1.0002626018130
   30.0      -1.0136982362407
   30.0      -1.0272416735741
   30.0      -1.0408916231659
   30.0      -1.0546469170670
   30.0      -1.0685064188304
   30.0      -1.0824690659423
   30.0      -1.0965338681718
   30.0      -1.1106998837296
   30.0      -1.1249662164862
   30.0      -1.1393320197414
   30.0      -1.1537965173513
   30.0      -1.1683589849881
   30.0      -1.1830186825168
   30.0      -1.1977749917922
   31.0      -0.5642941316835
   31.0      -0.5644360393333
   31.0      -0.5654996457928
   31.0      -0.5676690411339
   31.0      -0.5708049205013
   31.0      -0.5747581461447
   31.0      -0.5794073511913
   31.0      -0.5846582727906
   31.0      -0.5904375512976
   31.0      -0.5966872064355
   31.0      -0.6033605771365
   31.0      -0.6104194556383
   31.0      -0.6178320719654
   31.0      -0.6255716323075
   31.0      -0.6336152690723
   31.0      -0.6419432622915
   31.0      -0.6505384430734
   31.0      -0.6593857389513
   31.0      -0.6684718245032
   31.0      -0.6777848406380
   31.0      -0.6873141738464
   31.0      -0.6970502703539
   31.0      -0.7069845004302
   31.0      -0.7171090249351
   31.0      -0.7274167013041
   31.0      -0.7379010021508
   31.0      -0.7485559288072
   31.0      -0.7593759766874
   31.0      -0.7703560589094
   31.0      -0.7814914727306
   31.0      -0.7927778716965
   31.0      -0.8042112035526
   31.0      -0.8157877099324
   31.0      -0.8275038857566
   31.0      -0.8393564747644
   31.0      -0.8513424209382
   31.0      -0.8634588641322
   31.0      -0.8757031518820
   31.0      -0.8880727538905
   31.0      -0.9005653531938
   31.0      -0.9131787320629
   31.0      -0.9259108299965
   31.0      -0.9387597177150
   31.0      -0.9517235700320
   31.0      -0.9648006679993
   31.0      -0.9779894390783
   31.0      -0.9912883504973
   31.0      -1.0046959977791
   31.0      -1.0182110425195
   31.0      -1.0318321922926
   31.0      -1.0455582758109
   31.0      -1.0593881544060
   31.0      -1.0733207629303
   31.0      -1.0873551082751
   31.0      -1.1014902457923
   31.0      -1.1157252770194
   31.0      -1.1300593527732
   31.0      -1.1444916938407
   31.0      -1.1590215726424
   31.0      -1.1736482475430
   31.0      -1.1883710965434
   32.0      -0.5562546996039
   32.0      -0.5563953315034
   32.0      -0.5574521997950
   32.0      -0.5596108036181
   32.0      -0.5627336053522
   32.0      -0.5666724555076
   32.0      -0.5713064797806
   32.0      -0.5765416656827
   32.0      -0.5823047856266
   32.0      -0.5885379338932
   32.0      -0.5951944967664
   32.0      -0.6022362954510
   32.0      -0.6096315749330
   32.0      -0.6173535540377
   32.0      -0.6253793739489
   32.0      -0.6336893161915
   32.0      -0.6422662141501
   32.0      -0.6510949981378
   32.0      -0.6601623399428
   32.0      -0.6694563788258
   32.0      -0.6789665014507
   32.0      -0.6886831492525
   32.0      -0.6985976890416
   32.0      -0.7087022805203
   32.0      -0.7189897745475
   32.0      -0.7294536400293
   32.0      -0.7400878758704
   32.0      -0.7508869693033
   32.0      -0.7618458305963
   32.0      -0.7729597518663
   32.0      -0.7842243785313
   32.0      -0.7956356558538
   32.0      -0.8071898169662
   32.0      -0.8188833512289
   32.0      -0.8307129965827
   32.0      -0.8426756876408
   32.0      -0.8547685604629
   32.0      -0.8669889520442
   32.0      -0.8793343268244
   32.0      -0.8918023588293
   32.0      -0.9043908211376
   32.0      -0.9170976471924
   32.0      -0.9299208962394
   32.0      -0.9428587367937
   32.0      -0.9559094352332
   32.0      -0.9690714107128
   32.0      -0.9823431288115
   32.0      -0.9957231817891
   32.0      -1.0092102286124
   32.0      -1.0228029750670
   32.0      -1.0365002465485
   32.0      -1.0503009021655
   32.0      -1.0642038741437
   32.0      -1.0782081665071
   32.0      -1.0923128317608
   32.0      -1.1065169691078
   32.0      -1.1208197268857
   32.0      -1.1352203228259
   32.0      -1.1497180261143
   32.0      -1.1643120935987
   32.0      -1.1790018994538
   33.0      -0.5482327060378
   33.0      -0.5483720786271
   33.0      -0.5494222908935
   33.0      -0.5515702286866
   33.0      -0.5546801001782
   33.0      -0.5586047350154
   33.0      -0.5632237442419
   33.0      -0.5684433629591
   33.0      -0.5741904979028
   33.0      -0.5804073183903
   33.0      -0.5870472541531
   33.0      -0.5940721563825
   33.0      -0.6014502888531
   33.0      -0.6091548791778
   33.0      -0.6171630764366
   33.0      -0.6254551682774
   33.0      -0.6340139879160
   33.0      -0.6428244660586
   33.0      -0.6518732764459
   33.0      -0.6611485551845
   33.0      -0.6706396860105
   33.0      -0.6803371105569
   33.0      -0.6902321905235
   33.0      -0.7003170815097
   33.0      -0.7105846332876
   33.0      -0.7210283080529
   33.0      -0.7316421007563
   33.0      -0.7424204959522
   33.0      -0.7533583960104
   33.0      -0.7644510896698
   33.0      -0.7756942173281
   33.0      -0.7870837162870
   33.0      -0.7986158167570
   33.0      -0.8102870001870
   33.0      -0.8220939975583
   33.0      -0.8340337390494
   33.0      -0.8461033509481
   33.0      -0.8583001654818
   33.0      -0.8706216386942
   33.0      -0.8830654365194
   33.0      -0.8956293254492
   33.0      -0.9083112282980
   33.0      -0.9211091984496
   33.0      -0.9340213932106
   33.0      -0.9470460731201
   33.0      -0.9601816412555
   33.0      -0.9734265561176
   33.0      -0.9867794066992
   33.0      -1.0002388493448
   33.0      -1.0138035880421
   33.0      -1.0274724448911
   33.0      -1.0412442767757
   33.0      -1.0551180133022
   33.0      -1.0690926556379
   33.0      -1.0831672534525
   33.0      -1.0973409036141
   33.0      -1.1116127519835
   33.0      -1.1259820132511
   33.0      -1.1404479533847
   33.0      -1.1550098276986
   33.0      -1.1696670065696
   34.0      -0.5402279922922
   34.0      -0.5403661218607
   34.0      -0.5414097597260
   34.0      -0.5435471562893
   34.0      -0.5466442423983
   34.0      -0.5505548167441
   34.0      -0.5551589743472
   34.0      -0.5603631937180
   34.0      -0.5660945133661
   34.0      -0.5722951798426
   34.0      -0.5789186680914
   34.0      -0.5859268552179
   34.0      -0.5932880241804
   34.0      -0.6009754155964
   34.0      -0.6089661831643
   34.0      -0.6172406190537
   34.0      -0.6257815608408
   34.0      -0.6345739380734
   34.0      -0.6436044233888
   34.0      -0.6528611541811
   34.0      -0.6623335107177
   34.0      -0.6720119310992
   34.0      -0.6818877765783
   34.0      -0.6919531979586
   34.0      -0.7022010402858
   34.0      -0.7126247643618
   34.0      -0.7232183590545
   34.0      -0.7339763038407
   34.0      -0.7448934989388
   34.0      -0.7559652251958
   34.0      -0.7671871187795
   34.0      -0.7785551129867
   34.0      -0.7900654293862
   34.0      -0.8017145465882
   34.0      -0.8134991872563
   34.0      -0.8254162749610
   34.0      -0.8374629317852
   34.0      -0.8496364791855
   34.0      -0.8619343700059
   34.0      -0.8743542599190
   34.0      -0.8868939086663
   34.0      -0.8995512320164
   34.0      -0.9123242722658
   34.0      -0.9252111814083
   34.0      -0.9382102091493
   34.0      -0.9513197510559
   34.0      -0.9645382517782
   34.0      -0.9778642909379
   34.0      -0.9912965222088
   34.0      -1.0048336477710
   34.0      -1.0184744864499
   34.0      -1.0322178929036
   34.0      -1.0460627941257
   34.0      -1.0600081884377
   34.0      -1.0740531226853
   34.0      -1.0881966914006
   34.0      -1.1024380379715
   34.0      -1.1167763740604
   34.0      -1.1312109624342
   34.0      -1.1457410568576
   34.0      -1.1603660239369
   35.0      -0.5322404031672
   35.0      -0.5323773054698
   35.0      -0.5334144481774
   35.0      -0.5355414265276
   35.0      -0.5386258714486
   35.0      -0.5425225384643
   35.0      -0.5471120025595
   35.0      -0.5523009873098
   35.0      -0.5580166607595
   35.0      -0.5642013437981
   35.0      -0.5708085583893
   35.0      -0.5778002103188
   35.0      -0.5851445976942
   35.0      -0.5928149738881
   35.0      -0.6007885015871
   35.0      -0.6090454749508
   35.0      -0.6175687336259
   35.0      -0.6263432102788
   35.0      -0.6353555758471
   35.0      -0.6445939653740
   35.0      -0.6540477596783
   35.0      -0.6637073937621
   35.0      -0.6735642241894
   35.0      -0.6836104011720
   35.0      -0.6938387653192
   35.0      -0.7042427718152
   35.0      -0.7148164084297
   35.0      -0.7255541483901
   35.0      -0.7364508865566
   35.0      -0.7475019017009
   35.0      -0.7587028219410
   35.0      -0.7700495763455
   35.0      -0.7815383825544
   35.0      -0.7931657105332
   35.0      -0.8049282790821
   35.0      -0.8168230048049
   35.0      -0.8288470024837
   35.0      -0.8409975888589
   35.0      -0.8532722076795
   35.0      -0.8656685089178
   35.0      -0.8781842443375
   35.0      -0.8908173214860
   35.0      -0.9035657760329
   35.0      -0.9164277489104
   35.0      -0.9294014849974
   35.0      -0.9424853674995
   35.0      -0.9556778352570
   35.0      -0.9689774529337
   35.0      -0.9823828646964
   35.0      -0.9958927708065
   35.0      -1.0095059868363
   35.0      -1.0232213652161
   35.0      -1.0370378303341
   35.0      -1.0509543776766
   35.0      -1.0649700512767
   35.0      -1.0790839433300
   35.0      -1.0932951947543
   35.0      -1.1076030141981
   35.0      -1.1220066612439
   35.0      -1.1365053880906
   35.0      -1.1510985576017
   36.0      -0.5242697877082
   36.0      -0.5244054782905
   36.0      -0.5254362035482
   36.0      -0.5275528827102
   36.0      -0.5306248271231
   36.0      -0.5345077390707
   36.0      -0.5390826666559
   36.0      -0.5442565766115
   36.0      -0.5499567690941
   36.0      -0.5561256386125
   36.0      -0.5627167508210
   36.0      -0.5696920414747
   36.0      -0.5770198273308
   36.0      -0.5846733707423
   36.0      -0.5926298424857
   36.0      -0.6008695430376
   36.0      -0.6093753124494
   36.0      -0.6181320835855
   36.0      -0.6271265295824
   36.0      -0.6363467835124
   36.0      -0.6457822226327
   36.0      -0.6554232823312
   36.0      -0.6652613158894
   36.0      -0.6752884682866
   36.0      -0.6854975793325
   36.0      -0.6958820998659
   36.0      -0.7064360118558
   36.0      -0.7171537868178
   36.0      -0.7280303140610
   36.0      -0.7390608663709
   36.0      -0.7502410695378
   36.0      -0.7615668453827
   36.0      -0.7730344064072
   36.0      -0.7846402192513
   36.0      -0.7963809931635
   36.0      -0.8082536414552
   36.0      -0.8202552722886
   36.0      -0.8323831937794
   36.0      -0.8446348468903
   36.0      -0.8570078703777
   36.0      -0.8695000117422
   36.0      -0.8821091701249
   36.0      -0.8948333723982
   36.0      -0.9076707536565
   36.0      -0.9206195478352
   36.0      -0.9336781317670
   36.0      -0.9468449338706
   36.0      -0.9601185112819
   36.0      -0.9734974942996
   36.0      -0.9869805737017
   36.0      -1.0005665616613
   36.0      -1.0142543083799
   36.0      -1.0280427356472
   36.0      -1.0419308361247
   36.0      -1.0559176510443
   36.0      -1.0700022702646
   36.0      -1.0841838322366
   36.0      -1.0984615426083
   36.0      -1.1128346577945
   36.0      -1.1273024284126
   36.0      -1.1418642136104
   37.0      -0.5163159952171
   37.0      -0.5164504895244
   37.0      -0.5174748746085
   37.0      -0.5195813726944
   37.0      -0.5226409538066
   37.0      -0.5265102582851
   37.0      -0.5310708050369
   37.0      -0.5362297992351
   37.0      -0.5419146716441
   37.0      -0.5480678930376
   37.0      -0.5546430733394
   37.0      -0.5616021745943
   37.0      -0.5689135329492
   37.0      -0.5765504236835
   37.0      -0.5844900223899
   37.0      -0.5927126343102
   37.0      -0.6012011040269
   37.0      -0.6099403638739
   37.0      -0.6189170857137
   37.0      -0.6281194040654
   37.0      -0.6375366939677
   37.0      -0.6471593867174
   37.0      -0.6569788351887
   37.0      -0.6669871814497
   37.0      -0.6771772596078
   37.0      -0.6875425191403
   37.0      -0.6980769384203
   37.0      -0.7087749822195
   37.0      -0.7196315382542
   37.0      -0.7306418741265
   37.0      -0.7418016087988
   37.0      -0.7531066622989
   37.0      -0.7645532398822
   37.0      -0.7761378026988
   37.0      -0.7878570562258
   37.0      -0.7997079050671
   37.0      -0.8116874535714
   37.0      -0.8237930029533
   37.0      -0.8360219867359
   37.0      -0.8483720389175
   37.0      -0.8608408976905
   37.0      -0.8734264566149
   37.0      -0.8861267346193
   37.0      -0.8989398578481
   37.0      -0.9118640551513
   37.0      -0.9248976907148
   37.0      -0.9380391882624
   37.0      -0.9512870932571
   37.0      -0.9646400287654
   37.0      -0.9780966730097
   37.0      -0.9916558265363
   37.0      -1.0053163370620
   37.0      -1.0190771237848
   37.0      -1.0329371765521
   37.0      -1.0468955338059
   37.0      -1.0609512830670
   37.0      -1.0751035603232
   37.0      -1.0893515682352
   37.0      -1.1036945600668
   37.0      -1.1181317848384
   37.0      -1.1326625980090
   38.0      -0.5083788765905
   38.0      -0.5085121896736
   38.0      -0.5095303104459
   38.0      -0.5116267446829
   38.0      -0.5146740990771
   38.0      -0.5185299411373
   38.0      -0.5230762575404
   38.0      -0.5282204931310
   38.0      -0.5338902057622
   38.0      -0.5400279407047
   38.0      -0.5465873545172
   38.0      -0.5535304372254
   38.0      -0.5608255404949
   38.0      -0.5684459527121
   38.0      -0.5763688584322
   38.0      -0.5845745650805
   38.0      -0.5930459195844
   38.0      -0.6017678575445
   38.0      -0.6107270497860
   38.0      -0.6199116283480
   38.0      -0.6293109689077
   38.0      -0.6389155009152
   38.0      -0.6487165721470
   38.0      -0.6587063239470
   38.0      -0.6688775878774
   38.0      -0.6792238070482
   38.0      -0.6897389584782
   38.0      -0.7004175032814
   38.0      -0.7112543223523
   38.0      -0.7222446813923
   38.0      -0.7333841943204
   38.0      -0.7446687743904
   38.0      -0.7560946246709
   38.0      -0.7676581996777
   38.0      -0.7793561980936
   38.0      -0.7911855218370
   38.0      -0.8031432665076
   38.0      -0.8152267282847
   38.0      -0.8274333359299
   38.0      -0.8397607134996
   38.0      -0.8522065962237
   38.0      -0.8647688677140
   38.0      -0.8774455407986
   38.0      -0.8902347345453
   38.0      -0.9031346687513
   38.0      -0.9161437013360
   38.0      -0.9292602450088
   38.0      -0.9424828389310
   38.0      -0.9558100953477
   38.0      -0.9692406856534
   38.0      -0.9827733970725
   38.0      -0.9964070659292
   38.0      -1.0101406084668
   38.0      -1.0239730117290
   38.0      -1.0379033113791
   38.0      -1.0519305925997
   38.0      -1.0660539889187
   38.0      -1.0802727000230
   38.0      -1.0945859760418
   38.0      -1.1089930643829
   38.0      -1.1234933168436
   39.0      -0.5004582878438
   39.0      -0.5005904344035
   39.0      -0.5016023644450
   39.0      -0.5036888482807
   39.0      -0.5067241106135
   39.0      -0.5105666347536
   39.0      -0.5150988695137
   39.0      -0.5202284983929
   39.0      -0.5258832089997
   39.0      -0.5320056186515
   39.0      -0.5385494282863
   39.0      -0.5454766578414
   39.0      -0.5527556771154
   39.0      -0.5603597837226
   39.0      -0.5682661708055
   39.0      -0.5764551521150
   39.0      -0.5849095751672
   39.0      -0.5936143760539
   39.0      -0.6025562279283
   39.0      -0.6117232615386
   39.0      -0.6211048489393
   39.0      -0.6306914199578
   39.0      -0.6404743203424
   39.0      -0.6504456859542
   39.0      -0.6605983472578
   39.0      -0.6709257448817
   39.0      -0.6814218495390
   39.0      -0.6920811201384
   39.0      -0.7028984346084
   39.0      -0.7138690514935
   39.0      -0.7249885821918
   39.0      -0.7362529358865
   39.0      -0.7476583081526
   39.0      -0.7592011513946
   39.0      -0.7708781573752
   39.0      -0.7826862215088
   39.0      -0.7946224367477
   39.0      -0.8066840899540
   39.0      -0.8188686059497
   39.0      -0.8311736024938
   39.0      -0.8435968062071
   39.0      -0.8561360968712
   39.0      -0.8687894776353
   39.0      -0.8815550612970
   39.0      -0.8944310614544
   39.0      -0.9074158250935
   39.0      -0.9205077605671
   39.0      -0.9337053946273
   39.0      -0.9470073335167
   39.0      -0.9604122388809
   39.0      -0.9739188893969
   39.0      -0.9875261096484
   39.0      -1.0012328034131
   39.0      -1.0150379544255
   39.0      -1.0289405955815
   39.0      -1.0429398097252
   39.0      -1.0570347279278
   39.0      -1.0712245469158
   39.0      -1.0855085137001
   39.0      -1.0998858740611
   39.0      -1.1143559761605
   40.0      -0.4925540860171
   40.0      -0.4926850806608
   40.0      -0.4936908930791
   40.0      -0.4957675382916
   40.0      -0.4987908388348
   40.0      -0.5026201864427
   40.0      -0.5071384876237
   40.0      -0.5122536604448
   40.0      -0.5178935217760
   40.0      -0.5240007640872
   40.0      -0.5305291313370
   40.0      -0.5374406706064
   40.0      -0.5447037712678
   40.0      -0.5522917434684
   40.0      -0.5601817852804
   40.0      -0.5683542158327
   40.0      -0.5767918872078
   40.0      -0.5854797351407
   40.0      -0.5944044318158
   40.0      -0.6035541095441
   40.0      -0.6129181388500
   40.0      -0.6224869454677
   40.0      -0.6322518746749
   40.0      -0.6422050606147
   40.0      -0.6523393279976
   40.0      -0.6626481156489
   40.0      -0.6731253924358
   40.0      -0.6837656103626
   40.0      -0.6945636449942
   40.0      -0.7055147522237
   40.0      -0.7166145358268
   40.0      -0.7278589025870
   40.0      -0.7392440441504
   40.0      -0.7507664053192
   40.0      -0.7624226748232
   40.0      -0.7742097424416
   40.0      -0.7861246939977
   40.0      -0.7981648130564
   40.0      -0.8103275169588
   40.0      -0.8226104169953
   40.0      -0.8350112356198
   40.0      -0.8475278428867
   40.0      -0.8601582379788
   40.0      -0.8729005247298
   40.0      -0.8857529102883
   40.0      -0.8987137345148
   40.0      -0.9117813961109
   40.0      -0.9249544162333
   40.0      -0.9382313893669
   40.0      -0.9516109715378
   40.0      -0.9650919307592
   40.0      -0.9786730835821
   40.0      -0.9923533223434
   40.0      -1.0061316174118
   40.0      -1.0200069982309
   40.0      -1.0339785453060
   40.0      -1.0480453872553
   40.0      -1.0622067178580
   40.0      -1.0764617810228
   40.0      -1.0908098208877
   40.0      -1.1052501820056
