# P (GPa)             Gibbs free energy (Ry.)
# T= 0.000000 K
    0.0      -0.8231615740899
    1.0      -0.8144866908448
    2.0      -0.8058357624336
    3.0      -0.7972085132167
    4.0      -0.7886046740335
    5.0      -0.7800239817946
    6.0      -0.7714661762792
    7.0      -0.7629310055436
    8.0      -0.7544182196340
    9.0      -0.7459275748528
   10.0      -0.7374588327371
   11.0      -0.7290117568162
   12.0      -0.7205861182943
   13.0      -0.7121816904502
   14.0      -0.7037982506011
   15.0      -0.6954355824331
   16.0      -0.6870934705604
   17.0      -0.6787717052466
   18.0      -0.6704700811851
   19.0      -0.6621883939883
   20.0      -0.6539264455763
   21.0      -0.6456840408583
   22.0      -0.6374609858808
   23.0      -0.6292570930240
   24.0      -0.6210721768935
   25.0      -0.6129060532437
   26.0      -0.6047585439255
   27.0      -0.5966294728083
   28.0      -0.5885186646318
   29.0      -0.5804259498277
   30.0      -0.5723511611207
   31.0      -0.5642941316835
   32.0      -0.5562546996039
   33.0      -0.5482327060378
   34.0      -0.5402279922922
   35.0      -0.5322404031672
   36.0      -0.5242697877082
   37.0      -0.5163159952171
   38.0      -0.5083788765905
   39.0      -0.5004582878438
   40.0      -0.4925540860171
# T= 100.000000 K
    0.0      -0.8233531470711
    1.0      -0.8146762865904
    2.0      -0.8060234110922
    3.0      -0.7973942445982
    4.0      -0.7887885169515
    5.0      -0.7802059647276
    6.0      -0.7716463269715
    7.0      -0.7631093510917
    8.0      -0.7545947868192
    9.0      -0.7461023895618
   10.0      -0.7376319205785
   11.0      -0.7291831428223
   12.0      -0.7207558268317
   13.0      -0.7123497456866
   14.0      -0.7039646759379
   15.0      -0.6956004008996
   16.0      -0.6872567049080
   17.0      -0.6789333774683
   18.0      -0.6706302130487
   19.0      -0.6623470069053
   20.0      -0.6540835602848
   21.0      -0.6458396779350
   22.0      -0.6376151655046
   23.0      -0.6294098347829
   24.0      -0.6212235002395
   25.0      -0.6130559772407
   26.0      -0.6049070870895
   27.0      -0.5967766535294
   28.0      -0.5886645009701
   29.0      -0.5805704592963
   30.0      -0.5724943611066
   31.0      -0.5644360393333
   32.0      -0.5563953315034
   33.0      -0.5483720786271
   34.0      -0.5403661218607
   35.0      -0.5323773054698
   36.0      -0.5244054782905
   37.0      -0.5164504895244
   38.0      -0.5085121896736
   39.0      -0.5005904344035
   40.0      -0.4926850806608
# T= 200.000000 K
    0.0      -0.8246762242052
    1.0      -0.8159891213561
    2.0      -0.8073261535782
    3.0      -0.7986870433391
    4.0      -0.7900715159544
    5.0      -0.7814793055036
    6.0      -0.7729101485260
    7.0      -0.7643637882253
    8.0      -0.7558399731642
    9.0      -0.7473384545531
   10.0      -0.7388589915861
   11.0      -0.7304013452851
   12.0      -0.7219652821799
   13.0      -0.7135505743776
   14.0      -0.7051569953356
   15.0      -0.6967843256437
   16.0      -0.6884323487334
   17.0      -0.6801008504679
   18.0      -0.6717896236584
   19.0      -0.6634984624002
   20.0      -0.6552271643521
   21.0      -0.6469755331498
   22.0      -0.6387433731149
   23.0      -0.6305304926875
   24.0      -0.6223367054706
   25.0      -0.6141618255245
   26.0      -0.6060056710016
   27.0      -0.5978680648596
   28.0      -0.5897488304091
   29.0      -0.5816477945060
   30.0      -0.5735647889188
   31.0      -0.5654996457928
   32.0      -0.5574521997950
   33.0      -0.5494222908935
   34.0      -0.5414097597260
   35.0      -0.5334144481774
   36.0      -0.5254362035482
   37.0      -0.5174748746085
   38.0      -0.5095303104459
   39.0      -0.5016023644450
   40.0      -0.4936908930791
# T= 300.000000 K
    0.0      -0.8272578030521
    1.0      -0.8185545330435
    2.0      -0.8098756292059
    3.0      -0.8012208088570
    4.0      -0.7925897938746
    5.0      -0.7839823113591
    6.0      -0.7753980957803
    7.0      -0.7668368838668
    8.0      -0.7582984207217
    9.0      -0.7497824541845
   10.0      -0.7412887373316
   11.0      -0.7328170295957
   12.0      -0.7243670919844
   13.0      -0.7159386930134
   14.0      -0.7075316041293
   15.0      -0.6991455999453
   16.0      -0.6907804620888
   17.0      -0.6824359733236
   18.0      -0.6741119213666
   19.0      -0.6658080991956
   20.0      -0.6575243005614
   21.0      -0.6492603251065
   22.0      -0.6410159762097
   23.0      -0.6327910581041
   24.0      -0.6245853811412
   25.0      -0.6163987585105
   26.0      -0.6082310042683
   27.0      -0.6000819384172
   28.0      -0.5919513834981
   29.0      -0.5838391627136
   30.0      -0.5757451047698
   31.0      -0.5676690411339
   32.0      -0.5596108036181
   33.0      -0.5515702286866
   34.0      -0.5435471562893
   35.0      -0.5355414265276
   36.0      -0.5275528827102
   37.0      -0.5195813726944
   38.0      -0.5116267446829
   39.0      -0.5036888482807
   40.0      -0.4957675382916
# T= 400.000000 K
    0.0      -0.8308899239989
    1.0      -0.8221672883869
    2.0      -0.8134692907848
    3.0      -0.8047956400808
    4.0      -0.7961460543052
    5.0      -0.7875202545786
    6.0      -0.7789179690720
    7.0      -0.7703389315940
    8.0      -0.7617828793405
    9.0      -0.7532495577008
   10.0      -0.7447387139142
   11.0      -0.7362501021434
   12.0      -0.7277834811631
   13.0      -0.7193386123051
   14.0      -0.7109152646068
   15.0      -0.7025132087597
   16.0      -0.6941322203838
   17.0      -0.6857720808687
   18.0      -0.6774325725962
   19.0      -0.6691134843626
   20.0      -0.6608146085554
   21.0      -0.6525357389333
   22.0      -0.6442766760266
   23.0      -0.6360372225141
   24.0      -0.6278171829110
   25.0      -0.6196163682584
   26.0      -0.6114345910479
   27.0      -0.6032716657062
   28.0      -0.5951274128684
   29.0      -0.5870016544120
   30.0      -0.5788942138062
   31.0      -0.5708049205013
   32.0      -0.5627336053522
   33.0      -0.5546801001782
   34.0      -0.5466442423983
   35.0      -0.5386258714486
   36.0      -0.5306248271231
   37.0      -0.5226409538066
   38.0      -0.5146740990771
   39.0      -0.5067241106135
   40.0      -0.4987908388348
# T= 500.000000 K
    0.0      -0.8353861492208
    1.0      -0.8266423977961
    2.0      -0.8179235732765
    3.0      -0.8092293809627
    4.0      -0.8005595297898
    5.0      -0.7919137377563
    6.0      -0.7832917254217
    7.0      -0.7746932214872
    8.0      -0.7661179589614
    9.0      -0.7575656754904
   10.0      -0.7490361161425
   11.0      -0.7405290277943
   12.0      -0.7320441651306
   13.0      -0.7235812861542
   14.0      -0.7151401526171
   15.0      -0.7067205334199
   16.0      -0.6983221987056
   17.0      -0.6899449247627
   18.0      -0.6815884924226
   19.0      -0.6732526839263
   20.0      -0.6649372885803
   21.0      -0.6566420980767
   22.0      -0.6483669064119
   23.0      -0.6401115143393
   24.0      -0.6318757238649
   25.0      -0.6236593399554
   26.0      -0.6154621736930
   27.0      -0.6072840369455
   28.0      -0.5991247446541
   29.0      -0.5909841174625
   30.0      -0.5828619766491
   31.0      -0.5747581461447
   32.0      -0.5666724555076
   33.0      -0.5586047350154
   34.0      -0.5505548167441
   35.0      -0.5425225384643
   36.0      -0.5345077390707
   37.0      -0.5265102582851
   38.0      -0.5185299411373
   39.0      -0.5105666347536
   40.0      -0.5026201864427
# T= 600.000000 K
    0.0      -0.8406072694177
    1.0      -0.8318413198690
    2.0      -0.8231005998266
    3.0      -0.8143848069829
    4.0      -0.8056936459207
    5.0      -0.7970268256910
    6.0      -0.7883840639368
    7.0      -0.7797650808386
    8.0      -0.7711696053039
    9.0      -0.7625973696061
   10.0      -0.7540481117523
   11.0      -0.7455215762848
   12.0      -0.7370175098979
   13.0      -0.7285356674548
   14.0      -0.7200758062604
   15.0      -0.7116376884534
   16.0      -0.7032210825521
   17.0      -0.6948257583284
   18.0      -0.6864514924863
   19.0      -0.6780980652284
   20.0      -0.6697652588354
   21.0      -0.6614528627636
   22.0      -0.6531606680650
   23.0      -0.6448884690727
   24.0      -0.6366360664278
   25.0      -0.6284032615786
   26.0      -0.6201898599494
   27.0      -0.6119956723948
   28.0      -0.6038205102799
   29.0      -0.5956641890415
   30.0      -0.5875265290830
   31.0      -0.5794073511913
   32.0      -0.5713064797806
   33.0      -0.5632237442419
   34.0      -0.5551589743472
   35.0      -0.5471120025595
   36.0      -0.5390826666559
   37.0      -0.5310708050369
   38.0      -0.5230762575404
   39.0      -0.5150988695137
   40.0      -0.5071384876237
# T= 700.000000 K
    0.0      -0.8464503176821
    1.0      -0.8376614033494
    2.0      -0.8288980313981
    3.0      -0.8201598914559
    4.0      -0.8114466814017
    5.0      -0.8027581050917
    6.0      -0.7940938717045
    7.0      -0.7854536983840
    8.0      -0.7768373050741
    9.0      -0.7682444206747
   10.0      -0.7596747768244
   11.0      -0.7511281118067
   12.0      -0.7426041695614
   13.0      -0.7341026967409
   14.0      -0.7256234481555
   15.0      -0.7171661805201
   16.0      -0.7087306563018
   17.0      -0.7003166435341
   18.0      -0.6919239117607
   19.0      -0.6835522379128
   20.0      -0.6752014015705
   21.0      -0.6668711851758
   22.0      -0.6585613781043
   23.0      -0.6502717708598
   24.0      -0.6420021581266
   25.0      -0.6337523402738
   26.0      -0.6255221183008
   27.0      -0.6173112980454
   28.0      -0.6091196900147
   29.0      -0.6009471051843
   30.0      -0.5927933594248
   31.0      -0.5846582727906
   32.0      -0.5765416656827
   33.0      -0.5684433629591
   34.0      -0.5603631937180
   35.0      -0.5523009873098
   36.0      -0.5442565766115
   37.0      -0.5362297992351
   38.0      -0.5282204931310
   39.0      -0.5202284983929
   40.0      -0.5122536604448
# T= 800.000000 K
    0.0      -0.8528374223053
    1.0      -0.8440249368766
    2.0      -0.8352383128612
    3.0      -0.8264772355969
    4.0      -0.8177413941101
    5.0      -0.8090304863706
    6.0      -0.8003442155359
    7.0      -0.7916822909027
    8.0      -0.7830444290419
    9.0      -0.7744303497767
   10.0      -0.7658397818381
   11.0      -0.7572724563323
   12.0      -0.7487281117422
   13.0      -0.7402064913821
   14.0      -0.7317073419560
   15.0      -0.7232304180671
   16.0      -0.7147754759412
   17.0      -0.7063422783116
   18.0      -0.6979305926775
   19.0      -0.6895401884765
   20.0      -0.6811708427118
   21.0      -0.6728223343835
   22.0      -0.6644944461523
   23.0      -0.6561869671771
   24.0      -0.6478996874995
   25.0      -0.6396324021359
   26.0      -0.6313849110967
   27.0      -0.6231570150312
   28.0      -0.6149485201289
   29.0      -0.6067592364904
   30.0      -0.5985889748036
   31.0      -0.5904375512976
   32.0      -0.5823047856266
   33.0      -0.5741904979028
   34.0      -0.5660945133661
   35.0      -0.5580166607595
   36.0      -0.5499567690941
   37.0      -0.5419146716441
   38.0      -0.5338902057622
   39.0      -0.5258832089997
   40.0      -0.5178935217760
# T= 900.000000 K
    0.0      -0.8597081089026
    1.0      -0.8508715284806
    2.0      -0.8420611391983
    3.0      -0.8332766166303
    4.0      -0.8245176458165
    5.0      -0.8157839152712
    6.0      -0.8070751229716
    7.0      -0.7983909714177
    8.0      -0.7897311700043
    9.0      -0.7810954346925
   10.0      -0.7724834852645
   11.0      -0.7638950501674
   12.0      -0.7553298600667
   13.0      -0.7467876535715
   14.0      -0.7382681733766
   15.0      -0.7297711662893
   16.0      -0.7212963866043
   17.0      -0.7128435901481
   18.0      -0.7044125398548
   19.0      -0.6960030026657
   20.0      -0.6876147480178
   21.0      -0.6792475528510
   22.0      -0.6709011956416
   23.0      -0.6625754592925
   24.0      -0.6542701326576
   25.0      -0.6459850053957
   26.0      -0.6377198728194
   27.0      -0.6294745345289
   28.0      -0.6212487909140
   29.0      -0.6130424484461
   30.0      -0.6048553167883
   31.0      -0.5966872064355
   32.0      -0.5885379338932
   33.0      -0.5804073183903
   34.0      -0.5722951798426
   35.0      -0.5642013437981
   36.0      -0.5561256386125
   37.0      -0.5480678930376
   38.0      -0.5400279407047
   39.0      -0.5320056186515
   40.0      -0.5240007640872
# T= 1000.000000 K
    0.0      -0.8670142682069
    1.0      -0.8581531189220
    2.0      -0.8493184960566
    3.0      -0.8405100703789
    4.0      -0.8317275171827
    5.0      -0.8229705211227
    6.0      -0.8142387702857
    7.0      -0.8055319625771
    8.0      -0.7968497998875
    9.0      -0.7881919916816
   10.0      -0.7795582532973
   11.0      -0.7709483045257
   12.0      -0.7623618734467
   13.0      -0.7537986903690
   14.0      -0.7452584939544
   15.0      -0.7367410262996
   16.0      -0.7282460343424
   17.0      -0.7197732719971
   18.0      -0.7113224947733
   19.0      -0.7028934657370
   20.0      -0.6944859512689
   21.0      -0.6860997208803
   22.0      -0.6777345513429
   23.0      -0.6693902206675
   24.0      -0.6610665119997
   25.0      -0.6527632138276
   26.0      -0.6444801155038
   27.0      -0.6362170125881
   28.0      -0.6279737042396
   29.0      -0.6197499906751
   30.0      -0.6115456785703
   31.0      -0.6033605771365
   32.0      -0.5951944967664
   33.0      -0.5870472541531
   34.0      -0.5789186680914
   35.0      -0.5708085583893
   36.0      -0.5627167508210
   37.0      -0.5546430733394
   38.0      -0.5465873545172
   39.0      -0.5385494282863
   40.0      -0.5305291313370
# T= 1100.000000 K
    0.0      -0.8747168299426
    1.0      -0.8658306601949
    2.0      -0.8569713651361
    3.0      -0.8481386033247
    4.0      -0.8393320450086
    5.0      -0.8305513652556
    6.0      -0.8217962482675
    7.0      -0.8130663817813
    8.0      -0.8043614635529
    9.0      -0.7956811949162
   10.0      -0.7870252853718
   11.0      -0.7783934496348
   12.0      -0.7697854075358
   13.0      -0.7612008867241
   14.0      -0.7526396172303
   15.0      -0.7441013376935
   16.0      -0.7355857896449
   17.0      -0.7270927201624
   18.0      -0.7186218827258
   19.0      -0.7101730326073
   20.0      -0.7017459329314
   21.0      -0.6933403495310
   22.0      -0.6849560520411
   23.0      -0.6765928169845
   24.0      -0.6682504219641
   25.0      -0.6599286503536
   26.0      -0.6516272902320
   27.0      -0.6433461307198
   28.0      -0.6350849675667
   29.0      -0.6268435994716
   30.0      -0.6186218265635
   31.0      -0.6104194556383
   32.0      -0.6022362954510
   33.0      -0.5940721563825
   34.0      -0.5859268552179
   35.0      -0.5778002103188
   36.0      -0.5696920414747
   37.0      -0.5616021745943
   38.0      -0.5535304372254
   39.0      -0.5454766578414
   40.0      -0.5374406706064
# T= 1200.000000 K
    0.0      -0.8827835170343
    1.0      -0.8738718901034
    2.0      -0.8649874946629
    3.0      -0.8561299808787
    4.0      -0.8472990074114
    5.0      -0.8384942439418
    6.0      -0.8297153653522
    7.0      -0.8209620553346
    8.0      -0.8122340013518
    9.0      -0.8035309009304
   10.0      -0.7948524549047
   11.0      -0.7861983727708
   12.0      -0.7775683686324
   13.0      -0.7689621623753
   14.0      -0.7603794811678
   15.0      -0.7518200548388
   16.0      -0.7432836219259
   17.0      -0.7347699234352
   18.0      -0.7262787065818
   19.0      -0.7178097243689
   20.0      -0.7093627319088
   21.0      -0.7009374923064
   22.0      -0.6925337708723
   23.0      -0.6841513373938
   24.0      -0.6757899680815
   25.0      -0.6674494401889
   26.0      -0.6591295372905
   27.0      -0.6508300470241
   28.0      -0.6425507583536
   29.0      -0.6342914671514
   30.0      -0.6260519716463
   31.0      -0.6178320719654
   32.0      -0.6096315749330
   33.0      -0.6014502888531
   34.0      -0.5932880241804
   35.0      -0.5851445976942
   36.0      -0.5770198273308
   37.0      -0.5689135329492
   38.0      -0.5608255404949
   39.0      -0.5527556771154
   40.0      -0.5447037712678
# T= 1300.000000 K
    0.0      -0.8911872272592
    1.0      -0.8822497202098
    2.0      -0.8733398035432
    3.0      -0.8644571262952
    4.0      -0.8556013378481
    5.0      -0.8467720969675
    6.0      -0.8379690727348
    7.0      -0.8291919398737
    8.0      -0.8204403815230
    9.0      -0.8117140849370
   10.0      -0.8030127473385
   11.0      -0.7943360691211
   12.0      -0.7856837597309
   13.0      -0.7770555326799
   14.0      -0.7684511079138
   15.0      -0.7598702120797
   16.0      -0.7513125748780
   17.0      -0.7427779346646
   18.0      -0.7342660319680
   19.0      -0.7257766141262
   20.0      -0.7173094336336
   21.0      -0.7088642455194
   22.0      -0.7004408127864
   23.0      -0.6920389002573
   24.0      -0.6836582778866
   25.0      -0.6752987215212
   26.0      -0.6669600081251
   27.0      -0.6586419214357
   28.0      -0.6503442486269
   29.0      -0.6420667785830
   30.0      -0.6338093072230
   31.0      -0.6255716323075
   32.0      -0.6173535540377
   33.0      -0.6091548791778
   34.0      -0.6009754155964
   35.0      -0.5928149738881
   36.0      -0.5846733707423
   37.0      -0.5765504236835
   38.0      -0.5684459527121
   39.0      -0.5603597837226
   40.0      -0.5522917434684
# T= 1400.000000 K
    0.0      -0.8999049266637
    1.0      -0.8909411256516
    2.0      -0.8820052758164
    3.0      -0.8730970252938
    4.0      -0.8642160222193
    5.0      -0.8553619152368
    6.0      -0.8465343632103
    7.0      -0.8377330346004
    8.0      -0.8289576039907
    9.0      -0.8202077539333
   10.0      -0.8114831715272
   11.0      -0.8027835536261
   12.0      -0.7941086002428
   13.0      -0.7854580207216
   14.0      -0.7768315280104
   15.0      -0.7682288421097
   16.0      -0.7596496891180
   17.0      -0.7510937986660
   18.0      -0.7425609088574
   19.0      -0.7340507597929
   20.0      -0.7255630989096
   21.0      -0.7170976781727
   22.0      -0.7086542525933
   23.0      -0.7002325849959
   24.0      -0.6918324397560
   25.0      -0.6834535869958
   26.0      -0.6750958021574
   27.0      -0.6667588619781
   28.0      -0.6584425503097
   29.0      -0.6501466538477
   30.0      -0.6418709614741
   31.0      -0.6336152690723
   32.0      -0.6253793739489
   33.0      -0.6171630764366
   34.0      -0.6089661831643
   35.0      -0.6007885015871
   36.0      -0.5926298424857
   37.0      -0.5844900223899
   38.0      -0.5763688584322
   39.0      -0.5682661708055
   40.0      -0.5601817852804
# T= 1500.000000 K
    0.0      -0.9089168199775
    1.0      -0.8999263170874
    2.0      -0.8909641280300
    3.0      -0.8820299000474
    4.0      -0.8731232803816
    5.0      -0.8642439162745
    6.0      -0.8553914556768
    7.0      -0.8465655575374
    8.0      -0.8377658896838
    9.0      -0.8289921265694
   10.0      -0.8202439501359
   11.0      -0.8115210473685
   12.0      -0.8028231146949
   13.0      -0.7941498518073
   14.0      -0.7855009678911
   15.0      -0.7768761753652
   16.0      -0.7682751942709
   17.0      -0.7596977501409
   18.0      -0.7511435725828
   19.0      -0.7426123993861
   20.0      -0.7341039702761
   21.0      -0.7256180327564
   22.0      -0.7171543382540
   23.0      -0.7087126418121
   24.0      -0.7002927060113
   25.0      -0.6918942948231
   26.0      -0.6835171785277
   27.0      -0.6751611321282
   28.0      -0.6668259322009
   29.0      -0.6585113626545
   30.0      -0.6502172097032
   31.0      -0.6419432622915
   32.0      -0.6336893161915
   33.0      -0.6254551682774
   34.0      -0.6172406190537
   35.0      -0.6090454749508
   36.0      -0.6008695430376
   37.0      -0.5927126343102
   38.0      -0.5845745650805
   39.0      -0.5764551521150
   40.0      -0.5683542158327
# T= 1600.000000 K
    0.0      -0.9182057252454
    1.0      -0.9091881164179
    2.0      -0.9001991859131
    3.0      -0.8912385800839
    4.0      -0.8823059452833
    5.0      -0.8734009278643
    6.0      -0.8645231741799
    7.0      -0.8556723315350
    8.0      -0.8468480589417
    9.0      -0.8380500235907
   10.0      -0.8292778998076
   11.0      -0.8205313689089
   12.0      -0.8118101177968
   13.0      -0.8031138424233
   14.0      -0.7944422422217
   15.0      -0.7857950261558
   16.0      -0.7771719061567
   17.0      -0.7685726022850
   18.0      -0.7599968395006
   19.0      -0.7514443474222
   20.0      -0.7429148634715
   21.0      -0.7344081270529
   22.0      -0.7259238856956
   23.0      -0.7174618902904
   24.0      -0.7090218959491
   25.0      -0.7006036649519
   26.0      -0.6922069609135
   27.0      -0.6838315542504
   28.0      -0.6754772195006
   29.0      -0.6671437331484
   30.0      -0.6588308790919
   31.0      -0.6505384430734
   32.0      -0.6422662141501
   33.0      -0.6340139879160
   34.0      -0.6257815608408
   35.0      -0.6175687336259
   36.0      -0.6093753124494
   37.0      -0.6012011040269
   38.0      -0.5930459195844
   39.0      -0.5849095751672
   40.0      -0.5767918872078
# T= 1700.000000 K
    0.0      -0.9277566011970
    1.0      -0.9187114848118
    2.0      -0.9096954130524
    3.0      -0.9007080313861
    4.0      -0.8917489852801
    5.0      -0.8828179202018
    6.0      -0.8739144816185
    7.0      -0.8650383149975
    8.0      -0.8561890670467
    9.0      -0.8473663968132
   10.0      -0.8385699708548
   11.0      -0.8297994633653
   12.0      -0.8210545550284
   13.0      -0.8123349326855
   14.0      -0.8036402917708
   15.0      -0.7949703315165
   16.0      -0.7863247606020
   17.0      -0.7777032905171
   18.0      -0.7691056413122
   19.0      -0.7605315373765
   20.0      -0.7519807083634
   21.0      -0.7434528912802
   22.0      -0.7349478252679
   23.0      -0.7264652578321
   24.0      -0.7180049393389
   25.0      -0.7095666249944
   26.0      -0.7011500767289
   27.0      -0.6927550578504
   28.0      -0.6843813388816
   29.0      -0.6760286938756
   30.0      -0.6676968992939
   31.0      -0.6593857389513
   32.0      -0.6510949981378
   33.0      -0.6428244660586
   34.0      -0.6345739380734
   35.0      -0.6263432102788
   36.0      -0.6181320835855
   37.0      -0.6099403638739
   38.0      -0.6017678575445
   39.0      -0.5936143760539
   40.0      -0.5854797351407
# T= 1800.000000 K
    0.0      -0.9375561808963
    1.0      -0.9284831567704
    2.0      -0.9194395453707
    3.0      -0.9104249912810
    4.0      -0.9014391390852
    5.0      -0.8924816333671
    6.0      -0.8835521187104
    7.0      -0.8746502396990
    8.0      -0.8657756409167
    9.0      -0.8569279685257
   10.0      -0.8481068815736
   11.0      -0.8393120459952
   12.0      -0.8305431358432
   13.0      -0.8217998311676
   14.0      -0.8130818187635
   15.0      -0.8043887935139
   16.0      -0.7957204544987
   17.0      -0.7870765100555
   18.0      -0.7784566712821
   19.0      -0.7698606581822
   20.0      -0.7612881945846
   21.0      -0.7527390101922
   22.0      -0.7442128415564
   23.0      -0.7357094276156
   24.0      -0.7272285157949
   25.0      -0.7187698559566
   26.0      -0.7103332034160
   27.0      -0.7019183197104
   28.0      -0.6935249678958
   29.0      -0.6851529185605
   30.0      -0.6768019452639
   31.0      -0.6684718245032
   32.0      -0.6601623399428
   33.0      -0.6518732764459
   34.0      -0.6436044233888
   35.0      -0.6353555758471
   36.0      -0.6271265295824
   37.0      -0.6189170857137
   38.0      -0.6107270497860
   39.0      -0.6025562279283
   40.0      -0.5944044318158
# T= 1900.000000 K
    0.0      -0.9475926862689
    1.0      -0.9384913548699
    2.0      -0.9294198060832
    3.0      -0.9203776836104
    4.0      -0.9113646311532
    5.0      -0.9023802924133
    6.0      -0.8934243110924
    7.0      -0.8844963308922
    8.0      -0.8755959955144
    9.0      -0.8667229486607
   10.0      -0.8578768360014
   11.0      -0.8490573165431
   12.0      -0.8402640556153
   13.0      -0.8314967271134
   14.0      -0.8227550104604
   15.0      -0.8140385924116
   16.0      -0.8053471672740
   17.0      -0.7966804340147
   18.0      -0.7880381005781
   19.0      -0.7794198777221
   20.0      -0.7708254853598
   21.0      -0.7622546467784
   22.0      -0.7537070917356
   23.0      -0.7451825562917
   24.0      -0.7366807792455
   25.0      -0.7282015078779
   26.0      -0.7197444915767
   27.0      -0.7113094857714
   28.0      -0.7028962515694
   29.0      -0.6945045518330
   30.0      -0.6861341571665
   31.0      -0.6777848406380
   32.0      -0.6694563788258
   33.0      -0.6611485551845
   34.0      -0.6528611541811
   35.0      -0.6445939653740
   36.0      -0.6363467835124
   37.0      -0.6281194040654
   38.0      -0.6199116283480
   39.0      -0.6117232615386
   40.0      -0.6035541095441
# T= 2000.000000 K
    0.0      -0.9578556120666
    1.0      -0.9487255735551
    2.0      -0.9396256893256
    3.0      -0.9305556021983
    4.0      -0.9215149549936
    5.0      -0.9125033905317
    6.0      -0.9035205516327
    7.0      -0.8945660811171
    8.0      -0.8856396218049
    9.0      -0.8767408165165
   10.0      -0.8678693080720
   11.0      -0.8590247417062
   12.0      -0.8502067763367
   13.0      -0.8414150767114
   14.0      -0.8326493165472
   15.0      -0.8239091746522
   16.0      -0.8151943377417
   17.0      -0.8065044995295
   18.0      -0.7978393589015
   19.0      -0.7891986233615
   20.0      -0.7805820033831
   21.0      -0.7719892187374
   22.0      -0.7634199921968
   23.0      -0.7548740535706
   24.0      -0.7463511384003
   25.0      -0.7378509854029
   26.0      -0.7293733416520
   27.0      -0.7209179560966
   28.0      -0.7124845842753
   29.0      -0.7040729868339
   30.0      -0.6956829265038
   31.0      -0.6873141738464
   32.0      -0.6789665014507
   33.0      -0.6706396860105
   34.0      -0.6623335107177
   35.0      -0.6540477596783
   36.0      -0.6457822226327
   37.0      -0.6375366939677
   38.0      -0.6293109689077
   39.0      -0.6211048489393
   40.0      -0.6129181388500
# T= 2100.000000 K
    0.0      -0.9683355079080
    1.0      -0.9591763623112
    2.0      -0.9500477444386
    3.0      -0.9409492962292
    4.0      -0.9318806596219
    5.0      -0.9228414765558
    6.0      -0.9138313889697
    7.0      -0.9048500388027
    8.0      -0.8958970679938
    9.0      -0.8869721184819
   10.0      -0.8780748322060
   11.0      -0.8692048511050
   12.0      -0.8603618200374
   13.0      -0.8515453977776
   14.0      -0.8427552485222
   15.0      -0.8339910457827
   16.0      -0.8252524677714
   17.0      -0.8165392011561
   18.0      -0.8078509390483
   19.0      -0.7991873802759
   20.0      -0.7905482318603
   21.0      -0.7819332040486
   22.0      -0.7733420164128
   23.0      -0.7647743912440
   24.0      -0.7562300583924
   25.0      -0.7477087528624
   26.0      -0.7392102133366
   27.0      -0.7307341866246
   28.0      -0.7222804212759
   29.0      -0.7138486729243
   30.0      -0.7054387017288
   31.0      -0.6970502703539
   32.0      -0.6886831492525
   33.0      -0.6803371105569
   34.0      -0.6720119310992
   35.0      -0.6637073937621
   36.0      -0.6554232823312
   37.0      -0.6471593867174
   38.0      -0.6389155009152
   39.0      -0.6306914199578
   40.0      -0.6224869454677
# T= 2200.000000 K
    0.0      -0.9790238725745
    1.0      -0.9698352187443
    2.0      -0.9606774678562
    3.0      -0.9515502609676
    4.0      -0.9424532391361
    5.0      -0.9333860434189
    6.0      -0.9243483148736
    7.0      -0.9153396945574
    8.0      -0.9063598235277
    9.0      -0.8974083428420
   10.0      -0.8884848935577
   11.0      -0.8795891167322
   12.0      -0.8707206534227
   13.0      -0.8618791481739
   14.0      -0.8530642595558
   15.0      -0.8442756512502
   16.0      -0.8355129965310
   17.0      -0.8267759730395
   18.0      -0.8180642673821
   19.0      -0.8093775720652
   20.0      -0.8007155858752
   21.0      -0.7920780153148
   22.0      -0.7834645704603
   23.0      -0.7748749706252
   24.0      -0.7663089376596
   25.0      -0.7577662014349
   26.0      -0.7492464964090
   27.0      -0.7407495612683
   28.0      -0.7322751425067
   29.0      -0.7238229883175
   30.0      -0.7153928544069
   31.0      -0.7069845004302
   32.0      -0.6985976890416
   33.0      -0.6902321905235
   34.0      -0.6818877765783
   35.0      -0.6735642241894
   36.0      -0.6652613158894
   37.0      -0.6569788351887
   38.0      -0.6487165721470
   39.0      -0.6404743203424
   40.0      -0.6322518746749
# T= 2300.000000 K
    0.0      -0.9899129980572
    1.0      -0.9806944336511
    2.0      -0.9715071491809
    3.0      -0.9623507848218
    4.0      -0.9532249807488
    5.0      -0.9441293771372
    6.0      -0.9350636141620
    7.0      -0.9260273319985
    8.0      -0.9170201708217
    9.0      -0.9080417708068
   10.0      -0.8990917721289
   11.0      -0.8901698149632
   12.0      -0.8812755394848
   13.0      -0.8724085858695
   14.0      -0.8635685984114
   15.0      -0.8547552354104
   16.0      -0.8459681600758
   17.0      -0.8372070454059
   18.0      -0.8284715685020
   19.0      -0.8197614158886
   20.0      -0.8110762794717
   21.0      -0.8024158580050
   22.0      -0.7937798574439
   23.0      -0.7851679877414
   24.0      -0.7765799678982
   25.0      -0.7680155193665
   26.0      -0.7594743720123
   27.0      -0.7509562597453
   28.0      -0.7424609212851
   29.0      -0.7339881027631
   30.0      -0.7255375520642
   31.0      -0.7171090249351
   32.0      -0.7087022805203
   33.0      -0.7003170815097
   34.0      -0.6919531979586
   35.0      -0.6836104011720
   36.0      -0.6752884682866
   37.0      -0.6669871814497
   38.0      -0.6587063239470
   39.0      -0.6504456859542
   40.0      -0.6422050606147
# T= 2400.000000 K
    0.0      -1.0009958705063
    1.0      -0.9917469919527
    2.0      -0.9825297721017
    3.0      -0.9733438502452
    4.0      -0.9641888656751
    5.0      -0.9550644576835
    6.0      -0.9459702655623
    7.0      -0.9369059286034
    8.0      -0.9278710860987
    9.0      -0.9188653773404
   10.0      -0.9098884416202
   11.0      -0.9009399182302
   12.0      -0.8920194464623
   13.0      -0.8831266656084
   14.0      -0.8742612149653
   15.0      -0.8654227386348
   16.0      -0.8566108945834
   17.0      -0.8478253455930
   18.0      -0.8390657643437
   19.0      -0.8303318274332
   20.0      -0.8216232212777
   21.0      -0.8129396371939
   22.0      -0.8042807739049
   23.0      -0.7956463367982
   24.0      -0.7870360357428
   25.0      -0.7784495893763
   26.0      -0.7698867188005
   27.0      -0.7613471538411
   28.0      -0.7528306278669
   29.0      -0.7443368796512
   30.0      -0.7358656549208
   31.0      -0.7274167013041
   32.0      -0.7189897745475
   33.0      -0.7105846332876
   34.0      -0.7022010402858
   35.0      -0.6938387653192
   36.0      -0.6854975793325
   37.0      -0.6771772596078
   38.0      -0.6688775878774
   39.0      -0.6605983472578
   40.0      -0.6523393279976
# T= 2500.000000 K
    0.0      -1.0122661066162
    1.0      -1.0029865084514
    2.0      -0.9937389495359
    3.0      -0.9845230682774
    4.0      -0.9753385030834
    5.0      -0.9661848923613
    6.0      -0.9570618745187
    7.0      -0.9479690879632
    8.0      -0.9389061711022
    9.0      -0.9298727623433
   10.0      -0.9208685000941
   11.0      -0.9118930227620
   12.0      -0.9029459687547
   13.0      -0.8940269764795
   14.0      -0.8851356843442
   15.0      -0.8762717307722
   16.0      -0.8674347597235
   17.0      -0.8586244287719
   18.0      -0.8498404003196
   19.0      -0.8410823466801
   20.0      -0.8323499439905
   21.0      -0.8236428785252
   22.0      -0.8149608410295
   23.0      -0.8063035301910
   24.0      -0.7976706508159
   25.0      -0.7890619127207
   26.0      -0.7804770341343
   27.0      -0.7719157358584
   28.0      -0.7633777476360
   29.0      -0.7548628023105
   30.0      -0.7463706387205
   31.0      -0.7379010021508
   32.0      -0.7294536400293
   33.0      -0.7210283080529
   34.0      -0.7126247643618
   35.0      -0.7042427718152
   36.0      -0.6958820998659
   37.0      -0.6875425191403
   38.0      -0.6792238070482
   39.0      -0.6709257448817
   40.0      -0.6626481156489
# T= 2600.000000 K
    0.0      -1.0237178375018
    1.0      -1.0144071129902
    2.0      -1.0051288100486
    3.0      -0.9958825661988
    4.0      -0.9866680189624
    5.0      -0.9774848058613
    6.0      -0.9683325644173
    7.0      -0.9592109321519
    8.0      -0.9501195465871
    9.0      -0.9410580452446
   10.0      -0.9320260656461
   11.0      -0.9230232453134
   12.0      -0.9140492217682
   13.0      -0.9051036325323
   14.0      -0.8961861151275
   15.0      -0.8872963070755
   16.0      -0.8784338459363
   17.0      -0.8695983755711
   18.0      -0.8607895531080
   19.0      -0.8520070406143
   20.0      -0.8432505099890
   21.0      -0.8345196369556
   22.0      -0.8258141076070
   23.0      -0.8171336121425
   24.0      -0.8084778492019
   25.0      -0.7998465230042
   26.0      -0.7912393433380
   27.0      -0.7826560279813
   28.0      -0.7740962974905
   29.0      -0.7655598814760
   30.0      -0.7570465122789
   31.0      -0.7485559288072
   32.0      -0.7400878758704
   33.0      -0.7316421007563
   34.0      -0.7232183590545
   35.0      -0.7148164084297
   36.0      -0.7064360118558
   37.0      -0.6980769384203
   38.0      -0.6897389584782
   39.0      -0.6814218495390
   40.0      -0.6731253924358
# T= 2700.000000 K
    0.0      -1.0353457080742
    1.0      -1.0260034481632
    2.0      -1.0166939939278
    3.0      -1.0074169820024
    4.0      -0.9981720490213
    5.0      -0.9889588316188
    6.0      -0.9797769664295
    7.0      -0.9706260900876
    8.0      -0.9615058392275
    9.0      -0.9524158504837
   10.0      -0.9433557604904
   11.0      -0.9343252058820
   12.0      -0.9253238232930
   13.0      -0.9163512493577
   14.0      -0.9074071207105
   15.0      -0.8984910739857
   16.0      -0.8896027458177
   17.0      -0.8807417729156
   18.0      -0.8719077990777
   19.0      -0.8631004809399
   20.0      -0.8543194802735
   21.0      -0.8455644685181
   22.0      -0.8368351210333
   23.0      -0.8281311236847
   24.0      -0.8194521661566
   25.0      -0.8107979470232
   26.0      -0.8021681699167
   27.0      -0.7935625446147
   28.0      -0.7849807884062
   29.0      -0.7764226216600
   30.0      -0.7678877737971
   31.0      -0.7593759766874
   32.0      -0.7508869693033
   33.0      -0.7424204959522
   34.0      -0.7339763038407
   35.0      -0.7255541483901
   36.0      -0.7171537868178
   37.0      -0.7087749822195
   38.0      -0.7004175032814
   39.0      -0.6920811201384
   40.0      -0.6837656103626
# T= 2800.000000 K
    0.0      -1.0471447683979
    1.0      -1.0377705622620
    2.0      -1.0284295476919
    3.0      -1.0191213604329
    4.0      -1.0098456362302
    5.0      -1.0006020108293
    6.0      -0.9913901199753
    7.0      -0.9822095994135
    8.0      -0.9730600848892
    9.0      -0.9639412121477
   10.0      -0.9548526169343
   11.0      -0.9457939349942
   12.0      -0.9367648020728
   13.0      -0.9277648539152
   14.0      -0.9187937262669
   15.0      -0.9098510548731
   16.0      -0.9009364754790
   17.0      -0.8920496238299
   18.0      -0.8831901358002
   19.0      -0.8743576551543
   20.0      -0.8655518379956
   21.0      -0.8567723458333
   22.0      -0.8480188496053
   23.0      -0.8392910243606
   24.0      -0.8305885556851
   25.0      -0.8219111327864
   26.0      -0.8132584541474
   27.0      -0.8046302228222
   28.0      -0.7960261485867
   29.0      -0.7874459482096
   30.0      -0.7788893419256
   31.0      -0.7703560589094
   32.0      -0.7618458305963
   33.0      -0.7533583960104
   34.0      -0.7448934989388
   35.0      -0.7364508865566
   36.0      -0.7280303140610
   37.0      -0.7196315382542
   38.0      -0.7112543223523
   39.0      -0.7028984346084
   40.0      -0.6945636449942
# T= 2900.000000 K
    0.0      -1.0591104546015
    1.0      -1.0497038894532
    2.0      -1.0403309035478
    3.0      -1.0309911317394
    4.0      -1.0216842088826
    5.0      -1.0124097698316
    6.0      -1.0031674494409
    7.0      -0.9939568825648
    8.0      -0.9847777040578
    9.0      -0.9756295487741
   10.0      -0.9665120515681
   11.0      -0.9574248472943
   12.0      -0.9483675708069
   13.0      -0.9393398569604
   14.0      -0.9303413406091
   15.0      -0.9213716566074
   16.0      -0.9124304398097
   17.0      -0.9035173250704
   18.0      -0.8946319472437
   19.0      -0.8857739413889
   20.0      -0.8769429512587
   21.0      -0.8681386323903
   22.0      -0.8593606460590
   23.0      -0.8506086626632
   24.0      -0.8418823569930
   25.0      -0.8331814143010
   26.0      -0.8245055233611
   27.0      -0.8158543825332
   28.0      -0.8072276943082
   29.0      -0.7986251684627
   30.0      -0.7900465212213
   31.0      -0.7814914727306
   32.0      -0.7729597518663
   33.0      -0.7644510896698
   34.0      -0.7559652251958
   35.0      -0.7475019017009
   36.0      -0.7390608663709
   37.0      -0.7306418741265
   38.0      -0.7222446813923
   39.0      -0.7138690514935
   40.0      -0.7055147522237
# T= 3000.000000 K
    0.0      -1.0712385710250
    1.0      -1.0617992314133
    2.0      -1.0523938605215
    3.0      -1.0430220923112
    4.0      -1.0336835607437
    5.0      -1.0243778997806
    6.0      -1.0151047433833
    7.0      -1.0058637255132
    8.0      -0.9966544801317
    9.0      -0.9874766412004
   10.0      -0.9783298426807
   11.0      -0.9692137185340
   12.0      -0.9601279027218
   13.0      -0.9510720292056
   14.0      -0.9420457319467
   15.0      -0.9330486449066
   16.0      -0.9240804020469
   17.0      -0.9151406373288
   18.0      -0.9062289847140
   19.0      -0.8973450781638
   20.0      -0.8884885519450
   21.0      -0.8796590498137
   22.0      -0.8708562267136
   23.0      -0.8620797437082
   24.0      -0.8533292706250
   25.0      -0.8446044820402
   26.0      -0.8359050628222
   27.0      -0.8272307013575
   28.0      -0.8185810958449
   29.0      -0.8099559482335
   30.0      -0.8013549682962
   31.0      -0.7927778716965
   32.0      -0.7842243785313
   33.0      -0.7756942173281
   34.0      -0.7671871187795
   35.0      -0.7587028219410
   36.0      -0.7502410695378
   37.0      -0.7418016087988
   38.0      -0.7333841943204
   39.0      -0.7249885821918
   40.0      -0.7166145358268
# T= 3100.000000 K
    0.0      -1.0835251923351
    1.0      -1.0740526611632
    2.0      -1.0646144899831
    3.0      -1.0552103118612
    4.0      -1.0458397598642
    5.0      -1.0365024670586
    6.0      -1.0271980665108
    7.0      -1.0179261912875
    8.0      -1.0086864744551
    9.0      -0.9994785490802
   10.0      -0.9903020482293
   11.0      -0.9811566049690
   12.0      -0.9720418523657
   13.0      -0.9629574234860
   14.0      -0.9539029513964
   15.0      -0.9448780691635
   16.0      -0.9358824098538
   17.0      -0.9269156065338
   18.0      -0.9179772922700
   19.0      -0.9090671001290
   20.0      -0.9001846631774
   21.0      -0.8913296149159
   22.0      -0.8825015991128
   23.0      -0.8737002700965
   24.0      -0.8649252887369
   25.0      -0.8561763242642
   26.0      -0.8474530510800
   27.0      -0.8387551536212
   28.0      -0.8300823199371
   29.0      -0.8214342480195
   30.0      -0.8128106393058
   31.0      -0.8042112035526
   32.0      -0.7956356558538
   33.0      -0.7870837162870
   34.0      -0.7785551129867
   35.0      -0.7700495763455
   36.0      -0.7615668453827
   37.0      -0.7531066622989
   38.0      -0.7446687743904
   39.0      -0.7362529358865
   40.0      -0.7278589025870
# T= 3200.000000 K
    0.0      -1.0959666984001
    1.0      -1.0864605562045
    2.0      -1.0769891670737
    3.0      -1.0675521631772
    4.0      -1.0581491766845
    5.0      -1.0487798397651
    6.0      -1.0394437845886
    7.0      -1.0301406433244
    8.0      -1.0208700481420
    9.0      -1.0116316312110
   10.0      -1.0024250247010
   11.0      -0.9932498607813
   12.0      -0.9841057716215
   13.0      -0.9749923893912
   14.0      -0.9659093462598
   15.0      -0.9568562743969
   16.0      -0.9478328059720
   17.0      -0.9388385731545
   18.0      -0.9298732081141
   19.0      -0.9209363430201
   20.0      -0.9120276100422
   21.0      -0.9031466413498
   22.0      -0.8942930697079
   23.0      -0.8854665388984
   24.0      -0.8766667026198
   25.0      -0.8678932215598
   26.0      -0.8591457643318
   27.0      -0.8504240051955
   28.0      -0.8417276281120
   29.0      -0.8330563208467
   30.0      -0.8244097811331
   31.0      -0.8157877099324
   32.0      -0.8071898169662
   33.0      -0.7986158167570
   34.0      -0.7900654293862
   35.0      -0.7815383825544
   36.0      -0.7730344064072
   37.0      -0.7645532398822
   38.0      -0.7560946246709
   39.0      -0.7476583081526
   40.0      -0.7392440441504
# T= 3300.000000 K
    0.0      -1.1085597097029
    1.0      -1.0990195350937
    2.0      -1.0895145084209
    3.0      -1.0800442609548
    4.0      -1.0706084239660
    5.0      -1.0612066287248
    6.0      -1.0518385065016
    7.0      -1.0425036885669
    8.0      -1.0332018061911
    9.0      -1.0239324906447
   10.0      -1.0146953731979
   11.0      -1.0054900851214
   12.0      -0.9963162576854
   13.0      -0.9871735221604
   14.0      -0.9780615098169
   15.0      -0.9689798519252
   16.0      -0.9599281797558
   17.0      -0.9509061245791
   18.0      -0.9419133176655
   19.0      -0.9329493902854
   20.0      -0.9240139737093
   21.0      -0.9151066992076
   22.0      -0.9062271980507
   23.0      -0.8973751023010
   24.0      -0.8885500557495
   25.0      -0.8797517114560
   26.0      -0.8709797299330
   27.0      -0.8622337791630
   28.0      -0.8535135332905
   29.0      -0.8448186757616
   30.0      -0.8361488941098
   31.0      -0.8275038857566
   32.0      -0.8188833512289
   33.0      -0.8102870001870
   34.0      -0.8017145465882
   35.0      -0.7931657105332
   36.0      -0.7846402192513
   37.0      -0.7761378026988
   38.0      -0.7676581996777
   39.0      -0.7592011513946
   40.0      -0.7507664053192
# T= 3400.000000 K
    0.0      -1.1213011316520
    1.0      -1.1117264996489
    2.0      -1.1021874122804
    3.0      -1.0926834999154
    4.0      -1.0832143929227
    5.0      -1.0737797216715
    6.0      -1.0643791165306
    7.0      -1.0550122078689
    8.0      -1.0456786260556
    9.0      -1.0363780014594
   10.0      -1.0271099644494
   11.0      -1.0178741453946
   12.0      -1.0086701746639
   13.0      -0.9994976826262
   14.0      -0.9903562996506
   15.0      -0.9812456561060
   16.0      -0.9721653823613
   17.0      -0.9631151087855
   18.0      -0.9540944657476
   19.0      -0.9451030836165
   20.0      -0.9361405927613
   21.0      -0.9272066235507
   22.0      -0.9183008063539
   23.0      -0.9094227715398
   24.0      -0.9005721505050
   25.0      -0.8917485870374
   26.0      -0.8829517335550
   27.0      -0.8741812503959
   28.0      -0.8654368049040
   29.0      -0.8567180711278
   30.0      -0.8480247319660
   31.0      -0.8393564747644
   32.0      -0.8307129965827
   33.0      -0.8220939975583
   34.0      -0.8134991872563
   35.0      -0.8049282790821
   36.0      -0.7963809931635
   37.0      -0.7878570562258
   38.0      -0.7793561980936
   39.0      -0.7708781573752
   40.0      -0.7624226748232
# T= 3500.000000 K
    0.0      -1.1341880220424
    1.0      -1.1245785058554
    2.0      -1.1150049328216
    3.0      -1.1054669324063
    4.0      -1.0959641340746
    5.0      -1.0864961672920
    6.0      -1.0770626615233
    7.0      -1.0676632462339
    8.0      -1.0582975508891
    9.0      -1.0489652049539
   10.0      -1.0396658378936
   11.0      -1.0303990791734
   12.0      -1.0211645582585
   13.0      -1.0119619046141
   14.0      -1.0027907477054
   15.0      -0.9936507169976
   16.0      -0.9845414419558
   17.0      -0.9754625520454
   18.0      -0.9664136767315
   19.0      -0.9573944454793
   20.0      -0.9484044877539
   21.0      -0.9394434330207
   22.0      -0.9305109107448
   23.0      -0.9216065503914
   24.0      -0.9127299814257
   25.0      -0.9038808346189
   26.0      -0.8950587537373
   27.0      -0.8862633905603
   28.0      -0.8774944052480
   29.0      -0.8687514645026
   30.0      -0.8600342422913
   31.0      -0.8513424209382
   32.0      -0.8426756876408
   33.0      -0.8340337390494
   34.0      -0.8254162749610
   35.0      -0.8168230048049
   36.0      -0.8082536414552
   37.0      -0.7997079050671
   38.0      -0.7911855218370
   39.0      -0.7826862215088
   40.0      -0.7742097424416
# T= 3600.000000 K
    0.0      -1.1472176408087
    1.0      -1.1375728115142
    2.0      -1.1279643257127
    3.0      -1.1183918119631
    4.0      -1.1088548988247
    5.0      -1.0993532148566
    6.0      -1.0898863886181
    7.0      -1.0804540486681
    8.0      -1.0710558235659
    9.0      -1.0616913418706
   10.0      -1.0523602321414
   11.0      -1.0430621229374
   12.0      -1.0337966428178
   13.0      -1.0245634203416
   14.0      -1.0153620840681
   15.0      -1.0061922625564
   16.0      -0.9970535843657
   17.0      -0.9879456780550
   18.0      -0.9788681721836
   19.0      -0.9698206953106
   20.0      -0.9608028759951
   21.0      -0.9518143427963
   22.0      -0.9428547242734
   23.0      -0.9339236489854
   24.0      -0.9250207454915
   25.0      -0.9161456423509
   26.0      -0.9072979697536
   27.0      -0.8984773714188
   28.0      -0.8896834984971
   29.0      -0.8809160109608
   30.0      -0.8721745748747
   31.0      -0.8634588641322
   32.0      -0.8547685604629
   33.0      -0.8461033509481
   34.0      -0.8374629317852
   35.0      -0.8288470024837
   36.0      -0.8202552722886
   37.0      -0.8116874535714
   38.0      -0.8031432665076
   39.0      -0.7946224367477
   40.0      -0.7861246939977
# T= 3700.000000 K
    0.0      -1.1603874872061
    1.0      -1.1507069121135
    2.0      -1.1410630827024
    3.0      -1.1314556266234
    4.0      -1.1218841715269
    5.0      -1.1123483450637
    6.0      -1.1028477748841
    7.0      -1.0933820886387
    8.0      -1.0839509139780
    9.0      -1.0745538785528
   10.0      -1.0651906100134
   11.0      -1.0558607360104
   12.0      -1.0465638841944
   13.0      -1.0372996822159
   14.0      -1.0280677577255
   15.0      -1.0188677383738
   16.0      -1.0096992518112
   17.0      -1.0005619256883
   18.0      -0.9914553876557
   19.0      -0.9823792653639
   20.0      -0.9733331864635
   21.0      -0.9643167786050
   22.0      -0.9553296694390
   23.0      -0.9463714866160
   24.0      -0.9374418577865
   25.0      -0.9285404106012
   26.0      -0.9196667727106
   27.0      -0.9108205737706
   28.0      -0.9020014574211
   29.0      -0.8932090741990
   30.0      -0.8844430838738
   31.0      -0.8757031518820
   32.0      -0.8669889520442
   33.0      -0.8583001654818
   34.0      -0.8496364791855
   35.0      -0.8409975888589
   36.0      -0.8323831937794
   37.0      -0.8237930029533
   38.0      -0.8152267282847
   39.0      -0.8066840899540
   40.0      -0.7981648130564
# T= 3800.000000 K
    0.0      -1.1736950995079
    1.0      -1.1639783455503
    2.0      -1.1542987412800
    3.0      -1.1446559134363
    4.0      -1.1350494887592
    5.0      -1.1254790939883
    6.0      -1.1159443558634
    7.0      -1.1064449011244
    8.0      -1.0969803565107
    9.0      -1.0875503487623
   10.0      -1.0781545046188
   11.0      -1.0687924508201
   12.0      -1.0594638141058
   13.0      -1.0501682212157
   14.0      -1.0409052988895
   15.0      -1.0316746738670
   16.0      -1.0224759728879
   17.0      -1.0133088226920
   18.0      -1.0041728500189
   19.0      -0.9950676816085
   20.0      -0.9859929442004
   21.0      -0.9769482645345
   22.0      -0.9679332693504
   23.0      -0.9589475853878
   24.0      -0.9499908393867
   25.0      -0.9410626580865
   26.0      -0.9321626682272
   27.0      -0.9232904965485
   28.0      -0.9144457722242
   29.0      -0.9056281387759
   30.0      -0.8968372461489
   31.0      -0.8880727538905
   32.0      -0.8793343268244
   33.0      -0.8706216386942
   34.0      -0.8619343700059
   35.0      -0.8532722076795
   36.0      -0.8446348468903
   37.0      -0.8360219867359
   38.0      -0.8274333359299
   39.0      -0.8188686059497
   40.0      -0.8103275169588
# T= 3900.000000 K
    0.0      -1.1871383273726
    1.0      -1.1773849567296
    2.0      -1.1676691416410
    3.0      -1.1579905079331
    4.0      -1.1483486814324
    5.0      -1.1387432879649
    6.0      -1.1291739533571
    7.0      -1.1196403034352
    8.0      -1.1101419640257
    9.0      -1.1006785609548
   10.0      -1.0912497200487
   11.0      -1.0818550671340
   12.0      -1.0724942280368
   13.0      -1.0631668285834
   14.0      -1.0538724946003
   15.0      -1.0446108519136
   16.0      -1.0353815263498
   17.0      -1.0261841437351
   18.0      -1.0170183298959
   19.0      -1.0078837106584
   20.0      -0.9987799118491
   21.0      -0.9897065592941
   22.0      -0.9806632788198
   23.0      -0.9716496962526
   24.0      -0.9626654374188
   25.0      -0.9537101281446
   26.0      -0.9447833942564
   27.0      -0.9358848615805
   28.0      -0.9270141559432
   29.0      -0.9181709060910
   30.0      -0.9093547553806
   31.0      -0.9005653531938
   32.0      -0.8918023588293
   33.0      -0.8830654365194
   34.0      -0.8743542599190
   35.0      -0.8656685089178
   36.0      -0.8570078703777
   37.0      -0.8483720389175
   38.0      -0.8397607134996
   39.0      -0.8311736024938
   40.0      -0.8226104169953
# T= 4000.000000 K
    0.0      -1.2007150284029
    1.0      -1.1909246020871
    2.0      -1.1811721390361
    3.0      -1.1714572641606
    4.0      -1.1617796023709
    5.0      -1.1521387785777
    6.0      -1.1425344176912
    7.0      -1.1329661446220
    8.0      -1.1234335842806
    9.0      -1.1139363615776
   10.0      -1.1044741014233
   11.0      -1.0950464287283
   12.0      -1.0856529684032
   13.0      -1.0762933453582
   14.0      -1.0669671845040
   15.0      -1.0576741107511
   16.0      -1.0484137490099
   17.0      -1.0391857241909
   18.0      -1.0299896612046
   19.0      -1.0208251849615
   20.0      -1.0116919203721
   21.0      -1.0025894923468
   22.0      -0.9935175257963
   23.0      -0.9844756456309
   24.0      -0.9754634767611
   25.0      -0.9664806440974
   26.0      -0.9575267725504
   27.0      -0.9486014870305
   28.0      -0.9397044124482
   29.0      -0.9308351737139
   30.0      -0.9219933992059
   31.0      -0.9131787320629
   32.0      -0.9043908211376
   33.0      -0.8956293254492
   34.0      -0.8868939086663
   35.0      -0.8781842443375
   36.0      -0.8695000117422
   37.0      -0.8608408976905
   38.0      -0.8522065962237
   39.0      -0.8435968062071
   40.0      -0.8350112356198
# T= 4100.000000 K
    0.0      -1.2144232575189
    1.0      -1.2045953335487
    2.0      -1.1948057824101
    3.0      -1.1850542280952
    4.0      -1.1753402945964
    5.0      -1.1656636059054
    6.0      -1.1560237860148
    7.0      -1.1464204589164
    8.0      -1.1368532486027
    9.0      -1.1273217790656
   10.0      -1.1178256742975
   11.0      -1.1083645582904
   12.0      -1.0989380550366
   13.0      -1.0895457885282
   14.0      -1.0801873827574
   15.0      -1.0708624617163
   16.0      -1.0615706493971
   17.0      -1.0523115697921
   18.0      -1.0430848468933
   19.0      -1.0338901046929
   20.0      -1.0247269671832
   21.0      -1.0155950583562
   22.0      -1.0064940022041
   23.0      -0.9974234227192
   24.0      -0.9883829438936
   25.0      -0.9793721897194
   26.0      -0.9703907841888
   27.0      -0.9614383512940
   28.0      -0.9525145150272
   29.0      -0.9436188993806
   30.0      -0.9347511283463
   31.0      -0.9259108299965
   32.0      -0.9170976471924
   33.0      -0.9083112282980
   34.0      -0.8995512320164
   35.0      -0.8908173214860
   36.0      -0.8821091701249
   37.0      -0.8734264566149
   38.0      -0.8647688677140
   39.0      -0.8561360968712
   40.0      -0.8475278428867
# T= 4200.000000 K
    0.0      -1.2282611950567
    1.0      -1.2183953283651
    2.0      -1.2085682459418
    3.0      -1.1987795708579
    4.0      -1.1890289261849
    5.0      -1.1793159349938
    6.0      -1.1696402203562
    7.0      -1.1600014053431
    8.0      -1.1503991130259
    9.0      -1.1408329664757
   10.0      -1.1313025887641
   11.0      -1.1218076029621
   12.0      -1.1123476321411
   13.0      -1.1029222993722
   14.0      -1.0935312277269
   15.0      -1.0841740402763
   16.0      -1.0748503600918
   17.0      -1.0655598102446
   18.0      -1.0563020138059
   19.0      -1.0470765938471
   20.0      -1.0378831734395
   21.0      -1.0287213756542
   22.0      -1.0195908235625
   23.0      -1.0104911402359
   24.0      -1.0014219487454
   25.0      -0.9923828721624
   26.0      -0.9833735335581
   27.0      -0.9743935560039
   28.0      -0.9654425625710
   29.0      -0.9565201763306
   30.0      -0.9476260203540
   31.0      -0.9387597177150
   32.0      -0.9299208962394
   33.0      -0.9211091984496
   34.0      -0.9123242722658
   35.0      -0.9035657760329
   36.0      -0.8948333723982
   37.0      -0.8861267346193
   38.0      -0.8774455407986
   39.0      -0.8687894776353
   40.0      -0.8601582379788
# T= 4300.000000 K
    0.0      -1.2422271051750
    1.0      -1.2323228483103
    2.0      -1.2224577890225
    3.0      -1.2126315494592
    4.0      -1.2028437517686
    5.0      -1.1930940180980
    6.0      -1.1833819705957
    7.0      -1.1737072314094
    8.0      -1.1640694226867
    9.0      -1.1544681665756
   10.0      -1.1449030852239
   11.0      -1.1353738007793
   12.0      -1.1258799353898
   13.0      -1.1164211112031
   14.0      -1.1069969503670
   15.0      -1.0976070750293
   16.0      -1.0882511073379
   17.0      -1.0789286694406
   18.0      -1.0696393834852
   19.0      -1.0603828716195
   20.0      -1.0511587559913
   21.0      -1.0419666587484
   22.0      -1.0328062020387
   23.0      -1.0236770080099
   24.0      -1.0145786988099
   25.0      -1.0055108965865
   26.0      -0.9964732234875
   27.0      -0.9874653016607
   28.0      -0.9784867532539
   29.0      -0.9695372004150
   30.0      -0.9606162652918
   31.0      -0.9517235700320
   32.0      -0.9428587367937
   33.0      -0.9340213932106
   34.0      -0.9252111814083
   35.0      -0.9164277489104
   36.0      -0.9076707536565
   37.0      -0.8989398578481
   38.0      -0.8902347345453
   39.0      -0.8815550612970
   40.0      -0.8729005247298
# T= 4400.000000 K
    0.0      -1.2563193272535
    1.0      -1.2463762311711
    2.0      -1.2364727478340
    3.0      -1.2266084984642
    4.0      -1.2167831042836
    5.0      -1.2069961865146
    6.0      -1.1972473663787
    7.0      -1.1875362650982
    8.0      -1.1778625038947
    9.0      -1.1682257039902
   10.0      -1.1586254866070
   11.0      -1.1490614729666
   12.0      -1.1395332842912
   13.0      -1.1300405418028
   14.0      -1.1205828667233
   15.0      -1.1111598802745
   16.0      -1.1017712036785
   17.0      -1.0924164581573
   18.0      -1.0830952649327
   19.0      -1.0738072452268
   20.0      -1.0645520202614
   21.0      -1.0553292112586
   22.0      -1.0461384394403
   23.0      -1.0369793260284
   24.0      -1.0278514922449
   25.0      -1.0187545593117
   26.0      -1.0096881484509
   27.0      -1.0006518808843
   28.0      -0.9916453778338
   29.0      -0.9826682605216
   30.0      -0.9737201501694
   31.0      -0.9648006679993
   32.0      -0.9559094352332
   33.0      -0.9470460731201
   34.0      -0.9382102091493
   35.0      -0.9294014849974
   36.0      -0.9206195478352
   37.0      -0.9118640551513
   38.0      -0.9031346687513
   39.0      -0.8944310614544
   40.0      -0.8857529102883
# T= 4500.000000 K
    0.0      -1.2705364162060
    1.0      -1.2605540271997
    2.0      -1.2506116680073
    3.0      -1.2407089589219
    4.0      -1.2308455202371
    5.0      -1.2210209722460
    6.0      -1.2112349352422
    7.0      -1.2014870295188
    8.0      -1.1917768753695
    9.0      -1.1821040930874
   10.0      -1.1724683029660
   11.0      -1.1628691252985
   12.0      -1.1533061803786
   13.0      -1.1437790884992
   14.0      -1.1342874699540
   15.0      -1.1248309450364
   16.0      -1.1154091340396
   17.0      -1.1060216572570
   18.0      -1.0966681349819
   19.0      -1.0873481875079
   20.0      -1.0780614351281
   21.0      -1.0688074981360
   22.0      -1.0595859968250
   23.0      -1.0503965514884
   24.0      -1.0412387824196
   25.0      -1.0321123099119
   26.0      -1.0230167542587
   27.0      -1.0139517357534
   28.0      -1.0049168746893
   29.0      -0.9959117913599
   30.0      -0.9869361060584
   31.0      -0.9779894390783
   32.0      -0.9690714107128
   33.0      -0.9601816412555
   34.0      -0.9513197510559
   35.0      -0.9424853674995
   36.0      -0.9336781317670
   37.0      -0.9248976907148
   38.0      -0.9161437013360
   39.0      -0.9074158250935
   40.0      -0.8987137345148
# T= 4600.000000 K
    0.0      -1.2848768821439
    1.0      -1.2748547454021
    2.0      -1.2648730574211
    3.0      -1.2549314375633
    4.0      -1.2450295051910
    5.0      -1.2351668796667
    6.0      -1.2253431803525
    7.0      -1.2155580266107
    8.0      -1.2058110378037
    9.0      -1.1961018332935
   10.0      -1.1864300324428
   11.0      -1.1767952546136
   12.0      -1.1671971191684
   13.0      -1.1576352454692
   14.0      -1.1481092528786
   15.0      -1.1386187607587
   16.0      -1.1291633884720
   17.0      -1.1197427553805
   18.0      -1.1103564808468
   19.0      -1.1010041842329
   20.0      -1.0916854849014
   21.0      -1.0824000022143
   22.0      -1.0731473555341
   23.0      -1.0639271642229
   24.0      -1.0547390476432
   25.0      -1.0455826251572
   26.0      -1.0364575161272
   27.0      -1.0273633399155
   28.0      -1.0182997158843
   29.0      -1.0092662633961
   30.0      -1.0002626018130
   31.0      -0.9912883504973
   32.0      -0.9823431288115
   33.0      -0.9734265561176
   34.0      -0.9645382517782
   35.0      -0.9556778352570
   36.0      -0.9468449338706
   37.0      -0.9380391882624
   38.0      -0.9292602450088
   39.0      -0.9205077605671
   40.0      -0.9117813961109
# T= 4700.000000 K
    0.0      -1.2993394339165
    1.0      -1.2892770905685
    2.0      -1.2792556168371
    3.0      -1.2692746311500
    4.0      -1.2593337519362
    5.0      -1.2494325976237
    6.0      -1.2395707866414
    7.0      -1.2297479374177
    8.0      -1.2199636683811
    9.0      -1.2102175979601
   10.0      -1.2005093445834
   11.0      -1.1908385266793
   12.0      -1.1812047626764
   13.0      -1.1716076710032
   14.0      -1.1620468700882
   15.0      -1.1525219783601
   16.0      -1.1430326142472
   17.0      -1.1335783961781
   18.0      -1.1241589425813
   19.0      -1.1147738718853
   20.0      -1.1054228025187
   21.0      -1.0961053529100
   22.0      -1.0868211414876
   23.0      -1.0775697866801
   24.0      -1.0683509069161
   25.0      -1.0591641206240
   26.0      -1.0500090462323
   27.0      -1.0408853021697
   28.0      -1.0317925068645
   29.0      -1.0227302787453
   30.0      -1.0136982362407
   31.0      -1.0046959977791
   32.0      -0.9957231817891
   33.0      -0.9867794066992
   34.0      -0.9778642909379
   35.0      -0.9689774529337
   36.0      -0.9601185112819
   37.0      -0.9512870932571
   38.0      -0.9424828389310
   39.0      -0.9337053946273
   40.0      -0.9249544162333
# T= 4800.000000 K
    0.0      -1.3139228183299
    1.0      -1.3038198066445
    2.0      -1.2937580873453
    3.0      -1.2837372779249
    4.0      -1.2737569958750
    5.0      -1.2638168586882
    6.0      -1.2539164838558
    7.0      -1.2440554888702
    8.0      -1.2342334912234
    9.0      -1.2244501084073
   10.0      -1.2147049579142
   11.0      -1.2049976572359
   12.0      -1.1953278238647
   13.0      -1.1856950752921
   14.0      -1.1760990290107
   15.0      -1.1665393025122
   16.0      -1.1570155132887
   17.0      -1.1475272788322
   18.0      -1.1380742166349
   19.0      -1.1286559441888
   20.0      -1.1192720789856
   21.0      -1.1099222385177
   22.0      -1.1006060402770
   23.0      -1.0913231017555
   24.0      -1.0820730404453
   25.0      -1.0728554738384
   26.0      -1.0636700194268
   27.0      -1.0545162947025
   28.0      -1.0453939171576
   29.0      -1.0363025042841
   30.0      -1.0272416735741
   31.0      -1.0182110425195
   32.0      -1.0092102286124
   33.0      -1.0002388493448
   34.0      -0.9912965222088
   35.0      -0.9823828646964
   36.0      -0.9734974942996
   37.0      -0.9646400287654
   38.0      -0.9558100953477
   39.0      -0.9470073335167
   40.0      -0.9382313893669
# T= 4900.000000 K
    0.0      -1.3286257926767
    1.0      -1.3184816495164
    2.0      -1.3083792234141
    3.0      -1.2983181309222
    4.0      -1.2882979885942
    5.0      -1.2783184129831
    6.0      -1.2683790206417
    7.0      -1.2584794281230
    8.0      -1.2486192519800
    9.0      -1.2387981087656
   10.0      -1.2290156150330
   11.0      -1.2192713873354
   12.0      -1.2095650422254
   13.0      -1.1998961962560
   14.0      -1.1902644659805
   15.0      -1.1806694679516
   16.0      -1.1711108187225
   17.0      -1.1615881348461
   18.0      -1.1521010328755
   19.0      -1.1426491293635
   20.0      -1.1332320408633
   21.0      -1.1238493839279
   22.0      -1.1145007751101
   23.0      -1.1051858309631
   24.0      -1.0959041680397
   25.0      -1.0866554028931
   26.0      -1.0774391520763
   27.0      -1.0682550321421
   28.0      -1.0591026596437
   29.0      -1.0499816511339
   30.0      -1.0408916231659
   31.0      -1.0318321922926
   32.0      -1.0228029750670
   33.0      -1.0138035880421
   34.0      -1.0048336477710
   35.0      -0.9958927708065
   36.0      -0.9869805737017
   37.0      -0.9780966730097
   38.0      -0.9692406856534
   39.0      -0.9604122388809
   40.0      -0.9516109715378
# T= 5000.000000 K
    0.0      -1.3434473000314
    1.0      -1.3332615581945
    2.0      -1.3231179600144
    3.0      -1.3130161211014
    4.0      -1.3029556570672
    5.0      -1.2929361835232
    6.0      -1.2829573160804
    7.0      -1.2730186703499
    8.0      -1.2631198619431
    9.0      -1.2532605064715
   10.0      -1.2434402195459
   11.0      -1.2336586167778
   12.0      -1.2239153137784
   13.0      -1.2142099261591
   14.0      -1.2045420695309
   15.0      -1.1949113595052
   16.0      -1.1853174116933
   17.0      -1.1757598417064
   18.0      -1.1662382651556
   19.0      -1.1567522976523
   20.0      -1.1473015548078
   21.0      -1.1378856522331
   22.0      -1.1285042055398
   23.0      -1.1191568303389
   24.0      -1.1098431422417
   25.0      -1.1005627568596
   26.0      -1.0913152898036
   27.0      -1.0821003566851
   28.0      -1.0729175731153
   29.0      -1.0637665547055
   30.0      -1.0546469170670
   31.0      -1.0455582758109
   32.0      -1.0365002465485
   33.0      -1.0274724448911
   34.0      -1.0184744864499
   35.0      -1.0095059868363
   36.0      -1.0005665616613
   37.0      -0.9916558265363
   38.0      -0.9827733970725
   39.0      -0.9739188893969
   40.0      -0.9650919307592
# T= 5100.000000 K
    0.0      -1.3583862693905
    1.0      -1.3481584595449
    2.0      -1.3379732218767
    3.0      -1.3278301710529
    4.0      -1.3177289217405
    5.0      -1.3076690886076
    6.0      -1.2976502863188
    7.0      -1.2876721295421
    8.0      -1.2777342329449
    9.0      -1.2678362111932
   10.0      -1.2579776789544
   11.0      -1.2481582508951
   12.0      -1.2383775416823
   13.0      -1.2286351659829
   14.0      -1.2189307384636
   15.0      -1.2092638737914
   16.0      -1.1996341866331
   17.0      -1.1900412916557
   18.0      -1.1804848035260
   19.0      -1.1709643369108
   20.0      -1.1614795064770
   21.0      -1.1520299268916
   22.0      -1.1426152128213
   23.0      -1.1332349789332
   24.0      -1.1238888398938
   25.0      -1.1145764103704
   26.0      -1.1052973050295
   27.0      -1.0960511385382
   28.0      -1.0868375255634
   29.0      -1.0776560807718
   30.0      -1.0685064188304
   31.0      -1.0593881544060
   32.0      -1.0503009021655
   33.0      -1.0412442767757
   34.0      -1.0322178929036
   35.0      -1.0232213652161
   36.0      -1.0142543083799
   37.0      -1.0053163370620
   38.0      -0.9964070659292
   39.0      -0.9875261096484
   40.0      -0.9786730835821
# T= 5200.000000 K
    0.0      -1.3734417206331
    1.0      -1.3631713705907
    2.0      -1.3529440231779
    3.0      -1.3427592921147
    4.0      -1.3326167911213
    5.0      -1.3225161339173
    6.0      -1.3124569342225
    7.0      -1.3024388057567
    8.0      -1.2924613622402
    9.0      -1.2825242173928
   10.0      -1.2726269849336
   11.0      -1.2627692785831
   12.0      -1.2529507120610
   13.0      -1.2431708990872
   14.0      -1.2334294533814
   15.0      -1.2237259886636
   16.0      -1.2140601186535
   17.0      -1.2044314570710
   18.0      -1.1948396176360
   19.0      -1.1852842140683
   20.0      -1.1757648600878
   21.0      -1.1662811694143
   22.0      -1.1568327557676
   23.0      -1.1474192328676
   24.0      -1.1380402144341
   25.0      -1.1286953141871
   26.0      -1.1193841458463
   27.0      -1.1101063231315
   28.0      -1.1008614597627
   29.0      -1.0916491694597
   30.0      -1.0824690659423
   31.0      -1.0733207629303
   32.0      -1.0642038741437
   33.0      -1.0551180133022
   34.0      -1.0460627941257
   35.0      -1.0370378303341
   36.0      -1.0280427356472
   37.0      -1.0190771237848
   38.0      -1.0101406084668
   39.0      -1.0012328034131
   40.0      -0.9923533223434
# T= 5300.000000 K
    0.0      -1.3886127550563
    1.0      -1.3782993894104
    2.0      -1.3680294587897
    3.0      -1.3578025759633
    4.0      -1.3476183537022
    5.0      -1.3374764047757
    6.0      -1.3273763419546
    7.0      -1.3173177780089
    8.0      -1.3073003257091
    9.0      -1.2973235978249
   10.0      -1.2873872071261
   11.0      -1.2774907663835
   12.0      -1.2676338883669
   13.0      -1.2578161858465
   14.0      -1.2480372715922
   15.0      -1.2382967583746
   16.0      -1.2285942589634
   17.0      -1.2189293861290
   18.0      -1.2093017526414
   19.0      -1.1997109712708
   20.0      -1.1901566547872
   21.0      -1.1806384159610
   22.0      -1.1711558675621
   23.0      -1.1617086223607
   24.0      -1.1522962931269
   25.0      -1.1429184926308
   26.0      -1.1335748336427
   27.0      -1.1242649289326
   28.0      -1.1149883912707
   29.0      -1.1057448334270
   30.0      -1.0965338681718
   31.0      -1.0873551082751
   32.0      -1.0782081665071
   33.0      -1.0690926556379
   34.0      -1.0600081884377
   35.0      -1.0509543776766
   36.0      -1.0419308361247
   37.0      -1.0329371765521
   38.0      -1.0239730117290
   39.0      -1.0150379544255
   40.0      -1.0061316174118
# T= 5400.000000 K
    0.0      -1.4038985224403
    1.0      -1.3935416625401
    2.0      -1.3832286720163
    3.0      -1.3729591626865
    4.0      -1.3627327463679
    5.0      -1.3525490348782
    6.0      -1.3424076400354
    7.0      -1.3323081736572
    8.0      -1.3222502475608
    9.0      -1.3122334735644
   10.0      -1.3022574634852
   11.0      -1.2923218291410
   12.0      -1.2824261823493
   13.0      -1.2725701349281
   14.0      -1.2627532986950
   15.0      -1.2529752854673
   16.0      -1.2432357070630
   17.0      -1.2335341752995
   18.0      -1.2238703019946
   19.0      -1.2142436989659
   20.0      -1.2046539780312
   21.0      -1.1951007510080
   22.0      -1.1855836297139
   23.0      -1.1761022259666
   24.0      -1.1666561515839
   25.0      -1.1572450183832
   26.0      -1.1478684381823
   27.0      -1.1385260227989
   28.0      -1.1292173840505
   29.0      -1.1199421337548
   30.0      -1.1106998837296
   31.0      -1.1014902457923
   32.0      -1.0923128317608
   33.0      -1.0831672534525
   34.0      -1.0740531226853
   35.0      -1.0649700512767
   36.0      -1.0559176510443
   37.0      -1.0468955338059
   38.0      -1.0379033113791
   39.0      -1.0289405955815
   40.0      -1.0200069982309
# T= 5500.000000 K
    0.0      -1.4192981957019
    1.0      -1.4088973606389
    2.0      -1.3985408312557
    3.0      -1.3882282184157
    4.0      -1.3779591329809
    5.0      -1.3677331858139
    6.0      -1.3575499877772
    7.0      -1.3474091497337
    8.0      -1.3373102825448
    9.0      -1.3272529970742
   10.0      -1.3172369041835
   11.0      -1.3072616147362
   12.0      -1.2973267395937
   13.0      -1.2874318896191
   14.0      -1.2775766756748
   15.0      -1.2677607086235
   16.0      -1.2579835993272
   17.0      -1.2482449586488
   18.0      -1.2385443974505
   19.0      -1.2288815265953
   20.0      -1.2192559569453
   21.0      -1.2096672993630
   22.0      -1.2001151647111
   23.0      -1.1905991638520
   24.0      -1.1811189076481
   25.0      -1.1716740069621
   26.0      -1.1622640726563
   27.0      -1.1528887155933
   28.0      -1.1435475466357
   29.0      -1.1342401766458
   30.0      -1.1249662164862
   31.0      -1.1157252770194
   32.0      -1.1065169691078
   33.0      -1.0973409036141
   34.0      -1.0881966914006
   35.0      -1.0790839433300
   36.0      -1.0700022702646
   37.0      -1.0609512830670
   38.0      -1.0519305925997
   39.0      -1.0429398097252
   40.0      -1.0339785453060
# T= 5600.000000 K
    0.0      -1.4348110039762
    1.0      -1.4243657102749
    2.0      -1.4139651605132
    3.0      -1.4036089645957
    4.0      -1.3932967324269
    5.0      -1.3830280739124
    6.0      -1.3728025989556
    7.0      -1.3626199174620
    8.0      -1.3524796393363
    9.0      -1.3423813744833
   10.0      -1.3323247328074
   11.0      -1.3223093242133
   12.0      -1.3123347586057
   13.0      -1.3024006458893
   14.0      -1.2925065959692
   15.0      -1.2826522187497
   16.0      -1.2728371241354
   17.0      -1.2630609220314
   18.0      -1.2533232223423
   19.0      -1.2436236349727
   20.0      -1.2339617698271
   21.0      -1.2243372368108
   22.0      -1.2147496458280
   23.0      -1.2051986067834
   24.0      -1.1956837295821
   25.0      -1.1862046241284
   26.0      -1.1767609003273
   27.0      -1.1673521680833
   28.0      -1.1579780373012
   29.0      -1.1486381178857
   30.0      -1.1393320197414
   31.0      -1.1300593527732
   32.0      -1.1208197268857
   33.0      -1.1116127519835
   34.0      -1.1024380379715
   35.0      -1.0932951947543
   36.0      -1.0841838322366
   37.0      -1.0751035603232
   38.0      -1.0660539889187
   39.0      -1.0570347279278
   40.0      -1.0480453872553
# T= 5700.000000 K
    0.0      -1.4504362700260
    1.0      -1.4399460306906
    2.0      -1.4295009755241
    3.0      -1.4191007134724
    4.0      -1.4087448534789
    5.0      -1.3984330044890
    6.0      -1.3881647754452
    7.0      -1.3779397752928
    8.0      -1.3677576129755
    9.0      -1.3576178974379
   10.0      -1.3475202376237
   11.0      -1.3374642424774
   12.0      -1.3274495209429
   13.0      -1.3174756819648
   14.0      -1.3075423344869
   15.0      -1.2976490874536
   16.0      -1.2877955498093
   17.0      -1.2779813304977
   18.0      -1.2682060384634
   19.0      -1.2584692826502
   20.0      -1.2487706720027
   21.0      -1.2391098154647
   22.0      -1.2294863219807
   23.0      -1.2198998004949
   24.0      -1.2103498599512
   25.0      -1.2008361092939
   26.0      -1.1913581574674
   27.0      -1.1819156134157
   28.0      -1.1725080860829
   29.0      -1.1631351844134
   30.0      -1.1537965173513
   31.0      -1.1444916938407
   32.0      -1.1352203228259
   33.0      -1.1259820132511
   34.0      -1.1167763740604
   35.0      -1.1076030141981
   36.0      -1.0984615426083
   37.0      -1.0893515682352
   38.0      -1.0802727000230
   39.0      -1.0712245469158
   40.0      -1.0622067178580
# T= 5800.000000 K
    0.0      -1.4661733755731
    1.0      -1.4556376997896
    2.0      -1.4451476503988
    3.0      -1.4347028353813
    4.0      -1.4243028627181
    5.0      -1.4139473403897
    6.0      -1.4036358763767
    7.0      -1.3933680786610
    8.0      -1.3831435552224
    9.0      -1.3729619140422
   10.0      -1.3628227631013
   11.0      -1.3527257103799
   12.0      -1.3426703638595
   13.0      -1.3326563315211
   14.0      -1.3226832213448
   15.0      -1.3127506413118
   16.0      -1.3028581994033
   17.0      -1.2930055035995
   18.0      -1.2831921618816
   19.0      -1.2734177822306
   20.0      -1.2636819726270
   21.0      -1.2539843410515
   22.0      -1.2443244954854
   23.0      -1.2347020439094
   24.0      -1.2251165943042
   25.0      -1.2155677546507
   26.0      -1.2060551329297
   27.0      -1.1965783371221
   28.0      -1.1871369752087
   29.0      -1.1777306551705
   30.0      -1.1683589849881
   31.0      -1.1590215726424
   32.0      -1.1497180261143
   33.0      -1.1404479533847
   34.0      -1.1312109624342
   35.0      -1.1220066612439
   36.0      -1.1128346577945
   37.0      -1.1036945600668
   38.0      -1.0945859760418
   39.0      -1.0855085137001
   40.0      -1.0764617810228
# T= 5900.000000 K
    0.0      -1.4820216164707
    1.0      -1.4714400125446
    2.0      -1.4609044792015
    3.0      -1.4504146234546
    4.0      -1.4399700523208
    5.0      -1.4295703728142
    6.0      -1.4192151919487
    7.0      -1.4089041167408
    8.0      -1.3986367542048
    9.0      -1.3884127113549
   10.0      -1.3782315952068
   11.0      -1.3680930127751
   12.0      -1.3579965710744
   13.0      -1.3479418771209
   14.0      -1.3379285379276
   15.0      -1.3279561605109
   16.0      -1.3180243518849
   17.0      -1.3081327190650
   18.0      -1.2982808690658
   19.0      -1.2884684089022
   20.0      -1.2786949455892
   21.0      -1.2689600861416
   22.0      -1.2592634375744
   23.0      -1.2496046069023
   24.0      -1.2399832011405
   25.0      -1.2303988273036
   26.0      -1.2208510924068
   27.0      -1.2113396034648
   28.0      -1.2018639674925
   29.0      -1.1924237915049
   30.0      -1.1830186825168
   31.0      -1.1736482475430
   32.0      -1.1643120935987
   33.0      -1.1550098276986
   34.0      -1.1457410568576
   35.0      -1.1365053880906
   36.0      -1.1273024284126
   37.0      -1.1181317848384
   38.0      -1.1089930643829
   39.0      -1.0998858740611
   40.0      -1.0908098208877
# T= 6000.000000 K
    0.0      -1.4979805044125
    1.0      -1.4873524758443
    2.0      -1.4767709640513
    3.0      -1.4662355750791
    4.0      -1.4557459149740
    5.0      -1.4453015897826
    6.0      -1.4349022055500
    7.0      -1.4245473683237
    8.0      -1.4142366841485
    9.0      -1.4039697590716
   10.0      -1.3937461991390
   11.0      -1.3835656103963
   12.0      -1.3734275988895
   13.0      -1.3633317706658
   14.0      -1.3532777317709
   15.0      -1.3432650882502
   16.0      -1.3332934461506
   17.0      -1.3233624115180
   18.0      -1.3134715903989
   19.0      -1.3036205888388
   20.0      -1.2938090128843
   21.0      -1.2840364685815
   22.0      -1.2743025619762
   23.0      -1.2646068991150
   24.0      -1.2549490860439
   25.0      -1.2453287288090
   26.0      -1.2357454334564
   27.0      -1.2261988060322
   28.0      -1.2166884525827
   29.0      -1.2072139791540
   30.0      -1.1977749917922
   31.0      -1.1883710965434
   32.0      -1.1790018994538
   33.0      -1.1696670065696
   34.0      -1.1603660239369
   35.0      -1.1510985576017
   36.0      -1.1418642136104
   37.0      -1.1326625980090
   38.0      -1.1234933168436
   39.0      -1.1143559761605
   40.0      -1.1052501820056
