# T (K)       gamma
# P = 0.000000 (GPa)
    1.0     -13.1333303338626
  100.0       1.9199977529143
  200.0       1.7490320427082
  300.0       2.0831559972664
  400.0       2.1028906499833
  500.0       2.1584003512650
  600.0       2.1719450901512
  700.0       2.1868973355343
  800.0       2.1967407723182
  900.0       2.2062535280243
 1000.0       2.2152085844635
 1100.0       2.2238622280410
 1200.0       2.2328023828767
 1300.0       2.2416421774979
 1400.0       2.2505395473760
 1500.0       2.2595348739763
 1600.0       2.2686187387996
 1700.0       2.2777758769512
 1800.0       2.2870498989149
 1900.0       2.2960582618912
 2000.0       2.3056200629771
 2100.0       2.3146452961461
 2200.0       2.3239432660412
 2300.0       2.3333897158776
 2400.0       2.3423025056981
 2500.0       2.3520173022941
 2600.0       2.3607191666207
 2700.0       2.3700886361850
 2800.0       2.3792596840721
 2900.0       2.3877747957256
 3000.0       2.3972324285828
 3100.0       2.4057326077389
 3200.0       2.4148763888125
 3300.0       2.4223527223062
 3400.0       2.4315247772762
 3500.0       2.4403043390895
 3600.0       2.4468420604415
 3700.0       2.4576063915768
 3800.0       2.4625691850214
 3900.0       2.4719731991062
 4000.0       2.4791954490050
 4100.0       2.4860439827736
 4200.0       2.4931879513311
 4300.0       2.5017210257135
 4400.0       2.5057977988780
 4500.0       2.5145749946317
 4600.0       2.5190912479152
 4700.0       2.5255530575857
 4800.0       2.5324609815841
 4900.0       2.5365039957191
 5000.0       2.5428542350826
 5100.0       2.5478256273139
 5200.0       2.5525904734892
 5300.0       2.5578138826111
 5400.0       2.5623158583486
 5500.0       2.5678870493818
 5600.0       2.5697187884808
 5700.0       2.5715258772066
 5800.0       2.5806797291391
 5900.0       2.5808425836925
 6000.0       2.5821273982148
# P = 1.000000 (GPa)
    1.0     -13.0516551769411
  100.0       1.9093764057524
  200.0       1.7397871528506
  300.0       2.0727395158982
  400.0       2.0929642015340
  500.0       2.1486417889501
  600.0       2.1624154858621
  700.0       2.1774863806984
  800.0       2.1873942791844
  900.0       2.1969247408491
 1000.0       2.2058634308455
 1100.0       2.2144641568942
 1200.0       2.2233394262693
 1300.0       2.2321171016244
 1400.0       2.2409548003949
 1500.0       2.2498962394482
 1600.0       2.2589334017355
 1700.0       2.2680506764641
 1800.0       2.2772957584754
 1900.0       2.2862854777824
 2000.0       2.2958375865227
 2100.0       2.3048623313704
 2200.0       2.3141752421131
 2300.0       2.3236392664110
 2400.0       2.3325895630883
 2500.0       2.3423455343883
 2600.0       2.3511070593080
 2700.0       2.3605385275436
 2800.0       2.3697904682714
 2900.0       2.3783862612512
 3000.0       2.3879499230196
 3100.0       2.3965520847245
 3200.0       2.4058143995072
 3300.0       2.4134410557515
 3400.0       2.4227214109528
 3500.0       2.4316462867017
 3600.0       2.4383460736875
 3700.0       2.4492370995595
 3800.0       2.4544091026112
 3900.0       2.4639979037969
 4000.0       2.4713534540965
 4100.0       2.4784299546774
 4200.0       2.4857587794592
 4300.0       2.4944612246581
 4400.0       2.4987787857204
 4500.0       2.5077505218704
 4600.0       2.5125068135055
 4700.0       2.5191375965067
 4800.0       2.5263212195724
 4900.0       2.5305554576963
 5000.0       2.5371382900116
 5100.0       2.5423260195284
 5200.0       2.5472806588863
 5300.0       2.5526849875913
 5400.0       2.5574047707417
 5500.0       2.5631252531336
 5600.0       2.5653108532113
 5700.0       2.5673414100602
 5800.0       2.5764785001986
 5900.0       2.5769112942678
 6000.0       2.5783941338801
# P = 2.000000 (GPa)
    1.0     -12.9707423770461
  100.0       1.8988443835420
  200.0       1.7306282628143
  300.0       2.0624329554518
  400.0       2.0831427654314
  500.0       2.1389856726705
  600.0       2.1529957554347
  700.0       2.1681807615250
  800.0       2.1781562019735
  900.0       2.1877023732861
 1000.0       2.1966260205781
 1100.0       2.2051896016785
 1200.0       2.2139935815128
 1300.0       2.2226941513778
 1400.0       2.2314595619805
 1500.0       2.2403339039995
 1600.0       2.2493111398158
 1700.0       2.2583758917668
 1800.0       2.2675787339626
 1900.0       2.2765370413200
 2000.0       2.2860662869547
 2100.0       2.2950786882348
 2200.0       2.3043934509850
 2300.0       2.3138634012021
 2400.0       2.3228388961976
 2500.0       2.3326240562615
 2600.0       2.3414334787604
 2700.0       2.3509158004913
 2800.0       2.3602369684934
 2900.0       2.3689037791866
 3000.0       2.3785611889549
 3100.0       2.3872561936425
 3200.0       2.3966264671212
 3300.0       2.4043927654390
 3400.0       2.4137746095196
 3500.0       2.4228357691651
 3600.0       2.4296900341309
 3700.0       2.4407010871853
 3800.0       2.4460729632881
 3900.0       2.4558387670346
 4000.0       2.4633258854332
 4100.0       2.4706212118384
 4200.0       2.4781316789871
 4300.0       2.4870001724595
 4400.0       2.4915537460417
 4500.0       2.5007166211766
 4600.0       2.5057099603669
 4700.0       2.5125109762359
 4800.0       2.5199647150274
 4900.0       2.5243934459978
 5000.0       2.5312076567493
 5100.0       2.5366147158199
 5200.0       2.5417637528525
 5300.0       2.5473547174322
 5400.0       2.5522968873228
 5500.0       2.5581747901923
 5600.0       2.5607111495239
 5700.0       2.5629741953770
 5800.0       2.5721137914175
 5900.0       2.5728212899871
 6000.0       2.5745174274391
# P = 3.000000 (GPa)
    1.0     -12.8907519842796
  100.0       1.8884132572861
  200.0       1.7215588340406
  300.0       2.0522257659977
  400.0       2.0734254163673
  500.0       2.1294355944652
  600.0       2.1436756557375
  700.0       2.1589830791637
  800.0       2.1690230038282
  900.0       2.1785870897863
 1000.0       2.1874952963289
 1100.0       2.1960216453951
 1200.0       2.2047704442487
 1300.0       2.2133893456815
 1400.0       2.2220674363856
 1500.0       2.2308619264894
 1600.0       2.2397657975568
 1700.0       2.2487652093392
 1800.0       2.2579124298166
 1900.0       2.2668263961479
 2000.0       2.2763194865606
 2100.0       2.2853073938626
 2200.0       2.2946107847926
 2300.0       2.3040747168319
 2400.0       2.3130628734939
 2500.0       2.3228649802644
 2600.0       2.3317102557535
 2700.0       2.3412319621678
 2800.0       2.3506103850829
 2900.0       2.3593381233308
 3000.0       2.3690767875269
 3100.0       2.3778549994923
 3200.0       2.3873223274949
 3300.0       2.3952171638371
 3400.0       2.4046930957147
 3500.0       2.4138810639898
 3600.0       2.4208816323149
 3700.0       2.4320055030113
 3800.0       2.4375675142124
 3900.0       2.4475019329687
 4000.0       2.4551180596224
 4100.0       2.4626226900819
 4200.0       2.4703107467908
 4300.0       2.4793412893216
 4400.0       2.4841254263064
 4500.0       2.4934753387948
 4600.0       2.4987019766235
 4700.0       2.5056735857492
 4800.0       2.5133912705520
 4900.0       2.5180167194379
 5000.0       2.5250603610294
 5100.0       2.5306887074654
 5200.0       2.5360357191243
 5300.0       2.5418179669880
 5400.0       2.5469860733047
 5500.0       2.5530284156504
 5600.0       2.5559118356420
 5700.0       2.5584151216807
 5800.0       2.5675749132658
 5900.0       2.5685609869408
 6000.0       2.5704840996838
# P = 4.000000 (GPa)
    1.0     -12.8114331794188
  100.0       1.8780669761444
  200.0       1.7125762854813
  300.0       2.0421255449860
  400.0       2.0638058934034
  500.0       2.1199868577477
  600.0       2.1344601741498
  700.0       2.1498836821426
  800.0       2.1599958954972
  900.0       2.1695766560606
 1000.0       2.1784707144224
 1100.0       2.1869605716269
 1200.0       2.1956530861893
 1300.0       2.2042063437304
 1400.0       2.2127947368562
 1500.0       2.2214938599905
 1600.0       2.2303115872581
 1700.0       2.2392324710716
 1800.0       2.2483106801109
 1900.0       2.2571672162840
 2000.0       2.2666107577498
 2100.0       2.2755617455682
 2200.0       2.2848404181977
 2300.0       2.2942861140174
 2400.0       2.3032741821929
 2500.0       2.3130807568540
 2600.0       2.3219495764729
 2700.0       2.3314988942160
 2800.0       2.3409223130880
 2900.0       2.3497004824153
 3000.0       2.3595077066882
 3100.0       2.3683590206122
 3200.0       2.3779121842985
 3300.0       2.3859240561796
 3400.0       2.3954861095117
 3500.0       2.4047909854552
 3600.0       2.4119291223908
 3700.0       2.4231580797757
 3800.0       2.4289001015267
 3900.0       2.4389941731343
 4000.0       2.4467359504295
 4100.0       2.4544399949890
 4200.0       2.4623007841695
 4300.0       2.4714887210376
 4400.0       2.4764973218179
 4500.0       2.4860294943257
 4600.0       2.4914849508058
 4700.0       2.4986266422250
 4800.0       2.5066015342766
 4900.0       2.5114249180129
 5000.0       2.5186953299394
 5100.0       2.5245459191083
 5200.0       2.5300934856324
 5300.0       2.5360706277272
 5400.0       2.5414672199200
 5500.0       2.5476799413149
 5600.0       2.5509061407654
 5700.0       2.5536561828911
 5800.0       2.5628523290264
 5900.0       2.5641199746109
 6000.0       2.5662821751325
# P = 5.000000 (GPa)
    1.0     -12.7329912431441
  100.0       1.8678151325600
  200.0       1.7036752550713
  300.0       2.0321221735633
  400.0       2.0542895769638
  500.0       2.1106368477795
  600.0       2.1253425408949
  700.0       2.1408879547236
  800.0       2.1510661911380
  900.0       2.1606708762740
 1000.0       2.1695511361521
 1100.0       2.1780048241547
 1200.0       2.1866428847903
 1300.0       2.1951285844429
 1400.0       2.2036429889844
 1500.0       2.2122462585839
 1600.0       2.2209621412660
 1700.0       2.2297919061923
 1800.0       2.2387874678634
 1900.0       2.2475734080017
 2000.0       2.2569539028742
 2100.0       2.2658552960832
 2200.0       2.2750957920483
 2300.0       2.2845107813805
 2400.0       2.2934858117084
 2500.0       2.3032841578404
 2600.0       2.3121639655141
 2700.0       2.3217288356409
 2800.0       2.3311847248533
 2900.0       2.3400024422863
 3000.0       2.3498653435689
 3100.0       2.3587792106948
 3200.0       2.3684066906658
 3300.0       2.3765237219432
 3400.0       2.3861633897851
 3500.0       2.3955748652147
 3600.0       2.4028413023487
 3700.0       2.4141671144893
 3800.0       2.4200786505862
 3900.0       2.4303228667197
 4000.0       2.4381861683713
 4100.0       2.4460793812994
 4200.0       2.4541072747664
 4300.0       2.4634473186501
 4400.0       2.4686736562357
 4500.0       2.4783826598324
 4600.0       2.4840617475906
 4700.0       2.4913721681507
 4800.0       2.4995969796826
 4900.0       2.5046185385129
 5000.0       2.5121123692942
 5100.0       2.5181851868458
 5200.0       2.5239349208587
 5300.0       2.5301095624772
 5400.0       2.5357362198936
 5500.0       2.5421242119884
 5600.0       2.5456883402762
 5700.0       2.5486904529545
 5800.0       2.5579376254308
 5900.0       2.5594889888845
 6000.0       2.5619008764132
# P = 6.000000 (GPa)
    1.0     -12.6553099375899
  100.0       1.8576523026346
  200.0       1.6948619602011
  300.0       2.0222183998316
  400.0       2.0448657225031
  500.0       2.1013879173496
  600.0       2.1163230759270
  700.0       2.1319877978631
  800.0       2.1422391766291
  900.0       2.1518622125531
 1000.0       2.1607348852368
 1100.0       2.1691543305626
 1200.0       2.1777374407295
 1300.0       2.1861583520315
 1400.0       2.1945960468052
 1500.0       2.2031186082245
 1600.0       2.2117342618911
 1700.0       2.2204571188040
 1800.0       2.2293571741690
 1900.0       2.2380590244802
 2000.0       2.2473629573473
 2100.0       2.2562018327722
 2200.0       2.2653905988007
 2300.0       2.2747621788251
 2400.0       2.2837110373534
 2500.0       2.2934882597152
 2600.0       2.3023662691394
 2700.0       2.3119343656822
 2800.0       2.3214099527461
 2900.0       2.3302559683522
 3000.0       2.3401614869100
 3100.0       2.3491269405573
 3200.0       2.3588169310506
 3300.0       2.3670268966619
 3400.0       2.3767351551112
 3500.0       2.3862425334924
 3600.0       2.3936274950245
 3700.0       2.4050414490994
 3800.0       2.4111116461557
 3900.0       2.4214959801718
 4000.0       2.4294759406026
 4100.0       2.4375477323726
 4200.0       2.4457363641038
 4300.0       2.4552226165852
 4400.0       2.4606593601740
 4500.0       2.4705391373781
 4600.0       2.4764359874919
 4700.0       2.4839129701474
 4800.0       2.4923798810024
 4900.0       2.4975989127733
 5000.0       2.5053121402699
 5100.0       2.5116062337349
 5200.0       2.5175588117815
 5300.0       2.5239325830186
 5400.0       2.5297899421081
 5500.0       2.5363570798631
 5600.0       2.5402537308903
 5700.0       2.5435120619556
 5800.0       2.5528234914781
 5900.0       2.5546598866560
 6000.0       2.5573305788867
# P = 7.000000 (GPa)
    1.0     -12.5783626448502
  100.0       1.8475730903839
  200.0       1.6861257278888
  300.0       2.0124129485286
  400.0       2.0355405820824
  500.0       2.0922307391067
  600.0       2.1074012381190
  700.0       2.1231855843482
  800.0       2.1335061289521
  900.0       2.1431554551502
 1000.0       2.1520156779597
 1100.0       2.1604060514162
 1200.0       2.1689376108140
 1300.0       2.1772924402585
 1400.0       2.1856568663264
 1500.0       2.1940955042413
 1600.0       2.2026254230763
 1700.0       2.2112449520994
 1800.0       2.2200335352861
 1900.0       2.2286385229149
 2000.0       2.2378521021186
 2100.0       2.2466153810047
 2200.0       2.2557387616788
 2300.0       2.2650540227198
 2400.0       2.2739634037185
 2500.0       2.2837064272667
 2600.0       2.2925696384735
 2700.0       2.3021283869068
 2800.0       2.3116106719902
 2900.0       2.3204733880733
 3000.0       2.3304082994215
 3100.0       2.3394139805205
 3200.0       2.3491544032081
 3300.0       2.3574447535201
 3400.0       2.3672120854117
 3500.0       2.3768043000950
 3600.0       2.3842975288622
 3700.0       2.3957904506303
 3800.0       2.4020081131980
 3900.0       2.4125220479246
 4000.0       2.4206130897763
 4100.0       2.4288525401020
 4200.0       2.4371948394437
 4300.0       2.4468208120877
 4400.0       2.4524600492830
 4500.0       2.4625039381400
 4600.0       2.4686120246861
 4700.0       2.4762526157830
 4800.0       2.4849532925984
 4900.0       2.4903681847158
 5000.0       2.4982961372914
 5100.0       2.5048096480562
 5200.0       2.5109648385046
 5300.0       2.5175384250032
 5400.0       2.5236262093316
 5500.0       2.5303753809563
 5600.0       2.5345986062057
 5700.0       2.5381161710768
 5800.0       2.5475036896981
 5900.0       2.5496256197895
 6000.0       2.5525628021393
# P = 8.000000 (GPa)
    1.0     -12.5022410054286
  100.0       1.8375860420329
  200.0       1.6774726227852
  300.0       2.0026983302619
  400.0       2.0263076909460
  500.0       2.0831723254515
  600.0       2.0985697144797
  700.0       2.1144784481986
  800.0       2.1248708681863
  900.0       2.1345416396292
 1000.0       2.1433976059539
 1100.0       2.1517550611651
 1200.0       2.1602390463123
 1300.0       2.1685324021551
 1400.0       2.1768216658583
 1500.0       2.1851804821069
 1600.0       2.1936210211659
 1700.0       2.2021508707862
 1800.0       2.2108334396328
 1900.0       2.2193257393609
 2000.0       2.2284359161345
 2100.0       2.2371101175766
 2200.0       2.2461544378012
 2300.0       2.2554002649002
 2400.0       2.2642567097946
 2500.0       2.2739522968307
 2600.0       2.2827875130667
 2700.0       2.2923241082793
 2800.0       2.3017998836344
 2900.0       2.3106673735748
 3000.0       2.3206183005360
 3100.0       2.3296524824071
 3200.0       2.3394310003207
 3300.0       2.3477888855027
 3400.0       2.3576053033559
 3500.0       2.3672709356676
 3600.0       2.3748617187746
 3700.0       2.3864239921462
 3800.0       2.3927775969801
 3900.0       2.4034101526302
 4000.0       2.4116060147904
 4100.0       2.4200018844899
 4200.0       2.4284901082281
 4300.0       2.4382487438550
 4400.0       2.4440820043169
 4500.0       2.4542827609499
 4600.0       2.4605949251864
 4700.0       2.4683954124379
 4800.0       2.4773210266762
 4900.0       2.4829292875826
 5000.0       2.4910666651381
 5100.0       2.4977968596480
 5200.0       2.5041535519710
 5300.0       2.5109267250617
 5400.0       2.5172437730005
 5500.0       2.5241769101919
 5600.0       2.5287202326055
 5700.0       2.5324989478567
 5800.0       2.5419730325185
 5900.0       2.5443802106832
 6000.0       2.5475901721651
# P = 9.000000 (GPa)
    1.0     -12.4267371595205
  100.0       1.8276764873299
  200.0       1.6688983806001
  300.0       1.9930819027871
  400.0       2.0171649622314
  500.0       2.0742036371094
  600.0       2.0898347593345
  700.0       2.1058613463728
  800.0       2.1163285504853
  900.0       2.1260254827540
 1000.0       2.1348719088107
 1100.0       2.1432045002198
 1200.0       2.1516381720027
 1300.0       2.1598727814826
 1400.0       2.1680925946075
 1500.0       2.1763693063047
 1600.0       2.1847249270224
 1700.0       2.1931612074368
 1800.0       2.2017505150990
 1900.0       2.2101374150265
 2000.0       2.2191284225829
 2100.0       2.2277006039056
 2200.0       2.2366519367168
 2300.0       2.2458150942139
 2400.0       2.2546049883021
 2500.0       2.2642397612313
 2600.0       2.2730336040551
 2700.0       2.2825350285889
 2800.0       2.2919908975990
 2900.0       2.3008509243874
 3000.0       2.3108043490845
 3100.0       2.3198549620063
 3200.0       2.3296589931531
 3300.0       2.3380712872169
 3400.0       2.3479263559330
 3500.0       2.3576536532167
 3600.0       2.3653308474473
 3700.0       2.3769524333970
 3800.0       2.3834301440494
 3900.0       2.3941699055042
 4000.0       2.4024636701743
 4100.0       2.4110044135777
 4200.0       2.4196301784662
 4300.0       2.4295138719013
 4400.0       2.4355321493242
 4500.0       2.4458819705385
 4600.0       2.4523904461098
 4700.0       2.4603463851701
 4800.0       2.4694876309154
 4900.0       2.4752859229126
 5000.0       2.4836268160715
 5100.0       2.4905701174234
 5200.0       2.4971263505722
 5300.0       2.5040979965995
 5400.0       2.5106422909299
 5500.0       2.5177603972141
 5600.0       2.5226168249498
 5700.0       2.5266575424625
 5800.0       2.5362273570896
 5900.0       2.5389187269940
 6000.0       2.5424064002161
# P = 10.000000 (GPa)
    1.0     -12.3520332111378
  100.0       1.8178533073962
  200.0       1.6603987725150
  300.0       1.9835530793627
  400.0       2.0081162232487
  500.0       2.0653263341764
  600.0       2.0811865219044
  700.0       2.0973391772362
  800.0       2.1078762198598
  900.0       2.1176006144945
 1000.0       2.1264438143094
 1100.0       2.1347460359582
 1200.0       2.1431370157852
 1300.0       2.1513113985394
 1400.0       2.1594632377319
 1500.0       2.1676644835320
 1600.0       2.1759325664687
 1700.0       2.1842800805807
 1800.0       2.1927721682841
 1900.0       2.2010653168875
 2000.0       2.2099461511980
 2100.0       2.2184009551015
 2200.0       2.2272459210976
 2300.0       2.2363128634378
 2400.0       2.2450225049262
 2500.0       2.2545829495888
 2600.0       2.2633218788934
 2700.0       2.2727749195066
 2800.0       2.2821973159449
 2900.0       2.2910373502972
 3000.0       2.3009796261758
 3100.0       2.3100342815034
 3200.0       2.3198510125070
 3300.0       2.3283043371360
 3400.0       2.3381871960929
 3500.0       2.3479640895870
 3600.0       2.3557161463445
 3700.0       2.3673866016436
 3800.0       2.3739762831026
 3900.0       2.3848114271141
 4000.0       2.3931955463045
 4100.0       2.4018693238413
 4200.0       2.4106236380386
 4300.0       2.4206242563318
 4400.0       2.4268180311110
 4500.0       2.4373085775378
 4600.0       2.4440050138719
 4700.0       2.4521112544324
 4800.0       2.4614583675315
 4900.0       2.4674425370073
 5000.0       2.4759804481147
 5100.0       2.4831324663556
 5200.0       2.4898854576467
 5300.0       2.4970536079173
 5400.0       2.5038223013484
 5500.0       2.5111254826055
 5600.0       2.5162875227461
 5700.0       2.5205900635252
 5800.0       2.5302635002861
 5900.0       2.5332372554238
 6000.0       2.5370062621896
# P = 11.000000 (GPa)
    1.0     -12.2780515320225
  100.0       1.8081137693250
  200.0       1.6519798642599
  300.0       1.9741153014997
  400.0       1.9991512287524
  500.0       2.0565405746362
  600.0       2.0726292146572
  700.0       2.0889019663375
  800.0       2.0995171752141
  900.0       2.1092660279671
 1000.0       2.1181057786976
 1100.0       2.1263850395359
 1200.0       2.1347279349017
 1300.0       2.1428490509055
 1400.0       2.1509327171406
 1500.0       2.1590587439592
 1600.0       2.1672466969487
 1700.0       2.1755027815023
 1800.0       2.1839025266624
 1900.0       2.1920979252111
 2000.0       2.2008792550315
 2100.0       2.2092271809661
 2200.0       2.2179507668787
 2300.0       2.2269082391137
 2400.0       2.2355236986308
 2500.0       2.2449962229058
 2600.0       2.2536665420174
 2700.0       2.2630578099253
 2800.0       2.2724330159507
 2900.0       2.2812402543781
 3000.0       2.2911576181738
 3100.0       2.3002036320596
 3200.0       2.3100200315441
 3300.0       2.3185007798877
 3400.0       2.3284001647551
 3500.0       2.3382142870542
 3600.0       2.3460292770943
 3700.0       2.3577377727448
 3800.0       2.3644270058206
 3900.0       2.3753453280979
 4000.0       2.3838116496320
 4100.0       2.3926063398060
 4200.0       2.4014796349029
 4300.0       2.4115885370925
 4400.0       2.4179477985172
 4500.0       2.4285702167322
 4600.0       2.4354457033654
 4700.0       2.4436964156460
 4800.0       2.4532391909373
 4900.0       2.4594042999191
 5000.0       2.4681321620272
 5100.0       2.4754877256516
 5200.0       2.4824338982769
 5300.0       2.4897957568364
 5400.0       2.4967852021978
 5500.0       2.5042726939126
 5600.0       2.5097323655895
 5700.0       2.5142955536538
 5800.0       2.5240792738156
 5900.0       2.5273328783251
 6000.0       2.5313855671871
# P = 12.000000 (GPa)
    1.0     -12.2047222003129
  100.0       1.7984496606427
  200.0       1.6436317545644
  300.0       1.9647682548821
  400.0       1.9902767657117
  500.0       2.0478378811063
  600.0       2.0641599508539
  700.0       2.0805554365620
  800.0       2.0912419941749
  900.0       2.1010233268326
 1000.0       2.1098585259547
 1100.0       2.1181131115029
 1200.0       2.1264161744157
 1300.0       2.1344789354471
 1400.0       2.1425005463160
 1500.0       2.1505524102142
 1600.0       2.1586594692166
 1700.0       2.1668320982463
 1800.0       2.1751367937207
 1900.0       2.1832392833061
 2000.0       2.1919174665830
 2100.0       2.2001677763766
 2200.0       2.2087819553841
 2300.0       2.2176158129372
 2400.0       2.2261232647978
 2500.0       2.2354941319227
 2600.0       2.2440820256611
 2700.0       2.2533979677428
 2800.0       2.2627121340234
 2900.0       2.2714735159524
 3000.0       2.2813520998052
 3100.0       2.2903765165259
 3200.0       2.3001793484830
 3300.0       2.3086737085616
 3400.0       2.3185779726566
 3500.0       2.3284166750434
 3600.0       2.3362823131209
 3700.0       2.3480176523412
 3800.0       2.3547937479109
 3900.0       2.3657826899831
 4000.0       2.3743224830768
 4100.0       2.3832256948943
 4200.0       2.3922078565086
 4300.0       2.4024159135843
 4400.0       2.4089301822523
 4500.0       2.4196751263508
 4600.0       2.4267202166556
 4700.0       2.4351089170754
 4800.0       2.4448367262924
 4900.0       2.4511770832303
 5000.0       2.4600872803280
 5100.0       2.4676404659629
 5200.0       2.4747754763673
 5300.0       2.4823274493883
 5400.0       2.4895332257506
 5500.0       2.4972034216139
 5600.0       2.5029522707276
 5700.0       2.5077739662842
 5800.0       2.5176734392797
 5900.0       2.5212036471327
 6000.0       2.5255411379101
# P = 13.000000 (GPa)
    1.0     -12.1321553673307
  100.0       1.7888702345892
  200.0       1.6353585195839
  300.0       1.9555034223219
  400.0       1.9814871814782
  500.0       2.0392258226479
  600.0       2.0557726240875
  700.0       2.0722943622379
  800.0       2.0830572225634
  900.0       2.0928639895940
 1000.0       2.1017019093126
 1100.0       2.1099324972774
 1200.0       2.1181927666996
 1300.0       2.1262059087770
 1400.0       2.1341609343067
 1500.0       2.1421437472069
 1600.0       2.1501723301011
 1700.0       2.1582595951027
 1800.0       2.1664776968732
 1900.0       2.1744847745453
 2000.0       2.1830644963273
 2100.0       2.1912137431564
 2200.0       2.1997267224953
 2300.0       2.2084502093882
 2400.0       2.2168361058202
 2500.0       2.2260914102514
 2600.0       2.2345829714725
 2700.0       2.2438098842205
 2800.0       2.2530490490799
 2900.0       2.2617512738588
 3000.0       2.2715771173746
 3100.0       2.2805667322613
 3200.0       2.2903425692497
 3300.0       2.2988365472643
 3400.0       2.3087336824439
 3500.0       2.3185840521686
 3600.0       2.3264877209416
 3700.0       2.3382383570504
 3800.0       2.3450883705279
 3900.0       2.3561350461236
 4000.0       2.3647390263773
 4100.0       2.3737381115941
 4200.0       2.3828185103673
 4300.0       2.3931161244561
 4400.0       2.3997744736946
 4500.0       2.4106321277079
 4600.0       2.4178368625376
 4700.0       2.4263564385020
 4800.0       2.4362582489042
 4900.0       2.4427674384494
 5000.0       2.4518518243298
 5100.0       2.4595959870022
 5200.0       2.4669147525935
 5300.0       2.4746524765694
 5400.0       2.4820694163575
 5500.0       2.4899198958292
 5600.0       2.4959490084327
 5700.0       2.5010261409639
 5800.0       2.5110456845931
 5900.0       2.5148485599343
 6000.0       2.5194707813485
# P = 14.000000 (GPa)
    1.0     -12.0601838897474
  100.0       1.7793645404632
  200.0       1.6271600991053
  300.0       1.9463286007593
  400.0       1.9727784531381
  500.0       2.0306959187817
  600.0       2.0474739904328
  700.0       2.0641151234179
  800.0       2.0749558528482
  900.0       2.0847947800702
 1000.0       2.0936285330463
 1100.0       2.1018413428479
 1200.0       2.1100612410908
 1300.0       2.1180207217242
 1400.0       2.1259181339382
 1500.0       2.1338281495041
 1600.0       2.1417822312155
 1700.0       2.1497876343582
 1800.0       2.1579165346081
 1900.0       2.1658369246012
 2000.0       2.1743158520205
 2100.0       2.1823685011848
 2200.0       2.1907774764382
 2300.0       2.1993973060985
 2400.0       2.2076759220540
 2500.0       2.2168033179699
 2600.0       2.2251841193915
 2700.0       2.2343082830890
 2800.0       2.2434583594872
 2900.0       2.2520879115546
 3000.0       2.2618469716315
 3100.0       2.2707883542048
 3200.0       2.2805235902718
 3300.0       2.2890030337316
 3400.0       2.2988806909234
 3500.0       2.3087295680920
 3600.0       2.3166583420818
 3700.0       2.3284123959164
 3800.0       2.3353231413523
 3900.0       2.3464143629804
 4000.0       2.3550727168136
 4100.0       2.3641547820298
 4200.0       2.3733223040301
 4300.0       2.3836994273717
 4400.0       2.3904905055314
 4500.0       2.4014506044645
 4600.0       2.4088045353949
 4700.0       2.4174472703658
 4800.0       2.4275116622880
 4900.0       2.4341825751935
 5000.0       2.4434324927127
 5100.0       2.4513602962360
 5200.0       2.4588570215682
 5300.0       2.4667753905852
 5400.0       2.4743976073908
 5500.0       2.4824251628429
 5600.0       2.4887251787527
 5700.0       2.4940537807215
 5800.0       2.5041965984093
 5900.0       2.5082675349735
 6000.0       2.5131732708580
# P = 15.000000 (GPa)
    1.0     -11.9888998959551
  100.0       1.7699348363658
  200.0       1.6190285342414
  300.0       1.9372360056622
  400.0       1.9641568618371
  500.0       2.0222479295171
  600.0       2.0392544390043
  700.0       2.0560230232817
  800.0       2.0669365064592
  900.0       2.0768074272419
 1000.0       2.0856449067023
 1100.0       2.0938335960174
 1200.0       2.1020181464484
 1300.0       2.1099279286590
 1400.0       2.1177628703382
 1500.0       2.1256090516436
 1600.0       2.1334856993485
 1700.0       2.1414120957051
 1800.0       2.1494564558112
 1900.0       2.1572867958202
 2000.0       2.1656737537744
 2100.0       2.1736280185660
 2200.0       2.1819369702847
 2300.0       2.1904508191841
 2400.0       2.1986276733873
 2500.0       2.2076423960882
 2600.0       2.2159011130669
 2700.0       2.2249078868171
 2800.0       2.2339549245464
 2900.0       2.2424980252824
 3000.0       2.2521762052702
 3100.0       2.2610557168533
 3200.0       2.2707365817382
 3300.0       2.2791872019849
 3400.0       2.2890327113547
 3500.0       2.2988667057462
 3600.0       2.3068073748109
 3700.0       2.3185526518820
 3800.0       2.3255107162651
 3900.0       2.3366330212283
 4000.0       2.3453354297515
 4100.0       2.3544873488611
 4200.0       2.3637304255541
 4300.0       2.3741765791295
 4400.0       2.3810886309043
 4500.0       2.3921404822270
 4600.0       2.3996326948797
 4700.0       2.4083902925085
 4800.0       2.4186054772692
 4900.0       2.4254303401961
 5000.0       2.4348366400785
 5100.0       2.4429400859883
 5200.0       2.4506082899212
 5300.0       2.4587014831645
 5400.0       2.4665223981293
 5500.0       2.4747230616344
 5600.0       2.4812841881098
 5700.0       2.4868594284027
 5800.0       2.4971276475739
 5900.0       2.5014613872115
 6000.0       2.5066483138810
# P = 16.000000 (GPa)
    1.0     -11.9183288797669
  100.0       1.7605860638874
  200.0       1.6109706247775
  300.0       1.9282237454674
  400.0       1.9556124673776
  500.0       2.0138853691551
  600.0       2.0311166528432
  700.0       2.0480080932718
  800.0       2.0590027270639
  900.0       2.0689025737719
 1000.0       2.0777419238340
 1100.0       2.0859151767658
 1200.0       2.0940589244358
 1300.0       2.1019226272508
 1400.0       2.1097004009123
 1500.0       2.1174773824796
 1600.0       2.1252851692443
 1700.0       2.1331308348864
 1800.0       2.1410922664249
 1900.0       2.1488380814886
 2000.0       2.1571293977729
 2100.0       2.1649939986570
 2200.0       2.1732014667846
 2300.0       2.1816129896012
 2400.0       2.1896864461478
 2500.0       2.1985927556720
 2600.0       2.2067452013867
 2700.0       2.2156247181622
 2800.0       2.2245534991258
 2900.0       2.2329965001881
 3000.0       2.2425795619735
 3100.0       2.2513834039515
 3200.0       2.2609959689169
 3300.0       2.2694033656501
 3400.0       2.2792037558187
 3500.0       2.2890092635446
 3600.0       2.2969483561319
 3700.0       2.3086723635086
 3800.0       2.3156641207724
 3900.0       2.3268037971883
 4000.0       2.3355394596839
 4100.0       2.3447478858655
 4200.0       2.3540545238431
 4300.0       2.3645588158296
 4400.0       2.3715797037201
 4500.0       2.3827122083474
 4600.0       2.3903313452863
 4700.0       2.3991949535290
 4800.0       2.4095487913607
 4900.0       2.4165191954961
 5000.0       2.4260722550568
 5100.0       2.4343427124342
 5200.0       2.4421752536869
 5300.0       2.4504367629738
 5400.0       2.4584491309699
 5500.0       2.4668182004549
 5600.0       2.4736302269220
 5700.0       2.4794464429760
 5800.0       2.4898411515551
 5900.0       2.4944318043078
 6000.0       2.4998965339958
# P = 17.000000 (GPa)
    1.0     -11.8482996445636
  100.0       1.7513051144205
  200.0       1.6029812549399
  300.0       1.9192973513075
  400.0       1.9471482408271
  500.0       2.0055983278730
  600.0       2.0230612202075
  700.0       2.0400751100015
  800.0       2.0511447821724
  900.0       2.0610818997941
 1000.0       2.0699220363592
 1100.0       2.0780765215816
 1200.0       2.0861885769381
 1300.0       2.0940018116991
 1400.0       2.1017245429010
 1500.0       2.1094388060556
 1600.0       2.1171721251707
 1700.0       2.1249451171948
 1800.0       2.1328230352272
 1900.0       2.1404847518524
 2000.0       2.1486868929204
 2100.0       2.1564576849832
 2200.0       2.1645721038780
 2300.0       2.1728807441435
 2400.0       2.1808536973751
 2500.0       2.1896507524285
 2600.0       2.1976999186243
 2700.0       2.2064685518372
 2800.0       2.2152705520870
 2900.0       2.2235980078619
 3000.0       2.2330720989832
 3100.0       2.2417861976420
 3200.0       2.2513164244156
 3300.0       2.2596660985097
 3400.0       2.2694081184100
 3500.0       2.2791713376720
 3600.0       2.2870951438338
 3700.0       2.2987851067117
 3800.0       2.3057967318623
 3900.0       2.3169398441888
 4000.0       2.3256975011480
 4100.0       2.3349488791165
 4200.0       2.3443066893441
 4300.0       2.3548578331170
 4400.0       2.3619750586890
 4500.0       2.3731767317283
 4600.0       2.3809110152381
 4700.0       2.3898712498079
 4800.0       2.4003512675160
 4900.0       2.4074581977798
 5000.0       2.4171479392003
 5100.0       2.4255761733455
 5200.0       2.4335652767204
 5300.0       2.4419879326366
 5400.0       2.4501838691303
 5500.0       2.4587159344733
 5600.0       2.4657682454782
 5700.0       2.4718189766587
 5800.0       2.4823402595253
 5900.0       2.4871813223439
 6000.0       2.4929194440505
# P = 18.000000 (GPa)
    1.0     -11.7789580066490
  100.0       1.7420991802197
  200.0       1.5950568861465
  300.0       1.9104466830588
  400.0       1.9387654136669
  500.0       1.9973926796221
  600.0       2.0150792380712
  700.0       2.0322221088732
  800.0       2.0433688906387
  900.0       2.0533363084949
 1000.0       2.0621850971530
 1100.0       2.0703215963244
 1200.0       2.0783973805290
 1300.0       2.0861693250907
 1400.0       2.0938338721218
 1500.0       2.1014860586515
 1600.0       2.1091524616928
 1700.0       2.1168470463823
 1800.0       2.1246488039360
 1900.0       2.1322271271365
 2000.0       2.1403393395218
 2100.0       2.1480233709426
 2200.0       2.1560406379962
 2300.0       2.1642544433088
 2400.0       2.1721269138723
 2500.0       2.1808171326813
 2600.0       2.1887628129173
 2700.0       2.1974225011459
 2800.0       2.2061143344085
 2900.0       2.2143193372255
 3000.0       2.2236685486101
 3100.0       2.2322792268001
 3200.0       2.2417128077695
 3300.0       2.2499902291959
 3400.0       2.2596603548549
 3500.0       2.2693673053350
 3600.0       2.2772618985130
 3700.0       2.2889047767356
 3800.0       2.2959222597303
 3900.0       2.3070546743243
 4000.0       2.3158226297786
 4100.0       2.3251032079273
 4200.0       2.3344994347446
 4300.0       2.3450857666187
 4400.0       2.3522864915936
 4500.0       2.3635454828712
 4600.0       2.3713827375347
 4700.0       2.3804297050970
 4800.0       2.3910231137923
 4900.0       2.3982569768286
 5000.0       2.4080728855856
 5100.0       2.4166490870522
 5200.0       2.4247863686022
 5300.0       2.4333623671899
 5400.0       2.4417333738389
 5500.0       2.4504223423850
 5600.0       2.4577039319995
 5700.0       2.4639819518066
 5800.0       2.4746289259542
 5900.0       2.4797133016715
 6000.0       2.4857194240732
# P = 19.000000 (GPa)
    1.0     -11.7102780029221
  100.0       1.7329693541565
  200.0       1.5872034233264
  300.0       1.9016750175963
  400.0       1.9304548282904
  500.0       1.9892657551047
  600.0       2.0071780310649
  700.0       2.0244417099188
  800.0       2.0356708865762
  900.0       2.0456729011980
 1000.0       2.0545229907100
 1100.0       2.0626484272189
 1200.0       2.0706905294369
 1300.0       2.0784155747891
 1400.0       2.0860309620146
 1500.0       2.0936192646537
 1600.0       2.1012180069729
 1700.0       2.1088424599923
 1800.0       2.1165625752899
 1900.0       2.1240638993977
 2000.0       2.1320881272933
 2100.0       2.1396836303203
 2200.0       2.1476114724540
 2300.0       2.1557262262088
 2400.0       2.1635056558285
 2500.0       2.1720900888728
 2600.0       2.1799338533750
 2700.0       2.1884851949630
 2800.0       2.1970678281010
 2900.0       2.2051669788425
 3000.0       2.2143861442251
 3100.0       2.2228771973145
 3200.0       2.2322003485702
 3300.0       2.2403907714811
 3400.0       2.2499752793573
 3500.0       2.2596118037057
 3600.0       2.2674630668664
 3700.0       2.2790455699056
 3800.0       2.2860547298956
 3900.0       2.2971621400721
 4000.0       2.3059282836144
 4100.0       2.3152241261951
 4200.0       2.3246456757954
 4300.0       2.3352551725069
 4400.0       2.3425262396605
 4500.0       2.3538303539600
 4600.0       2.3617580290057
 4700.0       2.3708813499170
 4800.0       2.3815750627103
 4900.0       2.3889257150105
 5000.0       2.3988568577074
 5100.0       2.4075706707097
 5200.0       2.4158471629082
 5300.0       2.4245680915909
 5400.0       2.4331050823385
 5500.0       2.4419442035420
 5600.0       2.4494436890642
 5700.0       2.4559410382585
 5800.0       2.4667118877958
 5900.0       2.4720319034041
 6000.0       2.4782996949675
# P = 20.000000 (GPa)
    1.0     -11.6421290482239
  100.0       1.7239042628947
  200.0       1.5794133369999
  300.0       1.8929841420565
  400.0       1.9222230183730
  500.0       1.9812103265849
  600.0       1.9993521594692
  700.0       2.0167416206032
  800.0       2.0280452039833
  900.0       2.0380857342239
 1000.0       2.0469431122775
 1100.0       2.0550501363053
 1200.0       2.0630643534816
 1300.0       2.0707466805946
 1400.0       2.0783066674009
 1500.0       2.0858396064035
 1600.0       2.0933702718666
 1700.0       2.1009225678788
 1800.0       2.1085698881709
 1900.0       2.1159890091471
 2000.0       2.1239307303468
 2100.0       2.1314409307389
 2200.0       2.1392766316781
 2300.0       2.1473003432681
 2400.0       2.1549828013325
 2500.0       2.1634682362623
 2600.0       2.1712119193878
 2700.0       2.1796558788493
 2800.0       2.1881306931650
 2900.0       2.1961238360725
 3000.0       2.2052296981962
 3100.0       2.2135976589431
 3200.0       2.2227937595534
 3300.0       2.2308831382317
 3400.0       2.2403678864018
 3500.0       2.2499197288587
 3600.0       2.2577133598328
 3700.0       2.2692219669577
 3800.0       2.2762084649341
 3900.0       2.2872764162510
 4000.0       2.2960282444405
 4100.0       2.3053252436681
 4200.0       2.3147587123496
 4300.0       2.3253790081657
 4400.0       2.3327069620173
 4500.0       2.3440436791497
 4600.0       2.3520488706155
 4700.0       2.3612377012379
 4800.0       2.3720183508218
 4900.0       2.3794751264727
 5000.0       2.3895101684809
 5100.0       2.3983507191220
 5200.0       2.4067568958671
 5300.0       2.4156137589036
 5400.0       2.4243070852403
 5500.0       2.4332889757934
 5600.0       2.4409946122249
 5700.0       2.4477026301803
 5800.0       2.4585946401093
 5900.0       2.4641420661271
 6000.0       2.4706642967538
# P = 21.000000 (GPa)
    1.0     -11.5746328067594
  100.0       1.7149117193546
  200.0       1.5716865421967
  300.0       1.8843644899016
  400.0       1.9140667582230
  500.0       1.9732341593645
  600.0       1.9915968255263
  700.0       2.0091144634143
  800.0       2.0204991319458
  900.0       2.0305711892549
 1000.0       2.0394380527430
 1100.0       2.0475339707715
 1200.0       2.0555134296110
 1300.0       2.0631574474030
 1400.0       2.0706676808167
 1500.0       2.0781386221528
 1600.0       2.0856089495263
 1700.0       2.0930902187819
 1800.0       2.1006614567026
 1900.0       2.1080074895949
 2000.0       2.1158623233861
 2100.0       2.1232914437199
 2200.0       2.1310393478139
 2300.0       2.1389685935332
 2400.0       2.1465623379453
 2500.0       2.1549452090749
 2600.0       2.1625946705749
 2700.0       2.1709341602488
 2800.0       2.1793014492254
 2900.0       2.1871904666611
 3000.0       2.1961823425777
 3100.0       2.2044435054250
 3200.0       2.2135109073774
 3300.0       2.2214821478599
 3400.0       2.2308535928039
 3500.0       2.2403061499982
 3600.0       2.2480277533337
 3700.0       2.2594487104863
 3800.0       2.2663980680282
 3900.0       2.2774119816712
 4000.0       2.2861366193453
 4100.0       2.2954205074411
 4200.0       2.3048522094225
 4300.0       2.3154706130403
 4400.0       2.3228417204142
 4500.0       2.3341982149576
 4600.0       2.3422676876572
 4700.0       2.3515107423583
 4800.0       2.3623646984779
 4900.0       2.3699164362325
 5000.0       2.3800436595542
 5100.0       2.3889995837483
 5200.0       2.3975253844834
 5300.0       2.4065086285611
 5400.0       2.4153481048769
 5500.0       2.4244647728280
 5600.0       2.4323644663821
 5700.0       2.4392738237257
 5800.0       2.4502834136545
 5900.0       2.4560494818328
 6000.0       2.4628180651336
# P = 22.000000 (GPa)
    1.0     -11.5077499713941
  100.0       1.7059910201973
  200.0       1.5640275516891
  300.0       1.8758217099748
  400.0       1.9059791832401
  500.0       1.9653307528574
  600.0       1.9839193931953
  700.0       2.0015577966345
  800.0       2.0130241398520
  900.0       2.0231355334858
 1000.0       2.0320061118770
 1100.0       2.0400915073440
 1200.0       2.0480444142665
 1300.0       2.0556440657119
 1400.0       2.0631074369642
 1500.0       2.0705232219573
 1600.0       2.0779265176122
 1700.0       2.0853435854529
 1800.0       2.0928412402405
 1900.0       2.1001099435976
 2000.0       2.1078871903045
 2100.0       2.1152315120647
 2200.0       2.1228946443473
 2300.0       2.1307349392772
 2400.0       2.1382359241647
 2500.0       2.1465245456958
 2600.0       2.1540766759199
 2700.0       2.1623167473165
 2800.0       2.1705802990980
 2900.0       2.1783648592513
 3000.0       2.1872453808629
 3100.0       2.1953980651683
 3200.0       2.2043528939742
 3300.0       2.2122059782366
 3400.0       2.2214471682617
 3500.0       2.2307865715005
 3600.0       2.2384213970546
 3700.0       2.2497408069657
 3800.0       2.2566384001100
 3900.0       2.2675836025862
 4000.0       2.2762678220048
 4100.0       2.2855241836723
 4200.0       2.2949401784413
 4300.0       2.3055436895542
 4400.0       2.3129439599062
 4500.0       2.3243071208075
 4600.0       2.3324273299974
 4700.0       2.3417129027959
 4800.0       2.3526262898025
 4900.0       2.3602613599533
 5000.0       2.3704686804551
 5100.0       2.3795281515606
 5200.0       2.3881630056494
 5300.0       2.3972625444122
 5400.0       2.4062374733464
 5500.0       2.4154803418092
 5600.0       2.4235616640240
 5700.0       2.4306623945592
 5800.0       2.4417851511899
 5900.0       2.4477605732824
 6000.0       2.4547666065244
# P = 23.000000 (GPa)
    1.0     -11.4413890484841
  100.0       1.6971327502176
  200.0       1.5564281530371
  300.0       1.8673550698228
  400.0       1.8979676918679
  500.0       1.9574961756278
  600.0       1.9763115876740
  700.0       1.9940777092479
  800.0       2.0056200624381
  900.0       2.0157694714897
 1000.0       2.0246522840919
 1100.0       2.0327229138457
 1200.0       2.0406481442979
 1300.0       2.0482123039069
 1400.0       2.0556237461531
 1500.0       2.0629857047893
 1600.0       2.0703298366894
 1700.0       2.0776762287258
 1800.0       2.0851059672073
 1900.0       2.0923013217410
 2000.0       2.0999959092776
 2100.0       2.1072644759834
 2200.0       2.1148402335791
 2300.0       2.1225933665318
 2400.0       2.1300079815635
 2500.0       2.1381979864743
 2600.0       2.1456608994977
 2700.0       2.1537991922708
 2800.0       2.1619629645878
 2900.0       2.1696478464569
 3000.0       2.1784161235932
 3100.0       2.1864633303813
 3200.0       2.1953036024624
 3300.0       2.2030538728331
 3400.0       2.2121668898361
 3500.0       2.2213758101413
 3600.0       2.2289098901713
 3700.0       2.2401134315910
 3800.0       2.2469445829125
 3900.0       2.2578063094702
 4000.0       2.2664365558844
 4100.0       2.2756508389327
 4200.0       2.2850369586751
 4300.0       2.2956122842101
 4400.0       2.3030274898370
 4500.0       2.3143839396380
 4600.0       2.3225410526279
 4700.0       2.3318570383113
 4800.0       2.3428157525481
 4900.0       2.3505220835397
 5000.0       2.3607970681024
 5100.0       2.3699478242678
 5200.0       2.3786806746096
 5300.0       2.3878859136420
 5400.0       2.3969851104821
 5500.0       2.4063450413046
 5600.0       2.4145952432043
 5700.0       2.4218767754339
 5800.0       2.4331074846352
 5900.0       2.4392824701355
 6000.0       2.4465162771775
# P = 24.000000 (GPa)
    1.0     -11.3756489751515
  100.0       1.6883440124445
  200.0       1.5488898964971
  300.0       1.8589560887678
  400.0       1.8900269634450
  500.0       1.9497376329541
  600.0       1.9687721931319
  700.0       1.9866651424077
  800.0       1.9982912520339
  900.0       2.0084748667535
 1000.0       2.0173670370970
 1100.0       2.0254316311220
 1200.0       2.0333265300767
 1300.0       2.0408525877773
 1400.0       2.0482212211393
 1500.0       2.0555255317539
 1600.0       2.0628103213141
 1700.0       2.0700946345082
 1800.0       2.0774505451439
 1900.0       2.0845769201358
 2000.0       2.0921941068287
 2100.0       2.0993812468013
 2200.0       2.1068783703816
 2300.0       2.1145428907974
 2400.0       2.1218715744562
 2500.0       2.1299702572573
 2600.0       2.1373393570711
 2700.0       2.1453836549799
 2800.0       2.1534460676607
 2900.0       2.1610341658458
 3000.0       2.1696958221936
 3100.0       2.1776362995097
 3200.0       2.1863655553968
 3300.0       2.1940103474945
 3400.0       2.2030100522359
 3500.0       2.2120922186251
 3600.0       2.2195081410138
 3700.0       2.2305822089509
 3800.0       2.2373319026836
 3900.0       2.2480954002839
 4000.0       2.2566577905728
 4100.0       2.2658153235401
 4200.0       2.2751571983724
 4300.0       2.2856907688748
 4400.0       2.2931064647834
 4500.0       2.3044425787942
 4600.0       2.3126224961800
 4700.0       2.3219564111937
 4800.0       2.3329461382966
 4900.0       2.3407112428610
 5000.0       2.3510411262876
 5100.0       2.3602704976662
 5200.0       2.3690898242253
 5300.0       2.3783896849930
 5400.0       2.3876015025329
 5500.0       2.3970688192358
 5600.0       2.4054748452986
 5700.0       2.4129260339325
 5800.0       2.4242587123611
 5900.0       2.4306229867490
 6000.0       2.4380741579239
# P = 25.000000 (GPa)
    1.0     -11.3104967038713
  100.0       1.6796237177789
  200.0       1.5414165036776
  300.0       1.8506310033444
  400.0       1.8821520077246
  500.0       1.9420471801401
  600.0       1.9613068621274
  700.0       1.9793213907916
  800.0       1.9910283027401
  900.0       2.0012542785546
 1000.0       2.0101540546866
 1100.0       2.0182080936664
 1200.0       2.0260814328618
 1300.0       2.0335683909068
 1400.0       2.0408901498248
 1500.0       2.0481460184357
 1600.0       2.0553690241795
 1700.0       2.0625895813204
 1800.0       2.0698808378946
 1900.0       2.0769329970659
 2000.0       2.0844758244710
 2100.0       2.0915879573606
 2200.0       2.0990004355286
 2300.0       2.1065845326409
 2400.0       2.1138269948923
 2500.0       2.1218336468000
 2600.0       2.1291168622196
 2700.0       2.1370625615269
 2800.0       2.1450308972468
 2900.0       2.1525214426415
 3000.0       2.1610784668941
 3100.0       2.1689186774733
 3200.0       2.1775352569678
 3300.0       2.1850783714461
 3400.0       2.1939618492687
 3500.0       2.2029312837889
 3600.0       2.2102344788382
 3700.0       2.2211621003497
 3800.0       2.2278160829712
 3900.0       2.2384663460220
 4000.0       2.2469467641710
 4100.0       2.2560327481798
 4200.0       2.2653158377844
 4300.0       2.2757938217630
 4400.0       2.2831953658523
 4500.0       2.2944972908335
 4600.0       2.3026856676680
 4700.0       2.3120246705602
 4800.0       2.3230309028235
 4900.0       2.3308419036607
 5000.0       2.3412136055693
 5100.0       2.3505085409509
 5200.0       2.3594023838093
 5300.0       2.3687853277370
 5400.0       2.3780976804823
 5500.0       2.3876621909613
 5600.0       2.3962106933795
 5700.0       2.4038198507040
 5800.0       2.4152477760358
 5900.0       2.4217905985295
 6000.0       2.4294480326078
# P = 26.000000 (GPa)
    1.0     -11.2458482962512
  100.0       1.6709631688892
  200.0       1.5339998304451
  300.0       1.8423783388712
  400.0       1.8743499955079
  500.0       1.9344228567184
  600.0       1.9539066890469
  700.0       1.9720500925279
  800.0       1.9838346013795
  900.0       1.9940985085272
 1000.0       2.0030139691625
 1100.0       2.0110574726431
 1200.0       2.0189036755551
 1300.0       2.0263598612391
 1400.0       2.0336353879552
 1500.0       2.0408376029617
 1600.0       2.0480078212487
 1700.0       2.0551636238640
 1800.0       2.0623872176407
 1900.0       2.0693745333318
 2000.0       2.0768388037883
 2100.0       2.0838775316923
 2200.0       2.0912127577339
 2300.0       2.0987103617117
 2400.0       2.1058739566854
 2500.0       2.1137896673823
 2600.0       2.1209850487117
 2700.0       2.1288406582665
 2800.0       2.1367104949765
 2900.0       2.1441100057657
 3000.0       2.1525628774221
 3100.0       2.1603036254903
 3200.0       2.1688146433153
 3300.0       2.1762541258664
 3400.0       2.1850255271238
 3500.0       2.1938791505441
 3600.0       2.2010825485652
 3700.0       2.2118712653052
 3800.0       2.2184122404340
 3900.0       2.2289350457061
 4000.0       2.2373188932735
 4100.0       2.2463184851427
 4200.0       2.2555280858528
 4300.0       2.2659364102558
 4400.0       2.2733089816171
 4500.0       2.2845626547405
 4600.0       2.2927449213105
 4700.0       2.3020758328678
 4800.0       2.3130838863886
 4900.0       2.3209275416490
 5000.0       2.3313276829489
 5100.0       2.3406747763501
 5200.0       2.3496307586028
 5300.0       2.3590848105231
 5400.0       2.3684851987924
 5500.0       2.3781362176319
 5600.0       2.3868135702194
 5700.0       2.3945684971428
 5800.0       2.4060842386978
 5900.0       2.4127944199434
 6000.0       2.4206463640383
# P = 27.000000 (GPa)
    1.0     -11.1817857472316
  100.0       1.6623689205276
  200.0       1.5266415281035
  300.0       1.8341901361674
  400.0       1.8666151207546
  500.0       1.9268710771473
  600.0       1.9465724680029
  700.0       1.9648420588611
  800.0       1.9767117099118
  900.0       1.9870127111399
 1000.0       1.9959379550165
 1100.0       2.0039786118765
 1200.0       2.0117996290447
 1300.0       2.0192183930630
 1400.0       2.0264554362107
 1500.0       2.0336062762821
 1600.0       2.0407175450040
 1700.0       2.0478171225586
 1800.0       2.0549735602848
 1900.0       2.0618917935015
 2000.0       2.0692869265928
 2100.0       2.0762491729921
 2200.0       2.0835073397509
 2300.0       2.0909266528922
 2400.0       2.0980054341082
 2500.0       2.1058366979632
 2600.0       2.1129465406054
 2700.0       2.1207091486648
 2800.0       2.1284893576281
 2900.0       2.1357937340643
 3000.0       2.1441483213965
 3100.0       2.1517908882937
 3200.0       2.1601963008811
 3300.0       2.1675396713290
 3400.0       2.1761970735983
 3500.0       2.1849392829392
 3600.0       2.1920394493670
 3700.0       2.2027015662048
 3800.0       2.2091382795890
 3900.0       2.2195169041129
 4000.0       2.2277899950216
 4100.0       2.2366880870541
 4200.0       2.2458094189242
 4300.0       2.2561337680569
 4400.0       2.2634623907139
 4500.0       2.2746535567815
 4600.0       2.2828149395914
 4700.0       2.2921242624971
 4800.0       2.3031192943563
 4900.0       2.3109820226619
 5000.0       2.3213969419813
 5100.0       2.3307824587890
 5200.0       2.3397878089801
 5300.0       2.3493005804150
 5400.0       2.3587761141143
 5500.0       2.3685024846028
 5600.0       2.3772947970272
 5700.0       2.3851828139993
 5800.0       2.3967782618464
 5900.0       2.4036441813396
 6000.0       2.4116782729510
# P = 28.000000 (GPa)
    1.0     -11.1182869213601
  100.0       1.6538410295402
  200.0       1.5193452806004
  300.0       1.8260723736141
  400.0       1.8589429365361
  500.0       1.9193837563544
  600.0       1.9393087554227
  700.0       1.9577003997981
  800.0       1.9696507211146
  900.0       1.9799963743946
 1000.0       1.9889324419448
 1100.0       1.9969635225868
 1200.0       2.0047663267416
 1300.0       2.0121511873262
 1400.0       2.0193425835327
 1500.0       2.0264489055110
 1600.0       2.0335050379932
 1700.0       2.0405415446562
 1800.0       2.0476386531461
 1900.0       2.0544898315385
 2000.0       2.0618105361754
 2100.0       2.0687055002303
 2200.0       2.0758848642020
 2300.0       2.0832246404216
 2400.0       2.0902274662762
 2500.0       2.0979687702386
 2600.0       2.1049984076216
 2700.0       2.1126716503045
 2800.0       2.1203584185388
 2900.0       2.1275767268458
 3000.0       2.1358294516513
 3100.0       2.1433786346376
 3200.0       2.1516809819261
 3300.0       2.1589270863431
 3400.0       2.1674786669184
 3500.0       2.1761075023063
 3600.0       2.1831087158464
 3700.0       2.1936411256937
 3800.0       2.1999844250047
 3900.0       2.2102295352530
 4000.0       2.2183755485650
 4100.0       2.2271574603221
 4200.0       2.2361755121135
 4300.0       2.2464013903552
 4400.0       2.2536709398495
 4500.0       2.2647851727833
 4600.0       2.2729107141186
 4700.0       2.2821846525781
 4800.0       2.2931516778641
 4900.0       2.3010195829506
 5000.0       2.3114353528412
 5100.0       2.3208452557877
 5200.0       2.3298868300212
 5300.0       2.3394455420167
 5400.0       2.3489829643922
 5500.0       2.3587730799020
 5600.0       2.3676662117771
 5700.0       2.3756741894836
 5800.0       2.3873405833290
 5900.0       2.3943502070397
 6000.0       2.4025535143275
# P = 29.000000 (GPa)
    1.0     -11.0552566477701
  100.0       1.6453700973672
  200.0       1.5121036293277
  300.0       1.8180242763374
  400.0       1.8513403341844
  500.0       1.9119594438300
  600.0       1.9321067377466
  700.0       1.9506274928955
  800.0       1.9626566619005
  900.0       1.9730410962476
 1000.0       1.9819950355230
 1100.0       1.9900195464968
 1200.0       1.9977967338024
 1300.0       2.0051536951035
 1400.0       2.0123044956648
 1500.0       2.0193588821022
 1600.0       2.0263656282283
 1700.0       2.0333442544327
 1800.0       2.0403748487568
 1900.0       2.0471658559309
 2000.0       2.0544156499145
 2100.0       2.0612372027863
 2200.0       2.0683465776784
 2300.0       2.0756064110970
 2400.0       2.0825307500991
 2500.0       2.0901914399908
 2600.0       2.0971358883940
 2700.0       2.1047239460917
 2800.0       2.1123220921016
 2900.0       2.1194498346634
 3000.0       2.1276096763050
 3100.0       2.1350625690331
 3200.0       2.1432657467167
 3300.0       2.1504180184132
 3400.0       2.1588620507020
 3500.0       2.1673858970640
 3600.0       2.1742861254990
 3700.0       2.1846934461525
 3800.0       2.1909399216106
 3900.0       2.2010616315688
 4000.0       2.2090924949948
 4100.0       2.2177423659778
 4200.0       2.2266423490940
 4300.0       2.2367549818559
 4400.0       2.2439502344570
 4500.0       2.2549729472075
 4600.0       2.2630475275015
 4700.0       2.2722720056983
 4800.0       2.2831959146639
 4900.0       2.2910548096931
 5000.0       2.3014572526142
 5100.0       2.3108772273506
 5200.0       2.3199415311982
 5300.0       2.3295330368904
 5400.0       2.3391187477028
 5500.0       2.3489605730676
 5600.0       2.3579401482371
 5700.0       2.3660545378868
 5800.0       2.3777824952520
 5900.0       2.3849233927519
 6000.0       2.3932824549006
# P = 30.000000 (GPa)
    1.0     -10.9927863170334
  100.0       1.6369621867146
  200.0       1.5049171829227
  300.0       1.8100375620467
  400.0       1.8438022943932
  500.0       1.9046044820895
  600.0       1.9249675505667
  700.0       1.9436145043277
  800.0       1.9557297369828
  900.0       1.9661532529509
 1000.0       1.9751182810006
 1100.0       1.9831425312587
 1200.0       1.9908986047835
 1300.0       1.9982201842596
 1400.0       2.0053351756706
 1500.0       2.0123439082372
 1600.0       2.0192940216166
 1700.0       2.0262192005554
 1800.0       2.0331897003739
 1900.0       2.0399133111778
 2000.0       2.0470980169222
 2100.0       2.0538510179326
 2200.0       2.0608837163238
 2300.0       2.0680718217136
 2400.0       2.0749186349340
 2500.0       2.0824950705922
 2600.0       2.0893637997262
 2700.0       2.0968625393112
 2800.0       2.1043749993766
 2900.0       2.1114180008901
 3000.0       2.1194800030315
 3100.0       2.1268453726563
 3200.0       2.1349473376481
 3300.0       2.1420085470336
 3400.0       2.1503495602734
 3500.0       2.1587659835136
 3600.0       2.1655735554630
 3700.0       2.1758544370769
 3800.0       2.1820080569192
 3900.0       2.1920036438330
 4000.0       2.1999280166180
 4100.0       2.2084590576296
 4200.0       2.2172260303999
 4300.0       2.2272104849159
 4400.0       2.2343161082953
 4500.0       2.2452325779858
 4600.0       2.2532409338652
 4700.0       2.2624016151725
 4800.0       2.2732671900285
 4900.0       2.2811026215377
 5000.0       2.2914773256985
 5100.0       2.3008928061164
 5200.0       2.3099660161472
 5300.0       2.3195768229577
 5400.0       2.3291969016542
 5500.0       2.3390779939572
 5600.0       2.3481294144887
 5700.0       2.3563362781435
 5800.0       2.3681158220535
 5900.0       2.3753751836134
 6000.0       2.3838760513702
# P = 31.000000 (GPa)
    1.0     -10.9308818262519
  100.0       1.6286192826278
  200.0       1.4977900795679
  300.0       1.8021173757425
  400.0       1.8363236223584
  500.0       1.8973113749991
  600.0       1.9178958432033
  700.0       1.9366647902712
  800.0       1.9488614917255
  900.0       1.9593310155406
 1000.0       1.9683095062747
 1100.0       1.9763261154829
 1200.0       1.9840663130480
 1300.0       1.9913583937711
 1400.0       1.9984303137313
 1500.0       2.0053968090392
 1600.0       2.0122975454727
 1700.0       2.0191625924744
 1800.0       2.0260759792219
 1900.0       2.0327396062277
 2000.0       2.0398524256126
 2100.0       2.0465413059052
 2200.0       2.0535034268922
 2300.0       2.0606129375857
 2400.0       2.0673894930018
 2500.0       2.0748841131887
 2600.0       2.0816724018267
 2700.0       2.0890912951962
 2800.0       2.0965150162258
 2900.0       2.1034747136514
 3000.0       2.1114458384249
 3100.0       2.1187184272016
 3200.0       2.1267275174124
 3300.0       2.1336965551111
 3400.0       2.1419362314297
 3500.0       2.1502507023715
 3600.0       2.1569624347133
 3700.0       2.1671257135406
 3800.0       2.1731849249011
 3900.0       2.1830585566654
 4000.0       2.1908737708640
 4100.0       2.1992935734941
 4200.0       2.2079418920170
 4300.0       2.2177842855758
 4400.0       2.2247845461091
 4500.0       2.2355800139699
 4600.0       2.2435067361893
 4700.0       2.2525890473089
 4800.0       2.2633809775440
 4900.0       2.2711782494222
 5000.0       2.2815105843251
 5100.0       2.2909067776316
 5200.0       2.2999747625510
 5300.0       2.3095910541199
 5400.0       2.3192312826983
 5500.0       2.3291388116522
 5600.0       2.3382472722309
 5700.0       2.3465323126539
 5800.0       2.3583528985113
 5900.0       2.3657175523035
 6000.0       2.3743458281412
# P = 32.000000 (GPa)
    1.0     -10.8694152654724
  100.0       1.6203306744749
  200.0       1.4907165420165
  300.0       1.7942648295624
  400.0       1.8289108310604
  500.0       1.8900777351623
  600.0       1.9108832092787
  700.0       1.9297808870805
  800.0       1.9420570630635
  900.0       1.9525666634291
 1000.0       1.9615650809794
 1100.0       1.9695780219673
 1200.0       1.9772948951462
 1300.0       1.9845614435699
 1400.0       1.9915971788963
 1500.0       1.9985148546982
 1600.0       2.0053680809910
 1700.0       2.0121811043984
 1800.0       2.0190314605377
 1900.0       2.0256365823425
 2000.0       2.0326858007540
 2100.0       2.0393042794067
 2200.0       2.0461988772181
 2300.0       2.0532369957628
 2400.0       2.0599364016219
 2500.0       2.0673554721762
 2600.0       2.0740670667482
 2700.0       2.0814006481499
 2800.0       2.0887448823037
 2900.0       2.0956192103026
 3000.0       2.1034997918248
 3100.0       2.1106873112784
 3200.0       2.1185982474272
 3300.0       2.1254826972312
 3400.0       2.1336210414463
 3500.0       2.1418342308835
 3600.0       2.1484562005329
 3700.0       2.1584987184077
 3800.0       2.1644717415291
 3900.0       2.1742227289753
 4000.0       2.1819323404590
 4100.0       2.1902389175659
 4200.0       2.1987747912827
 4300.0       2.2084906101699
 4400.0       2.2153723282951
 4500.0       2.2260312610326
 4600.0       2.2338610145038
 4700.0       2.2428501103595
 4800.0       2.2535530236014
 4900.0       2.2612972165765
 5000.0       2.2715723494766
 5100.0       2.2809342606224
 5200.0       2.2899826023048
 5300.0       2.2995902599920
 5400.0       2.3092361455673
 5500.0       2.3191569137826
 5600.0       2.3283074157769
 5700.0       2.3366560062264
 5800.0       2.3485065482692
 5900.0       2.3559629769592
 6000.0       2.3647038551012
# P = 33.000000 (GPa)
    1.0     -10.8084824780223
  100.0       1.6121015507367
  200.0       1.4836947893348
  300.0       1.7864712074188
  400.0       1.8215609803027
  500.0       1.8829102131708
  600.0       1.9039297196562
  700.0       1.9229541954170
  800.0       1.9353168493708
  900.0       1.9458667009194
 1000.0       1.9548782534468
 1100.0       1.9628930534127
 1200.0       1.9705920134207
 1300.0       1.9778258602432
 1400.0       1.9848279514771
 1500.0       1.9917045259892
 1600.0       1.9985045400002
 1700.0       2.0052659343485
 1800.0       2.0120618906472
 1900.0       2.0186036131761
 2000.0       2.0255892203389
 2100.0       2.0321460963275
 2200.0       2.0389678213507
 2300.0       2.0459360809528
 2400.0       2.0525664315608
 2500.0       2.0599034373791
 2600.0       2.0665432801809
 2700.0       2.0737967337040
 2800.0       2.0810553515502
 2900.0       2.0878530662815
 3000.0       2.0956424442849
 3100.0       2.1027438004503
 3200.0       2.1105651050806
 3300.0       2.1173595648380
 3400.0       2.1254035565100
 3500.0       2.1335166548988
 3600.0       2.1400483212309
 3700.0       2.1499771805061
 3800.0       2.1558601184703
 3900.0       2.1654968625341
 4000.0       2.1731005359562
 4100.0       2.1812970558666
 4200.0       2.1897189538501
 4300.0       2.1993134690773
 4400.0       2.2060924114020
 4500.0       2.2166035257485
 4600.0       2.2243197999256
 4700.0       2.2332009175095
 4800.0       2.2437993071394
 4900.0       2.2514753252295
 5000.0       2.2616782301839
 5100.0       2.2709906879445
 5200.0       2.2800047015627
 5300.0       2.2895893258212
 5400.0       2.2992261229761
 5500.0       2.3091465856440
 5600.0       2.3183239514349
 5700.0       2.3267211651132
 5800.0       2.3385900621250
 5900.0       2.3461244197613
 6000.0       2.3549627260404
# P = 34.000000 (GPa)
    1.0     -10.7480976255515
  100.0       1.6039354419812
  200.0       1.4767292882024
  300.0       1.7787398323115
  400.0       1.8142673082124
  500.0       1.8758029266167
  600.0       1.8970409923550
  700.0       1.9161869675543
  800.0       1.9286325041916
  900.0       1.9392295738121
 1000.0       1.9482563317676
 1100.0       1.9562656921031
 1200.0       1.9639511824046
 1300.0       1.9711587953316
 1400.0       1.9781208015766
 1500.0       1.9849572883593
 1600.0       1.9917123934029
 1700.0       1.9984175998535
 1800.0       2.0051580244452
 1900.0       2.0116452798969
 2000.0       2.0185635915438
 2100.0       2.0250573729640
 2200.0       2.0318154134636
 2300.0       2.0387094809598
 2400.0       2.0452708536827
 2500.0       2.0525346297757
 2600.0       2.0590966910086
 2700.0       2.0662737458399
 2800.0       2.0734530003939
 2900.0       2.0801677073001
 3000.0       2.0878740046019
 3100.0       2.0948897229065
 3200.0       2.1026192282344
 3300.0       2.1093325044172
 3400.0       2.1172772922432
 3500.0       2.1252963741727
 3600.0       2.1317399029297
 3700.0       2.1415539210376
 3800.0       2.1473539252360
 3900.0       2.1568729023730
 4000.0       2.1643784445175
 4100.0       2.1724651730633
 4200.0       2.1807758227587
 4300.0       2.1902483244479
 4400.0       2.1969281545329
 4500.0       2.2073083444674
 4600.0       2.2149007488641
 4700.0       2.2236574199640
 4800.0       2.2341361400574
 4900.0       2.2417286062508
 5000.0       2.2518441128339
 5100.0       2.2610917850148
 5200.0       2.2700565416981
 5300.0       2.2796034723432
 5400.0       2.2892162054074
 5500.0       2.2991224897524
 5600.0       2.3083113769229
 5700.0       2.3167420161998
 5800.0       2.3286171767687
 5900.0       2.3362153053083
 6000.0       2.3451355367205
# P = 35.000000 (GPa)
    1.0     -10.6881264207821
  100.0       1.5958223802146
  200.0       1.4698173059757
  300.0       1.7710740836649
  400.0       1.8070353618522
  500.0       1.8687514747578
  600.0       1.8902095313158
  700.0       1.9094831896583
  800.0       1.9220081540987
  900.0       1.9326475173333
 1000.0       1.9416959649693
 1100.0       1.9497035654826
 1200.0       1.9573682833783
 1300.0       1.9645527861924
 1400.0       1.9714820612606
 1500.0       1.9782729422518
 1600.0       1.9849826879229
 1700.0       1.9916402807792
 1800.0       1.9983219446489
 1900.0       2.0047521261601
 2000.0       2.0116121610844
 2100.0       2.0180405542942
 2200.0       2.0247319868880
 2300.0       2.0315612007036
 2400.0       2.0380504979641
 2500.0       2.0452396824477
 2600.0       2.0517332303783
 2700.0       2.0588287388135
 2800.0       2.0659308787844
 2900.0       2.0725699210361
 3000.0       2.0801866618379
 3100.0       2.0871239323887
 3200.0       2.0947635910530
 3300.0       2.1013922949783
 3400.0       2.1092472012713
 3500.0       2.1171679020509
 3600.0       2.1235280974587
 3700.0       2.1332309613046
 3800.0       2.1389455298883
 3900.0       2.1483547433281
 4000.0       2.1557584269904
 4100.0       2.1637426547455
 4200.0       2.1719432282574
 4300.0       2.1812959226295
 4400.0       2.1878762136889
 4500.0       2.1981285416109
 4600.0       2.2056138726313
 4700.0       2.2142376180760
 4800.0       2.2245795575923
 4900.0       2.2320734569902
 5000.0       2.2420861007615
 5100.0       2.2512535616043
 5200.0       2.2601538968591
 5300.0       2.2696482367414
 5400.0       2.2792217208355
 5500.0       2.2890996454060
 5600.0       2.2982845609661
 5700.0       2.3067331863219
 5800.0       2.3186020534705
 5900.0       2.3262494992807
 6000.0       2.3352358633229
# P = 36.000000 (GPa)
    1.0     -10.6286524076101
  100.0       1.5877648987754
  200.0       1.4629536748860
  300.0       1.7634659975653
  400.0       1.7998654296293
  500.0       1.8617624053028
  600.0       1.8834331625751
  700.0       1.9028347310552
  800.0       1.9154458770775
  900.0       1.9261261409025
 1000.0       1.9351902151835
 1100.0       1.9432017846628
 1200.0       1.9508508285033
 1300.0       1.9580052667377
 1400.0       1.9649035495098
 1500.0       1.9716566993422
 1600.0       1.9783168395079
 1700.0       1.9849247893208
 1800.0       1.9915564014046
 1900.0       1.9979277178458
 2000.0       2.0047255071651
 2100.0       2.0110974279078
 2200.0       2.0177213899932
 2300.0       2.0244815844385
 2400.0       2.0309080284125
 2500.0       2.0380208633507
 2600.0       2.0444431935979
 2700.0       2.0514666407830
 2800.0       2.0584875669859
 2900.0       2.0650517240147
 3000.0       2.0725871555211
 3100.0       2.0794396506356
 3200.0       2.0869956343955
 3300.0       2.0935430086697
 3400.0       2.1013038403264
 3500.0       2.1091355170311
 3600.0       2.1154085231100
 3700.0       2.1250042804396
 3800.0       2.1306377843985
 3900.0       2.1399344234640
 4000.0       2.1472442166480
 4100.0       2.1551225411556
 4200.0       2.1632197336918
 4300.0       2.1724546572231
 4400.0       2.1789367148759
 4500.0       2.1890617932261
 4600.0       2.1964417595061
 4700.0       2.2049497559448
 4800.0       2.2151480610334
 4900.0       2.2225258914471
 5000.0       2.2324206893320
 5100.0       2.2414922413958
 5200.0       2.2503128282129
 5300.0       2.2597394493291
 5400.0       2.2692583157282
 5500.0       2.2790934081912
 5600.0       2.2882587231099
 5700.0       2.2967096817656
 5800.0       2.3085592570245
 5900.0       2.3162412872056
 6000.0       2.3252777410161
# P = 37.000000 (GPa)
    1.0     -10.5696890970035
  100.0       1.5797668118467
  200.0       1.4561427253289
  300.0       1.7559155148164
  400.0       1.7927493966420
  500.0       1.8548328989967
  600.0       1.8767184570728
  700.0       1.8962414898685
  800.0       1.9089374068304
  900.0       1.9196655881489
 1000.0       1.9287457583914
 1100.0       1.9367545054524
 1200.0       1.9443926536458
 1300.0       1.9515232290680
 1400.0       1.9583842800553
 1500.0       1.9650999283118
 1600.0       1.9717186919486
 1700.0       1.9782740880930
 1800.0       1.9848522253258
 1900.0       1.9911732865803
 2000.0       1.9979085467547
 2100.0       2.0042187812482
 2200.0       2.0107839082424
 2300.0       2.0174757437883
 2400.0       2.0238339561829
 2500.0       2.0308794044172
 2600.0       2.0372302198311
 2700.0       2.0441775622943
 2800.0       2.0511268865106
 2900.0       2.0576131549426
 3000.0       2.0650667105205
 3100.0       2.0718433365978
 3200.0       2.0793097288339
 3300.0       2.0857807434957
 3400.0       2.0934521072881
 3500.0       2.1011897305774
 3600.0       2.1073846908045
 3700.0       2.1168707184481
 3800.0       2.1224255940970
 3900.0       2.1316154413734
 4000.0       2.1388276953832
 4100.0       2.1466083039309
 4200.0       2.1545990322427
 4300.0       2.1637222355202
 4400.0       2.1701086568200
 4500.0       2.1801075751295
 4600.0       2.1873831074684
 4700.0       2.1957762283352
 4800.0       2.2058482164862
 4900.0       2.2131047710889
 5000.0       2.2228638858452
 5100.0       2.2318244713270
 5200.0       2.2405496042241
 5300.0       2.2498932300329
 5400.0       2.2593419310161
 5500.0       2.2691194509545
 5600.0       2.2782494132805
 5700.0       2.2866868679448
 5800.0       2.2985037347809
 5900.0       2.3062053533907
 6000.0       2.3152756425497
# P = 38.000000 (GPa)
    1.0     -10.5111805875592
  100.0       1.5718240591748
  200.0       1.4493854084022
  300.0       1.7484275367843
  400.0       1.7856903606203
  500.0       1.8479560517288
  600.0       1.8700603065358
  700.0       1.8897093243956
  800.0       1.9024845437289
  900.0       1.9132577948766
 1000.0       1.9223609384773
 1100.0       1.9303690251591
 1200.0       1.9379892021496
 1300.0       1.9450995339315
 1400.0       1.9519303185843
 1500.0       1.9586032743932
 1600.0       1.9651793459673
 1700.0       1.9716905722191
 1800.0       1.9782138114919
 1900.0       1.9844798910867
 2000.0       1.9911609480552
 2100.0       1.9974106545105
 2200.0       2.0039108166274
 2300.0       2.0105423831259
 2400.0       2.0168344220883
 2500.0       2.0238062861949
 2600.0       2.0300940011551
 2700.0       2.0369663844649
 2800.0       2.0438390373982
 2900.0       2.0502567511267
 3000.0       2.0576268378776
 3100.0       2.0643255710000
 3200.0       2.0717118060799
 3300.0       2.0781011428236
 3400.0       2.0856867695902
 3500.0       2.0933360946842
 3600.0       2.0994474134232
 3700.0       2.1088328176707
 3800.0       2.1143070489641
 3900.0       2.1233916831090
 4000.0       2.1305128563995
 4100.0       2.1381917879038
 4200.0       2.1460841358247
 4300.0       2.1550931906346
 4400.0       2.1613888001863
 4500.0       2.1712654990147
 4600.0       2.1784367932485
 4700.0       2.1867165926872
 4800.0       2.1966625885379
 4900.0       2.2038147279303
 5000.0       2.2134349010838
 5100.0       2.2222663195701
 5200.0       2.2308809420566
 5300.0       2.2401258999511
 5400.0       2.2494888007107
 5500.0       2.2591937389945
 5600.0       2.2682724931122
 5700.0       2.2766804488101
 5800.0       2.2884507959401
 5900.0       2.2961567599574
 6000.0       2.3052444571815
# P = 39.000000 (GPa)
    1.0     -10.4531127254213
  100.0       1.5639323607906
  200.0       1.4426742004969
  300.0       1.7409977260624
  400.0       1.7786919354609
  500.0       1.8411368809707
  600.0       1.8634536027280
  700.0       1.8832315497843
  800.0       1.8960918764910
  900.0       1.9069062851804
 1000.0       1.9160281802328
 1100.0       1.9240420608481
 1200.0       1.9316479443605
 1300.0       1.9387310388368
 1400.0       1.9455337982269
 1500.0       1.9521716329281
 1600.0       1.9587010247330
 1700.0       1.9651653541625
 1800.0       1.9716420139509
 1900.0       1.9778531445231
 2000.0       1.9844742241972
 2100.0       1.9906711757245
 2200.0       1.9971090511559
 2300.0       2.0036734403356
 2400.0       2.0099065875811
 2500.0       2.0168085247486
 2600.0       2.0230261230600
 2700.0       2.0298313205365
 2800.0       2.0366299353595
 2900.0       2.0429730271794
 3000.0       2.0502686948150
 3100.0       2.0568891831964
 3200.0       2.0641921012513
 3300.0       2.0705093130303
 3400.0       2.0780048171200
 3500.0       2.0855682807087
 3600.0       2.0916026644436
 3700.0       2.1008818151511
 3800.0       2.1062835539272
 3900.0       2.1152624591623
 4000.0       2.1222927201271
 4100.0       2.1298772754367
 4200.0       2.1376670795867
 4300.0       2.1465699106292
 4400.0       2.1527725882591
 4500.0       2.1625314377090
 4600.0       2.1696029248352
 4700.0       2.1777692261025
 4800.0       2.1875915721070
 4900.0       2.1946384456887
 5000.0       2.2041364960750
 5100.0       2.2128373248199
 5200.0       2.2213229107284
 5300.0       2.2304542477210
 5400.0       2.2397153567016
 5500.0       2.2493325302676
 5600.0       2.2583441108072
 5700.0       2.2667064481442
 5800.0       2.2784160904896
 5900.0       2.2861109262854
 6000.0       2.2951994692497
# P = 40.000000 (GPa)
    1.0     -10.3955214003037
  100.0       1.5560958978451
  200.0       1.4360118566408
  300.0       1.7336212097652
  400.0       1.7717468291808
  500.0       1.8343768457090
  600.0       1.8569044753633
  700.0       1.8768047804474
  800.0       1.8897518778744
  900.0       1.9006140736722
 1000.0       1.9097524647597
 1100.0       1.9177667686202
 1200.0       1.9253641674089
 1300.0       1.9324249731322
 1400.0       1.9391930912736
 1500.0       1.9457966562093
 1600.0       1.9522872912164
 1700.0       1.9587021422448
 1800.0       1.9651281480967
 1900.0       1.9712923128962
 2000.0       1.9778550089589
 2100.0       1.9839925754321
 2200.0       1.9903751849222
 2300.0       1.9968764737715
 2400.0       2.0030433375988
 2500.0       2.0098818138273
 2600.0       2.0160341415960
 2700.0       2.0227648758498
 2800.0       2.0294962504454
 2900.0       2.0357687051245
 3000.0       2.0429833304936
 3100.0       2.0495338654830
 3200.0       2.0567547059273
 3300.0       2.0629953129825
 3400.0       2.0704103751884
 3500.0       2.0778847653831
 3600.0       2.0838430396098
 3700.0       2.0930238564913
 3800.0       2.0983469868167
 3900.0       2.1072279486895
 4000.0       2.1141678264259
 4100.0       2.1216570514305
 4200.0       2.1293522894699
 4300.0       2.1381447126518
 4400.0       2.1442617311388
 4500.0       2.1539018138187
 4600.0       2.1608764745583
 4700.0       2.1689347512571
 4800.0       2.1786329898472
 4900.0       2.1855769746558
 5000.0       2.1949518069731
 5100.0       2.2035382821539
 5200.0       2.2118952613755
 5300.0       2.2208943577654
 5400.0       2.2300385148179
 5500.0       2.2395522747535
 5600.0       2.2484807028905
 5700.0       2.2567811839051
 5800.0       2.2684155903256
 5900.0       2.2760836075561
 6000.0       2.2851563387802
