# V (a.u.^3)  Helmholtz Free Energy (Ry.)
# T= 0.000000 K
 131.9300     -0.826790138
 124.1700     -0.821392576
 116.7460     -0.806616868
 109.5930     -0.779970341
 102.7770     -0.738627893
  96.1639     -0.679039298
  89.9554     -0.597124393
  83.9494     -0.487838262
  78.2133     -0.345226583
  72.7471     -0.162216404
  67.5509      0.070183504
  62.6246      0.361818289
  57.9008      0.724812452
  53.4469      1.173007598
  49.2629      1.722849104
# T= 100.000000 K
 131.9300     -0.827035259
 124.1700     -0.821548214
 116.7460     -0.806732532
 109.5930     -0.780059217
 102.7770     -0.738697576
  96.1639     -0.679094618
  89.9554     -0.597169157
  83.9494     -0.487874505
  78.2133     -0.345256987
  72.7471     -0.162251636
  67.5509      0.070153880
  62.6246      0.361792026
  57.9008      0.724787660
  53.4469      1.172981443
  49.2629      1.722808833
# T= 200.000000 K
 131.9300     -0.828573852
 124.1700     -0.822721194
 116.7460     -0.807690566
 109.5930     -0.780859591
 102.7770     -0.739375584
  96.1639     -0.679675345
  89.9554     -0.597671378
  83.9494     -0.488309867
  78.2133     -0.345639527
  72.7471     -0.162639292
  67.5509      0.069815439
  62.6246      0.361490315
  57.9008      0.724511322
  53.4469      1.172716943
  49.2629      1.722525206
# T= 300.000000 K
 131.9300     -0.831434013
 124.1700     -0.825084168
 116.7460     -0.809720302
 109.5930     -0.782624802
 102.7770     -0.740921627
  96.1639     -0.681040320
  89.9554     -0.598884389
  83.9494     -0.489390813
  78.2133     -0.346611062
  72.7471     -0.163589446
  67.5509      0.068964171
  62.6246      0.360719013
  57.9008      0.723802165
  53.4469      1.172050893
  49.2629      1.721864296
# T= 400.000000 K
 131.9300     -0.835354984
 124.1700     -0.828452427
 116.7460     -0.812697744
 109.5930     -0.785278735
 102.7770     -0.743295466
  96.1639     -0.683175031
  89.9554     -0.600810908
  83.9494     -0.491131545
  78.2133     -0.348192349
  72.7471     -0.165113265
  67.5509      0.067583159
  62.6246      0.359457381
  57.9008      0.722637052
  53.4469      1.170959936
  49.2629      1.720805633
# T= 500.000000 K
 131.9300     -0.840132620
 124.1700     -0.832650571
 116.7460     -0.816475555
 109.5930     -0.788701023
 102.7770     -0.746401879
  96.1639     -0.686006556
  89.9554     -0.603396844
  83.9494     -0.493493376
  78.2133     -0.350356313
  72.7471     -0.167186862
  67.5509      0.065689747
  62.6246      0.357718869
  57.9008      0.721027369
  53.4469      1.169454735
  49.2629      1.719360219
# T= 600.000000 K
 131.9300     -0.845620695
 124.1700     -0.837544643
 116.7460     -0.820932744
 109.5930     -0.792784210
 102.7770     -0.750147408
  96.1639     -0.689455190
  89.9554     -0.606575684
  83.9494     -0.496422155
  78.2133     -0.353059818
  72.7471     -0.169774447
  67.5509      0.063311528
  62.6246      0.355524935
  57.9008      0.718990349
  53.4469      1.167550054
  49.2629      1.717541880
# T= 700.000000 K
 131.9300     -0.851712763
 124.1700     -0.843034118
 116.7460     -0.825975295
 109.5930     -0.797441364
 102.7770     -0.754452876
  96.1639     -0.693449746
  89.9554     -0.610284447
  83.9494     -0.499863196
  78.2133     -0.356256266
  72.7471     -0.172836097
  67.5509      0.060481108
  62.6246      0.352901828
  57.9008      0.716547012
  53.4469      1.165262928
  49.2629      1.715365036
# T= 800.000000 K
 131.9300     -0.858328902
 124.1700     -0.849042226
 116.7460     -0.831529994
 109.5930     -0.802603228
 102.7770     -0.759253527
  96.1639     -0.697930198
  89.9554     -0.614468181
  83.9494     -0.503766904
  78.2133     -0.359901572
  72.7471     -0.176332748
  67.5509      0.057231933
  62.6246      0.349877667
  57.9008      0.713720629
  53.4469      1.162612409
  49.2629      1.712845385
# T= 900.000000 K
 131.9300     -0.865407280
 124.1700     -0.855508956
 116.7460     -0.837538910
 109.5930     -0.808214226
 102.7770     -0.764496532
  96.1639     -0.702846628
  89.9554     -0.619080184
  83.9494     -0.508090069
  78.2133     -0.363956244
  72.7471     -0.180228482
  67.5509      0.053595830
  62.6246      0.346480177
  57.9008      0.710534958
  53.4469      1.159618509
  49.2629      1.709999631
# T= 1000.000000 K
 131.9300     -0.872898805
 124.1700     -0.862386327
 116.7460     -0.843955355
 109.5930     -0.814229146
 102.7770     -0.770138446
  96.1639     -0.708157455
  89.9554     -0.624080976
  83.9494     -0.512795539
  78.2133     -0.368385673
  72.7471     -0.184491219
  67.5509      0.049601939
  62.6246      0.342735434
  57.9008      0.707012992
  53.4469      1.156301141
  49.2629      1.706844781
# T= 1100.000000 K
 131.9300     -0.880763633
 124.1700     -0.869635213
 116.7460     -0.850741045
 109.5930     -0.820610669
 102.7770     -0.776143131
  96.1639     -0.713827780
  89.9554     -0.629437077
  83.9494     -0.517851432
  78.2133     -0.373159748
  72.7471     -0.189092653
  67.5509      0.045276443
  62.6246      0.338667346
  57.9008      0.703176289
  53.4469      1.152679418
  49.2629      1.703397527
# T= 1200.000000 K
 131.9300     -0.888968823
 124.1700     -0.877223154
 116.7460     -0.857864089
 109.5930     -0.827327561
 102.7770     -0.782480174
  96.1639     -0.719828035
  89.9554     -0.635119912
  83.9494     -0.523230296
  78.2133     -0.378252281
  72.7471     -0.194007899
  67.5509      0.040642676
  62.6246      0.334297550
  57.9008      0.699044697
  53.4469      1.148771268
  49.2629      1.699673831
# T= 1300.000000 K
 131.9300     -0.897486710
 124.1700     -0.885122815
 116.7460     -0.865297551
 109.5930     -0.834353350
 102.7770     -0.789123689
  96.1639     -0.726132935
  89.9554     -0.641104899
  83.9494     -0.528908356
  78.2133     -0.383640421
  72.7471     -0.199215070
  67.5509      0.035721376
  62.6246      0.329645504
  57.9008      0.694636313
  53.4469      1.144593289
  49.2629      1.695688703
# T= 1400.000000 K
 131.9300     -0.906293742
 124.1700     -0.893310883
 116.7460     -0.873018405
 109.5930     -0.841665340
 102.7770     -0.796051416
  96.1639     -0.732720647
  89.9554     -0.647370725
  83.9494     -0.534864896
  78.2133     -0.389304137
  72.7471     -0.204694852
  67.5509      0.030530993
  62.6246      0.324728680
  57.9008      0.689967561
  53.4469      1.140160722
  49.2629      1.691456110
# T= 1500.000000 K
 131.9300     -0.915369637
 124.1700     -0.901767249
 116.7460     -0.881006751
 109.5930     -0.849243878
 102.7770     -0.803244026
  96.1639     -0.739572162
  89.9554     -0.653898766
  83.9494     -0.541081741
  78.2133     -0.395225774
  72.7471     -0.210430139
  67.5509      0.025087973
  62.6246      0.319562770
  57.9008      0.685053318
  53.4469      1.135487510
  49.2629      1.686988965
# T= 1600.000000 K
 131.9300     -0.924696751
 124.1700     -0.910474396
 116.7460     -0.889245232
 109.5930     -0.857071793
 102.7770     -0.810684600
  96.1639     -0.746670799
  89.9554     -0.660672634
  83.9494     -0.547542844
  78.2133     -0.401389687
  72.7471     -0.216405709
  67.5509      0.019407027
  62.6246      0.314161897
  57.9008      0.679907066
  53.4469      1.130586390
  49.2629      1.682299170
# T= 1700.000000 K
 131.9300     -0.934259598
 124.1700     -0.919416936
 116.7460     -0.897718582
 109.5930     -0.865133958
 102.7770     -0.818358209
  96.1639     -0.754001810
  89.9554     -0.667677809
  83.9494     -0.554233952
  78.2133     -0.407781935
  72.7471     -0.222607951
  67.5509      0.013501363
  62.6246      0.308538800
  57.9008      0.674541042
  53.4469      1.125468998
  49.2629      1.677397677
# T= 1800.000000 K
 131.9300     -0.944044480
 124.1700     -0.928581246
 116.7460     -0.906413270
 109.5930     -0.873416955
 102.7770     -0.826251589
  96.1639     -0.761552074
  89.9554     -0.674901347
  83.9494     -0.561142331
  78.2133     -0.414390032
  72.7471     -0.229024645
  67.5509      0.007382886
  62.6246      0.302705010
  57.9008      0.668966370
  53.4469      1.120145971
  49.2629      1.672294559
# T= 1900.000000 K
 131.9300     -0.954039195
 124.1700     -0.937955181
 116.7460     -0.915317227
 109.5930     -0.881908800
 102.7770     -0.834352886
  96.1639     -0.769309844
  89.9554     -0.682331645
  83.9494     -0.568256544
  78.2133     -0.421202743
  72.7471     -0.235644763
  67.5509      0.001062367
  62.6246      0.296670994
  57.9008      0.663193191
  53.4469      1.114627051
  49.2629      1.666999093
# T= 2000.000000 K
 131.9300     -0.964232805
 124.1700     -0.947527850
 116.7460     -0.924419621
 109.5930     -0.890598732
 102.7770     -0.842651440
  96.1639     -0.777264549
  89.9554     -0.689958244
  83.9494     -0.575566269
  78.2133     -0.428209906
  72.7471     -0.242458317
  67.5509     -0.005450413
  62.6246      0.290446288
  57.9008      0.657230774
  53.4469      1.108921177
  49.2629      1.661519826
# T= 2100.000000 K
 131.9300     -0.974615453
 124.1700     -0.957289432
 116.7460     -0.933710678
 109.5930     -0.899477032
 102.7770     -0.851137621
  96.1639     -0.785406626
  89.9554     -0.697771676
  83.9494     -0.583062145
  78.2133     -0.435402297
  72.7471     -0.249456221
  67.5509     -0.012146537
  62.6246      0.284039604
  57.9008      0.651087613
  53.4469      1.103036568
  49.2629      1.655864649
# T= 2200.000000 K
 131.9300     -0.985178208
 124.1700     -0.967231026
 116.7460     -0.943181536
 109.5930     -0.908534885
 102.7770     -0.859802683
  96.1639     -0.793727388
  89.9554     -0.705763327
  83.9494     -0.590735651
  78.2133     -0.442771503
  72.7471     -0.256630179
  67.5509     -0.019017850
  62.6246      0.277458928
  57.9008      0.644771514
  53.4469      1.096980799
  49.2629      1.650040856
# T= 2300.000000 K
 131.9300     -0.995912943
 124.1700     -0.977344526
 116.7460     -0.952824123
 109.5930     -0.917764254
 102.7770     -0.868638653
  96.1639     -0.802218906
  89.9554     -0.713925332
  83.9494     -0.598578997
  78.2133     -0.450309828
  72.7471     -0.263972592
  67.5509     -0.026056866
  62.6246      0.270711603
  57.9008      0.638289669
  53.4469      1.090760867
  49.2629      1.644055207
# T= 2400.000000 K
 131.9300     -1.006812229
 124.1700     -0.987622525
 116.7460     -0.962631056
 109.5930     -0.927157790
 102.7770     -0.877638231
  96.1639     -0.810873917
  89.9554     -0.722250482
  83.9494     -0.606585037
  78.2133     -0.458010203
  72.7471     -0.271476470
  67.5509     -0.033256697
  62.6246      0.263804398
  57.9008      0.631648720
  53.4469      1.084383251
  49.2629      1.637913975
# T= 2500.000000 K
 131.9300     -1.017869251
 124.1700     -0.998058223
 116.7460     -0.972595558
 109.5930     -0.936708741
 102.7770     -0.886794712
  96.1639     -0.819685747
  89.9554     -0.730732145
  83.9494     -0.614747192
  78.2133     -0.465866116
  72.7471     -0.279135371
  67.5509     -0.040610980
  62.6246      0.256743573
  57.9008      0.624854823
  53.4469      1.077853961
  49.2629      1.631622993
# T= 2600.000000 K
 131.9300     -1.029077735
 124.1700     -1.008645359
 116.7460     -0.982711387
 109.5930     -0.946410886
 102.7770     -0.896101912
  96.1639     -0.828648238
  89.9554     -0.739364202
  83.9494     -0.623059388
  78.2133     -0.473871550
  72.7471     -0.286943336
  67.5509     -0.048113825
  62.6246      0.249534930
  57.9008      0.617913687
  53.4469      1.071178588
  49.2629      1.625187697
# T= 2700.000000 K
 131.9300     -1.040431886
 124.1700     -1.019378148
 116.7460     -0.992972773
 109.5930     -0.956258474
 102.7770     -0.905554116
  96.1639     -0.837755694
  89.9554     -0.748140989
  83.9494     -0.631516000
  78.2133     -0.482020928
  72.7471     -0.294894837
  67.5509     -0.055759767
  62.6246      0.242183862
  57.9008      0.610830629
  53.4469      1.064362341
  49.2629      1.618613161
# T= 2800.000000 K
 131.9300     -1.051926334
 124.1700     -1.030251230
 116.7460     -1.003374369
 109.5930     -0.966246175
 102.7770     -0.915146022
  96.1639     -0.847002832
  89.9554     -0.757057248
  83.9494     -0.640111804
  78.2133     -0.490309068
  72.7471     -0.302984737
  67.5509     -0.063543718
  62.6246      0.234695390
  57.9008      0.603610606
  53.4469      1.057410083
  49.2629      1.611904131
# T= 2900.000000 K
 131.9300     -1.063556091
 124.1700     -1.041259623
 116.7460     -1.013911206
 109.5930     -0.976369032
 102.7770     -0.924872699
  96.1639     -0.856384737
  89.9554     -0.766108088
  83.9494     -0.648841937
  78.2133     -0.498731146
  72.7471     -0.311208246
  67.5509     -0.071460933
  62.6246      0.227074203
  57.9008      0.596258247
  53.4469      1.050326368
  49.2629      1.605065051
# T= 3000.000000 K
 131.9300     -1.075316509
 124.1700     -1.052398687
 116.7460     -1.024578653
 109.5930     -0.986622426
 102.7770     -0.934729553
  96.1639     -0.865896824
  89.9554     -0.775288947
  83.9494     -0.657701860
  78.2133     -0.507282654
  72.7471     -0.319560890
  67.5509     -0.079506976
  62.6246      0.219324688
  57.9008      0.588777892
  53.4469      1.043115460
  49.2629      1.598100097
# T= 3100.000000 K
 131.9300     -1.087203252
 124.1700     -1.063664089
 116.7460     -1.035372385
 109.5930     -0.997002042
 102.7770     -0.944712288
  96.1639     -0.875534810
  89.9554     -0.784595557
  83.9494     -0.666687331
  78.2133     -0.515959376
  72.7471     -0.328038483
  67.5509     -0.087677693
  62.6246      0.211450955
  57.9008      0.581173608
  53.4469      1.035781366
  49.2629      1.591013190
# T= 3200.000000 K
 131.9300     -1.099212257
 124.1700     -1.075051773
 116.7460     -1.046288353
 109.5930     -1.007503840
 102.7770     -0.954816884
  96.1639     -0.885294683
  89.9554     -0.794023922
  83.9494     -0.675794369
  78.2133     -0.524757360
  72.7471     -0.336637096
  67.5509     -0.095969185
  62.6246      0.203456866
  57.9008      0.573449219
  53.4469      1.028327854
  49.2629      1.583808024
# T= 3300.000000 K
 131.9300     -1.111339718
 124.1700     -1.086557935
 116.7460     -1.057322761
 109.5930     -1.018124030
 102.7770     -0.965039568
  96.1639     -0.895172676
  89.9554     -0.803570289
  83.9494     -0.685019240
  78.2133     -0.533672893
  72.7471     -0.345353036
  67.5509     -0.104377785
  62.6246      0.195346053
  57.9008      0.565608325
  53.4469      1.020758476
  49.2629      1.576488083
# T= 3400.000000 K
 131.9300     -1.123582057
 124.1700     -1.098178999
 116.7460     -1.068472038
 109.5930     -1.028859049
 102.7770     -0.975376791
  96.1639     -0.905165247
  89.9554     -0.813231128
  83.9494     -0.694358429
  78.2133     -0.542702478
  72.7471     -0.354182829
  67.5509     -0.112900041
  62.6246      0.187121939
  57.9008      0.557654322
  53.4469      1.013076581
  49.2629      1.569056658
# T= 3500.000000 K
 131.9300     -1.135935904
 124.1700     -1.109911600
 116.7460     -1.079732822
 109.5930     -1.039705541
 102.7770     -0.985825211
  96.1639     -0.915269061
  89.9554     -0.823003114
  83.9494     -0.703808623
  78.2133     -0.551842822
  72.7471     -0.363123196
  67.5509     -0.121532694
  62.6246      0.178787755
  57.9008      0.549590414
  53.4469      1.005285337
  49.2629      1.561516861
# T= 3600.000000 K
 131.9300     -1.148398082
 124.1700     -1.121752563
 116.7460     -1.091101945
 109.5930     -1.050660341
 102.7770     -0.996381677
  96.1639     -0.925480969
  89.9554     -0.832883107
  83.9494     -0.713366695
  78.2133     -0.561090812
  72.7471     -0.372171041
  67.5509     -0.130272666
  62.6246      0.170346557
  57.9008      0.541419636
  53.4469      0.997387741
  49.2629      1.553871638
# T= 3700.000000 K
 131.9300     -1.160965591
 124.1700     -1.133698888
 116.7460     -1.102576409
 109.5930     -1.061720458
 102.7770     -1.007043208
  96.1639     -0.935797995
  89.9554     -0.842868139
  83.9494     -0.723029687
  78.2133     -0.570443506
  72.7471     -0.381323435
  67.5509     -0.139117043
  62.6246      0.161801236
  57.9008      0.533144860
  53.4469      0.989386634
  49.2629      1.546123786
# T= 3800.000000 K
 131.9300     -1.173635592
 124.1700     -1.145747737
 116.7460     -1.114153380
 109.5930     -1.072883061
 102.7770     -1.017806983
  96.1639     -0.946217322
  89.9554     -0.852955402
  83.9494     -0.732794799
  78.2133     -0.579898116
  72.7471     -0.390577603
  67.5509     -0.148063064
  62.6246      0.153154535
  57.9008      0.524768810
  53.4469      0.981284710
  49.2629      1.538275958
# T= 3900.000000 K
 131.9300     -1.186405392
 124.1700     -1.157896421
 116.7460     -1.125830171
 109.5930     -1.084145467
 102.7770     -1.028670331
  96.1639     -0.956736279
  89.9554     -0.863142230
  83.9494     -0.742659376
  78.2133     -0.589451998
  72.7471     -0.399930911
  67.5509     -0.157108108
  62.6246      0.144409055
  57.9008      0.516294074
  53.4469      0.973084532
  49.2629      1.530330677
# T= 4000.000000 K
 131.9300     -1.199272439
 124.1700     -1.170142388
 116.7460     -1.137604234
 109.5930     -1.095505129
 102.7770     -1.039630712
  96.1639     -0.967352331
  89.9554     -0.873426095
  83.9494     -0.752620894
  78.2133     -0.599102642
  72.7471     -0.409380859
  67.5509     -0.166249686
  62.6246      0.135567273
  57.9008      0.507723112
  53.4469      0.964788536
  49.2629      1.522290346
# T= 4100.000000 K
 131.9300     -1.212234308
 124.1700     -1.182483213
 116.7460     -1.149473145
 109.5930     -1.106959628
 102.7770     -1.050685717
  96.1639     -0.978063067
  89.9554     -0.883804591
  83.9494     -0.762676958
  78.2133     -0.608847659
  72.7471     -0.418925067
  67.5509     -0.175485428
  62.6246      0.126631541
  57.9008      0.499058268
  53.4469      0.956399043
  49.2629      1.514157253
# T= 4200.000000 K
 131.9300     -1.225288690
 124.1700     -1.194916588
 116.7460     -1.161434599
 109.5930     -1.118506660
 102.7770     -1.061833048
  96.1639     -0.988866195
  89.9554     -0.894275430
  83.9494     -0.772825284
  78.2133     -0.618684776
  72.7471     -0.428561270
  67.5509     -0.184813078
  62.6246      0.117604105
  57.9008      0.490301773
  53.4469      0.947918265
  49.2629      1.505933580
# T= 4300.000000 K
 131.9300     -1.238433386
 124.1700     -1.207440315
 116.7460     -1.173486400
 109.5930     -1.130144032
 102.7770     -1.073070520
  96.1639     -0.999759529
  89.9554     -0.904836432
  83.9494     -0.783063696
  78.2133     -0.628611825
  72.7471     -0.438287308
  67.5509     -0.194230483
  62.6246      0.108487103
  57.9008      0.481455759
  53.4469      0.939348314
  49.2629      1.497621412
# T= 4400.000000 K
 131.9300     -1.251666301
 124.1700     -1.220052299
 116.7460     -1.185626454
 109.5930     -1.141869651
 102.7770     -1.084396047
  96.1639     -1.010740984
  89.9554     -0.915485514
  83.9494     -0.793390119
  78.2133     -0.638626737
  72.7471     -0.448101118
  67.5509     -0.203735591
  62.6246      0.099282580
  57.9008      0.472522258
  53.4469      0.930691208
  49.2629      1.489222741
# T= 4500.000000 K
 131.9300     -1.264985433
 124.1700     -1.232750539
 116.7460     -1.197852760
 109.5930     -1.153681519
 102.7770     -1.095807638
  96.1639     -1.021808570
  89.9554     -0.926220689
  83.9494     -0.803802570
  78.2133     -0.648727538
  72.7471     -0.458000733
  67.5509     -0.213326437
  62.6246      0.089992487
  57.9008      0.463503218
  53.4469      0.921948877
  49.2629      1.480739473
# T= 4600.000000 K
 131.9300     -1.278388869
 124.1700     -1.245533121
 116.7460     -1.210163408
 109.5930     -1.165577727
 102.7770     -1.107303388
  96.1639     -1.032960382
  89.9554     -0.937040059
  83.9494     -0.814299154
  78.2133     -0.658912337
  72.7471     -0.467984266
  67.5509     -0.223001143
  62.6246      0.080618695
  57.9008      0.454400498
  53.4469      0.913123167
  49.2629      1.472173432
# T= 4700.000000 K
 131.9300     -1.291874780
 124.1700     -1.258398216
 116.7460     -1.222556570
 109.5930     -1.177556448
 102.7770     -1.118881476
  96.1639     -1.044194601
  89.9554     -0.947941803
  83.9494     -0.824878057
  78.2133     -0.669179327
  72.7471     -0.478049917
  67.5509     -0.232757914
  62.6246      0.071162991
  57.9008      0.445215883
  53.4469      0.904215848
  49.2629      1.463526368
# T= 4800.000000 K
 131.9300     -1.305441413
 124.1700     -1.271344073
 116.7460     -1.235030494
 109.5930     -1.189615932
 102.7770     -1.130540158
  96.1639     -1.055509481
  89.9554     -0.958924182
  83.9494     -0.835537539
  78.2133     -0.679526775
  72.7471     -0.488195956
  67.5509     -0.242595024
  62.6246      0.061627091
  57.9008      0.435951080
  53.4469      0.895228617
  49.2629      1.454799958
# T= 4900.000000 K
 131.9300     -1.319087090
 124.1700     -1.284369013
 116.7460     -1.247583503
 109.5930     -1.201754502
 102.7770     -1.142277761
  96.1639     -1.066903351
  89.9554     -0.969985525
  83.9494     -0.846275935
  78.2133     -0.689953020
  72.7471     -0.498420726
  67.5509     -0.252510823
  62.6246      0.052012640
  57.9008      0.426607731
  53.4469      0.886163103
  49.2629      1.445995813
# T= 5000.000000 K
 131.9300     -1.332810199
 124.1700     -1.297471423
 116.7460     -1.260213986
 109.5930     -1.213970549
 102.7770     -1.154092681
  96.1639     -1.078374606
  89.9554     -0.981124231
  83.9494     -0.857091647
  78.2133     -0.700456467
  72.7471     -0.508722638
  67.5509     -0.262503723
  62.6246      0.042321219
  57.9008      0.417187411
  53.4469      0.877020870
  49.2629      1.437115479
# T= 5100.000000 K
 131.9300     -1.346609194
 124.1700     -1.310649759
 116.7460     -1.272920397
 109.5930     -1.226262528
 102.7770     -1.165983377
  96.1639     -1.089921706
  89.9554     -0.992338760
  83.9494     -0.867983137
  78.2133     -0.711035585
  72.7471     -0.519100163
  67.5509     -0.272572202
  62.6246      0.032554344
  57.9008      0.407691632
  53.4469      0.867803422
  49.2629      1.428160445
# T= 5200.000000 K
 131.9300     -1.360482590
 124.1700     -1.323902533
 116.7460     -1.285701251
 109.5930     -1.238628954
 102.7770     -1.177948369
  96.1639     -1.101543171
  89.9554     -1.003627634
  83.9494     -0.878948930
  78.2133     -0.721688901
  72.7471     -0.529551833
  67.5509     -0.282714793
  62.6246      0.022713475
  57.9008      0.398121851
  53.4469      0.858512204
  49.2629      1.419132141
# T= 5300.000000 K
 131.9300     -1.374428956
 124.1700     -1.337228316
 116.7460     -1.298555120
 109.5930     -1.251068400
 102.7770     -1.189986233
  96.1639     -1.113237576
  89.9554     -1.014989430
  83.9494     -0.889987607
  78.2133     -0.732415001
  72.7471     -0.540076234
  67.5509     -0.292930087
  62.6246      0.012800016
  57.9008      0.388479468
  53.4469      0.849148611
  49.2629      1.410031946
# T= 5400.000000 K
 131.9300     -1.388446918
 124.1700     -1.350625734
 116.7460     -1.311480628
 109.5930     -1.263579492
 102.7770     -1.202095599
  96.1639     -1.125003550
  89.9554     -1.026422781
  83.9494     -0.901097799
  78.2133     -0.743212520
  72.7471     -0.550672007
  67.5509     -0.303216726
  62.6246      0.002815321
  57.9008      0.378765833
  53.4469      0.839713981
  49.2629      1.400861188
# T= 5500.000000 K
 131.9300     -1.402535152
 124.1700     -1.364093462
 116.7460     -1.324476452
 109.5930     -1.276160906
 102.7770     -1.214275146
  96.1639     -1.136839774
  89.9554     -1.037926366
  83.9494     -0.912278192
  78.2133     -0.754080145
  72.7471     -0.561337841
  67.5509     -0.313573403
  62.6246     -0.007239309
  57.9008      0.368982246
  53.4469      0.830209609
  49.2629      1.391621145
# T= 5600.000000 K
 131.9300     -1.416692382
 124.1700     -1.377630223
 116.7460     -1.337541317
 109.5930     -1.288811367
 102.7770     -1.226523603
  96.1639     -1.148744975
  89.9554     -1.049498915
  83.9494     -0.923527514
  78.2133     -0.765016610
  72.7471     -0.572072471
  67.5509     -0.323998857
  62.6246     -0.017362615
  57.9008      0.359129961
  53.4469      0.820636742
  49.2629      1.382313055
# T= 5700.000000 K
 131.9300     -1.430917376
 124.1700     -1.391234786
 116.7460     -1.350673990
 109.5930     -1.301529645
 102.7770     -1.238839742
  96.1639     -1.160717925
  89.9554     -1.061139201
  83.9494     -0.934844543
  78.2133     -0.776020694
  72.7471     -0.582874680
  67.5509     -0.334491870
  62.6246     -0.027553386
  57.9008      0.349210189
  53.4469      0.810996583
  49.2629      1.372938107
# T= 5800.000000 K
 131.9300     -1.445208947
 124.1700     -1.404905964
 116.7460     -1.363873285
 109.5930     -1.314314552
 102.7770     -1.251222380
  96.1639     -1.172757441
  89.9554     -1.072846043
  83.9494     -0.946228096
  78.2133     -0.787091219
  72.7471     -0.593743291
  67.5509     -0.345051269
  62.6246     -0.037810450
  57.9008      0.339224099
  53.4469      0.801290294
  49.2629      1.363497455
# T= 5900.000000 K
 131.9300     -1.459565949
 124.1700     -1.418642610
 116.7460     -1.377138056
 109.5930     -1.327164943
 102.7770     -1.263670374
  96.1639     -1.184862379
  89.9554     -1.084618296
  83.9494     -0.957677033
  78.2133     -0.798227045
  72.7471     -0.604677167
  67.5509     -0.355675919
  62.6246     -0.048132677
  57.9008      0.329172818
  53.4469      0.791518998
  49.2629      1.353992210
# T= 6000.000000 K
 131.9300     -1.473987274
 124.1700     -1.432443615
 116.7460     -1.390467193
 109.5930     -1.340079710
 102.7770     -1.276182618
  96.1639     -1.197031633
  89.9554     -1.096454857
  83.9494     -0.969190250
  78.2133     -0.809427072
  72.7471     -0.615675209
  67.5509     -0.366364722
  62.6246     -0.058518973
  57.9008      0.319057440
  53.4469      0.781683782
  49.2629      1.344423449
