# T (K)               Helmholtz Free Energy (Ry.)
# V= 131.9300000000000
    0.00      -0.8267901380971
  100.00      -0.8270352588034
  200.00      -0.8285738518872
  300.00      -0.8314340130148
  400.00      -0.8353549839863
  500.00      -0.8401326204936
  600.00      -0.8456206951887
  700.00      -0.8517127633133
  800.00      -0.8583289020531
  900.00      -0.8654072800043
 1000.00      -0.8728988046376
 1100.00      -0.8807636328247
 1200.00      -0.8889688234935
 1300.00      -0.8974867102929
 1400.00      -0.9062937422001
 1500.00      -0.9153696372262
 1600.00      -0.9246967512773
 1700.00      -0.9342595984555
 1800.00      -0.9440444802742
 1900.00      -0.9540391947284
 2000.00      -0.9642328049362
 2100.00      -0.9746154529220
 2200.00      -0.9851782080881
 2300.00      -0.9959129426901
 2400.00      -1.0068122285773
 2500.00      -1.0178692508588
 2600.00      -1.0290777351751
 2700.00      -1.0404318860019
 2800.00      -1.0519263339781
 2900.00      -1.0635560906674
 3000.00      -1.0753165094924
 3100.00      -1.0872032518224
 3200.00      -1.0992122573963
 3300.00      -1.1113397184083
 3400.00      -1.1235820567091
 3500.00      -1.1359359036679
 3600.00      -1.1483980823182
 3700.00      -1.1609655914741
 3800.00      -1.1736355915523
 3900.00      -1.1864053918766
 4000.00      -1.1992724392775
 4100.00      -1.2122343078247
 4200.00      -1.2252886895567
 4300.00      -1.2384333860879
 4400.00      -1.2516663009933
 4500.00      -1.2649854328819
 4600.00      -1.2783888690837
 4700.00      -1.2918747798822
 4800.00      -1.3054414132370
 4900.00      -1.3190870899437
 5000.00      -1.3328101991875
 5100.00      -1.3466091944517
 5200.00      -1.3604825897455
 5300.00      -1.3744289561212
 5400.00      -1.3884469184536
 5500.00      -1.4025351524568
 5600.00      -1.4166923819178
 5700.00      -1.4309173761271
 5800.00      -1.4452089474884
 5900.00      -1.4595659492937
 6000.00      -1.4739872736484
# V= 124.1700000000000
    0.00      -0.8213925761415
  100.00      -0.8215482141530
  200.00      -0.8227211940541
  300.00      -0.8250841682255
  400.00      -0.8284524273915
  500.00      -0.8326505713667
  600.00      -0.8375446431075
  700.00      -0.8430341175692
  800.00      -0.8490422264644
  900.00      -0.8555089558372
 1000.00      -0.8623863267597
 1100.00      -0.8696352129243
 1200.00      -0.8772231535628
 1300.00      -0.8851228149966
 1400.00      -0.8933108831023
 1500.00      -0.9017672485986
 1600.00      -0.9104743958538
 1700.00      -0.9194169361897
 1800.00      -0.9285812458075
 1900.00      -0.9379551808364
 2000.00      -0.9475278501671
 2100.00      -0.9572894322277
 2200.00      -0.9672310256322
 2300.00      -0.9773445262604
 2400.00      -0.9876225251992
 2500.00      -0.9980582233187
 2600.00      -1.0086453592395
 2700.00      -1.0193781481768
 2800.00      -1.0302512296897
 2900.00      -1.0412596227753
 3000.00      -1.0523986870667
 3100.00      -1.0636640891334
 3200.00      -1.0750517730737
 3300.00      -1.0865579347401
 3400.00      -1.0981789990530
 3500.00      -1.1099115999559
 3600.00      -1.1217525626379
 3700.00      -1.1336988877139
 3800.00      -1.1457477370995
 3900.00      -1.1578964213599
 4000.00      -1.1701423883469
 4100.00      -1.1824832129632
 4200.00      -1.1949165879179
 4300.00      -1.2074403153571
 4400.00      -1.2200522992678
 4500.00      -1.2327505385673
 4600.00      -1.2455331208046
 4700.00      -1.2583982164056
 4800.00      -1.2713440734051
 4900.00      -1.2843690126167
 5000.00      -1.2974714231938
 5100.00      -1.3106497585449
 5200.00      -1.3239025325672
 5300.00      -1.3372283161694
 5400.00      -1.3506257340547
 5500.00      -1.3640934617425
 5600.00      -1.3776302228047
 5700.00      -1.3912347862993
 5800.00      -1.4049059643832
 5900.00      -1.4186426100892
 6000.00      -1.4324436152529
# V= 116.7460000000000
    0.00      -0.8066168675173
  100.00      -0.8067325318518
  200.00      -0.8076905659082
  300.00      -0.8097203022334
  400.00      -0.8126977435078
  500.00      -0.8164755551387
  600.00      -0.8209327442447
  700.00      -0.8259752954730
  800.00      -0.8315299944758
  900.00      -0.8375389096165
 1000.00      -0.8439553546767
 1100.00      -0.8507410447887
 1200.00      -0.8578640887584
 1300.00      -0.8652975512883
 1400.00      -0.8730184047261
 1500.00      -0.8810067507274
 1600.00      -0.8892452321900
 1700.00      -0.8977185817204
 1800.00      -0.9064132697734
 1900.00      -0.9153172267444
 2000.00      -0.9244196207659
 2100.00      -0.9337106780452
 2200.00      -0.9431815361137
 2300.00      -0.9528241228344
 2400.00      -0.9626310557921
 2500.00      -0.9725955579724
 2600.00      -0.9827113865777
 2700.00      -0.9929727725329
 2800.00      -1.0033743687526
 2900.00      -1.0139112056477
 3000.00      -1.0245786526522
 3100.00      -1.0353723847881
 3200.00      -1.0462883534739
 3300.00      -1.0573227609248
 3400.00      -1.0684720376114
 3500.00      -1.0797328223338
 3600.00      -1.0911019445443
 3700.00      -1.1025764086096
 3800.00      -1.1141533797559
 3900.00      -1.1258301714769
 4000.00      -1.1376042342200
 4100.00      -1.1494731451935
 4200.00      -1.1614345991581
 4300.00      -1.1734864000889
 4400.00      -1.1856264536054
 4500.00      -1.1978527600848
 4600.00      -1.2101634083829
 4700.00      -1.2225565700963
 4800.00      -1.2350304943107
 4900.00      -1.2475835027828
 5000.00      -1.2602139855135
 5100.00      -1.2729203966733
 5200.00      -1.2857012508449
 5300.00      -1.2985551195535
 5400.00      -1.3114806280575
 5500.00      -1.3244764523757
 5600.00      -1.3375413165294
 5700.00      -1.3506739899810
 5800.00      -1.3638732852508
 5900.00      -1.3771380556984
 6000.00      -1.3904671934527
# V= 109.5930000000000
    0.00      -0.7799703412437
  100.00      -0.7800592174128
  200.00      -0.7808595909470
  300.00      -0.7826248019411
  400.00      -0.7852787352986
  500.00      -0.7887010233793
  600.00      -0.7927842100320
  700.00      -0.7974413636276
  800.00      -0.8026032284929
  900.00      -0.8082142262699
 1000.00      -0.8142291457612
 1100.00      -0.8206106686747
 1200.00      -0.8273275613006
 1300.00      -0.8343533499081
 1400.00      -0.8416653396999
 1500.00      -0.8492438779791
 1600.00      -0.8570717925998
 1700.00      -0.8651339578877
 1800.00      -0.8734169545723
 1900.00      -0.8819088000356
 2000.00      -0.8905987318648
 2100.00      -0.8994770323314
 2200.00      -0.9085348846668
 2300.00      -0.9177642543178
 2400.00      -0.9271577900268
 2500.00      -0.9367087407990
 2600.00      -0.9464108857123
 2700.00      -0.9562584741944
 2800.00      -0.9662461748990
 2900.00      -0.9763690316943
 3000.00      -0.9866224255753
 3100.00      -0.9970020415401
 3200.00      -1.0075038396502
 3300.00      -1.0181240296373
 3400.00      -1.0288590485318
 3500.00      -1.0397055408772
 3600.00      -1.0506603411689
 3700.00      -1.0617204582150
 3800.00      -1.0728830611626
 3900.00      -1.0841454669754
 4000.00      -1.0955051291785
 4100.00      -1.1069596277153
 4200.00      -1.1185066597822
 4300.00      -1.1301440315266
 4400.00      -1.1418696505089
 4500.00      -1.1536815188424
 4600.00      -1.1655777269385
 4700.00      -1.1775564477891
 4800.00      -1.1896159317322
 4900.00      -1.2017545016501
 5000.00      -1.2139705485563
 5100.00      -1.2262625275322
 5200.00      -1.2386289539809
 5300.00      -1.2510684001667
 5400.00      -1.2635794920137
 5500.00      -1.2761609061408
 5600.00      -1.2888113671100
 5700.00      -1.3015296448709
 5800.00      -1.3143145523826
 5900.00      -1.3271649433996
 6000.00      -1.3400797104060
# V= 102.7770000000000
    0.00      -0.7386278927525
  100.00      -0.7386975757242
  200.00      -0.7393755839976
  300.00      -0.7409216270027
  400.00      -0.7432954662536
  500.00      -0.7464018789036
  600.00      -0.7501474076679
  700.00      -0.7544528761885
  800.00      -0.7592535271836
  900.00      -0.7644965324866
 1000.00      -0.7701384458579
 1100.00      -0.7761431306859
 1200.00      -0.7824801738127
 1300.00      -0.7891236894664
 1400.00      -0.7960514157448
 1500.00      -0.8032440263013
 1600.00      -0.8106846001701
 1700.00      -0.8183582085690
 1800.00      -0.8262515890929
 1900.00      -0.8343528859253
 2000.00      -0.8426514404980
 2100.00      -0.8511376211324
 2200.00      -0.8598026831290
 2300.00      -0.8686386528826
 2400.00      -0.8776382311381
 2500.00      -0.8867947116327
 2600.00      -0.8961019122103
 2700.00      -0.9055541161272
 2800.00      -0.9151460217450
 2900.00      -0.9248726991761
 3000.00      -0.9347295527264
 3100.00      -0.9447122882057
 3200.00      -0.9548168843441
 3300.00      -0.9650395676942
 3400.00      -0.9753767905052
 3500.00      -0.9858252111432
 3600.00      -0.9963816767049
 3700.00      -1.0070432075243
 3800.00      -1.0178069833259
 3900.00      -1.0286703308091
 4000.00      -1.0396307124860
 4100.00      -1.0506857166183
 4200.00      -1.0618330481210
 4300.00      -1.0730705203214
 4400.00      -1.0843960474732
 4500.00      -1.0958076379443
 4600.00      -1.1073033880011
 4700.00      -1.1188814761279
 4800.00      -1.1305401578249
 4900.00      -1.1422777608340
 5000.00      -1.1540926807516
 5100.00      -1.1659833769877
 5200.00      -1.1779483690404
 5300.00      -1.1899862330528
 5400.00      -1.2020955986296
 5500.00      -1.2142751458850
 5600.00      -1.2265236027062
 5700.00      -1.2388397422087
 5800.00      -1.2512223803704
 5900.00      -1.2636703738266
 6000.00      -1.2761826178143
# V=  96.1639000000000
    0.00      -0.6790392976564
  100.00      -0.6790946181764
  200.00      -0.6796753447063
  300.00      -0.6810403198114
  400.00      -0.6831750308702
  500.00      -0.6860065556846
  600.00      -0.6894551901804
  700.00      -0.6934497462291
  800.00      -0.6979301979014
  900.00      -0.7028466284328
 1000.00      -0.7081574554329
 1100.00      -0.7138277795192
 1200.00      -0.7198280354047
 1300.00      -0.7261329346761
 1400.00      -0.7327206465188
 1500.00      -0.7395721622374
 1600.00      -0.7466707992232
 1700.00      -0.7540018104181
 1800.00      -0.7615520739128
 1900.00      -0.7693098438588
 2000.00      -0.7772645487040
 2100.00      -0.7854066262924
 2200.00      -0.7937273879480
 2300.00      -0.8022189055563
 2400.00      -0.8108739170504
 2500.00      -0.8196857467503
 2600.00      -0.8286482377837
 2700.00      -0.8377556944064
 2800.00      -0.8470028324918
 2900.00      -0.8563847368046
 3000.00      -0.8658968239470
 3100.00      -0.8755348100712
 3200.00      -0.8852946826221
 3300.00      -0.8951726755048
 3400.00      -0.9051652471753
 3500.00      -0.9152690612402
 3600.00      -0.9254809692172
 3700.00      -0.9357979951659
 3800.00      -0.9462173219425
 3900.00      -0.9567362788709
 4000.00      -0.9673523306528
 4100.00      -0.9780630673657
 4200.00      -0.9888661954187
 4300.00      -0.9997595293556
 4400.00      -1.0107409844070
 4500.00      -1.0218085697098
 4600.00      -1.0329603821199
 4700.00      -1.0441946005553
 4800.00      -1.0555094808144
 4900.00      -1.0669033508201
 5000.00      -1.0783746062472
 5100.00      -1.0899217064962
 5200.00      -1.1015431709784
 5300.00      -1.1132375756836
 5400.00      -1.1250035500048
 5500.00      -1.1368397737953
 5600.00      -1.1487449746373
 5700.00      -1.1607179253046
 5800.00      -1.1727574414007
 5900.00      -1.1848623791597
 6000.00      -1.1970316333937
# V=  89.9554000000000
    0.00      -0.5971243930810
  100.00      -0.5971691573567
  200.00      -0.5976713781298
  300.00      -0.5988843892119
  400.00      -0.6008109076749
  500.00      -0.6033968444369
  600.00      -0.6065756836598
  700.00      -0.6102844468530
  800.00      -0.6144681814162
  900.00      -0.6190801842790
 1000.00      -0.6240809757512
 1100.00      -0.6294370772521
 1200.00      -0.6351199123834
 1300.00      -0.6411048994680
 1400.00      -0.6473707247571
 1500.00      -0.6538987657724
 1600.00      -0.6606726337255
 1700.00      -0.6676778087586
 1800.00      -0.6749013472195
 1900.00      -0.6823316449506
 2000.00      -0.6899582443518
 2100.00      -0.6977716758864
 2200.00      -0.7057633268854
 2300.00      -0.7139253321557
 2400.00      -0.7222504821377
 2500.00      -0.7307321452901
 2600.00      -0.7393642020960
 2700.00      -0.7481409886220
 2800.00      -0.7570572479874
 2900.00      -0.7661080884180
 3000.00      -0.7752889468179
 3100.00      -0.7845955569889
 3200.00      -0.7940239217859
 3300.00      -0.8035702886231
 3400.00      -0.8132311278436
 3500.00      -0.8230031135512
 3600.00      -0.8328831065645
 3700.00      -0.8428681392095
 3800.00      -0.8529554017114
 3900.00      -0.8631422299812
 4000.00      -0.8734260946247
 4100.00      -0.8838045910240
 4200.00      -0.8942754303659
 4300.00      -0.9048364315065
 4400.00      -0.9154855135777
 4500.00      -0.9262206892519
 4600.00      -0.9370400585960
 4700.00      -0.9479418034494
 4800.00      -0.9589241822726
 4900.00      -0.9699855254188
 5000.00      -0.9811242307851
 5100.00      -0.9923387598065
 5200.00      -1.0036276337600
 5300.00      -1.0149894303487
 5400.00      -1.0264227805407
 5500.00      -1.0379263656391
 5600.00      -1.0494989145627
 5700.00      -1.0611392013182
 5800.00      -1.0728460426482
 5900.00      -1.0846182958398
 6000.00      -1.0964548566798
# V=  83.9494000000000
    0.00      -0.4878382618476
  100.00      -0.4878745049670
  200.00      -0.4883098670660
  300.00      -0.4893908133174
  400.00      -0.4911315448201
  500.00      -0.4934933762232
  600.00      -0.4964221547549
  700.00      -0.4998631957689
  800.00      -0.5037669043038
  900.00      -0.5080900688481
 1000.00      -0.5127955390336
 1100.00      -0.5178514324583
 1200.00      -0.5232302955476
 1300.00      -0.5289083558414
 1400.00      -0.5348648957185
 1500.00      -0.5410817405726
 1600.00      -0.5475428440784
 1700.00      -0.5542339524025
 1800.00      -0.5611423314878
 1900.00      -0.5682565444327
 2000.00      -0.5755662686552
 2100.00      -0.5830621447598
 2200.00      -0.5907356507854
 2300.00      -0.5985789968966
 2400.00      -0.6065850366401
 2500.00      -0.6147471917116
 2600.00      -0.6230593878098
 2700.00      -0.6315159996468
 2800.00      -0.6401118035638
 2900.00      -0.6488419365007
 3000.00      -0.6577018603056
 3100.00      -0.6666873305510
 3200.00      -0.6757943691770
 3300.00      -0.6850192403980
 3400.00      -0.6943584294034
 3500.00      -0.7038086234650
 3600.00      -0.7133666951208
 3700.00      -0.7230296871612
 3800.00      -0.7327947991842
 3900.00      -0.7426593755201
 4000.00      -0.7526208943585
 4100.00      -0.7626769579312
 4200.00      -0.7728252836266
 4300.00      -0.7830636959293
 4400.00      -0.7933901190909
 4500.00      -0.8038025704515
 4600.00      -0.8142991543416
 4700.00      -0.8248780565032
 4800.00      -0.8355375389758
 4900.00      -0.8462759354007
 5000.00      -0.8570916467012
 5100.00      -0.8679831371019
 5200.00      -0.8789489304557
 5300.00      -0.8899876068477
 5400.00      -0.9010977994525
 5500.00      -0.9122781916192
 5600.00      -0.9235275141671
 5700.00      -0.9348445428702
 5800.00      -0.9462280961171
 5900.00      -0.9576770327291
 6000.00      -0.9691902499253
# V=  78.2133000000000
    0.00      -0.3452265830892
  100.00      -0.3452569874362
  200.00      -0.3456395265696
  300.00      -0.3466110616640
  400.00      -0.3481923489764
  500.00      -0.3503563131145
  600.00      -0.3530598178503
  700.00      -0.3562562655627
  800.00      -0.3599015721853
  900.00      -0.3639562443144
 1000.00      -0.3683856727281
 1100.00      -0.3731597478558
 1200.00      -0.3782522808315
 1300.00      -0.3836404212211
 1400.00      -0.3893041373530
 1500.00      -0.3952257744931
 1600.00      -0.4013896870148
 1700.00      -0.4077819346809
 1800.00      -0.4143900322816
 1900.00      -0.4212027428776
 2000.00      -0.4282099064152
 2100.00      -0.4354022969850
 2200.00      -0.4427715033114
 2300.00      -0.4503098281453
 2400.00      -0.4580102031074
 2500.00      -0.4658661162218
 2600.00      -0.4738715499271
 2700.00      -0.4820209277838
 2800.00      -0.4903090684388
 2900.00      -0.4987311456760
 3000.00      -0.5072826535968
 3100.00      -0.5159593761467
 3200.00      -0.5247573603390
 3300.00      -0.5336728926407
 3400.00      -0.5427024780707
 3500.00      -0.5518428216380
 3600.00      -0.5610908118038
 3700.00      -0.5704435057024
 3800.00      -0.5798981158942
 3900.00      -0.5894519984601
 4000.00      -0.5991026422723
 4100.00      -0.6088476593015
 4200.00      -0.6186847758382
 4300.00      -0.6286118245247
 4400.00      -0.6386267371058
 4500.00      -0.6487275378206
 4600.00      -0.6589123373654
 4700.00      -0.6691793273682
 4800.00      -0.6795267753222
 4900.00      -0.6899530199310
 5000.00      -0.7004564668261
 5100.00      -0.7110355846185
 5200.00      -0.7216889012549
 5300.00      -0.7324150006471
 5400.00      -0.7432125195522
 5500.00      -0.7540801446793
 5600.00      -0.7650166100022
 5700.00      -0.7760206942617
 5800.00      -0.7870912186401
 5900.00      -0.7982270445927
 6000.00      -0.8094270718256
# V=  72.7471000000000
    0.00      -0.1622164039429
  100.00      -0.1622516362460
  200.00      -0.1626392923992
  300.00      -0.1635894462283
  400.00      -0.1651132645599
  500.00      -0.1671868621493
  600.00      -0.1697744465936
  700.00      -0.1728360970806
  800.00      -0.1763327478174
  900.00      -0.1802284820413
 1000.00      -0.1844912190928
 1100.00      -0.1890926526738
 1200.00      -0.1940078993646
 1300.00      -0.1992150698736
 1400.00      -0.2046948522292
 1500.00      -0.2104301393526
 1600.00      -0.2164057086542
 1700.00      -0.2226079512218
 1800.00      -0.2290246446531
 1900.00      -0.2356447629025
 2000.00      -0.2424583169595
 2100.00      -0.2494562209958
 2200.00      -0.2566301794902
 2300.00      -0.2639725916366
 2400.00      -0.2714764700212
 2500.00      -0.2791353711181
 2600.00      -0.2869433356125
 2700.00      -0.2948948369288
 2800.00      -0.3029847366416
 2900.00      -0.3112082456852
 3000.00      -0.3195608904693
 3100.00      -0.3280384831652
 3200.00      -0.3366370955520
 3300.00      -0.3453530359136
 3400.00      -0.3541828285621
 3500.00      -0.3631231956285
 3600.00      -0.3721710408209
 3700.00      -0.3813234348936
 3800.00      -0.3905776026112
 3900.00      -0.3999309110214
 4000.00      -0.4093808588782
 4100.00      -0.4189250670791
 4200.00      -0.4285612699992
 4300.00      -0.4382873076193
 4400.00      -0.4481011183611
 4500.00      -0.4580007325508
 4600.00      -0.4679842664460
 4700.00      -0.4780499167657
 4800.00      -0.4881959556715
 4900.00      -0.4984207261567
 5000.00      -0.5087226378003
 5100.00      -0.5191001628526
 5200.00      -0.5295518326201
 5300.00      -0.5400762341222
 5400.00      -0.5506720069933
 5500.00      -0.5613378406110
 5600.00      -0.5720724714275
 5700.00      -0.5828746804882
 5800.00      -0.5937432911206
 5900.00      -0.6046771667805
 6000.00      -0.6156752090404
# V=  67.5509000000000
    0.00       0.0701835035422
  100.00       0.0701538804619
  200.00       0.0698154392610
  300.00       0.0689641709100
  400.00       0.0675831593867
  500.00       0.0656897465149
  600.00       0.0633115278623
  700.00       0.0604811079938
  800.00       0.0572319334663
  900.00       0.0535958302596
 1000.00       0.0496019389048
 1100.00       0.0452764430445
 1200.00       0.0406426755265
 1300.00       0.0357213764830
 1400.00       0.0305309932976
 1500.00       0.0250879729315
 1600.00       0.0194070269120
 1700.00       0.0135013633285
 1800.00       0.0073828864350
 1900.00       0.0010623669528
 2000.00      -0.0054504130995
 2100.00      -0.0121465372719
 2200.00      -0.0190178498349
 2300.00      -0.0260568662699
 2400.00      -0.0332566966051
 2500.00      -0.0406109795164
 2600.00      -0.0481138254680
 2700.00      -0.0557597674614
 2800.00      -0.0635437182124
 2900.00      -0.0714609327754
 3000.00      -0.0795069758009
 3100.00      -0.0876776927508
 3200.00      -0.0959691845034
 3300.00      -0.1043777848766
 3400.00      -0.1129000406678
 3500.00      -0.1215326938764
 3600.00      -0.1302726658222
 3700.00      -0.1391170429179
 3800.00      -0.1480630638893
 3900.00      -0.1571081082649
 4000.00      -0.1662496859849
 4100.00      -0.1754854279963
 4200.00      -0.1848130777232
 4300.00      -0.1942304833118
 4400.00      -0.2037355905671
 4500.00      -0.2133264365042
 4600.00      -0.2230011434515
 4700.00      -0.2327579136476
 4800.00      -0.2425950242811
 4900.00      -0.2525108229301
 5000.00      -0.2625037233622
 5100.00      -0.2725722016593
 5200.00      -0.2827147926381
 5300.00      -0.2929300865370
 5400.00      -0.3032167259474
 5500.00      -0.3135734029649
 5600.00      -0.3239988565439
 5700.00      -0.3344918700349
 5800.00      -0.3450512688921
 5900.00      -0.3556759185341
 6000.00      -0.3663647223473
# V=  62.6246000000000
    0.00       0.3618182888879
  100.00       0.3617920258026
  200.00       0.3614903148180
  300.00       0.3607190127123
  400.00       0.3594573809012
  500.00       0.3577188692675
  600.00       0.3555249350042
  700.00       0.3529018278812
  800.00       0.3498776672666
  900.00       0.3464801771640
 1000.00       0.3427354340242
 1100.00       0.3386673464602
 1200.00       0.3342975495557
 1300.00       0.3296455036662
 1400.00       0.3247286797584
 1500.00       0.3195627703617
 1600.00       0.3141618967859
 1700.00       0.3085387998372
 1800.00       0.3027050096341
 1900.00       0.2966709941800
 2000.00       0.2904462881541
 2100.00       0.2840396040726
 2200.00       0.2774589280967
 2300.00       0.2707116026440
 2400.00       0.2638043977345
 2500.00       0.2567435727500
 2600.00       0.2495349300420
 2700.00       0.2421838616058
 2800.00       0.2346953898458
 2900.00       0.2270742032954
 3000.00       0.2193246880158
 3100.00       0.2114509552862
 3200.00       0.2034568660973
 3300.00       0.1953460528859
 3400.00       0.1871219388756
 3500.00       0.1787877553388
 3600.00       0.1703465570439
 3700.00       0.1618012361173
 3800.00       0.1531545345126
 3900.00       0.1444090552568
 4000.00       0.1355672726158
 4100.00       0.1266315413043
 4200.00       0.1176041048499
 4300.00       0.1084871032020
 4400.00       0.0992825796711
 4500.00       0.0899924872671
 4600.00       0.0806186945016
 4700.00       0.0711629907070
 4800.00       0.0616270909236
 4900.00       0.0520126403948
 5000.00       0.0423212187110
 5100.00       0.0325543436333
 5200.00       0.0227134746285
 5300.00       0.0128000161422
 5400.00       0.0028153206319
 5500.00      -0.0072393086164
 5600.00      -0.0173626148709
 5700.00      -0.0275533855174
 5800.00      -0.0378104497891
 5900.00      -0.0481326766494
 6000.00      -0.0585189728127
# V=  57.9008000000000
    0.00       0.7248124519973
  100.00       0.7247876598466
  200.00       0.7245113217841
  300.00       0.7238021648604
  400.00       0.7226370519572
  500.00       0.7210273690683
  600.00       0.7189903494418
  700.00       0.7165470118882
  800.00       0.7137206291403
  900.00       0.7105349580623
 1000.00       0.7070129919684
 1100.00       0.7031762886167
 1200.00       0.6990446966880
 1300.00       0.6946363133012
 1400.00       0.6899675608649
 1500.00       0.6850533176858
 1600.00       0.6799070664350
 1700.00       0.6745410419641
 1800.00       0.6689663696613
 1900.00       0.6631931907852
 2000.00       0.6572307739415
 2100.00       0.6510876132203
 2200.00       0.6447715141165
 2300.00       0.6382896685629
 2400.00       0.6316487204154
 2500.00       0.6248548226387
 2600.00       0.6179136873170
 2700.00       0.6108306294752
 2800.00       0.6036106055644
 2900.00       0.5962582473478
 3000.00       0.5887778918137
 3100.00       0.5811736076535
 3200.00       0.5734492187629
 3300.00       0.5656083251552
 3400.00       0.5576543216236
 3500.00       0.5495904144356
 3600.00       0.5414196363061
 3700.00       0.5331448598594
 3800.00       0.5247688097615
 3900.00       0.5162940736790
 4000.00       0.5077231122009
 4100.00       0.4990582678399
 4200.00       0.4903017732164
 4300.00       0.4814557585142
 4400.00       0.4725222582856
 4500.00       0.4635032176743
 4600.00       0.4544004981173
 4700.00       0.4452158825763
 4800.00       0.4359510803482
 4900.00       0.4266077314934
 5000.00       0.4171874109203
 5100.00       0.4076916321573
 5200.00       0.3981218508422
 5300.00       0.3884794679539
 5400.00       0.3787658328106
 5500.00       0.3689822458535
 5600.00       0.3591299612364
 5700.00       0.3492101892366
 5800.00       0.3392240985019
 5900.00       0.3291728181490
 6000.00       0.3190574397224
# V=  53.4469000000000
    0.00       1.1730075977722
  100.00       1.1729814427282
  200.00       1.1727169434896
  300.00       1.1720508932001
  400.00       1.1709599357646
  500.00       1.1694547354641
  600.00       1.1675500541750
  700.00       1.1652629275010
  800.00       1.1626124094555
  900.00       1.1596185094173
 1000.00       1.1563011414398
 1100.00       1.1526794176040
 1200.00       1.1487712684260
 1300.00       1.1445932891427
 1400.00       1.1401607215707
 1500.00       1.1354875096201
 1600.00       1.1305863903210
 1700.00       1.1254689982715
 1800.00       1.1201459713553
 1900.00       1.1146270514524
 2000.00       1.1089211772454
 2100.00       1.1030365681026
 2200.00       1.0969807990330
 2300.00       1.0907608672173
 2400.00       1.0843832508464
 2500.00       1.0778539610728
 2600.00       1.0711785878646
 2700.00       1.0643623405023
 2800.00       1.0574100833872
 2900.00       1.0503263677557
 3000.00       1.0431154598202
 3100.00       1.0357813657913
 3200.00       1.0283278541759
 3300.00       1.0207584756920
 3400.00       1.0130765810960
 3500.00       1.0052853371765
 3600.00       0.9973877411363
 3700.00       0.9893866335537
 3800.00       0.9812847100882
 3900.00       0.9730845320749
 4000.00       0.9647885361338
 4100.00       0.9563990429009
 4200.00       0.9479182649802
 4300.00       0.9393483141962
 4400.00       0.9306912082235
 4500.00       0.9219488766560
 4600.00       0.9131231665736
 4700.00       0.9042158476558
 4800.00       0.8952286168874
 4900.00       0.8861631028949
 5000.00       0.8770208699492
 5100.00       0.8678034216653
 5200.00       0.8585122044266
 5300.00       0.8491486105597
 5400.00       0.8397139812802
 5500.00       0.8302096094310
 5600.00       0.8206367420298
 5700.00       0.8109965826427
 5800.00       0.8012902935980
 5900.00       0.7915189980534
 6000.00       0.7816837819279
# V=  49.2629000000000
    0.00       1.7228491042406
  100.00       1.7228088331597
  200.00       1.7225252059973
  300.00       1.7218642963938
  400.00       1.7208056329962
  500.00       1.7193602188937
  600.00       1.7175418804716
  700.00       1.7153650358504
  800.00       1.7128453849058
  900.00       1.7099996305802
 1000.00       1.7068447808248
 1100.00       1.7033975268241
 1200.00       1.6996738309459
 1300.00       1.6956887031187
 1400.00       1.6914561096862
 1500.00       1.6869889649808
 1600.00       1.6822991701940
 1700.00       1.6773976766407
 1800.00       1.6722945594225
 1900.00       1.6669990933170
 2000.00       1.6615198263569
 2100.00       1.6558646487735
 2200.00       1.6500408562838
 2300.00       1.6440552074560
 2400.00       1.6379139753006
 2500.00       1.6316229934525
 2600.00       1.6251876974017
 2700.00       1.6186131612608
 2800.00       1.6119041305446
 2900.00       1.6050650514100
 3000.00       1.5981000967623
 3100.00       1.5910131895948
 3200.00       1.5838080238885
 3300.00       1.5764880833563
 3400.00       1.5690566582878
 3500.00       1.5615168607125
 3600.00       1.5538716380777
 3700.00       1.5461237856085
 3800.00       1.5382759575002
 3900.00       1.5303306770704
 4000.00       1.5222903459863
 4100.00       1.5141572526670
 4200.00       1.5059335799462
 4300.00       1.4976214120757
 4400.00       1.4892227411348
 4500.00       1.4807394729070
 4600.00       1.4721734322768
 4700.00       1.4635263681938
 4800.00       1.4547999582452
 4900.00       1.4459958128742
 5000.00       1.4371154792775
 5100.00       1.4281604450112
 5200.00       1.4191321413315
 5300.00       1.4100319462929
 5400.00       1.4008611876276
 5500.00       1.3916211454216
 5600.00       1.3823130546076
 5700.00       1.3729381072883
 5800.00       1.3634974549049
 5900.00       1.3539922102633
 6000.00       1.3444234494288
