#T (K)      V (a.u.^3)
# P= 0.000000 GPa
    0.0     127.7896981218062
  100.0     127.8190112051621
  200.0     127.9708154577115
  300.0     128.2103730229955
  400.0     128.4972594488285
  500.0     128.8100574633984
  600.0     129.1388608060214
  700.0     129.4790029937439
  800.0     129.8281477607288
  900.0     130.1850484231840
 1000.0     130.5490090904938
 1100.0     130.9196369420142
 1200.0     131.2967245716123
 1300.0     131.6801641784035
 1400.0     132.0699208700964
 1500.0     132.4660087823744
 1600.0     132.8684746332373
 1700.0     133.2773881276956
 1800.0     133.6928360118249
 1900.0     134.1149173312129
 2000.0     134.5437487697153
 2100.0     134.9794434496993
 2200.0     135.4221363119537
 2300.0     135.8719580002559
 2400.0     136.3290498852144
 2500.0     136.7935543703591
 2600.0     137.2656165410846
 2700.0     137.7453909836054
 2800.0     138.2330328153664
 2900.0     138.7286890341456
 3000.0     139.2325509669909
 3100.0     139.7447468502428
 3200.0     140.2654686661617
 3300.0     140.7948559434913
 3400.0     141.3330923785970
 3500.0     141.8803896919480
 3600.0     142.4368638719707
 3700.0     143.0027561456918
 3800.0     143.5782201032525
 3900.0     144.1634413021820
 4000.0     144.7585363133712
 4100.0     145.3638677922627
 4200.0     145.9794421296119
 4300.0     146.6055614788656
 4400.0     147.2424012536503
 4500.0     147.8901354235786
 4600.0     148.5490019111458
 4700.0     149.2191427743674
 4800.0     149.9009483095942
 4900.0     150.5943041157516
 5000.0     151.2997695343620
 5100.0     152.0172862676409
 5200.0     152.7471739719076
 5300.0     153.4896756447124
 5400.0     154.2450316081522
 5500.0     155.0133720067970
 5600.0     155.7952323052086
 5700.0     156.5903018050449
 5800.0     157.3990414756408
 5900.0     158.2220438607692
 6000.0     159.0588852186265
# P= 1.000000 GPa
    0.0     127.4352706856676
  100.0     127.4641333080292
  200.0     127.6136921682730
  300.0     127.8498093770702
  400.0     128.1326735090672
  500.0     128.4411570760492
  600.0     128.7654634468383
  700.0     129.1009661921006
  800.0     129.4453438774010
  900.0     129.7973527396150
 1000.0     130.1562978692323
 1100.0     130.5217821085227
 1200.0     130.8935949705661
 1300.0     131.2716279250895
 1400.0     131.6558451488359
 1500.0     132.0462595822981
 1600.0     132.4429168428693
 1700.0     132.8458853661272
 1800.0     133.2552504911522
 1900.0     133.6711103201425
 2000.0     134.0935797683136
 2100.0     134.5227713207103
 2200.0     134.9588175636510
 2300.0     135.4018487742762
 2400.0     135.8520037245436
 2500.0     136.3094246088684
 2600.0     136.7742542651945
 2700.0     137.2466463582444
 2800.0     137.7267539721322
 2900.0     138.2147242066362
 3000.0     138.7107429898219
 3100.0     139.2149417626506
 3200.0     139.7275070439910
 3300.0     140.2485805121764
 3400.0     140.7783446738399
 3500.0     141.3170036503079
 3600.0     141.8646791448436
 3700.0     142.4216052429447
 3800.0     142.9879340971811
 3900.0     143.5638529437329
 4000.0     144.1494819129239
 4100.0     144.7451643655204
 4200.0     145.3509248983337
 4300.0     145.9670524455341
 4400.0     146.5937217919854
 4500.0     147.2311097282600
 4600.0     147.8794474251990
 4700.0     148.5388820032749
 4800.0     149.2097864862371
 4900.0     149.8920703267286
 5000.0     150.5862639154839
 5100.0     151.2923282743068
 5200.0     152.0105729983625
 5300.0     152.7412378614863
 5400.0     153.4845604262664
 5500.0     154.2406750955051
 5600.0     155.0100939500917
 5700.0     155.7925421523832
 5800.0     156.5884634188697
 5900.0     157.3984231746290
 6000.0     158.2220402989988
# P= 2.000000 GPa
    0.0     127.0849263671306
  100.0     127.1133482986452
  200.0     127.2607101190267
  300.0     127.4934613696139
  400.0     127.7723908939809
  500.0     128.0766531262717
  600.0     128.3965607634862
  700.0     128.7275264081994
  800.0     129.0672419084876
  900.0     129.4144686127668
 1000.0     129.7685103753617
 1100.0     130.1289692849315
 1200.0     130.4956297274971
 1300.0     130.8683794249562
 1400.0     131.2471815111101
 1500.0     131.6320478032673
 1600.0     132.0230227411336
 1700.0     132.4201735194493
 1800.0     132.8235841169561
 1900.0     133.2333515859803
 2000.0     133.6495891845407
 2100.0     134.0724086138229
 2200.0     134.5019403212349
 2300.0     134.9383139996116
 2400.0     135.3816660559922
 2500.0     135.8321382671209
 2600.0     136.2898713676437
 2700.0     136.7550180181364
 2800.0     137.2277293547103
 2900.0     137.7081524016246
 3000.0     138.1964681331076
 3100.0     138.6928106618413
 3200.0     139.1973614963272
 3300.0     139.7102640933767
 3400.0     140.2316997301050
 3500.0     140.7618655104579
 3600.0     141.3008882140521
 3700.0     141.8489952351838
 3800.0     142.4063373210793
 3900.0     142.9731030700268
 4000.0     143.5494158559968
 4100.0     144.1356010184118
 4200.0     144.7316999355626
 4300.0     145.3379891575314
 4400.0     145.9546427713158
 4500.0     146.5818400819353
 4600.0     147.2198058486611
 4700.0     147.8686918383464
 4800.0     148.5288547140299
 4900.0     149.2002263412214
 5000.0     149.8833096737944
 5100.0     150.5780839145627
 5200.0     151.2848490580764
 5300.0     152.0038417278556
 5400.0     152.7352967707484
 5500.0     153.4793525701825
 5600.0     154.2364988445552
 5700.0     155.0064948457803
 5800.0     155.7897677739020
 5900.0     156.5868570960520
 6000.0     157.3974223250189
# P= 3.000000 GPa
    0.0     126.7385826584858
  100.0     126.7665735316862
  200.0     126.9117859505115
  300.0     127.1412433416671
  400.0     127.4163222124247
  500.0     127.7164546011695
  600.0     128.0320582829020
  700.0     128.3585854965922
  800.0     128.6937417086322
  900.0     129.0362913813151
 1000.0     129.3855396787622
 1100.0     129.7410857321428
 1200.0     130.1027120773171
 1300.0     130.4703013211559
 1400.0     130.8438121346142
 1500.0     131.2232551371140
 1600.0     131.6086735455120
 1700.0     132.0001333301521
 1800.0     132.3977171485265
 1900.0     132.8015209152578
 2000.0     133.2116563244722
 2100.0     133.6282341666915
 2200.0     134.0513829385144
 2300.0     134.4812315571363
 2400.0     134.9179142745976
 2500.0     135.3615722606837
 2600.0     135.8123442793832
 2700.0     136.2703819108865
 2800.0     136.7358344229439
 2900.0     137.2088485980978
 3000.0     137.6896008749657
 3100.0     138.1782275382634
 3200.0     138.6749055122216
 3300.0     139.1797796818219
 3400.0     139.6930300563863
 3500.0     140.2148472761642
 3600.0     140.7453625886110
 3700.0     141.2847971278943
 3800.0     141.8333002666777
 3900.0     142.3910616633666
 4000.0     142.9582076302440
 4100.0     143.5350467116241
 4200.0     144.1216356956265
 4300.0     144.7182395529762
 4400.0     145.3250316071426
 4500.0     145.9421933811755
 4600.0     146.5699435521165
 4700.0     147.2084381301283
 4800.0     147.8580183028644
 4900.0     148.5186369495532
 5000.0     149.1907710581909
 5100.0     149.8744169063393
 5200.0     150.5698653353720
 5300.0     151.2773498903407
 5400.0     151.9971027451429
 5500.0     152.7292659935156
 5600.0     153.4743079880282
 5700.0     154.2320203415875
 5800.0     155.0028144566313
 5900.0     155.7872049760772
 6000.0     156.5848901047357
# P= 4.000000 GPa
    0.0     126.3961598087567
  100.0     126.4237288272232
  200.0     126.5668375174863
  300.0     126.7930716173551
  400.0     127.0643820659794
  500.0     127.3604720801830
  600.0     127.6718646198659
  700.0     127.9940490252692
  800.0     128.3247448097302
  900.0     128.6627207285454
 1000.0     129.0072809442070
 1100.0     129.3580242392461
 1200.0     129.7147292806559
 1300.0     130.0772764213645
 1400.0     130.4456191970435
 1500.0     130.8197632756700
 1600.0     131.1997504734856
 1700.0     131.5856455407257
 1800.0     131.9775298451532
 1900.0     132.3754980945054
 2000.0     132.7796604941860
 2100.0     133.1901268169728
 2200.0     133.6070237693028
 2300.0     134.0304793277275
 2400.0     134.4606257753934
 2500.0     134.8976035051270
 2600.0     135.3415494313689
 2700.0     135.7926139841104
 2800.0     136.2509446366780
 2900.0     136.7166877750593
 3000.0     137.1900156935206
 3100.0     137.6710663823574
 3200.0     138.1600125807163
 3300.0     138.6570002722572
 3400.0     139.1622081616615
 3500.0     139.6758209511327
 3600.0     140.1979737775700
 3700.0     140.7288819265773
 3800.0     141.2686934257717
 3900.0     141.8175987060677
 4000.0     142.3757267233586
 4100.0     142.9433704058038
 4200.0     143.5206006329354
 4300.0     144.1076715701420
 4400.0     144.7047557148726
 4500.0     145.3120365223931
 4600.0     145.9297269059953
 4700.0     146.5579867294509
 4800.0     147.1971425625179
 4900.0     147.8471669420651
 5000.0     148.5085123177159
 5100.0     149.1811909674980
 5200.0     149.8654850143721
 5300.0     150.5616249952254
 5400.0     151.2698404529874
 5500.0     151.9902769281289
 5600.0     152.7233823797724
 5700.0     153.4689790961347
 5800.0     154.2274633830239
 5900.0     154.9993261664276
 6000.0     155.7843024458125
# P= 5.000000 GPa
    0.0     126.0575806501341
  100.0     126.0847368561259
  200.0     126.2257863948169
  300.0     126.4488647518853
  400.0     126.7164864020130
  500.0     127.0086200980477
  600.0     127.3158903506482
  700.0     127.6338252511785
  800.0     127.9601567750638
  900.0     128.2936579209045
 1000.0     128.6336336356084
 1100.0     128.9796798213129
 1200.0     129.3315738201489
 1300.0     129.6891919888093
 1400.0     130.0524851170382
 1500.0     130.4214539107671
 1600.0     130.7961347425359
 1700.0     131.1765908936604
 1800.0     131.5629024661256
 1900.0     131.9551629102546
 2000.0     132.3534809997586
 2100.0     132.7579654023218
 2200.0     133.1687411674105
 2300.0     133.5859351922591
 2400.0     134.0096779534149
 2500.0     134.4401089160164
 2600.0     134.8773632545563
 2700.0     135.3215901854131
 2800.0     135.7729354557620
 2900.0     136.2315449115008
 3000.0     136.6975870668898
 3100.0     137.1712011845593
 3200.0     137.6525561908702
 3300.0     138.1417988594230
 3400.0     138.6391065549271
 3500.0     139.1446585391209
 3600.0     139.6585932899739
 3700.0     140.1811206367165
 3800.0     140.7123872901066
 3900.0     141.2525841804427
 4000.0     141.8018426230537
 4100.0     142.3604410616117
 4200.0     142.9284632018798
 4300.0     143.5061531472184
 4400.0     144.0936825100180
 4500.0     144.6912364020791
 4600.0     145.2990222809349
 4700.0     145.9172034868916
 4800.0     146.5460928028369
 4900.0     147.1856811091766
 5000.0     147.8363977014051
 5100.0     148.4982698160347
 5200.0     149.1715712793994
 5300.0     149.8565296887937
 5400.0     150.5533719977466
 5500.0     151.2622469367197
 5600.0     151.9835830191987
 5700.0     152.7172315658936
 5800.0     153.4635744688494
 5900.0     154.2230800180114
 6000.0     154.9955181565092
# P= 6.000000 GPa
    0.0     125.7227692074101
  100.0     125.7495213206905
  200.0     125.8885551985906
  300.0     126.1085444485172
  400.0     126.3725541815094
  500.0     126.6608143010072
  600.0     126.9640498181565
  700.0     127.2778247637678
  800.0     127.5998855040930
  900.0     127.9290084834876
 1000.0     128.2644987785449
 1100.0     128.6059516847044
 1200.0     128.9531405796867
 1300.0     129.3059401841812
 1400.0     129.6642971604573
 1500.0     130.0282090712176
 1600.0     130.3977075701442
 1700.0     130.7728501314463
 1800.0     131.1537152707336
 1900.0     131.5403951490363
 2000.0     131.9329971472671
 2100.0     132.3316287603944
 2200.0     132.7364134866483
 2300.0     133.1474770316069
 2400.0     133.5649482036978
 2500.0     133.9889654089173
 2600.0     134.4196621798991
 2700.0     134.8571864624064
 2800.0     135.3016823400402
 2900.0     135.7532949864214
 3000.0     136.2121894731945
 3100.0     136.6785059353219
 3200.0     137.1524098317143
 3300.0     137.6340484380703
 3400.0     138.1235977451615
 3500.0     138.6212320438531
 3600.0     139.1270926348657
 3700.0     139.6413842638108
 3800.0     140.1642523514761
 3900.0     140.6958880687794
 4000.0     141.2364248170170
 4100.0     141.7861276397507
 4200.0     142.3450918568142
 4300.0     142.9135522223896
 4400.0     143.4916794079763
 4500.0     144.0796599167261
 4600.0     144.6776960473908
 4700.0     145.2859542532187
 4800.0     145.9047343336333
 4900.0     146.5340442411998
 5000.0     147.1742914582628
 5100.0     147.8255171696910
 5200.0     148.4879873145692
 5300.0     149.1619266174966
 5400.0     149.8475594829870
 5500.0     150.5450375818327
 5600.0     151.2547709055325
 5700.0     151.9766382071393
 5800.0     152.7110076300705
 5900.0     153.4583258824205
 6000.0     154.2183960445473
# P= 7.000000 GPa
    0.0     125.3916529398164
  100.0     125.4180094075622
  200.0     125.5550693274500
  300.0     125.7720333577560
  400.0     126.0325067753788
  500.0     126.3169738320644
  600.0     126.6162584639359
  700.0     126.9259616409118
  800.0     127.2438415952441
  900.0     127.5686799739475
 1000.0     127.8997818260605
 1100.0     128.2367406449611
 1200.0     128.5793284929745
 1300.0     128.9274157726422
 1400.0     129.2809471428731
 1500.0     129.6399160151247
 1600.0     130.0043506268055
 1700.0     130.3743039965737
 1800.0     130.7498485182669
 1900.0     131.1310745973817
 2000.0     131.5180882427886
 2100.0     131.9109957288465
 2200.0     132.3099190808278
 2300.0     132.7149827266461
 2400.0     133.1263139212776
 2500.0     133.5440498993989
 2600.0     133.9683226383512
 2700.0     134.3992787626992
 2800.0     134.8370607493613
 2900.0     135.2818129788179
 3000.0     135.7336973905557
 3100.0     136.1928546250833
 3200.0     136.6594469923114
 3300.0     137.1336220029351
 3400.0     137.6155542413499
 3500.0     138.1054134690542
 3600.0     138.6033433212885
 3700.0     139.1095438133461
 3800.0     139.6241591016342
 3900.0     140.1473803534209
 4000.0     140.6793427929288
 4100.0     141.2202991008489
 4200.0     141.7703550521273
 4300.0     142.3297367339364
 4400.0     142.8986138242335
 4500.0     143.4771739627840
 4600.0     144.0656145759294
 4700.0     144.6641048791280
 4800.0     145.2729324647007
 4900.0     145.8921211284705
 5000.0     146.5220578373119
 5100.0     147.1627967463937
 5200.0     147.8145963041752
 5300.0     148.4776784276655
 5400.0     149.1522650122679
 5500.0     149.8385104261943
 5600.0     150.5368070382210
 5700.0     151.2470594763254
 5800.0     151.9696227827189
 5900.0     152.7049231108540
 6000.0     153.4527949181793
# P= 8.000000 GPa
    0.0     125.0641601292458
  100.0     125.0901292685624
  200.0     125.2252564176326
  300.0     125.4392576207674
  400.0     125.6962669725954
  500.0     125.9770196836620
  600.0     126.2724354748961
  700.0     126.5781511721857
  800.0     126.8919388440211
  900.0     127.2125829909343
 1000.0     127.5393900234379
 1100.0     127.8719520541573
 1200.0     128.2100382080367
 1300.0     128.5535173922158
 1400.0     128.9023297119650
 1500.0     129.2564662196433
 1600.0     129.6159511550477
 1700.0     129.9808338226915
 1800.0     130.3511824680150
 1900.0     130.7270810418217
 2000.0     131.1086335924002
 2100.0     131.4959451453336
 2200.0     131.8891363037597
 2300.0     132.2883301582523
 2400.0     132.6936525011891
 2500.0     133.1052393030283
 2600.0     133.5232210608679
 2700.0     133.9477430339020
 2800.0     134.3789461435680
 2900.0     134.8169738676873
 3000.0     135.2619852970913
 3100.0     135.7141212442884
 3200.0     136.1735411617022
 3300.0     136.6403925487689
 3400.0     137.1148485524919
 3500.0     137.5970748184736
 3600.0     138.0872168582769
 3700.0     138.5854702908123
 3800.0     139.0919780323393
 3900.0     139.6069310166581
 4000.0     140.1304660384985
 4100.0     140.6628244056033
 4200.0     141.2041212422027
 4300.0     141.7545746200158
 4400.0     142.3143531741925
 4500.0     142.8836454367538
 4600.0     143.4626442370782
 4700.0     144.0515212152986
 4800.0     144.6505525058928
 4900.0     145.2597765613464
 5000.0     145.8795610875004
 5100.0     146.5099722640589
 5200.0     147.1512614323856
 5300.0     147.8036477656715
 5400.0     148.4673506890722
 5500.0     149.1425270323889
 5600.0     149.8295524165405
 5700.0     150.5283558297560
 5800.0     151.2392798425608
 5900.0     151.9627310544893
 6000.0     152.6985735851158
# P= 9.000000 GPa
    0.0     124.7402216070728
  100.0     124.7658113632891
  200.0     124.8990451850260
  300.0     125.1101445182043
  400.0     125.3637609889354
  500.0     125.6408747899963
  600.0     125.9325014807104
  700.0     126.2343125078143
  800.0     126.5440924510975
  900.0     126.8606310291424
 1000.0     127.1832339593448
 1100.0     127.5114928764060
 1200.0     127.8451749303490
 1300.0     128.1841455530614
 1400.0     128.5283431951445
 1500.0     128.8777542302879
 1600.0     129.2324002861728
 1700.0     129.5923268232996
 1800.0     129.9575981338619
 1900.0     130.3282942688874
 2000.0     130.7045125021787
 2100.0     131.0863558475115
 2200.0     131.4739435092554
 2300.0     131.8673972073007
 2400.0     132.2668413384673
 2500.0     132.6724105353723
 2600.0     133.0842338784037
 2700.0     133.5024552236235
 2800.0     133.9272139825091
 2900.0     134.3586526320255
 3000.0     134.7969276709227
 3100.0     135.2421797833788
 3200.0     135.6945658289359
 3300.0     136.1542330703043
 3400.0     136.6213531875694
 3500.0     137.0960880958398
 3600.0     137.5785847548739
 3700.0     138.0690347017173
 3800.0     138.5675796353719
 3900.0     139.0744100408051
 4000.0     139.5896640414153
 4100.0     140.1135725146737
 4200.0     140.6462588813902
 4300.0     141.1879338188537
 4400.0     141.7387648733329
 4500.0     142.2989412351080
 4600.0     142.8686514012970
 4700.0     143.4480691124581
 4800.0     144.0374597670052
 4900.0     144.6368753301867
 5000.0     145.2466654579221
 5100.0     145.8669074405716
 5200.0     146.4978458835067
 5300.0     147.1396972777711
 5400.0     147.7926786169264
 5500.0     148.4569489631613
 5600.0     149.1328680398401
 5700.0     149.8203877238884
 5800.0     150.5198387255259
 5900.0     151.2316090647728
 6000.0     151.9555908533184
# P= 10.000000 GPa
    0.0     124.4197703376203
  100.0     124.4449885297650
  200.0     124.5763675968094
  300.0     124.7846234738991
  400.0     125.0349158095590
  500.0     125.3084651922752
  600.0     125.5963795236259
  700.0     125.8943659746272
  800.0     126.2002214553501
  900.0     126.5127392335371
 1000.0     126.8312268146847
 1100.0     127.1552736809292
 1200.0     127.4846453535096
 1300.0     127.8192052870971
 1400.0     128.1588879902140
 1500.0     128.5036780568312
 1600.0     128.8535924602905
 1700.0     129.2086737855067
 1800.0     129.5689826899496
 1900.0     129.9345950072916
 2000.0     130.3056042782013
 2100.0     130.6821066730358
 2200.0     131.0642190511258
 2300.0     131.4520617546667
 2400.0     131.8457578281477
 2500.0     132.2454405119982
 2600.0     132.6512375219126
 2700.0     133.0632912794737
 2800.0     133.4817397260298
 2900.0     133.9067242508305
 3000.0     134.3383989901691
 3100.0     134.7769042327979
 3200.0     135.2223944830628
 3300.0     135.6750165622951
 3400.0     136.1349406555681
 3500.0     136.6023253048832
 3600.0     137.0773185201224
 3700.0     137.5601080515451
 3800.0     138.0508344024952
 3900.0     138.5496874081755
 4000.0     139.0568062893713
 4100.0     139.5724123887380
 4200.0     140.0966364241081
 4300.0     140.6296822686563
 4400.0     141.1717163371222
 4500.0     141.7229282543240
 4600.0     142.2835024392007
 4700.0     142.8536144212794
 4800.0     143.4335195578351
 4900.0     144.0232822253474
 5000.0     144.6232351975214
 5100.0     145.2334659938424
 5200.0     145.8542128416448
 5300.0     146.4856896104193
 5400.0     147.1281108994062
 5500.0     147.7816377810450
 5600.0     148.4466149074506
 5700.0     149.1230156150486
 5800.0     149.8111593476096
 5900.0     150.5114164929946
 6000.0     151.2237055308833
# P= 11.000000 GPa
    0.0     124.1027400794215
  100.0     124.1275942838457
  200.0     124.2571563624624
  300.0     124.4626265131685
  400.0     124.7096612625996
  500.0     124.9797176804554
  600.0     125.2639953956936
  700.0     125.5582346928716
  800.0     125.8602459133297
  900.0     126.1688264856983
 1000.0     126.4832836981811
 1100.0     126.8032073382333
 1200.0     127.1283600103286
 1300.0     127.4586030513891
 1400.0     127.7938689268754
 1500.0     128.1341380037977
 1600.0     128.4794253572092
 1700.0     128.8297690473802
 1800.0     129.1852265946592
 1900.0     129.5458703687890
 2000.0     129.9117893851491
 2100.0     130.2830764595624
 2200.0     130.6598412831821
 2300.0     131.0422016812258
 2400.0     131.4302793652654
 2500.0     131.8242061484733
 2600.0     132.2241084223492
 2700.0     132.6301271490622
 2800.0     133.0423988339766
 2900.0     133.4610637030987
 3000.0     133.8862737329514
 3100.0     134.3181685829898
 3200.0     134.7569006131286
 3300.0     135.2026160194794
 3400.0     135.6554834654796
 3500.0     136.1156584493429
 3600.0     136.5832896630695
 3700.0     137.0585613457787
 3800.0     137.5416128254742
 3900.0     138.0326331010740
 4000.0     138.5317622700654
 4100.0     139.0392129884449
 4200.0     139.5551223247076
 4300.0     140.0796879076511
 4400.0     140.6130749809840
 4500.0     141.1554733908679
 4600.0     141.7070637212919
 4700.0     142.2680229924872
 4800.0     142.8385971882390
 4900.0     143.4188620372197
 5000.0     144.0091345553465
 5100.0     144.6095116417164
 5200.0     145.2202254910844
 5300.0     145.8414874099199
 5400.0     146.4735096399763
 5500.0     147.1164550487865
 5600.0     147.7706540186809
 5700.0     148.4360999595629
 5800.0     149.1131016246181
 5900.0     149.8020126904667
 6000.0     150.5027764257175
# P= 12.000000 GPa
    0.0     123.7890676444641
  100.0     123.8135651674797
  200.0     123.9413463910792
  300.0     124.1440862951482
  400.0     124.3879290698467
  500.0     124.6545622558418
  600.0     124.9352757767567
  700.0     125.2258441605914
  800.0     125.5240889932591
  900.0     125.8288126160344
 1000.0     126.1393233045420
 1100.0     126.4552089346646
 1200.0     126.7762314741397
 1300.0     127.1022493182608
 1400.0     127.4331922526610
 1500.0     127.7690386654721
 1600.0     128.1097992026548
 1700.0     128.4555099625409
 1800.0     128.8062240737789
 1900.0     129.1620104803396
 2000.0     129.5229548538211
 2100.0     129.8891454439533
 2200.0     130.2606885592354
 2300.0     130.6376948678532
 2400.0     131.0202833448556
 2500.0     131.4085843603648
 2600.0     131.8027230106681
 2700.0     132.2028387799988
 2800.0     132.6090667661957
 2900.0     133.0215459678260
 3000.0     133.4404263773892
 3100.0     133.8658468243964
 3200.0     134.2979577081813
 3300.0     134.7369044366018
 3400.0     135.1828541262889
 3500.0     135.6359595329508
 3600.0     136.0963696927464
 3700.0     136.5642655899304
 3800.0     137.0397853960746
 3900.0     137.5231171018152
 4000.0     138.0144014711909
 4100.0     138.5138432744839
 4200.0     139.0215850375794
 4300.0     139.5378186740345
 4400.0     140.0627082203869
 4500.0     140.5964435412593
 4600.0     141.1392016180862
 4700.0     141.6911606767817
 4800.0     142.2525579680132
 4900.0     142.8234795560784
 5000.0     143.4042277803983
 5100.0     143.9949081021132
 5200.0     144.5957470160592
 5300.0     145.2069533226095
 5400.0     145.8287369421741
 5500.0     146.4612623289377
 5600.0     147.1048463728421
 5700.0     147.7595012138481
 5800.0     148.4255254725394
 5900.0     149.1032570084062
 6000.0     149.7926623457060
# P= 13.000000 GPa
    0.0     123.4786906696150
  100.0     123.5028387361409
  200.0     123.6288748189315
  300.0     123.8289384844021
  400.0     124.0696519775057
  500.0     124.3329302839799
  600.0     124.6101507039042
  700.0     124.8971209970862
  800.0     125.1916759010994
  900.0     125.4926208132261
 1000.0     125.7992652801797
 1100.0     126.1111969427104
 1200.0     126.4281748212332
 1300.0     126.7500563611086
 1400.0     127.0767683583148
 1500.0     127.4082861004534
 1600.0     127.7446183432203
 1700.0     128.0857966875633
 1800.0     128.4318721347981
 1900.0     128.7829094489526
 2000.0     129.1389904970620
 2100.0     129.5002005325975
 2200.0     129.8666409107579
 2300.0     130.2384191956946
 2400.0     130.6156471619536
 2500.0     130.9984520632398
 2600.0     131.3869577178237
 2700.0     131.7813021198930
 2800.0     132.1816189825332
 2900.0     132.5880460240105
 3000.0     133.0007314016028
 3100.0     133.4198129474612
 3200.0     133.8454392572694
 3300.0     134.2777548084069
 3400.0     134.7169251469833
 3500.0     135.1631005594410
 3600.0     135.6164301181997
 3700.0     136.0770917894804
 3800.0     136.5452226060693
 3900.0     137.0210093927116
 4000.0     137.5045933804327
 4100.0     137.9961722075163
 4200.0     138.4958930170969
 4300.0     139.0039425060259
 4400.0     139.5204834707743
 4500.0     140.0457056019168
 4600.0     140.5797825001086
 4700.0     141.1228933248331
 4800.0     141.6752672069697
 4900.0     142.2369995723138
 5000.0     142.8083791217150
 5100.0     143.3895190929188
 5200.0     143.9806406007410
 5300.0     144.5819499948775
 5400.0     145.1936549096044
 5500.0     145.8159211841939
 5600.0     146.4490529693394
 5700.0     147.0930798343197
 5800.0     147.7482908072670
 5900.0     148.4150087982744
 6000.0     149.0932220988834
# P= 14.000000 GPa
    0.0     123.1715483658188
  100.0     123.1953538973331
  200.0     123.3196793120953
  300.0     123.5171199186277
  400.0     123.7547658155467
  500.0     124.0147546360084
  600.0     124.2885512168079
  700.0     124.5719951893272
  800.0     124.8629332440903
  900.0     125.1601759928154
 1000.0     125.4630328048120
 1100.0     125.7710908508204
 1200.0     126.0841082799816
 1300.0     126.4019392464091
 1400.0     126.7245092310304
 1500.0     127.0517905966502
 1600.0     127.3837886849727
 1700.0     127.7205332874081
 1800.0     128.0620708700736
 1900.0     128.4084639479285
 2000.0     128.7597902920664
 2100.0     129.1161312158804
 2200.0     129.4775851170776
 2300.0     129.8442545264829
 2400.0     130.2162482138622
 2500.0     130.5936861726656
 2600.0     130.9766889747705
 2700.0     131.3653931163545
 2800.0     131.7599309428356
 2900.0     132.1604388506485
 3000.0     132.5670632837122
 3100.0     132.9799409426275
 3200.0     133.3992187494415
 3300.0     133.8250401296365
 3400.0     134.2575690365516
 3500.0     134.6969535325485
 3600.0     135.1433424484690
 3700.0     135.5969109499255
 3800.0     136.0577949472242
 3900.0     136.5261799560669
 4000.0     137.0022074854922
 4100.0     137.4860687482160
 4200.0     137.9779147176325
 4300.0     138.4779273418294
 4400.0     138.9862681475947
 4500.0     139.5031264693662
 4600.0     140.0286727378980
 4700.0     140.5630867873742
 4800.0     141.1065902149421
 4900.0     141.6592868762955
 5000.0     142.2214528282757
 5100.0     142.7932083320193
 5200.0     143.3747694293888
 5300.0     143.9663400730460
 5400.0     144.5681256457356
 5500.0     145.1802931771854
 5600.0     145.8031348074837
 5700.0     146.4366962773347
 5800.0     147.0812575446562
 5900.0     147.7371274111756
 6000.0     148.4043144932402
# P= 15.000000 GPa
    0.0     122.8675824262960
  100.0     122.8910521930778
  200.0     123.0137003241828
  300.0     123.2085686745187
  400.0     123.4432070748846
  500.0     123.6999710535630
  600.0     123.9704103040871
  700.0     124.2503975080599
  800.0     124.5377908932706
  900.0     124.8314047718337
 1000.0     125.1305505102015
 1100.0     125.4348137993957
 1200.0     125.7439512138156
 1300.0     126.0578159499410
 1400.0     126.3763299267133
 1500.0     126.6994638764060
 1600.0     127.0272203800618
 1700.0     127.3596255313771
 1800.0     127.6967240700458
 1900.0     128.0385740107527
 2000.0     128.3852505781683
 2100.0     128.7368313404340
 2200.0     129.0934103926873
 2300.0     129.4550874572761
 2400.0     129.8219662149147
 2500.0     130.1941636119610
 2600.0     130.5717932124630
 2700.0     130.9549877169930
 2800.0     131.3438781069488
 2900.0     131.7385994267368
 3000.0     132.1392965018374
 3100.0     132.5461048003378
 3200.0     132.9591696737450
 3300.0     133.3786333950355
 3400.0     133.8046583039808
 3500.0     134.2373904560069
 3600.0     134.6769781925983
 3700.0     135.1235940767555
 3800.0     135.5773729113057
 3900.0     136.0384987741976
 4000.0     136.5071132740599
 4100.0     136.9834018572451
 4200.0     137.4675185935789
 4300.0     137.9596411196655
 4400.0     138.4599296663082
 4500.0     138.9685730400724
 4600.0     139.4857387019833
 4700.0     140.0116069150990
 4800.0     140.5463923017242
 4900.0     141.0902062583427
 5000.0     141.6433131491085
 5100.0     142.2058395372951
 5200.0     142.7779966861945
 5300.0     143.3599862034853
 5400.0     143.9520112540758
 5500.0     144.5542398705820
 5600.0     145.1669528865859
 5700.0     145.7902109992319
 5800.0     146.4242856006749
 5900.0     147.0694721985365
 6000.0     147.7257983366253
# P= 16.000000 GPa
    0.0     122.5667349031356
  100.0     122.5898755617643
  200.0     122.7108794193602
  300.0     122.9032255732821
  400.0     123.1349141838159
  500.0     123.3885157739079
  600.0     123.6556635270895
  700.0     123.9322610443180
  800.0     124.2161793860061
  900.0     124.5062368643356
 1000.0     124.8017450332409
 1100.0     125.1022901537903
 1200.0     125.4076266903283
 1300.0     125.7176057485833
 1400.0     126.0321481544821
 1500.0     126.3512209791704
 1600.0     126.6748248950154
 1700.0     127.0029834161356
 1800.0     127.3357374033774
 1900.0     127.6731431308939
 2000.0     128.0152713307634
 2100.0     128.3621969460143
 2200.0     128.7140104199663
 2300.0     129.0708069222108
 2400.0     129.4326875646352
 2500.0     129.7997639775240
 2600.0     130.1721468803334
 2700.0     130.5499618694180
 2800.0     130.9333359347193
 2900.0     131.3224027312724
 3000.0     131.7173055340987
 3100.0     132.1181785110356
 3200.0     132.5251655192277
 3300.0     132.9384075993470
 3400.0     133.3580654582597
 3500.0     133.7842833335497
 3600.0     134.2172088596257
 3700.0     134.6570121754669
 3800.0     135.1038269900785
 3900.0     135.5578358294108
 4000.0     136.0191802338350
 4100.0     136.4880404952720
 4200.0     136.9645730993043
 4300.0     137.4489517777358
 4400.0     137.9413354423584
 4500.0     138.4419122105055
 4600.0     138.9508467628898
 4700.0     139.4683195587049
 4800.0     139.9945387771563
 4900.0     140.5296225088382
 5000.0     141.0738243332162
 5100.0     141.6272764266450
 5200.0     142.1901855553942
 5300.0     142.7627510325447
 5400.0     143.3451738382164
 5500.0     143.9376228269903
 5600.0     144.5403682059878
 5700.0     145.1534844564339
 5800.0     145.7772348912276
 5900.0     146.4119025116452
 6000.0     147.0575324370511
# P= 17.000000 GPa
    0.0     122.2689500069673
  100.0     122.2917679168964
  200.0     122.4111590914881
  300.0     122.6010318792069
  400.0     122.8298278385376
  500.0     123.0803274567768
  600.0     123.3442469449124
  700.0     123.6175211344457
  800.0     123.8980318898882
  900.0     124.1846026115963
 1000.0     124.4765459001648
 1100.0     124.7734465788353
 1200.0     125.0750588238672
 1300.0     125.3812316004203
 1400.0     125.6918831280395
 1500.0     126.0069793336162
 1600.0     126.3265172410253
 1700.0     126.6505181838381
 1800.0     126.9790206702349
 1900.0     127.3120768886030
 2000.0     127.6497557428998
 2100.0     127.9921279484187
 2200.0     128.3392809123072
 2300.0     128.6913064420565
 2400.0     129.0483009525464
 2500.0     129.4103734387885
 2600.0     129.7776294757651
 2700.0     130.1501915574019
 2800.0     130.5281798859931
 2900.0     130.9117237432520
 3000.0     131.3009648586161
 3100.0     131.6960360651636
 3200.0     132.0970797749378
 3300.0     132.5042357373144
 3400.0     132.9176630083747
 3500.0     133.3375041689124
 3600.0     133.7639059585952
 3700.0     134.1970362515520
 3800.0     134.6370276753136
 3900.0     135.0840611040200
 4000.0     135.5382778525063
 4100.0     135.9998536229747
 4200.0     136.4689466891929
 4300.0     136.9457272542645
 4400.0     137.4303528912019
 4500.0     137.9230108771528
 4600.0     138.4238632911454
 4700.0     138.9330905688919
 4800.0     139.4508949510332
 4900.0     139.9774004181145
 5000.0     140.5128506296269
 5100.0     141.0573827179533
 5200.0     141.6111992211927
 5300.0     142.1744972065608
 5400.0     142.7474755016201
 5500.0     143.3303036090674
 5600.0     143.9232417650019
 5700.0     144.5263771052669
 5800.0     145.1399653321896
 5900.0     145.7642777018136
 6000.0     146.3993756024738
# P= 18.000000 GPa
    0.0     121.9741736409077
  100.0     121.9966750684676
  200.0     122.1144844903596
  300.0     122.3019307557362
  400.0     122.5278891193536
  500.0     122.7753465526776
  600.0     123.0360993485082
  700.0     123.3061137128163
  800.0     123.5832834989143
  900.0     123.8664352318047
 1000.0     124.1548832894570
 1100.0     124.4482123929129
 1200.0     124.7461743057661
 1300.0     125.0486173831544
 1400.0     125.3554576648289
 1500.0     125.6666581074224
 1600.0     125.9822145648505
 1700.0     126.3021448076224
 1800.0     126.6264848918727
 1900.0     126.9552848765195
 2000.0     127.2886093207114
 2100.0     127.6265272161200
 2200.0     127.9691217194073
 2300.0     128.3164814513400
 2400.0     128.6686997047164
 2500.0     129.0258804586915
 2600.0     129.3881269133654
 2700.0     129.7555561975004
 2800.0     130.1282854831946
 2900.0     130.5064374416725
 3000.0     130.8901489535095
 3100.0     131.2795514531651
 3200.0     131.6747859299233
 3300.0     132.0759908036813
 3400.0     132.4833234633140
 3500.0     132.8969249658280
 3600.0     133.3169409985465
 3700.0     133.7435373105019
 3800.0     134.1768454587772
 3900.0     134.6170445803315
 4000.0     135.0642756177699
 4100.0     135.5187102010127
 4200.0     135.9805078176164
 4300.0     136.4498354874538
 4400.0     136.9268494282832
 4500.0     137.4117359364859
 4600.0     137.9046546572777
 4700.0     138.4057857963626
 4800.0     138.9153261331853
 4900.0     139.4334047765269
 5000.0     139.9602562873338
 5100.0     140.4960221291153
 5200.0     141.0409008678216
 5300.0     141.5950873719030
 5400.0     142.1587783478517
 5500.0     142.7321437794717
 5600.0     143.3154345630264
 5700.0     143.9087494021696
 5800.0     144.5123368395125
 5900.0     145.1264571203283
 6000.0     145.7511866409113
# P= 19.000000 GPa
    0.0     121.6823520514828
  100.0     121.7045431221321
  200.0     121.8208012562889
  300.0     122.0058673833140
  400.0     122.2290415706048
  500.0     122.4735140542942
  600.0     122.7311609074397
  700.0     122.9979776294341
  800.0     123.2718700740222
  900.0     123.5516695653028
 1000.0     123.8366904467610
 1100.0     124.1265176459255
 1200.0     124.4209022295755
 1300.0     124.7196898075450
 1400.0     125.0227954266060
 1500.0     125.3301799574807
 1600.0     125.6418360054161
 1700.0     125.9577801506713
 1800.0     126.2780449924163
 1900.0     126.6026779298306
 2000.0     126.9317414194915
 2100.0     127.2653001832500
 2200.0     127.6034354105670
 2300.0     127.9462317200774
 2400.0     128.2937789731142
 2500.0     128.6461781508681
 2600.0     129.0035274508813
 2700.0     129.3659414223093
 2800.0     129.7335320755025
 2900.0     130.1064189048569
 3000.0     130.4847322968992
 3100.0     130.8685986654829
 3200.0     131.2581574732321
 3300.0     131.6535457931912
 3400.0     132.0549193320650
 3500.0     132.4624177280311
 3600.0     132.8761854885217
 3700.0     133.2963863578103
 3800.0     133.7231508322361
 3900.0     134.1566562406597
 4000.0     134.5970430173188
 4100.0     135.0444791900602
 4200.0     135.4991249389583
 4300.0     135.9611444155178
 4400.0     136.4306924690597
 4500.0     136.9079542849901
 4600.0     137.3930872318192
 4700.0     137.8862710918197
 4800.0     138.3876976334329
 4900.0     138.8975003744367
 5000.0     139.4159055553578
 5100.0     139.9430583780272
 5200.0     140.4791536795001
 5300.0     141.0243841749057
 5400.0     141.5789444804368
 5500.0     142.1430049008577
 5600.0     142.7168075993231
 5700.0     143.3004618034201
 5800.0     143.8942093290734
 5900.0     144.4983001184755
 6000.0     145.1128243602197
# P= 20.000000 GPa
    0.0     121.3934338345531
  100.0     121.4153204182033
  200.0     121.5300563627418
  300.0     121.7127872345505
  400.0     121.9332301161936
  500.0     122.1747736667229
  600.0     122.4293725930605
  700.0     122.6930527797298
  800.0     122.9637304656370
  900.0     123.2402414419197
 1000.0     123.5219019631958
 1100.0     123.8082955793445
 1200.0     124.0991725493083
 1300.0     124.3943777296865
 1400.0     124.6938231375648
 1500.0     124.9974683581183
 1600.0     125.3053040372344
 1700.0     125.6173433312837
 1800.0     125.9336175703937
 1900.0     126.2541708930345
 2000.0     126.5790627063756
 2100.0     126.9083559587750
 2200.0     127.2421273671617
 2300.0     127.5804594911279
 2400.0     127.9234384379101
 2500.0     128.2711614106992
 2600.0     128.6237239633665
 2700.0     128.9812353000755
 2800.0     129.3438049961934
 2900.0     129.7115474283895
 3000.0     130.0845895156988
 3100.0     130.4630516925604
 3200.0     130.8470678939123
 3300.0     131.2367737005877
 3400.0     131.6323231236154
 3500.0     132.0338544592560
 3600.0     132.4415109375619
 3700.0     132.8554543989704
 3800.0     133.2758142874576
 3900.0     133.7027660673120
 4000.0     134.1364495388452
 4100.0     134.5770295507854
 4200.0     135.0246665075955
 4300.0     135.4795219766694
 4400.0     135.9417494289779
 4500.0     136.4115328191384
 4600.0     136.8890273852913
 4700.0     137.3744123059566
 4800.0     137.8678747615759
 4900.0     138.3695520021890
 5000.0     138.8796626827186
 5100.0     139.3983551825595
 5200.0     139.9258208404476
 5300.0     140.4622502619345
 5400.0     141.0078360029001
 5500.0     141.5627485358464
 5600.0     142.1272218732538
 5700.0     142.7013747654864
 5800.0     143.2854427167958
 5900.0     143.8796660475764
 6000.0     144.4841475684007
# P= 21.000000 GPa
    0.0     121.1073686991589
  100.0     121.1289566030000
  200.0     121.2421990191876
  300.0     121.4226379927118
  400.0     121.6404001953598
  500.0     121.8790700109026
  600.0     122.1306781440260
  700.0     122.3912801656285
  800.0     122.6588043129283
  900.0     122.9320896654241
 1000.0     123.2104536705455
 1100.0     123.4934805350734
 1200.0     123.7809184727547
 1300.0     124.0726110400917
 1400.0     124.3684694120290
 1500.0     124.6684500318926
 1600.0     124.9725419703415
 1700.0     125.2807566173842
 1800.0     125.5931217352618
 1900.0     125.9096800860667
 2000.0     126.2304879363526
 2100.0     126.5556050762926
 2200.0     126.8851064238826
 2300.0     127.2190700880958
 2400.0     127.5575800350912
 2500.0     127.9007298125874
 2600.0     128.2486111072509
 2700.0     128.6013304498913
 2800.0     128.9589921416822
 2900.0     129.3217080238934
 3000.0     129.6895998606342
 3100.0     130.0627847363968
 3200.0     130.4413906810117
 3300.0     130.8255475206142
 3400.0     131.2154073469529
 3500.0     131.6111071632366
 3600.0     132.0127888547087
 3700.0     132.4206124394748
 3800.0     132.8347063162094
 3900.0     133.2552440426003
 4000.0     133.6823646700454
 4100.0     134.1162302438569
 4200.0     134.5570009779060
 4300.0     135.0048361091182
 4400.0     135.4598877234922
 4500.0     135.9223384354138
 4600.0     136.3923414882281
 4700.0     136.8700752894857
 4800.0     137.3557228274414
 4900.0     137.8494244501344
 5000.0     138.3513919184154
 5100.0     138.8617762606111
 5200.0     139.3807655348796
 5300.0     139.9085482793271
 5400.0     140.4453150187801
 5500.0     140.9912362470786
 5600.0     141.5465383841647
 5700.0     142.1113487447046
 5800.0     142.6858969186014
 5900.0     143.2704142589255
 6000.0     143.8650150734211
# P= 22.000000 GPa
    0.0     120.8241067706868
  100.0     120.8454016522698
  200.0     120.9571786906786
  300.0     121.1353687428264
  400.0     121.3504997916650
  500.0     121.5863485779096
  600.0     121.8350219142555
  700.0     122.0926034701678
  800.0     122.3570326748818
  900.0     122.6271536476208
 1000.0     122.9022842773421
 1100.0     123.1820083656579
 1200.0     123.4660741046593
 1300.0     123.7543228796201
 1400.0     124.0466641062694
 1500.0     124.3430533395277
 1600.0     124.6434765082506
 1700.0     124.9479431751219
 1800.0     125.2564795239074
 1900.0     125.5691246083350
 2000.0     125.8859331793079
 2100.0     126.2069621705333
 2200.0     126.5322829946683
 2300.0     126.8619720736593
 2400.0     127.1961090366945
 2500.0     127.5347849891636
 2600.0     127.8780883325414
 2700.0     128.2261213174150
 2800.0     128.5789858534701
 2900.0     128.9367884260859
 3000.0     129.2996480322924
 3100.0     129.6676769991463
 3200.0     130.0409996145030
 3300.0     130.4197402480144
 3400.0     130.8040445110650
 3500.0     131.1940478437071
 3600.0     131.5898907490032
 3700.0     131.9917314848164
 3800.0     132.3996974102585
 3900.0     132.8139601488348
 4000.0     133.2346578986122
 4100.0     133.6619502299436
 4200.0     134.0959968042688
 4300.0     134.5369547510766
 4400.0     134.9849747680502
 4500.0     135.4402380302905
 4600.0     135.9028959111539
 4700.0     136.3731258930979
 4800.0     136.8511071408502
 4900.0     137.3369825086314
 5000.0     137.8309575114661
 5100.0     138.3331853300751
 5200.0     138.8438509470211
 5300.0     139.3631408734523
 5400.0     139.8912436315845
 5500.0     140.4283295972327
 5600.0     140.9746181313626
 5700.0     141.5302441974591
 5800.0     142.0954318503791
 5900.0     142.6704041038438
 6000.0     143.2552856832217
# P= 23.000000 GPa
    0.0     120.5436004925920
  100.0     120.5646077858936
  200.0     120.6749463492548
  300.0     120.8509288838366
  400.0     121.0634776957132
  500.0     121.2965574106046
  600.0     121.5423494957291
  700.0     121.7969668116674
  800.0     122.0583591306543
  900.0     122.3253745155608
 1000.0     122.5973329816569
 1100.0     122.8738176604737
 1200.0     123.1545753299734
 1300.0     123.4394471295455
 1400.0     123.7283402604307
 1500.0     124.0212081184936
 1600.0     124.3180357579241
 1700.0     124.6188296701929
 1800.0     124.9236139779946
 1900.0     125.2324262667400
 2000.0     125.5453175232482
 2100.0     125.8623430663242
 2200.0     126.1835715670038
 2300.0     126.5090757756568
 2400.0     126.8389337160265
 2500.0     127.1732321578297
 2600.0     127.5120569804310
 2700.0     127.8555072118243
 2800.0     128.2036803887359
 2900.0     128.5566806829064
 3000.0     128.9146216236747
 3100.0     129.2776128241786
 3200.0     129.6457738573278
 3300.0     130.0192252650075
 3400.0     130.3981071249394
 3500.0     130.7825485044016
 3600.0     131.1726881294869
 3700.0     131.5686825404880
 3800.0     131.9706580613721
 3900.0     132.3787843683259
 4000.0     132.7931987122394
 4100.0     133.2140584697154
 4200.0     133.6415224410624
 4300.0     134.0757458407553
 4400.0     134.5168779781062
 4500.0     134.9650985002491
 4600.0     135.4205570245956
 4700.0     135.8834299674978
 4800.0     136.3538930116115
 4900.0     136.8320909680319
 5000.0     137.3182237108826
 5100.0     137.8124461088457
 5200.0     138.3149402610811
 5300.0     138.8258906906506
 5400.0     139.3454839448509
 5500.0     139.8738901489264
 5600.0     140.4113221141924
 5700.0     140.9579215801191
 5800.0     141.5139074280569
 5900.0     142.0794949336050
 6000.0     142.6548182057622
# P= 24.000000 GPa
    0.0     120.2658031227639
  100.0     120.2865282030940
  200.0     120.3954548558125
  300.0     120.5692700577737
  400.0     120.7792833738986
  500.0     121.0096450247401
  600.0     121.2526088606287
  700.0     121.5043158889717
  800.0     121.7627275995574
  900.0     122.0266957024793
 1000.0     122.2955409796403
 1100.0     122.5688474349708
 1200.0     122.8463605875102
 1300.0     123.1279197151677
 1400.0     123.4134315443800
 1500.0     123.7028472838137
 1600.0     123.9961495537368
 1700.0     124.2933439639014
 1800.0     124.5944517011954
 1900.0     124.8995080191776
 2000.0     125.2085625147009
 2100.0     125.5216668372325
 2200.0     125.8388877387696
 2300.0     126.1602955101308
 2400.0     126.4859643273740
 2500.0     126.8159792972471
 2600.0     127.1504222119808
 2700.0     127.4893892003781
 2800.0     127.8329748894917
 2900.0     128.1812788880209
 3000.0     128.5344123544691
 3100.0     128.8924796606508
 3200.0     129.2555974146277
 3300.0     129.6238816918253
 3400.0     129.9974681998776
 3500.0     130.3764811490543
 3600.0     130.7610525052012
 3700.0     131.1513366119825
 3800.0     131.5474587613177
 3900.0     131.9495866833839
 4000.0     132.3578565986208
 4100.0     132.7724239238410
 4200.0     133.1934463426643
 4300.0     133.6210773163670
 4400.0     134.0554647691096
 4500.0     134.4967867417686
 4600.0     134.9451911990865
 4700.0     135.4008533633883
 4800.0     135.8639457495465
 4900.0     136.3346146186831
 5000.0     136.8130547656776
 5100.0     137.2994223147946
 5200.0     137.7938966612912
 5300.0     138.2966603772727
 5400.0     138.8078980621128
 5500.0     139.3277794648152
 5600.0     139.8565113319969
 5700.0     140.3942413490531
 5800.0     140.9411835675342
 5900.0     141.4975460995511
 6000.0     142.0634714490416
# P= 25.000000 GPa
    0.0     119.9906683287042
  100.0     120.0111164238385
  200.0     120.1186572376178
  300.0     120.2903449474383
  400.0     120.4978686939533
  500.0     120.7255610258964
  600.0     120.9657482849281
  700.0     121.2145985499704
  800.0     121.4700838807600
  900.0     121.7310609504169
 1000.0     121.9968515465009
 1100.0     122.2670389478421
 1200.0     122.5413687265767
 1300.0     122.8196789089813
 1400.0     123.1018739225010
 1500.0     123.3879043147261
 1600.0     123.6777506630589
 1700.0     123.9714159007308
 1800.0     124.2689203181022
 1900.0     124.5702963801393
 2000.0     124.8755910390444
 2100.0     125.1848547721728
 2200.0     125.4981505642451
 2300.0     125.8155466639696
 2400.0     126.1371149972305
 2500.0     126.4629366017055
 2600.0     126.7930917117784
 2700.0     127.1276723732877
 2800.0     127.4667701639528
 2900.0     127.8104819874624
 3000.0     128.1589141630319
 3100.0     128.5121689193418
 3200.0     128.8703576047214
 3300.0     129.2335931788286
 3400.0     129.6020068040185
 3500.0     129.9757184212830
 3600.0     130.3548553851872
 3700.0     130.7395647047928
 3800.0     131.1299700018626
 3900.0     131.5262370763194
 4000.0     131.9285010454502
 4100.0     132.3369155529895
 4200.0     132.7516369634537
 4300.0     133.1728171161229
 4400.0     133.6006025565123
 4500.0     134.0351696513258
 4600.0     134.4766648051514
 4700.0     134.9252619314674
 4800.0     135.3811306644693
 4900.0     135.8444182509430
 5000.0     136.3153149248620
 5100.0     136.7939776658277
 5200.0     137.2805833318644
 5300.0     137.7753125796683
 5400.0     138.2783480868884
 5500.0     138.7898591075359
 5600.0     139.3100467840941
 5700.0     139.8390639606591
 5800.0     140.3771201847303
 5900.0     140.9244169529456
 6000.0     141.4811042209749
# P= 26.000000 GPa
    0.0     119.7181519515097
  100.0     119.7383280910876
  200.0     119.8445079876921
  300.0     120.0141065464074
  400.0     120.2191860572350
  500.0     120.4442572705603
  600.0     120.6817175133222
  700.0     120.9277628790626
  800.0     121.1803756602871
  900.0     121.4384161464207
 1000.0     121.7012082874346
 1100.0     121.9683352868002
 1200.0     122.2395410622263
 1300.0     122.5146634218804
 1400.0     122.7936054831069
 1500.0     123.0763152133146
 1600.0     123.3627723937926
 1700.0     123.6529780798343
 1800.0     123.9469496904188
 1900.0     124.2447187451512
 2000.0     124.5463295020233
 2100.0     124.8518297104601
 2200.0     125.1612810735609
 2300.0     125.4747482560396
 2400.0     125.7923009263275
 2500.0     126.1140179830051
 2600.0     126.4399756259596
 2700.0     126.7702641082286
 2800.0     127.1049712219731
 2900.0     127.4441905459615
 3000.0     127.7880257883717
 3100.0     128.1365744231539
 3200.0     128.4899454970775
 3300.0     128.8482469144659
 3400.0     129.2116062185750
 3500.0     129.5801393316176
 3600.0     129.9539690777438
 3700.0     130.3332378244117
 3800.0     130.7180622747738
 3900.0     131.1086055294427
 4000.0     131.5050015404215
 4100.0     131.9074023178299
 4200.0     132.3159627578086
 4300.0     132.7308331782343
 4400.0     133.1521587557647
 4500.0     133.5801141253999
 4600.0     134.0148442133193
 4700.0     134.4565215224370
 4800.0     134.9053130661971
 4900.0     135.3613666551617
 5000.0     135.8248684374476
 5100.0     136.2959758798253
 5200.0     136.7748634570216
 5300.0     137.2617099441941
 5400.0     137.7566961227155
 5500.0     138.2599906397438
 5600.0     138.7717894698219
 5700.0     139.2922498712906
 5800.0     139.8215771955338
 5900.0     140.3599668451184
 6000.0     140.9075753295160
# P= 27.000000 GPa
    0.0     119.4482105519964
  100.0     119.4681197204713
  200.0     119.5729633202072
  300.0     119.7405099810445
  400.0     119.9431885603284
  500.0     120.1656859043462
  600.0     120.4004682960668
  700.0     120.6437587491217
  800.0     120.8935508627653
  900.0     121.1487088044805
 1000.0     121.4085571596850
 1100.0     121.6726799373470
 1200.0     121.9408204944137
 1300.0     122.2128146072657
 1400.0     122.4885648223131
 1500.0     122.7680178705687
 1600.0     123.0511507786931
 1700.0     123.3379636574651
 1800.0     123.6284722320651
 1900.0     123.9227049929294
 2000.0     124.2207050946180
 2100.0     124.5225179154231
 2200.0     124.8282020781162
 2300.0     125.1378210500188
 2400.0     125.4514410810327
 2500.0     125.7691384737476
 2600.0     126.0909876299831
 2700.0     126.4170745077242
 2800.0     126.7474851416496
 2900.0     127.0823094827000
 3000.0     127.4216475868346
 3100.0     127.7655946659947
 3200.0     128.1142547993550
 3300.0     128.4677336295827
 3400.0     128.8261534977939
 3500.0     129.1896268091608
 3600.0     129.5582725219486
 3700.0     129.9322279603658
 3800.0     130.3116060718189
 3900.0     130.6965620250643
 4000.0     131.0872275712285
 4100.0     131.4837531790313
 4200.0     131.8862921801074
 4300.0     132.2949934409132
 4400.0     132.7100007823182
 4500.0     133.1314870604698
 4600.0     133.5595957941184
 4700.0     133.9944979869989
 4800.0     134.4363582645464
 4900.0     134.8853246216916
 5000.0     135.3415795524494
 5100.0     135.8052806746807
 5200.0     136.2766002209814
 5300.0     136.7557151172018
 5400.0     137.2428042731218
 5500.0     137.7380356240753
 5600.0     138.2416003885212
 5700.0     138.7536595373351
 5800.0     139.2744145158849
 5900.0     139.8040551273734
 6000.0     140.3427435826397
# P= 28.000000 GPa
    0.0     119.1808009952439
  100.0     119.2004480602268
  200.0     119.3039795751312
  300.0     119.4695112879742
  400.0     119.6698315300683
  500.0     119.8898001798218
  600.0     120.1219525711197
  700.0     120.3625377591634
  800.0     120.6095594688666
  900.0     120.8618867323787
 1000.0     121.1188454841983
 1100.0     121.3800189091346
 1200.0     121.6451504282341
 1300.0     121.9140751592147
 1400.0     122.1866933160322
 1500.0     122.4629507940018
 1600.0     122.7428235013127
 1700.0     123.0263086850260
 1800.0     123.3134209700512
 1900.0     123.6041873358415
 2000.0     123.8986477131194
 2100.0     124.1968463775358
 2200.0     124.4988396771362
 2300.0     124.8046878388834
 2400.0     125.1144559558362
 2500.0     125.4282169747116
 2600.0     125.7460426099138
 2700.0     126.0680170044022
 2800.0     126.3942219879131
 2900.0     126.7247455893744
 3000.0     127.0596843671638
 3100.0     127.3991297997952
 3200.0     127.7431837471728
 3300.0     128.0919469335603
 3400.0     128.4455390302850
 3500.0     128.8040677784223
 3600.0     129.1676482900858
 3700.0     129.5364139635573
 3800.0     129.9104730834984
 3900.0     130.2899765454947
 4000.0     130.6750486255649
 4100.0     131.0658370972628
 4200.0     131.4624936847286
 4300.0     131.8651658423710
 4400.0     132.2739960516240
 4500.0     132.6891553530130
 4600.0     133.1107859180771
 4700.0     133.5390571758527
 4800.0     133.9741315693356
 4900.0     134.4161569408851
 5000.0     134.8653125188761
 5100.0     135.3217557682831
 5200.0     135.7856568079654
 5300.0     136.2571907450374
 5400.0     136.7365346416324
 5500.0     137.2238556231845
 5600.0     137.7193405395099
 5700.0     138.2231534151515
 5800.0     138.7354920616665
 5900.0     139.2565411509922
 6000.0     139.7864677883063
# P= 29.000000 GPa
    0.0     118.9158821374823
  100.0     118.9352717699278
  200.0     119.0375143334293
  300.0     119.2010667364071
  400.0     119.3990707396046
  500.0     119.6165554036131
  600.0     119.8461237463061
  700.0     120.0840516791750
  800.0     120.3283529107129
  900.0     120.5778999949290
 1000.0     120.8320209759425
 1100.0     121.0902993347954
 1200.0     121.3524768963497
 1300.0     121.6183884249404
 1400.0     121.8879334512128
 1500.0     122.1610553604316
 1600.0     122.4377290079692
 1700.0     122.7179506305199
 1800.0     123.0017319580246
 1900.0     123.2890986939694
 2000.0     123.5800893505069
 2100.0     123.8747450057439
 2200.0     124.1731206786261
 2300.0     124.4752745423692
 2400.0     124.7812683338719
 2500.0     125.0911737257561
 2600.0     125.4050593807836
 2700.0     125.7230063712951
 2800.0     126.0450949325235
 2900.0     126.3714088977576
 3000.0     126.7020426354347
 3100.0     127.0370845020428
 3200.0     127.3766323213642
 3300.0     127.7207847777680
 3400.0     128.0696563412997
 3500.0     128.4233522801937
 3600.0     128.7819831733174
 3700.0     129.1456780579522
 3800.0     129.5145420660315
 3900.0     129.8887205128457
 4000.0     130.2683341911246
 4100.0     130.6535230331935
 4200.0     131.0444357260506
 4300.0     131.4412183208191
 4400.0     131.8440119791328
 4500.0     132.2529858995085
 4600.0     132.6682809557230
 4700.0     133.0900649397000
 4800.0     133.5184982903792
 4900.0     133.9537284030951
 5000.0     134.3959315857417
 5100.0     134.8452648785225
 5200.0     135.3018964021927
 5300.0     135.7659994740556
 5400.0     136.2377493317756
 5500.0     136.7173121997073
 5600.0     137.2048709221297
 5700.0     137.7005919611374
 5800.0     138.2046697488097
 5900.0     138.7172842672942
 6000.0     139.2386067544662
# P= 30.000000 GPa
    0.0     118.6534136368153
  100.0     118.6725504564529
  200.0     118.7735268958251
  300.0     118.9351345292004
  400.0     119.1308625226494
  500.0     119.3459071109869
  600.0     119.5729370223841
  700.0     119.8082540510479
  800.0     120.0498828336702
  900.0     120.2966998415805
 1000.0     120.5480337543693
 1100.0     120.8034688790820
 1200.0     121.0627468277918
 1300.0     121.3257004370626
 1400.0     121.5922285502203
 1500.0     121.8622738488819
 1600.0     122.1358086480384
 1700.0     122.4128279055080
 1800.0     122.6933424433558
 1900.0     122.9773751008372
 2000.0     123.2649628418533
 2100.0     123.5561455730380
 2200.0     123.8509749933754
 2300.0     124.1495078106134
 2400.0     124.4518039429340
 2500.0     124.7579315077562
 2600.0     125.0679579389676
 2700.0     125.3819613084299
 2800.0     125.7000186558548
 2900.0     126.0222123065463
 3000.0     126.3486323803134
 3100.0     126.6793650116016
 3200.0     127.0145050449678
 3300.0     127.3541469908190
 3400.0     127.6984030932353
 3500.0     128.0473737564786
 3600.0     128.4011668725150
 3700.0     128.7599068889484
 3800.0     129.1236949217136
 3900.0     129.4926725528898
 4000.0     129.8669554630733
 4100.0     130.2466799475573
 4200.0     130.6319867584517
 4300.0     131.0230188144692
 4400.0     131.4199159802960
 4500.0     131.8228455964346
 4600.0     132.2319472775848
 4700.0     132.6473871292413
 4800.0     133.0693237374942
 4900.0     133.4979037986741
 5000.0     133.9333010020583
 5100.0     134.3756717232875
 5200.0     134.8251821878812
 5300.0     135.2820039506105
 5400.0     135.7463104470795
 5500.0     136.2182669162959
 5600.0     136.6980525357169
 5700.0     137.1858356316546
 5800.0     137.6818074932205
 5900.0     138.1861438275807
 6000.0     138.6990192890735
# P= 31.000000 GPa
    0.0     118.3933553044010
  100.0     118.4122438409499
  200.0     118.5119766947429
  300.0     118.6716738395125
  400.0     118.8651653194638
  500.0     119.0778117725176
  600.0     119.3023477379565
  700.0     119.5350999311321
  800.0     119.7741028886422
  900.0     120.0182378234134
 1000.0     120.2668348827947
 1100.0     120.5194776864689
 1200.0     120.7759078601529
 1300.0     121.0359579310615
 1400.0     121.2995246107330
 1500.0     121.5665495820610
 1600.0     121.8370044929119
 1700.0     122.1108818011555
 1800.0     122.3881908255731
 1900.0     122.6689535804870
 2000.0     122.9532041805824
 2100.0     123.2409808631231
 2200.0     123.5323341630781
 2300.0     123.8273175446659
 2400.0     124.1259893010053
 2500.0     124.4284158335062
 2600.0     124.7346610640771
 2700.0     125.0448015737641
 2800.0     125.3589117209600
 2900.0     125.6770704208605
 3000.0     125.9993662125123
 3100.0     126.3258812756467
 3200.0     126.6567079032177
 3300.0     126.9919379248423
 3400.0     127.3316789881163
 3500.0     127.6760295599676
 3600.0     128.0250927508241
 3700.0     128.3789898111081
 3800.0     128.7378181401930
 3900.0     129.1017142417554
 4000.0     129.4707909049396
 4100.0     129.8451788190913
 4200.0     130.2250152374938
 4300.0     130.6104352615329
 4400.0     131.0015754705645
 4500.0     131.3986013402697
 4600.0     131.8016512541904
 4700.0     132.2108895951779
 4800.0     132.6264732204981
 4900.0     133.0485479179745
 5000.0     133.4772850168374
 5100.0     133.9128400204679
 5200.0     134.3553773492522
 5300.0     134.8050668210483
 5400.0     135.2620800910745
 5500.0     135.7265813355929
 5600.0     136.1987463795967
 5700.0     136.6787448830817
 5800.0     137.1667652107949
 5900.0     137.6629791831481
 6000.0     138.1675642000992
# P= 32.000000 GPa
    0.0     118.1356686291433
  100.0     118.1543132161252
  200.0     118.2528240253166
  300.0     118.4106439587715
  400.0     118.6019380650507
  500.0     118.8122278434251
  600.0     119.0343125125992
  700.0     119.2645444993551
  800.0     119.5009679660321
  900.0     119.7424676703762
 1000.0     119.9883758538914
 1100.0     120.2382766301182
 1200.0     120.4919101310803
 1300.0     120.7491085525884
 1400.0     121.0097681739584
 1500.0     121.2738284925112
 1600.0     121.5412598832860
 1700.0     121.8120541860136
 1800.0     122.0862183149674
 1900.0     122.3637725380946
 2000.0     122.6447501773742
 2100.0     122.9291867992643
 2200.0     123.2171309401784
 2300.0     123.5086350505523
 2400.0     123.8037542791757
 2500.0     124.1025531056629
 2600.0     124.4050940369615
 2700.0     124.7114499423218
 2800.0     125.0216936666216
 2900.0     125.3359016383251
 3000.0     125.6541586785124
 3100.0     125.9765456197769
 3200.0     126.3031507937790
 3300.0     126.6340633384060
 3400.0     126.9693881682153
 3500.0     127.3092192810607
 3600.0     127.6536578357363
 3700.0     128.0028201140994
 3800.0     128.3568007279148
 3900.0     128.7157319079355
 4000.0     129.0797217742124
 4100.0     129.4488979419507
 4200.0     129.8233919682479
 4300.0     130.2033356052702
 4400.0     130.5888578653894
 4500.0     130.9801200274921
 4600.0     131.3772592560682
 4700.0     131.7804381882105
 4800.0     132.1898120492070
 4900.0     132.6055255513484
 5000.0     133.0277478790912
 5100.0     133.4566334879531
 5200.0     133.8923450705244
 5300.0     134.3350507317229
 5400.0     134.7849203672876
 5500.0     135.2421170202435
 5600.0     135.7068134531104
 5700.0     136.1791801717930
 5800.0     136.6594028174555
 5900.0     137.1476496853077
 6000.0     137.6441002954905
# P= 33.000000 GPa
    0.0     117.8803161473729
  100.0     117.8987210660325
  200.0     117.9960309962107
  300.0     118.1520057731268
  400.0     118.3411400255965
  500.0     118.5491140325540
  600.0     118.7687897232033
  700.0     118.9965445115092
  800.0     119.2304331191420
  900.0     119.4693440996962
 1000.0     119.7126104495595
 1100.0     119.9598171748947
 1200.0     120.2107043305840
 1300.0     120.4651023946043
 1400.0     120.7229069118929
 1500.0     120.9840569338139
 1600.0     121.2485206633355
 1700.0     121.5162884336328
 1800.0     121.7873665910861
 1900.0     122.0617730842372
 2000.0     122.3395392583015
 2100.0     122.6206999805014
 2200.0     122.9053011560550
 2300.0     123.1933930669001
 2400.0     123.4850299419520
 2500.0     123.7802731478435
 2600.0     124.0791831679288
 2700.0     124.3818314553818
 2800.0     124.6882872589520
 2900.0     124.9986252905410
 3000.0     125.3129280038291
 3100.0     125.6312725471562
 3200.0     125.9537457574236
 3300.0     126.2804330642890
 3400.0     126.6114361684681
 3500.0     126.9468468415337
 3600.0     127.2867616193678
 3700.0     127.6312945126754
 3800.0     127.9805358944501
 3900.0     128.3346142373641
 4000.0     128.6936342239746
 4100.0     129.0577183005043
 4200.0     129.4269950216452
 4300.0     129.8015905004740
 4400.0     130.1816305936268
 4500.0     130.5672685545805
 4600.0     130.9586376537461
 4700.0     131.3558987590400
 4800.0     131.7592055334378
 4900.0     132.1687014891488
 5000.0     132.5845538378322
 5100.0     133.0069158436329
 5200.0     133.4359485359177
 5300.0     133.8718183289851
 5400.0     134.3146933792482
 5500.0     134.7647355328918
 5600.0     135.2221147555839
 5700.0     135.6870019541635
 5800.0     136.1595802291073
 5900.0     136.6400146853562
 6000.0     137.1284863832067
# P= 34.000000 GPa
    0.0     117.6272604460984
  100.0     117.6454299242132
  200.0     117.7415599451026
  300.0     117.8957213635303
  400.0     118.0827323909709
  500.0     118.2884296690597
  600.0     118.5057378811948
  700.0     118.7310582224507
  800.0     118.9624552198058
  900.0     119.1988220727565
 1000.0     119.4394932154065
 1100.0     119.6840531161689
 1200.0     119.9322419313868
 1300.0     120.1838899618444
 1400.0     120.4388908492402
 1500.0     120.6971826196332
 1600.0     120.9587330115058
 1700.0     121.2235302834674
 1800.0     121.4915790697857
 1900.0     121.7628967258630
 2000.0     122.0375124068799
 2100.0     122.3154588606131
 2200.0     122.5967812134110
 2300.0     122.8815273086879
 2400.0     123.1697490269972
 2500.0     123.4615067937628
 2600.0     123.7568582094138
 2700.0     124.0558723595678
 2800.0     124.3586172896187
 2900.0     124.6651641279750
 3000.0     124.9755933459436
 3100.0     125.2899800803592
 3200.0     125.6084072641620
 3300.0     125.9309588506837
 3400.0     126.2577327463932
 3500.0     126.5888175859235
 3600.0     126.9243077873418
 3700.0     127.2643124191285
 3800.0     127.6089200339257
 3900.0     127.9582543535191
 4000.0     128.3124166345017
 4100.0     128.6715258414900
 4200.0     129.0357051062350
 4300.0     129.4050777782928
 4400.0     129.7797641809811
 4500.0     130.1599138460161
 4600.0     130.5456528177525
 4700.0     130.9371371583673
 4800.0     131.3345189830071
 4900.0     131.7379405217278
 5000.0     132.1475671420723
 5100.0     132.5635508053966
 5200.0     132.9860509296512
 5300.0     133.4152322591867
 5400.0     133.8512612304829
 5500.0     134.2942984361841
 5600.0     134.7445112863526
 5700.0     135.2020706865698
 5800.0     135.6671573616654
 5900.0     136.1399335346027
 6000.0     136.6205812712103
# P= 35.000000 GPa
    0.0     117.3764652796799
  100.0     117.3944033629334
  200.0     117.4893736277110
  300.0     117.6417528623818
  400.0     117.8266770438404
  500.0     118.0301360459117
  600.0     118.2451164264956
  700.0     118.4680439756034
  800.0     118.6969923821988
  900.0     118.9308585531777
 1000.0     119.1689790570750
 1100.0     119.4109388230960
 1200.0     119.6564767077222
 1300.0     119.9054227547355
 1400.0     120.1576703190345
 1500.0     120.4131554839353
 1600.0     120.6718446947440
 1700.0     120.9337257564383
 1800.0     121.1988013596083
 1900.0     121.4670869275924
 2000.0     121.7386109636209
 2100.0     122.0134042809506
 2200.0     122.2915096006637
 2300.0     122.5729739931911
 2400.0     122.8578471179279
 2500.0     123.1461867935424
 2600.0     123.4380497729098
 2700.0     123.7335023138725
 2800.0     124.0326099600024
 2900.0     124.3354426937290
 3000.0     124.6420774218454
 3100.0     124.9525872125997
 3200.0     125.2670531133545
 3300.0     125.5855551379285
 3400.0     125.9081893767898
 3500.0     126.2350411764608
 3600.0     126.5662015200328
 3700.0     126.9017772462876
 3800.0     127.2418524857117
 3900.0     127.5865483138171
 4000.0     127.9359620366098
 4100.0     128.2902086310048
 4200.0     128.6494079583923
 4300.0     129.0136779056054
 4400.0     129.3831361937822
 4500.0     129.7579263236498
 4600.0     130.1381711692726
 4700.0     130.5240192368934
 4800.0     130.9156177077315
 4900.0     131.3131074394381
 5000.0     131.7166520408237
 5100.0     132.1264020911339
 5200.0     132.5425154359448
 5300.0     132.9651551686785
 5400.0     133.3944860245216
 5500.0     133.8306672927658
 5600.0     134.2738640447499
 5700.0     134.7242468253853
 5800.0     135.1819941310352
 5900.0     135.6472655843457
 6000.0     136.1202437674549
# P= 36.000000 GPa
    0.0     117.1278958209522
  100.0     117.1456064813692
  200.0     117.2394366148227
  300.0     117.3900634787130
  400.0     117.5729359875069
  500.0     117.7741948437818
  600.0     117.9868866329981
  700.0     118.2074613341952
  800.0     118.4340028138981
  900.0     118.6654115024632
 1000.0     118.9010250000940
 1100.0     119.1404291734869
 1200.0     119.3833628549781
 1300.0     119.6296544998553
 1400.0     119.8791968705077
 1500.0     120.1319256990572
 1600.0     120.3878055355259
 1700.0     120.6468226777109
 1800.0     120.9089793302194
 1900.0     121.1742891497227
 2000.0     121.4427784414975
 2100.0     121.7144774346977
 2200.0     121.9894269980052
 2300.0     122.2676716458413
 2400.0     122.5492602671802
 2500.0     122.8342485751903
 2600.0     123.1226906296156
 2700.0     123.4146517207167
 2800.0     123.7101948073757
 2900.0     124.0093871656302
 3000.0     124.3123045097931
 3100.0     124.6190166165719
 3200.0     124.9296021548875
 3300.0     125.2441394902421
 3400.0     125.5627204809479
 3500.0     125.8854288156762
 3600.0     126.2123523561220
 3700.0     126.5435940212011
 3800.0     126.8792363772587
 3900.0     127.2193953887138
 4000.0     127.5641661555393
 4100.0     127.9136595994493
 4200.0     128.2679913735317
 4300.0     128.6272763792158
 4400.0     128.9916268791275
 4500.0     129.3611832665312
 4600.0     129.7360630401307
 4700.0     130.1164109283839
 4800.0     130.5023670174278
 4900.0     130.8940670326320
 5000.0     131.2916727830986
 5100.0     131.6953334187343
 5200.0     132.1052052390180
 5300.0     132.5214497038123
 5400.0     132.9442298648919
 5500.0     133.3737036652817
 5600.0     133.8100340301099
 5700.0     134.2533908269874
 5800.0     134.7039504531282
 5900.0     135.1618701858899
 6000.0     135.6273326799020
# P= 37.000000 GPa
    0.0     116.8815173284701
  100.0     116.8990045007884
  200.0     116.9917139697180
  300.0     117.1406179482712
  400.0     117.3214727704878
  500.0     117.5205680215960
  600.0     117.7310099896556
  700.0     117.9492714992422
  800.0     118.1734461972905
  900.0     118.4024390196910
 1000.0     118.6355888443323
 1100.0     118.8724812253166
 1200.0     119.1128552548574
 1300.0     119.3565392287597
 1400.0     119.6034241553646
 1500.0     119.8534448740461
 1600.0     120.1065655564376
 1700.0     120.3627707350865
 1800.0     120.6220608651492
 1900.0     120.8844491256882
 2000.0     121.1499601448962
 2100.0     121.4186218790568
 2200.0     121.6904744658875
 2300.0     121.9655607754225
 2400.0     122.2439270339441
 2500.0     122.5256280365519
 2600.0     122.8107160378559
 2700.0     123.0992533731689
 2800.0     123.3913020332778
 2900.0     123.6869269389615
 3000.0     123.9862007713911
 3100.0     124.2891923207412
 3200.0     124.5959769975004
 3300.0     124.9066306435293
 3400.0     125.2212433720261
 3500.0     125.5398949007019
 3600.0     125.8626712297640
 3700.0     126.1896721458625
 3800.0     126.5209766102572
 3900.0     126.8566984221802
 4000.0     127.1969281953434
 4100.0     127.5417741617526
 4200.0     127.8913481627892
 4300.0     128.2457607348412
 4400.0     128.6051214706246
 4500.0     128.9695647194256
 4600.0     129.3392053990986
 4700.0     129.7141824912664
 4800.0     130.0946323494188
 4900.0     130.4806840916620
 5000.0     130.8724936179089
 5100.0     131.2702085060872
 5200.0     131.6739835230902
 5300.0     132.0839785109392
 5400.0     132.5003548551223
 5500.0     132.9232691163768
 5600.0     133.3528822417641
 5700.0     133.7893631477499
 5800.0     134.2328862438541
 5900.0     134.6836066905374
 6000.0     135.1417068165071
# P= 38.000000 GPa
    0.0     116.6372955814348
  100.0     116.6545630672452
  200.0     116.7461708594962
  300.0     116.8933811228344
  400.0     117.0722520163152
  500.0     117.2692193237108
  600.0     117.4774484711439
  700.0     117.6934357887146
  800.0     117.9152836256134
  900.0     118.1419008938960
 1000.0     118.3726286047365
 1100.0     118.6070526205520
 1200.0     118.8449109619679
 1300.0     119.0860318568603
 1400.0     119.3303060454556
 1500.0     119.5776665625938
 1600.0     119.8280764314632
 1700.0     120.0815198091529
 1800.0     120.3379955115689
 1900.0     120.5975147916980
 2000.0     120.8601016949249
 2100.0     121.1257827471017
 2200.0     121.3945955977257
 2300.0     121.6665823324097
 2400.0     121.9417877377848
 2500.0     122.2202637624334
 2600.0     122.5020617619450
 2700.0     122.7872423376962
 2800.0     123.0758644560005
 2900.0     123.3679920302096
 3000.0     123.6636954489301
 3100.0     123.9630404857358
 3200.0     124.2661014255709
 3300.0     124.5729511212812
 3400.0     124.8836766941967
 3500.0     125.1983564794328
 3600.0     125.5170725147652
 3700.0     125.8399223178586
 3800.0     126.1669824257487
 3900.0     126.4983622200018
 4000.0     126.8341506997103
 4100.0     127.1744514593098
 4200.0     127.5193734209139
 4300.0     127.8690236489862
 4400.0     128.2235072660714
 4500.0     128.5829556270749
 4600.0     128.9474781042691
 4700.0     129.3172105593570
 4800.0     129.6922838964972
 4900.0     130.0728235919170
 5000.0     130.4589787942671
 5100.0     130.8508910710823
 5200.0     131.2487134723812
 5300.0     131.6526042364105
 5400.0     132.0627230987413
 5500.0     132.4792252086966
 5600.0     132.9022696790456
 5700.0     133.3320242440482
 5800.0     133.7686614191242
 5900.0     134.2123344495926
 6000.0     134.6632249852273
# P= 39.000000 GPa
    0.0     116.3951980301657
  100.0     116.4122495132450
  200.0     116.5027738554052
  300.0     116.6483183138868
  400.0     116.8252383821179
  500.0     117.0201131997368
  600.0     117.2261659137487
  700.0     117.4399162454712
  800.0     117.6594762607087
  900.0     117.8837580940495
 1000.0     118.1121041572905
 1100.0     118.3441013226790
 1200.0     118.5794874599246
 1300.0     118.8180894037436
 1400.0     119.0597975062329
 1500.0     119.3045444841025
 1600.0     119.5522915990246
 1700.0     119.8030216383925
 1800.0     120.0567330323270
 1900.0     120.3134355398096
 2000.0     120.5731510703948
 2100.0     120.8359055643422
 2200.0     121.1017353477743
 2300.0     121.3706799319321
 2400.0     121.6427832355648
 2500.0     121.9180958757294
 2600.0     122.1966664028089
 2700.0     122.4785542591764
 2800.0     122.7638169489618
 2900.0     123.0525152743126
 3000.0     123.3447184002344
 3100.0     123.6404901729548
 3200.0     123.9399016058691
 3300.0     124.2430244737303
 3400.0     124.5499428560229
 3500.0     124.8607321256871
 3600.0     125.1754729979501
 3700.0     125.4942588798654
 3800.0     125.8171643002612
 3900.0     126.1442958280742
 4000.0     126.4757383919624
 4100.0     126.8115937198381
 4200.0     127.1519662215641
 4300.0     127.4969599143534
 4400.0     127.8466767848225
 4500.0     128.2012430721043
 4600.0     128.5607657961933
 4700.0     128.9253748136563
 4800.0     129.2951979603691
 4900.0     129.6703556721796
 5000.0     130.0509928198158
 5100.0     130.4372448316090
 5200.0     130.8292582711104
 5300.0     131.2271895265776
 5400.0     131.6311966992772
 5500.0     132.0414335048861
 5600.0     132.4580573412880
 5700.0     132.8812345722580
 5800.0     133.3111358948475
 5900.0     133.7479128143581
 6000.0     134.1917459940227
# P= 40.000000 GPa
    0.0     116.1551924595878
  100.0     116.1720315897562
  200.0     116.2614905380700
  300.0     116.4053965372470
  400.0     116.5803974245753
  500.0     116.7732141594414
  600.0     116.9771265996823
  700.0     117.1886767147616
  800.0     117.4059862370337
  900.0     117.6279716477673
 1000.0     117.8539763357916
 1100.0     118.0835872717984
 1200.0     118.3165426883192
 1300.0     118.5526691955216
 1400.0     118.7918554961155
 1500.0     119.0340336655285
 1600.0     119.2791646381520
 1700.0     119.5272295346711
 1800.0     119.7782252264701
 1900.0     120.0321610304794
 2000.0     120.2890574930142
 2100.0     120.5489383423683
 2200.0     120.8118391693023
 2300.0     121.0777983370009
 2400.0     121.3468571486175
 2500.0     121.6190651663342
 2600.0     121.8944698790653
 2700.0     122.1731277412744
 2800.0     122.4550950695477
 2900.0     122.7404313312523
 3000.0     123.0292024687103
 3100.0     123.3214710901924
 3200.0     123.6173064040844
 3300.0     123.9167768754829
 3400.0     124.2199651812837
 3500.0     124.5269441151158
 3600.0     124.8377912077395
 3700.0     125.1525983385375
 3800.0     125.4714365343256
 3900.0     125.7944095083975
 4000.0     126.1216001069055
 4100.0     126.4531055945420
 4200.0     126.7890284836475
 4300.0     127.1294685269260
 4400.0     127.4745245303954
 4500.0     127.8243193991417
 4600.0     128.1789553704588
 4700.0     128.5385595755677
 4800.0     128.9032540653218
 4900.0     129.2731562686228
 5000.0     129.6484057807822
 5100.0     130.0291338547550
 5200.0     130.4154811034974
 5300.0     130.8075970277919
 5400.0     131.2056377602581
 5500.0     131.6097555675905
 5600.0     132.0201062278238
 5700.0     132.4368545887543
 5800.0     132.8601695869342
 5900.0     133.2902011361374
 6000.0     133.7271286508503
