# T (K)      C-ph_V_V (J K^-1 mol^-1)
# V = 41.164900 (a.u.^3)
    5.0       6.4541582755868
   50.0      23.5897150601550
  100.0      24.0940517603488
  150.0      24.1896616156006
  200.0      24.2232922695076
  250.0      24.2388879596359
  300.0      24.2473675334532
  350.0      24.2524831194050
  400.0      24.2558044071690
  450.0      24.2580819605978
  500.0      24.2597113254977
  550.0      24.2609170024402
  600.0      24.2618340933452
  650.0      24.2625478503874
  700.0      24.2631142225736
  750.0      24.2635711606955
  800.0      24.2639451429901
  850.0      24.2642550985003
  900.0      24.2645148499111
  950.0      24.2647346815653
 1000.0      24.2649223732018
 1050.0      24.2650838977751
 1100.0      24.2652239025526
 1150.0      24.2653460471325
 1200.0      24.2654532450241
 1250.0      24.2655478390009
 1300.0      24.2656317301883
 1350.0      24.2657064743313
 1400.0      24.2657733544418
 1450.0      24.2658334362223
 1500.0      24.2658876107842
 1550.0      24.2659366278780
 1600.0      24.2659811219737
 1650.0      24.2660216328947
 1700.0      24.2660586222682
 1750.0      24.2660924867346
 1800.0      24.2661235686239
 1850.0      24.2661521646413
 1900.0      24.2661785329749
 1950.0      24.2662028991423
 2000.0      24.2662254608299
 2050.0      24.2662463919147
 2100.0      24.2662658458238
 2150.0      24.2662839583550
 2200.0      24.2663008500521
 2250.0      24.2663166282160
 2300.0      24.2663313886134
 2350.0      24.2663452169325
 2400.0      24.2663581900301
 2450.0      24.2663703770016
 2500.0      24.2663818401022
 2550.0      24.2663926355453
 2600.0      24.2664028141908
 2650.0      24.2664124221468
 2700.0      24.2664215012920
 2750.0      24.2664300897331
 2800.0      24.2664382222049
 2850.0      24.2664459304225
 2900.0      24.2664532433904
 2950.0      24.2664601876768
 3000.0      24.2664667876540
 3050.0      24.2664730657133
 3100.0      24.2664790424549
 3150.0      24.2664847368571
 3200.0      24.2664901664276
 3250.0      24.2664953473372
 3300.0      24.2665002945415
 3350.0      24.2665050218884
 3400.0      24.2665095422149
 3450.0      24.2665138674345
 3500.0      24.2665180086161
 3550.0      24.2665219760547
 3600.0      24.2665257793352
 3650.0      24.2665294273905
 3700.0      24.2665329285544
 3750.0      24.2665362906083
 3800.0      24.2665395208253
 3850.0      24.2665426260096
 3900.0      24.2665456125318
 3950.0      24.2665484863615
 4000.0      24.2665512530983
 4050.0      24.2665539179977
 4100.0      24.2665564859971
 4150.0      24.2665589617380
 4200.0      24.2665613495874
 4250.0      24.2665636536570
 4300.0      24.2665658778206
 4350.0      24.2665680257309
 4400.0      24.2665701008341
 4450.0      24.2665721063842
 4500.0      24.2665740454548
 4550.0      24.2665759209522
 4600.0      24.2665777356255
 4650.0      24.2665794920763
 4700.0      24.2665811927693
 4750.0      24.2665828400394
 4800.0      24.2665844361011
 4850.0      24.2665859830553
 4900.0      24.2665874828958
 4950.0      24.2665889375167
 5000.0      24.2665903487179
# V = 40.422600 (a.u.^3)
    5.0       6.6273028164170
   50.0      24.0995178879021
  100.0      24.6227467150579
  150.0      24.7220039610260
  200.0      24.7569225741130
  250.0      24.7731164172283
  300.0      24.7819214489321
  350.0      24.7872334581208
  400.0      24.7906823056188
  450.0      24.7930473470307
  500.0      24.7947393082696
  550.0      24.7959913083905
  600.0      24.7969436369790
  650.0      24.7976848202784
  700.0      24.7982729562625
  750.0      24.7987474535324
  800.0      24.7991358075183
  850.0      24.7994576744908
  900.0      24.7997274082112
  950.0      24.7999556881700
 1000.0      24.8001505930327
 1050.0      24.8003183252638
 1100.0      24.8004637107062
 1150.0      24.8005905495844
 1200.0      24.8007018673670
 1250.0      24.8008000968555
 1300.0      24.8008872122338
 1350.0      24.8009648290329
 1400.0      24.8010342795702
 1450.0      24.8010966705040
 1500.0      24.8011529271912
 1550.0      24.8012038281956
 1600.0      24.8012500323713
 1650.0      24.8012921002871
 1700.0      24.8013305113119
 1750.0      24.8013656773294
 1800.0      24.8013979538262
 1850.0      24.8014276489109
 1900.0      24.8014550306936
 1950.0      24.8014803333599
 2000.0      24.8015037621935
 2050.0      24.8015254977539
 2100.0      24.8015456993650
 2150.0      24.8015645080438
 2200.0      24.8015820489669
 2250.0      24.8015984335593
 2300.0      24.8016137612681
 2350.0      24.8016281210750
 2400.0      24.8016415927904
 2450.0      24.8016542481654
 2500.0      24.8016661518484
 2550.0      24.8016773622125
 2600.0      24.8016879320729
 2650.0      24.8016979093097
 2700.0      24.8017073374112
 2750.0      24.8017162559484
 2800.0      24.8017247009913
 2850.0      24.8017327054739
 2900.0      24.8017402995157
 2950.0      24.8017475107057
 3000.0      24.8017543643531
 3050.0      24.8017608837099
 3100.0      24.8017670901678
 3150.0      24.8017730034347
 3200.0      24.8017786416911
 3250.0      24.8017840217296
 3300.0      24.8017891590801
 3350.0      24.8017940681231
 3400.0      24.8017987621887
 3450.0      24.8018032536487
 3500.0      24.8018075539972
 3550.0      24.8018116739249
 3600.0      24.8018156233851
 3650.0      24.8018194116541
 3700.0      24.8018230473857
 3750.0      24.8018265386608
 3800.0      24.8018298930319
 3850.0      24.8018331175645
 3900.0      24.8018362188742
 3950.0      24.8018392031603
 4000.0      24.8018420762371
 4050.0      24.8018448435627
 4100.0      24.8018475102636
 4150.0      24.8018500811602
 4200.0      24.8018525607872
 4250.0      24.8018549534142
 4300.0      24.8018572630641
 4350.0      24.8018594935298
 4400.0      24.8018616483902
 4450.0      24.8018637310241
 4500.0      24.8018657446235
 4550.0      24.8018676922061
 4600.0      24.8018695766268
 4650.0      24.8018714005874
 4700.0      24.8018731666470
 4750.0      24.8018748772304
 4800.0      24.8018765346372
 4850.0      24.8018781410491
 4900.0      24.8018796985364
 4950.0      24.8018812090662
 5000.0      24.8018826745071
# V = 39.747700 (a.u.^3)
    5.0       6.4858750070531
   50.0      24.0838010484266
  100.0      24.6197174838109
  150.0      24.7214372100257
  200.0      24.7572263273202
  250.0      24.7738246176683
  300.0      24.7828497557129
  350.0      24.7882946206420
  400.0      24.7918297524609
  450.0      24.7942539755303
  500.0      24.7959882817469
  550.0      24.7972716191749
  600.0      24.7982477862351
  650.0      24.7990075237912
  700.0      24.7996103834547
  750.0      24.8000967599700
  800.0      24.8004948368672
  850.0      24.8008247623731
  900.0      24.8011012495178
  950.0      24.8013352451096
 1000.0      24.8015350300395
 1050.0      24.8017069620384
 1100.0      24.8018559877588
 1150.0      24.8019860025622
 1200.0      24.8021001076601
 1250.0      24.8022007967612
 1300.0      24.8022900934753
 1350.0      24.8023696537810
 1400.0      24.8024408433526
 1450.0      24.8025047965564
 1500.0      24.8025624619178
 1550.0      24.8026146374949
 1600.0      24.8026619986370
 1650.0      24.8027051199497
 1700.0      24.8027444928040
 1750.0      24.8027805393970
 1800.0      24.8028136241162
 1850.0      24.8028440627847
 1900.0      24.8028721302261
 1950.0      24.8028980664899
 2000.0      24.8029220819997
 2050.0      24.8029443618364
 2100.0      24.8029650693134
 2150.0      24.8029843489783
 2200.0      24.8030023291423
 2250.0      24.8030191240206
 2300.0      24.8030348355502
 2350.0      24.8030495549412
 2400.0      24.8030633640025
 2450.0      24.8030763362815
 2500.0      24.8030885380456
 2550.0      24.8031000291295
 2600.0      24.8031108636711
 2650.0      24.8031210907493
 2700.0      24.8031307549413
 2750.0      24.8031398968092
 2800.0      24.8031485533260
 2850.0      24.8031567582505
 2900.0      24.8031645424565
 2950.0      24.8031719342236
 3000.0      24.8031789594949
 3050.0      24.8031856421044
 3100.0      24.8031920039799
 3150.0      24.8031980653227
 3200.0      24.8032038447683
 3250.0      24.8032093595297
 3300.0      24.8032146255264
 3350.0      24.8032196574982
 3400.0      24.8032244691095
 3450.0      24.8032290730417
 3500.0      24.8032334810767
 3550.0      24.8032377041729
 3600.0      24.8032417525330
 3650.0      24.8032456356654
 3700.0      24.8032493624407
 3750.0      24.8032529411421
 3800.0      24.8032563795113
 3850.0      24.8032596847908
 3900.0      24.8032628637615
 3950.0      24.8032659227782
 4000.0      24.8032688678009
 4050.0      24.8032717044242
 4100.0      24.8032744379033
 4150.0      24.8032770731787
 4200.0      24.8032796148990
 4250.0      24.8032820674408
 4300.0      24.8032844349276
 4350.0      24.8032867212475
 4400.0      24.8032889300688
 4450.0      24.8032910648547
 4500.0      24.8032931288776
 4550.0      24.8032951252307
 4600.0      24.8032970568400
 4650.0      24.8032989264752
 4700.0      24.8033007367594
 4750.0      24.8033024901784
 4800.0      24.8033041890891
 4850.0      24.8033058357278
 4900.0      24.8033074322169
 4950.0      24.8033089805726
 5000.0      24.8033104827104
# V = 39.072900 (a.u.^3)
    5.0       6.5298226526948
   50.0      23.8985164777513
  100.0      24.4384083534822
  150.0      24.5409553497575
  200.0      24.5770410421024
  250.0      24.5937778509747
  300.0      24.6028785656334
  350.0      24.6083691140538
  400.0      24.6119339418334
  450.0      24.6143785451202
  500.0      24.6161274395540
  550.0      24.6174215761803
  600.0      24.6184059600877
  650.0      24.6191720941793
  700.0      24.6197800304791
  750.0      24.6202705033272
  800.0      24.6206719332789
  850.0      24.6210046380598
  900.0      24.6212834545051
  950.0      24.6215194215555
 1000.0      24.6217208898095
 1050.0      24.6218942705242
 1100.0      24.6220445520032
 1150.0      24.6221756624111
 1200.0      24.6222907290774
 1250.0      24.6223922667140
 1300.0      24.6224823159755
 1350.0      24.6225625467901
 1400.0      24.6226343363369
 1450.0      24.6226988285385
 1500.0      24.6227569799115
 1550.0      24.6228095952379
 1600.0      24.6228573555574
 1650.0      24.6229008403169
 1700.0      24.6229405450280
 1750.0      24.6229768954452
 1800.0      24.6230102590264
 1850.0      24.6230409542562
 1900.0      24.6230692582745
 1950.0      24.6230954131529
 2000.0      24.6231196310890
 2050.0      24.6231420987232
 2100.0      24.6231629807451
 2150.0      24.6231824229207
 2200.0      24.6232005546425
 2250.0      24.6232174910882
 2300.0      24.6232333350543
 2350.0      24.6232481785190
 2400.0      24.6232621039811
 2450.0      24.6232751856078
 2500.0      24.6232874902251
 2550.0      24.6232990781719
 2600.0      24.6233100040424
 2650.0      24.6233203173291
 2700.0      24.6233300629851
 2750.0      24.6233392819142
 2800.0      24.6233480114012
 2850.0      24.6233562854892
 2900.0      24.6233641353124
 2950.0      24.6233715893888
 3000.0      24.6233786738802
 3050.0      24.6233854128213
 3100.0      24.6233918283249
 3150.0      24.6233979407625
 3200.0      24.6234037689267
 3250.0      24.6234093301756
 3300.0      24.6234146405629
 3350.0      24.6234197149526
 3400.0      24.6234245671242
 3450.0      24.6234292098660
 3500.0      24.6234336550594
 3550.0      24.6234379137552
 3600.0      24.6234419962418
 3650.0      24.6234459121080
 3700.0      24.6234496702989
 3750.0      24.6234532791679
 3800.0      24.6234567465217
 3850.0      24.6234600796638
 3900.0      24.6234632854325
 3950.0      24.6234663702362
 4000.0      24.6234693400848
 4050.0      24.6234722006202
 4100.0      24.6234749571418
 4150.0      24.6234776146322
 4200.0      24.6234801777788
 4250.0      24.6234826509949
 4300.0      24.6234850384392
 4350.0      24.6234873440324
 4400.0      24.6234895714736
 4450.0      24.6234917242554
 4500.0      24.6234938056776
 4550.0      24.6234958188597
 4600.0      24.6234977667522
 4650.0      24.6234996521481
 4700.0      24.6235014776926
 4750.0      24.6235032458927
 4800.0      24.6235049591251
 4850.0      24.6235066196447
 4900.0      24.6235082295921
 4950.0      24.6235097910001
 5000.0      24.6235113058007
# V = 38.465600 (a.u.^3)
    5.0       6.3391612977076
   50.0      23.8585592147989
  100.0      24.4156286382198
  150.0      24.5215264914829
  200.0      24.5587980124518
  250.0      24.5760859976042
  300.0      24.5854867306923
  350.0      24.5911583900342
  400.0      24.5948408501050
  450.0      24.5973661400880
  500.0      24.5991727684048
  550.0      24.6005096318661
  600.0      24.6015265188970
  650.0      24.6023179515663
  700.0      24.6029459636959
  750.0      24.6034526341072
  800.0      24.6038673215129
  850.0      24.6042110143858
  900.0      24.6044990394046
  950.0      24.6047427999880
 1000.0      24.6049509224643
 1050.0      24.6051300297948
 1100.0      24.6052852750067
 1150.0      24.6054207159845
 1200.0      24.6055395833344
 1250.0      24.6056444748164
 1300.0      24.6057374984790
 1350.0      24.6058203794015
 1400.0      24.6058945402467
 1450.0      24.6059611627180
 1500.0      24.6060212349237
 1550.0      24.6060755882259
 1600.0      24.6061249261585
 1650.0      24.6061698473067
 1700.0      24.6062108635482
 1750.0      24.6062484147000
 1800.0      24.6062828803571
 1850.0      24.6063145895238
 1900.0      24.6063438284937
 1950.0      24.6063708473341
 2000.0      24.6063958652520
 2050.0      24.6064190750521
 2100.0      24.6064406468642
 2150.0      24.6064607312690
 2200.0      24.6064794619329
 2250.0      24.6064969578382
 2300.0      24.6065133251767
 2350.0      24.6065286589652
 2400.0      24.6065430444271
 2450.0      24.6065565581797
 2500.0      24.6065692692562
 2550.0      24.6065812399889
 2600.0      24.6065925267752
 2650.0      24.6066031807423
 2700.0      24.6066132483284
 2750.0      24.6066227717884
 2800.0      24.6066317896387
 2850.0      24.6066403370468
 2900.0      24.6066484461754
 2950.0      24.6066561464846
 3000.0      24.6066634650003
 3050.0      24.6066704265513
 3100.0      24.6066770539806
 3150.0      24.6066833683325
 3200.0      24.6066893890206
 3250.0      24.6066951339766
 3300.0      24.6067006197841
 3350.0      24.6067058617983
 3400.0      24.6067108742539
 3450.0      24.6067156703616
 3500.0      24.6067202623952
 3550.0      24.6067246617705
 3600.0      24.6067288791159
 3650.0      24.6067329243368
 3700.0      24.6067368066741
 3750.0      24.6067405347567
 3800.0      24.6067441166494
 3850.0      24.6067475598972
 3900.0      24.6067508715638
 3950.0      24.6067540582693
 4000.0      24.6067571262229
 4050.0      24.6067600812518
 4100.0      24.6067629288313
 4150.0      24.6067656741081
 4200.0      24.6067683219246
 4250.0      24.6067708768401
 4300.0      24.6067733431503
 4350.0      24.6067757249055
 4400.0      24.6067780259272
 4450.0      24.6067802498232
 4500.0      24.6067824000025
 4550.0      24.6067844796872
 4600.0      24.6067864919256
 4650.0      24.6067884396031
 4700.0      24.6067903254521
 4750.0      24.6067921520623
 4800.0      24.6067939218890
 4850.0      24.6067956372616
 4900.0      24.6067973003915
 4950.0      24.6067989133786
 5000.0      24.6068004782187
# V = 37.925700 (a.u.^3)
    5.0       6.1675875664943
   50.0      23.8407456256603
  100.0      24.4135554669090
  150.0      24.5225246228626
  200.0      24.5608831129991
  250.0      24.5786763373873
  300.0      24.5883520878040
  350.0      24.5941897669644
  400.0      24.5979800580825
  450.0      24.6005793120868
  500.0      24.6024388641119
  550.0      24.6038148946258
  600.0      24.6048615768193
  650.0      24.6056762003644
  700.0      24.6063226157581
  750.0      24.6068441342826
  800.0      24.6072709746443
  850.0      24.6076247401785
  900.0      24.6079212065966
  950.0      24.6081721114287
 1000.0      24.6083863337613
 1050.0      24.6085706906217
 1100.0      24.6087304860373
 1150.0      24.6088698968052
 1200.0      24.6089922482045
 1250.0      24.6091002141239
 1300.0      24.6091959643912
 1350.0      24.6092812746420
 1400.0      24.6093576092341
 1450.0      24.6094261845035
 1500.0      24.6094880175185
 1550.0      24.6095439640071
 1600.0      24.6095947481228
 1650.0      24.6096409859950
 1700.0      24.6096832045044
 1750.0      24.6097218563585
 1800.0      24.6097573322788
 1850.0      24.6097899709121
 1900.0      24.6098200669435
 1950.0      24.6098478777703
 2000.0      24.6098736290240
 2050.0      24.6098975191610
 2100.0      24.6099197232974
 2150.0      24.6099403964279
 2200.0      24.6099596761368
 2250.0      24.6099776848936
 2300.0      24.6099945320032
 2350.0      24.6100103152668
 2400.0      24.6100251224065
 2450.0      24.6100390322851
 2500.0      24.6100521159592
 2550.0      24.6100644375884
 2600.0      24.6100760552229
 2650.0      24.6100870214889
 2700.0      24.6100973841854
 2750.0      24.6101071868061
 2800.0      24.6101164689964
 2850.0      24.6101252669547
 2900.0      24.6101336137864
 2950.0      24.6101415398150
 3000.0      24.6101490728587
 3050.0      24.6101562384740
 3100.0      24.6101630601736
 3150.0      24.6101695596188
 3200.0      24.6101757567920
 3250.0      24.6101816701507
 3300.0      24.6101873167643
 3350.0      24.6101927124385
 3400.0      24.6101978718249
 3450.0      24.6102028085217
 3500.0      24.6102075351625
 3550.0      24.6102120634975
 3600.0      24.6102164044668
 3650.0      24.6102205682661
 3700.0      24.6102245644072
 3750.0      24.6102284017721
 3800.0      24.6102320886615
 3850.0      24.6102356328420
 3900.0      24.6102390415844
 3950.0      24.6102423217026
 4000.0      24.6102454795879
 4050.0      24.6102485212384
 4100.0      24.6102514522898
 4150.0      24.6102542780396
 4200.0      24.6102570034724
 4250.0      24.6102596332809
 4300.0      24.6102621718868
 4350.0      24.6102646234591
 4400.0      24.6102669919312
 4450.0      24.6102692810172
 4500.0      24.6102714942253
 4550.0      24.6102736348724
 4600.0      24.6102757060963
 4650.0      24.6102777108667
 4700.0      24.6102796519963
 4750.0      24.6102815321506
 4800.0      24.6102833538568
 4850.0      24.6102851195127
 4900.0      24.6102868313944
 4950.0      24.6102884916637
 5000.0      24.6102901023745
# V = 37.385800 (a.u.^3)
    5.0       6.0842627079375
   50.0      23.9799395341833
  100.0      24.5678269347148
  150.0      24.6797261102900
  200.0      24.7191206888421
  250.0      24.7373953480312
  300.0      24.7473331173480
  350.0      24.7533289556300
  400.0      24.7572219666080
  450.0      24.7598916761900
  500.0      24.7618016402427
  550.0      24.7632149783147
  600.0      24.7642900407273
  650.0      24.7651267536030
  700.0      24.7657906979778
  750.0      24.7663263591332
  800.0      24.7667647749622
  850.0      24.7671281344791
  900.0      24.7674326411098
  950.0      24.7676903506316
 1000.0      24.7679103828847
 1050.0      24.7680997397459
 1100.0      24.7682638690689
 1150.0      24.7684070609144
 1200.0      24.7685327307362
 1250.0      24.7686436249349
 1300.0      24.7687419721814
 1350.0      24.7688295962661
 1400.0      24.7689080012590
 1450.0      24.7689784364836
 1500.0      24.7690419465915
 1550.0      24.7690994105187
 1600.0      24.7691515720582
 1650.0      24.7691990640495
 1700.0      24.7692424276630
 1750.0      24.7692821278849
 1800.0      24.7693185660327
 1850.0      24.7693520899387
 1900.0      24.7693830022803
 1950.0      24.7694115674358
 2000.0      24.7694380171563
 2050.0      24.7694625552808
 2100.0      24.7694853616754
 2150.0      24.7695065955380
 2200.0      24.7695263981849
 2250.0      24.7695448954074
 2300.0      24.7695621994748
 2350.0      24.7695784108413
 2400.0      24.7695936196077
 2450.0      24.7696079067763
 2500.0      24.7696213453309
 2550.0      24.7696340011711
 2600.0      24.7696459339218
 2650.0      24.7696571976364
 2700.0      24.7696678414105
 2750.0      24.7696779099176
 2800.0      24.7696874438781
 2850.0      24.7696964804726
 2900.0      24.7697050537041
 2950.0      24.7697131947189
 3000.0      24.7697209320894
 3050.0      24.7697282920654
 3100.0      24.7697352987976
 3150.0      24.7697419745345
 3200.0      24.7697483398006
 3250.0      24.7697544135539
 3300.0      24.7697602133271
 3350.0      24.7697657553544
 3400.0      24.7697710546848
 3450.0      24.7697761252854
 3500.0      24.7697809801323
 3550.0      24.7697856312949
 3600.0      24.7697900900094
 3650.0      24.7697943667485
 3700.0      24.7697984712817
 3750.0      24.7698024127319
 3800.0      24.7698061996254
 3850.0      24.7698098399391
 3900.0      24.7698133411409
 3950.0      24.7698167102299
 4000.0      24.7698199537703
 4050.0      24.7698230779234
 4100.0      24.7698260884774
 4150.0      24.7698289908735
 4200.0      24.7698317902318
 4250.0      24.7698344913718
 4300.0      24.7698370988355
 4350.0      24.7698396169049
 4400.0      24.7698420496202
 4450.0      24.7698444007959
 4500.0      24.7698466740357
 4550.0      24.7698488727464
 4600.0      24.7698510001507
 4650.0      24.7698530592991
 4700.0      24.7698550530805
 4750.0      24.7698569842326
 4800.0      24.7698588553513
 4850.0      24.7698606688995
 4900.0      24.7698624272149
 4950.0      24.7698641325177
 5000.0      24.7698657869179
# V = 36.846000 (a.u.^3)
    5.0       5.9985714689733
   50.0      24.0966832243614
  100.0      24.6991895595697
  150.0      24.8139285785213
  200.0      24.8543272584137
  250.0      24.8730684706790
  300.0      24.8832601545927
  350.0      24.8894092583857
  400.0      24.8934018102685
  450.0      24.8961397946656
  500.0      24.8980986102183
  550.0      24.8995481008912
  600.0      24.9006506648866
  650.0      24.9015087831905
  700.0      24.9021897138174
  750.0      24.9027390797110
  800.0      24.9031887125925
  850.0      24.9035613690253
  900.0      24.9038736669091
  950.0      24.9041379704152
 1000.0      24.9043636326847
 1050.0      24.9045578347196
 1100.0      24.9047261637482
 1150.0      24.9048730195875
 1200.0      24.9050019050737
 1250.0      24.9051156368744
 1300.0      24.9052165006815
 1350.0      24.9053063669485
 1400.0      24.9053867782292
 1450.0      24.9054590158127
 1500.0      24.9055241510796
 1550.0      24.9055830854548
 1600.0      24.9056365817636
 1650.0      24.9056852890380
 1700.0      24.9057297622955
 1750.0      24.9057704784198
 1800.0      24.9058078489981
 1850.0      24.9058422307624
 1900.0      24.9058739341351
 1950.0      24.9059032302598
 2000.0      24.9059303568175
 2050.0      24.9059555228633
 2100.0      24.9059789128654
 2150.0      24.9060006900959
 2200.0      24.9060209994868
 2250.0      24.9060399700485
 2300.0      24.9060577169227
 2350.0      24.9060743431346
 2400.0      24.9060899410907
 2450.0      24.9061045938655
 2500.0      24.9061183763108
 2550.0      24.9061313560122
 2600.0      24.9061435941207
 2650.0      24.9061551460727
 2700.0      24.9061660622204
 2750.0      24.9061763883798
 2800.0      24.9061861663139
 2850.0      24.9061954341546
 2900.0      24.9062042267749
 2950.0      24.9062125761182
 3000.0      24.9062205114879
 3050.0      24.9062280598060
 3100.0      24.9062352458405
 3150.0      24.9062420924097
 3200.0      24.9062486205632
 3250.0      24.9062548497443
 3300.0      24.9062607979340
 3350.0      24.9062664817820
 3400.0      24.9062719167227
 3450.0      24.9062771170804
 3500.0      24.9062820961635
 3550.0      24.9062868663495
 3600.0      24.9062914391630
 3650.0      24.9062958253443
 3700.0      24.9063000349132
 3750.0      24.9063040772255
 3800.0      24.9063079610263
 3850.0      24.9063116944958
 3900.0      24.9063152852940
 3950.0      24.9063187405984
 4000.0      24.9063220671415
 4050.0      24.9063252712422
 4100.0      24.9063283588366
 4150.0      24.9063313355056
 4200.0      24.9063342064997
 4250.0      24.9063369767625
 4300.0      24.9063396509516
 4350.0      24.9063422334589
 4400.0      24.9063447284279
 4450.0      24.9063471397705
 4500.0      24.9063494711830
 4550.0      24.9063517261590
 4600.0      24.9063539080041
 4650.0      24.9063560198465
 4700.0      24.9063580646491
 4750.0      24.9063600452198
 4800.0      24.9063619642209
 4850.0      24.9063638241782
 4900.0      24.9063656274891
 4950.0      24.9063673764310
 5000.0      24.9063690731678
# V = 36.306100 (a.u.^3)
    5.0       5.9332035967802
   50.0      24.1227756053983
  100.0      24.7333052388412
  150.0      24.8496151734079
  200.0      24.8905702249496
  250.0      24.9095701186924
  300.0      24.9199026300056
  350.0      24.9261367536287
  400.0      24.9301845291114
  450.0      24.9329603939528
  500.0      24.9349463148136
  550.0      24.9364158655305
  600.0      24.9375336897860
  650.0      24.9384036859252
  700.0      24.9390940423501
  750.0      24.9396510132054
  800.0      24.9401068706622
  850.0      24.9404846861918
  900.0      24.9408013076735
  950.0      24.9410692704001
 1000.0      24.9412980569687
 1050.0      24.9414949477777
 1100.0      24.9416656073939
 1150.0      24.9418144965393
 1200.0      24.9419451665401
 1250.0      24.9420604730556
 1300.0      24.9421627334205
 1350.0      24.9422538439826
 1400.0      24.9423353686508
 1450.0      24.9424086064535
 1500.0      24.9424746436035
 1550.0      24.9425343940065
 1600.0      24.9425886310485
 1650.0      24.9426380127476
 1700.0      24.9426831018057
 1750.0      24.9427243817093
 1800.0      24.9427622697438
 1850.0      24.9427971275807
 1900.0      24.9428292699405
 1950.0      24.9428589717205
 2000.0      24.9428864738930
 2050.0      24.9429119884075
 2100.0      24.9429357022866
 2150.0      24.9429577810627
 2200.0      24.9429783716748
 2250.0      24.9429976049194
 2300.0      24.9430155975328
 2350.0      24.9430324539663
 2400.0      24.9430482679061
 2450.0      24.9430631235773
 2500.0      24.9430770968672
 2550.0      24.9430902562983
 2600.0      24.9431026638677
 2650.0      24.9431143757796
 2700.0      24.9431254430831
 2750.0      24.9431359122292
 2800.0      24.9431458255587
 2850.0      24.9431552217315
 2900.0      24.9431641361037
 2950.0      24.9431726010608
 3000.0      24.9431806463122
 3050.0      24.9431882991524
 3100.0      24.9431955846924
 3150.0      24.9432025260667
 3200.0      24.9432091446163
 3250.0      24.9432154600534
 3300.0      24.9432214906084
 3350.0      24.9432272531613
 3400.0      24.9432327633604
 3450.0      24.9432380357282
 3500.0      24.9432430837571
 3550.0      24.9432479199966
 3600.0      24.9432525561305
 3650.0      24.9432570030479
 3700.0      24.9432612709071
 3750.0      24.9432653691940
 3800.0      24.9432693067745
 3850.0      24.9432730919420
 3900.0      24.9432767324625
 3950.0      24.9432802356133
 4000.0      24.9432836082196
 4050.0      24.9432868566880
 4100.0      24.9432899870368
 4150.0      24.9432930049244
 4200.0      24.9432959156737
 4250.0      24.9432987242968
 4300.0      24.9433014355160
 4350.0      24.9433040537837
 4400.0      24.9433065833009
 4450.0      24.9433090280340
 4500.0      24.9433113917299
 4550.0      24.9433136779312
 4600.0      24.9433158899887
 4650.0      24.9433180310743
 4700.0      24.9433201041917
 4750.0      24.9433221121877
 4800.0      24.9433240577618
 4850.0      24.9433259434742
 4900.0      24.9433277717561
 4950.0      24.9433295449160
 5000.0      24.9433312651478
# V = 35.833700 (a.u.^3)
    5.0       5.5899290198827
   50.0      24.1058292969313
  100.0      24.7289308059895
  150.0      24.8476587459931
  200.0      24.8894670145023
  250.0      24.9088630511313
  300.0      24.9194110773894
  350.0      24.9257752609226
  400.0      24.9299074951051
  450.0      24.9327412849512
  500.0      24.9347686494117
  550.0      24.9362688691744
  600.0      24.9374100228695
  650.0      24.9382981766610
  700.0      24.9390029417874
  750.0      24.9395715375961
  800.0      24.9400369097227
  850.0      24.9404226111173
  900.0      24.9407458412671
  950.0      24.9410193970781
 1000.0      24.9412529590539
 1050.0      24.9414539595411
 1100.0      24.9416281813324
 1150.0      24.9417801782517
 1200.0      24.9419135757471
 1250.0      24.9420312890809
 1300.0      24.9421356839551
 1350.0      24.9422286962984
 1400.0      24.9423119226624
 1450.0      24.9423866891888
 1500.0      24.9424541047630
 1550.0      24.9425151023661
 1600.0      24.9425704715269
 1650.0      24.9426208839979
 1700.0      24.9426669142265
 1750.0      24.9427090557907
 1800.0      24.9427477346863
 1850.0      24.9427833201337
 1900.0      24.9428161334225
 1950.0      24.9428464551884
 2000.0      24.9428745314332
 2050.0      24.9429005785306
 2100.0      24.9429247874069
 2150.0      24.9429473270498
 2200.0      24.9429683474656
 2250.0      24.9429879821804
 2300.0      24.9430063503677
 2350.0      24.9430235586590
 2400.0      24.9430397026958
 2450.0      24.9430548684613
 2500.0      24.9430691334274
 2550.0      24.9430825675461
 2600.0      24.9430952341090
 2650.0      24.9431071904935
 2700.0      24.9431184888142
 2750.0      24.9431291764916
 2800.0      24.9431392967505
 2850.0      24.9431488890579
 2900.0      24.9431579895074
 2950.0      24.9431666311609
 3000.0      24.9431748443479
 3050.0      24.9431826569326
 3100.0      24.9431900945502
 3150.0      24.9431971808180
 3200.0      24.9432039375224
 3250.0      24.9432103847873
 3300.0      24.9432165412235
 3350.0      24.9432224240634
 3400.0      24.9432280492820
 3450.0      24.9432334317045
 3500.0      24.9432385851057
 3550.0      24.9432435222964
 3600.0      24.9432482552046
 3650.0      24.9432527949467
 3700.0      24.9432571518929
 3750.0      24.9432613357271
 3800.0      24.9432653555002
 3850.0      24.9432692196791
 3900.0      24.9432729361917
 3950.0      24.9432765124669
 4000.0      24.9432799554727
 4050.0      24.9432832717494
 4100.0      24.9432864674412
 4150.0      24.9432895483238
 4200.0      24.9432925198320
 4250.0      24.9432953870822
 4300.0      24.9432981548952
 4350.0      24.9433008278165
 4400.0      24.9433034101349
 4450.0      24.9433059058991
 4500.0      24.9433083189347
 4550.0      24.9433106528580
 4600.0      24.9433129110900
 4650.0      24.9433150968683
 4700.0      24.9433172132600
 4750.0      24.9433192631709
 4800.0      24.9433212493565
 4850.0      24.9433231744313
 4900.0      24.9433250408767
 4950.0      24.9433268510495
 5000.0      24.9433286071893
# V = 35.428800 (a.u.^3)
    5.0       5.4222977929277
   50.0      24.0838420424288
  100.0      24.7231653264062
  150.0      24.8450734986505
  200.0      24.8880084297113
  250.0      24.9079283576249
  300.0      24.9187616078422
  350.0      24.9252979909506
  400.0      24.9295420773575
  450.0      24.9324525928104
  500.0      24.9345348586625
  550.0      24.9360757099953
  600.0      24.9372477734539
  650.0      24.9381599859707
  700.0      24.9388838432395
  750.0      24.9394678430852
  800.0      24.9399458232647
  850.0      24.9403419745718
  900.0      24.9406739623155
  950.0      24.9409549300095
 1000.0      24.9411948203714
 1050.0      24.9414012670760
 1100.0      24.9415802095675
 1150.0      24.9417363250338
 1200.0      24.9418733371400
 1250.0      24.9419942401278
 1300.0      24.9421014637919
 1350.0      24.9421969965112
 1400.0      24.9422824780931
 1450.0      24.9423592706096
 1500.0      24.9424285129910
 1550.0      24.9424911634970
 1600.0      24.9425480330483
 1650.0      24.9425998115992
 1700.0      24.9426470891618
 1750.0      24.9426903726885
 1800.0      24.9427300997173
 1850.0      24.9427666494733
 1900.0      24.9428003519519
 1950.0      24.9428314953932
 2000.0      24.9428603324647
 2050.0      24.9428870854031
 2100.0      24.9429119503084
 2150.0      24.9429351007475
 2200.0      24.9429566907908
 2250.0      24.9429768575837
 2300.0      24.9429957235280
 2350.0      24.9430133981450
 2400.0      24.9430299796681
 2450.0      24.9430455564102
 2500.0      24.9430602079425
 2550.0      24.9430740061128
 2600.0      24.9430870159275
 2650.0      24.9430992963190
 2700.0      24.9431109008141
 2750.0      24.9431218781182
 2800.0      24.9431322726275
 2850.0      24.9431421248782
 2900.0      24.9431514719426
 2950.0      24.9431603477780
 3000.0      24.9431687835360
 3050.0      24.9431768078358
 3100.0      24.9431844470072
 3150.0      24.9431917253076
 3200.0      24.9431986651139
 3250.0      24.9432052870952
 3300.0      24.9432116103664
 3350.0      24.9432176526273
 3400.0      24.9432234302854
 3450.0      24.9432289585681
 3500.0      24.9432342516232
 3550.0      24.9432393226086
 3600.0      24.9432441837756
 3650.0      24.9432488465418
 3700.0      24.9432533215587
 3750.0      24.9432576187723
 3800.0      24.9432617474788
 3850.0      24.9432657163748
 3900.0      24.9432695336026
 3950.0      24.9432732067929
 4000.0      24.9432767431022
 4050.0      24.9432801492482
 4100.0      24.9432834315413
 4150.0      24.9432865959142
 4200.0      24.9432896479487
 4250.0      24.9432925928997
 4300.0      24.9432954357191
 4350.0      24.9432981810752
 4400.0      24.9433008333730
 4450.0      24.9433033967712
 4500.0      24.9433058751989
 4550.0      24.9433082723703
 4600.0      24.9433105917992
 4650.0      24.9433128368112
 4700.0      24.9433150105559
 4750.0      24.9433171160185
 4800.0      24.9433191560288
 4850.0      24.9433211332722
 4900.0      24.9433230502973
 4950.0      24.9433249095250
 5000.0      24.9433267132554
# V = 34.956400 (a.u.^3)
    5.0       5.2403280655053
   50.0      24.0605447019511
  100.0      24.7170531549608
  150.0      24.8423322732912
  200.0      24.8864615924531
  250.0      24.9069369329791
  300.0      24.9180725763217
  350.0      24.9247915273324
  400.0      24.9291542018045
  450.0      24.9321460638484
  500.0      24.9342865379099
  550.0      24.9358704682652
  600.0      24.9370753034212
  650.0      24.9380130239518
  700.0      24.9387571234950
  750.0      24.9393574553523
  800.0      24.9398488031352
  850.0      24.9402560339002
  900.0      24.9405973068369
  950.0      24.9408861329449
 1000.0      24.9411327329514
 1050.0      24.9413449539874
 1100.0      24.9415289015850
 1150.0      24.9416893837279
 1200.0      24.9418302282146
 1250.0      24.9419545130247
 1300.0      24.9420647359064
 1350.0      24.9421629408485
 1400.0      24.9422508135204
 1450.0      24.9423297540893
 1500.0      24.9424009333395
 1550.0      24.9424653363328
 1600.0      24.9425237966708
 1650.0      24.9425770236062
 1700.0      24.9426256236533
 1750.0      24.9426701179437
 1800.0      24.9427109562545
 1850.0      24.9427485284178
 1900.0      24.9427831736590
 1950.0      24.9428151882807
 2000.0      24.9428448320178
 2050.0      24.9428723333237
 2100.0      24.9428978937831
 2150.0      24.9429216918180
 2200.0      24.9429438858088
 2250.0      24.9429646167367
 2300.0      24.9429840104275
 2350.0      24.9430021794663
 2400.0      24.9430192248338
 2450.0      24.9430352373136
 2500.0      24.9430502987026
 2550.0      24.9430644828584
 2600.0      24.9430778566057
 2650.0      24.9430904805253
 2700.0      24.9431024096416
 2750.0      24.9431136940223
 2800.0      24.9431243793055
 2850.0      24.9431345071612
 2900.0      24.9431441156988
 2950.0      24.9431532398254
 3000.0      24.9431619115641
 3050.0      24.9431701603347
 3100.0      24.9431780132035
 3150.0      24.9431854951065
 3200.0      24.9431926290465
 3250.0      24.9431994362706
 3300.0      24.9432059364288
 3350.0      24.9432121477157
 3400.0      24.9432180869979
 3450.0      24.9432237699287
 3500.0      24.9432292110516
 3550.0      24.9432344238929
 3600.0      24.9432394210462
 3650.0      24.9432442142488
 3700.0      24.9432488144500
 3750.0      24.9432532318742
 3800.0      24.9432574760774
 3850.0      24.9432615559994
 3900.0      24.9432654800107
 3950.0      24.9432692559550
 4000.0      24.9432728911894
 4050.0      24.9432763926193
 4100.0      24.9432797667316
 4150.0      24.9432830196251
 4200.0      24.9432861570375
 4250.0      24.9432891843710
 4300.0      24.9432921067156
 4350.0      24.9432949288708
 4400.0      24.9432976553642
 4450.0      24.9433002904714
 4500.0      24.9433028382309
 4550.0      24.9433053024612
 4600.0      24.9433076867741
 4650.0      24.9433099945885
 4700.0      24.9433122291420
 4750.0      24.9433143935030
 4800.0      24.9433164905809
 4850.0      24.9433185231363
 4900.0      24.9433204937886
 4950.0      24.9433224050266
 5000.0      24.9433242592149
# V = 34.551500 (a.u.^3)
    5.0       5.1362482637807
   50.0      24.0470770339125
  100.0      24.7135274327650
  150.0      24.8407517545159
  200.0      24.8855699157069
  250.0      24.9063655133699
  300.0      24.9176755020917
  350.0      24.9244997069052
  400.0      24.9289307471523
  450.0      24.9319695042194
  500.0      24.9341435338344
  550.0      24.9357522978516
  600.0      24.9369760246593
  650.0      24.9379284494990
  700.0      24.9386842178076
  750.0      24.9392939642979
  800.0      24.9397930178454
  850.0      24.9402066353531
  900.0      24.9405532607173
  950.0      24.9408466167801
 1000.0      24.9410970845309
 1050.0      24.9413126341489
 1100.0      24.9414994669093
 1150.0      24.9416624661929
 1200.0      24.9418055198274
 1250.0      24.9419317540623
 1300.0      24.9420437058183
 1350.0      24.9421434511400
 1400.0      24.9422327021342
 1450.0      24.9423128809276
 1500.0      24.9423851766673
 1550.0      24.9424505898646
 1600.0      24.9425099671958
 1650.0      24.9425640290371
 1700.0      24.9426133914164
 1750.0      24.9426585836390
 1800.0      24.9427000625362
 1850.0      24.9427382240548
 1900.0      24.9427734127411
 1950.0      24.9428059295449
 2000.0      24.9428360382753
 2050.0      24.9428639709689
 2100.0      24.9428899323725
 2150.0      24.9429141037066
 2200.0      24.9429366458359
 2250.0      24.9429577019526
 2300.0      24.9429773998568
 2350.0      24.9429958538989
 2400.0      24.9430131666439
 2450.0      24.9430294302995
 2500.0      24.9430447279454
 2550.0      24.9430591345977
 2600.0      24.9430727181296
 2650.0      24.9430855400718
 2700.0      24.9430976563120
 2750.0      24.9431091177032
 2800.0      24.9431199705991
 2850.0      24.9431302573241
 2900.0      24.9431400165845
 2950.0      24.9431492838356
 3000.0      24.9431580916026
 3050.0      24.9431664697664
 3100.0      24.9431744458185
 3150.0      24.9431820450856
 3200.0      24.9431892909313
 3250.0      24.9431962049363
 3300.0      24.9432028070587
 3350.0      24.9432091157786
 3400.0      24.9432151482269
 3450.0      24.9432209203027
 3500.0      24.9432264467773
 3550.0      24.9432317413897
 3600.0      24.9432368169307
 3650.0      24.9432416853216
 3700.0      24.9432463576835
 3750.0      24.9432508444015
 3800.0      24.9432551551813
 3850.0      24.9432592991029
 3900.0      24.9432632846681
 3950.0      24.9432671198438
 4000.0      24.9432708121022
 4050.0      24.9432743684572
 4100.0      24.9432777954975
 4150.0      24.9432810994175
 4200.0      24.9432842860448
 4250.0      24.9432873608666
 4300.0      24.9432903290527
 4350.0      24.9432931954776
 4400.0      24.9432959647403
 4450.0      24.9432986411830
 4500.0      24.9433012289079
 4550.0      24.9433037317935
 4600.0      24.9433061535080
 4650.0      24.9433084975240
 4700.0      24.9433107671298
 4750.0      24.9433129654421
 4800.0      24.9433150954161
 4850.0      24.9433171598549
 4900.0      24.9433191614200
 4950.0      24.9433211026388
 5000.0      24.9433229859128
