# T (K)       E-ph (Ry.)
# V = 41.164900 (a.u.^3)
    5.0       0.0002555620752
   50.0       0.0009505014547
  100.0       0.0018617288757
  150.0       0.0027815984105
  200.0       0.0037036583996
  250.0       0.0046265975660
  300.0       0.0055499769393
  350.0       0.0064736080412
  400.0       0.0073973965402
  450.0       0.0083212899987
  500.0       0.0092452569423
  550.0       0.0101692773366
  600.0       0.0110933378227
  650.0       0.0120174291508
  700.0       0.0129415447133
  750.0       0.0138656796642
  800.0       0.0147898303687
  850.0       0.0157139940471
  900.0       0.0166381685374
  950.0       0.0175623521327
 1000.0       0.0184865434672
 1050.0       0.0194107414356
 1100.0       0.0203349451332
 1150.0       0.0212591538129
 1200.0       0.0221833668518
 1250.0       0.0231075837270
 1300.0       0.0240318039957
 1350.0       0.0249560272811
 1400.0       0.0258802532598
 1450.0       0.0268044816532
 1500.0       0.0277287122200
 1550.0       0.0286529447497
 1600.0       0.0295771790584
 1650.0       0.0305014149844
 1700.0       0.0314256523848
 1750.0       0.0323498911335
 1800.0       0.0332741311180
 1850.0       0.0341983722380
 1900.0       0.0351226144041
 1950.0       0.0360468575357
 2000.0       0.0369711015603
 2050.0       0.0378953464127
 2100.0       0.0388195920338
 2150.0       0.0397438383698
 2200.0       0.0406680853721
 2250.0       0.0415923329963
 2300.0       0.0425165812017
 2350.0       0.0434408299513
 2400.0       0.0443650792111
 2450.0       0.0452893289498
 2500.0       0.0462135791387
 2550.0       0.0471378297514
 2600.0       0.0480620807633
 2650.0       0.0489863321518
 2700.0       0.0499105838962
 2750.0       0.0508348359769
 2800.0       0.0517590883759
 2850.0       0.0526833410764
 2900.0       0.0536075940630
 2950.0       0.0545318473209
 3000.0       0.0554561008368
 3050.0       0.0563803545978
 3100.0       0.0573046085921
 3150.0       0.0582288628087
 3200.0       0.0591531172370
 3250.0       0.0600773718673
 3300.0       0.0610016266905
 3350.0       0.0619258816979
 3400.0       0.0628501368813
 3450.0       0.0637743922332
 3500.0       0.0646986477462
 3550.0       0.0656229034137
 3600.0       0.0665471592291
 3650.0       0.0674714151864
 3700.0       0.0683956712798
 3750.0       0.0693199275038
 3800.0       0.0702441838534
 3850.0       0.0711684403237
 3900.0       0.0720926969099
 3950.0       0.0730169536077
 4000.0       0.0739412104129
 4050.0       0.0748654673215
 4100.0       0.0757897243298
 4150.0       0.0767139814341
 4200.0       0.0776382386310
 4250.0       0.0785624959173
 4300.0       0.0794867532897
 4350.0       0.0804110107455
 4400.0       0.0813352682816
 4450.0       0.0822595258954
 4500.0       0.0831837835844
 4550.0       0.0841080413460
 4600.0       0.0850322991778
 4650.0       0.0859565570777
 4700.0       0.0868808150433
 4750.0       0.0878050730728
 4800.0       0.0887293311640
 4850.0       0.0896535893150
 4900.0       0.0905778475241
 4950.0       0.0915021057894
 5000.0       0.0924263641093
# V = 40.422600 (a.u.^3)
    5.0       0.0002626007052
   50.0       0.0009718913414
  100.0       0.0019030119136
  150.0       0.0028431014238
  200.0       0.0037854651158
  250.0       0.0047287416800
  300.0       0.0056724753409
  350.0       0.0066164703941
  400.0       0.0075606288887
  450.0       0.0085048963743
  500.0       0.0094492401680
  550.0       0.0103936394658
  600.0       0.0113380803958
  650.0       0.0122825533530
  700.0       0.0132270514758
  750.0       0.0141715697321
  800.0       0.0151161043473
  850.0       0.0160606524350
  900.0       0.0170052117502
  950.0       0.0179497805201
 1000.0       0.0188943573268
 1050.0       0.0198389410223
 1100.0       0.0207835306672
 1150.0       0.0217281254856
 1200.0       0.0226727248308
 1250.0       0.0236173281597
 1300.0       0.0245619350126
 1350.0       0.0255065449980
 1400.0       0.0264511577803
 1450.0       0.0273957730702
 1500.0       0.0283403906168
 1550.0       0.0292850102020
 1600.0       0.0302296316344
 1650.0       0.0311742547462
 1700.0       0.0321188793893
 1750.0       0.0330635054324
 1800.0       0.0340081327587
 1850.0       0.0349527612643
 1900.0       0.0358973908561
 1950.0       0.0368420214505
 2000.0       0.0377866529724
 2050.0       0.0387312853538
 2100.0       0.0396759185334
 2150.0       0.0406205524554
 2200.0       0.0415651870693
 2250.0       0.0425098223290
 2300.0       0.0434544581923
 2350.0       0.0443990946207
 2400.0       0.0453437315788
 2450.0       0.0462883690343
 2500.0       0.0472330069573
 2550.0       0.0481776453204
 2600.0       0.0491222840980
 2650.0       0.0500669232668
 2700.0       0.0510115628050
 2750.0       0.0519562026925
 2800.0       0.0529008429105
 2850.0       0.0538454834417
 2900.0       0.0547901242699
 2950.0       0.0557347653799
 3000.0       0.0566794067577
 3050.0       0.0576240483901
 3100.0       0.0585686902648
 3150.0       0.0595133323702
 3200.0       0.0604579746956
 3250.0       0.0614026172307
 3300.0       0.0623472599661
 3350.0       0.0632919028928
 3400.0       0.0642365460023
 3450.0       0.0651811892867
 3500.0       0.0661258327384
 3550.0       0.0670704763505
 3600.0       0.0680151201163
 3650.0       0.0689597640294
 3700.0       0.0699044080838
 3750.0       0.0708490522739
 3800.0       0.0717936965944
 3850.0       0.0727383410402
 3900.0       0.0736829856064
 3950.0       0.0746276302884
 4000.0       0.0755722750820
 4050.0       0.0765169199830
 4100.0       0.0774615649875
 4150.0       0.0784062100917
 4200.0       0.0793508552920
 4250.0       0.0802955005852
 4300.0       0.0812401459678
 4350.0       0.0821847914370
 4400.0       0.0831294369896
 4450.0       0.0840740826229
 4500.0       0.0850187283342
 4550.0       0.0859633741209
 4600.0       0.0869080199806
 4650.0       0.0878526659109
 4700.0       0.0887973119096
 4750.0       0.0897419579745
 4800.0       0.0906866041035
 4850.0       0.0916312502947
 4900.0       0.0925758965461
 4950.0       0.0935205428559
 5000.0       0.0944651892224
# V = 39.747700 (a.u.^3)
    5.0       0.0002656811498
   50.0       0.0009726222310
  100.0       0.0019034634910
  150.0       0.0028434937880
  200.0       0.0037858548257
  250.0       0.0047291515142
  300.0       0.0056729167206
  350.0       0.0066169498553
  400.0       0.0075611505197
  450.0       0.0085054629022
  500.0       0.0094498535023
  550.0       0.0103943009959
  600.0       0.0113387911637
  650.0       0.0122833141604
  700.0       0.0132278629527
  750.0       0.0141724323825
  800.0       0.0151170185808
  850.0       0.0160616185889
  900.0       0.0170062301056
  950.0       0.0179508513137
 1000.0       0.0188954807599
 1050.0       0.0198401172673
 1100.0       0.0207847598731
 1150.0       0.0217294077819
 1200.0       0.0226740603309
 1250.0       0.0236187169633
 1300.0       0.0245633772080
 1350.0       0.0255080406637
 1400.0       0.0264527069862
 1450.0       0.0273973758791
 1500.0       0.0283420470854
 1550.0       0.0292867203811
 1600.0       0.0302313955704
 1650.0       0.0311760724811
 1700.0       0.0321207509614
 1750.0       0.0330654308767
 1800.0       0.0340101121075
 1850.0       0.0349547945471
 1900.0       0.0358994781001
 1950.0       0.0368441626808
 2000.0       0.0377888482121
 2050.0       0.0387335346245
 2100.0       0.0396782218551
 2150.0       0.0406229098467
 2200.0       0.0415675985476
 2250.0       0.0425122879103
 2300.0       0.0434569778918
 2350.0       0.0444016684526
 2400.0       0.0453463595564
 2450.0       0.0462910511699
 2500.0       0.0472357432627
 2550.0       0.0481804358065
 2600.0       0.0491251287754
 2650.0       0.0500698221451
 2700.0       0.0510145158936
 2750.0       0.0519592100000
 2800.0       0.0529039044453
 2850.0       0.0538485992116
 2900.0       0.0547932942823
 2950.0       0.0557379896419
 3000.0       0.0566826852760
 3050.0       0.0576273811711
 3100.0       0.0585720773145
 3150.0       0.0595167736945
 3200.0       0.0604614702998
 3250.0       0.0614061671203
 3300.0       0.0623508641459
 3350.0       0.0632955613677
 3400.0       0.0642402587769
 3450.0       0.0651849563653
 3500.0       0.0661296541253
 3550.0       0.0670743520497
 3600.0       0.0680190501315
 3650.0       0.0689637483644
 3700.0       0.0699084467421
 3750.0       0.0708531452590
 3800.0       0.0717978439094
 3850.0       0.0727425426883
 3900.0       0.0736872415906
 3950.0       0.0746319406117
 4000.0       0.0755766397472
 4050.0       0.0765213389927
 4100.0       0.0774660383443
 4150.0       0.0784107377981
 4200.0       0.0793554373504
 4250.0       0.0803001369979
 4300.0       0.0812448367372
 4350.0       0.0821895365650
 4400.0       0.0831342364785
 4450.0       0.0840789364747
 4500.0       0.0850236365508
 4550.0       0.0859683367042
 4600.0       0.0869130369324
 4650.0       0.0878577372330
 4700.0       0.0888024376037
 4750.0       0.0897471380423
 4800.0       0.0906918385466
 4850.0       0.0916365391145
 4900.0       0.0925812397443
 4950.0       0.0935259404339
 5000.0       0.0944706411816
# V = 39.072900 (a.u.^3)
    5.0       0.0002650159175
   50.0       0.0009660019500
  100.0       0.0018898847999
  150.0       0.0028230282662
  200.0       0.0037585216103
  250.0       0.0046949583862
  300.0       0.0056318675968
  350.0       0.0065690469814
  400.0       0.0075063953021
  450.0       0.0084438562798
  500.0       0.0093813961329
  550.0       0.0103189933581
  600.0       0.0112566336167
  650.0       0.0121943069805
  700.0       0.0131320063571
  750.0       0.0140697265450
  800.0       0.0150074636427
  850.0       0.0159452146666
  900.0       0.0168829772959
  950.0       0.0178207496984
 1000.0       0.0187585304082
 1050.0       0.0196963182388
 1100.0       0.0206341122192
 1150.0       0.0215719115473
 1200.0       0.0225097155547
 1250.0       0.0234475236799
 1300.0       0.0243853354479
 1350.0       0.0253231504538
 1400.0       0.0262609683508
 1450.0       0.0271987888398
 1500.0       0.0281366116617
 1550.0       0.0290744365906
 1600.0       0.0300122634291
 1650.0       0.0309500920035
 1700.0       0.0318879221608
 1750.0       0.0328257537651
 1800.0       0.0337635866960
 1850.0       0.0347014208459
 1900.0       0.0356392561186
 1950.0       0.0365770924276
 2000.0       0.0375149296953
 2050.0       0.0384527678515
 2100.0       0.0393906068328
 2150.0       0.0403284465815
 2200.0       0.0412662870454
 2250.0       0.0422041281768
 2300.0       0.0431419699322
 2350.0       0.0440798122717
 2400.0       0.0450176551588
 2450.0       0.0459554985600
 2500.0       0.0468933424445
 2550.0       0.0478311867838
 2600.0       0.0487690315516
 2650.0       0.0497068767238
 2700.0       0.0506447222779
 2750.0       0.0515825681930
 2800.0       0.0525204144498
 2850.0       0.0534582610303
 2900.0       0.0543961079177
 2950.0       0.0553339550966
 3000.0       0.0562718025522
 3050.0       0.0572096502710
 3100.0       0.0581474982402
 3150.0       0.0590853464480
 3200.0       0.0600231948831
 3250.0       0.0609610435350
 3300.0       0.0618988923939
 3350.0       0.0628367414506
 3400.0       0.0637745906962
 3450.0       0.0647124401226
 3500.0       0.0656502897221
 3550.0       0.0665881394873
 3600.0       0.0675259894113
 3650.0       0.0684638394876
 3700.0       0.0694016897100
 3750.0       0.0703395400726
 3800.0       0.0712773905700
 3850.0       0.0722152411969
 3900.0       0.0731530919483
 3950.0       0.0740909428195
 4000.0       0.0750287938060
 4050.0       0.0759666449034
 4100.0       0.0769044961079
 4150.0       0.0778423474154
 4200.0       0.0787801988223
 4250.0       0.0797180503251
 4300.0       0.0806559019205
 4350.0       0.0815937536053
 4400.0       0.0825316053763
 4450.0       0.0834694572308
 4500.0       0.0844073091658
 4550.0       0.0853451611789
 4600.0       0.0862830132674
 4650.0       0.0872208654288
 4700.0       0.0881587176610
 4750.0       0.0890965699615
 4800.0       0.0900344223284
 4850.0       0.0909722747595
 4900.0       0.0919101272529
 4950.0       0.0928479798066
 5000.0       0.0937858324190
# V = 38.465600 (a.u.^3)
    5.0       0.0002689489433
   50.0       0.0009662862309
  100.0       0.0018890790819
  150.0       0.0028214313300
  200.0       0.0037562104615
  250.0       0.0046919640608
  300.0       0.0056282056611
  350.0       0.0065647263448
  400.0       0.0075014215381
  450.0       0.0084382331063
  500.0       0.0093751261535
  550.0       0.0103120784669
  600.0       0.0112490752345
  650.0       0.0121861062004
  700.0       0.0131231640382
  750.0       0.0140602433745
  800.0       0.0149973401790
  850.0       0.0159344513696
  900.0       0.0168715745490
  950.0       0.0178087078243
 1000.0       0.0187458496814
 1050.0       0.0196829988944
 1100.0       0.0206201544604
 1150.0       0.0215573155506
 1200.0       0.0224944814748
 1250.0       0.0234316516527
 1300.0       0.0243688255937
 1350.0       0.0253060028797
 1400.0       0.0262431831522
 1450.0       0.0271803661024
 1500.0       0.0281175514624
 1550.0       0.0290547389991
 1600.0       0.0299919285085
 1650.0       0.0309291198111
 1700.0       0.0318663127488
 1750.0       0.0328035071815
 1800.0       0.0337407029845
 1850.0       0.0346779000468
 1900.0       0.0356150982689
 1950.0       0.0365522975616
 2000.0       0.0374894978447
 2050.0       0.0384266990456
 2100.0       0.0393639010988
 2150.0       0.0403011039449
 2200.0       0.0412383075298
 2250.0       0.0421755118042
 2300.0       0.0431127167231
 2350.0       0.0440499222455
 2400.0       0.0449871283336
 2450.0       0.0459243349528
 2500.0       0.0468615420712
 2550.0       0.0477987496595
 2600.0       0.0487359576904
 2650.0       0.0496731661391
 2700.0       0.0506103749823
 2750.0       0.0515475841984
 2800.0       0.0524847937675
 2850.0       0.0534220036710
 2900.0       0.0543592138916
 2950.0       0.0552964244131
 3000.0       0.0562336352207
 3050.0       0.0571708463000
 3100.0       0.0581080576382
 3150.0       0.0590452692227
 3200.0       0.0599824810420
 3250.0       0.0609196930854
 3300.0       0.0618569053426
 3350.0       0.0627941178040
 3400.0       0.0637313304607
 3450.0       0.0646685433041
 3500.0       0.0656057563263
 3550.0       0.0665429695197
 3600.0       0.0674801828771
 3650.0       0.0684173963919
 3700.0       0.0693546100576
 3750.0       0.0702918238682
 3800.0       0.0712290378180
 3850.0       0.0721662519015
 3900.0       0.0731034661137
 3950.0       0.0740406804496
 4000.0       0.0749778949046
 4050.0       0.0759151094743
 4100.0       0.0768523241544
 4150.0       0.0777895389411
 4200.0       0.0787267538305
 4250.0       0.0796639688189
 4300.0       0.0806011839029
 4350.0       0.0815383990793
 4400.0       0.0824756143448
 4450.0       0.0834128296964
 4500.0       0.0843500451314
 4550.0       0.0852872606469
 4600.0       0.0862244762403
 4650.0       0.0871616919091
 4700.0       0.0880989076510
 4750.0       0.0890361234635
 4800.0       0.0899733393445
 4850.0       0.0909105552918
 4900.0       0.0918477713035
 4950.0       0.0927849873776
 5000.0       0.0937222035122
# V = 37.925700 (a.u.^3)
    5.0       0.0002726661418
   50.0       0.0009672630999
  100.0       0.0018897732031
  150.0       0.0028221165220
  200.0       0.0037569573078
  250.0       0.0046928010103
  300.0       0.0056291469829
  350.0       0.0065657802058
  400.0       0.0075025930475
  450.0       0.0084395256722
  500.0       0.0093765421626
  550.0       0.0103136196553
  600.0       0.0112507429048
  650.0       0.0121879013547
  700.0       0.0131250874639
  750.0       0.0140622957015
  800.0       0.0149995219194
  850.0       0.0159367629449
  900.0       0.0168740163105
  950.0       0.0178112800681
 1000.0       0.0187485526588
 1050.0       0.0196858328211
 1100.0       0.0206231195225
 1150.0       0.0215604119102
 1200.0       0.0224977092735
 1250.0       0.0234350110152
 1300.0       0.0243723166303
 1350.0       0.0253096256883
 1400.0       0.0262469378205
 1450.0       0.0271842527088
 1500.0       0.0281215700776
 1550.0       0.0290588896869
 1600.0       0.0299962113266
 1650.0       0.0309335348122
 1700.0       0.0318708599809
 1750.0       0.0328081866882
 1800.0       0.0337455148061
 1850.0       0.0346828442202
 1900.0       0.0356201748281
 1950.0       0.0365575065380
 2000.0       0.0374948392672
 2050.0       0.0384321729412
 2100.0       0.0393695074925
 2150.0       0.0403068428599
 2200.0       0.0412441789878
 2250.0       0.0421815158254
 2300.0       0.0431188533264
 2350.0       0.0440561914486
 2400.0       0.0449935301531
 2450.0       0.0459308694042
 2500.0       0.0468682091691
 2550.0       0.0478055494177
 2600.0       0.0487428901220
 2650.0       0.0496802312562
 2700.0       0.0506175727965
 2750.0       0.0515549147206
 2800.0       0.0524922570081
 2850.0       0.0534295996398
 2900.0       0.0543669425979
 2950.0       0.0553042858658
 3000.0       0.0562416294280
 3050.0       0.0571789732701
 3100.0       0.0581163173784
 3150.0       0.0590536617404
 3200.0       0.0599910063441
 3250.0       0.0609283511784
 3300.0       0.0618656962328
 3350.0       0.0628030414974
 3400.0       0.0637403869630
 3450.0       0.0646777326208
 3500.0       0.0656150784626
 3550.0       0.0665524244806
 3600.0       0.0674897706675
 3650.0       0.0684271170163
 3700.0       0.0693644635205
 3750.0       0.0703018101738
 3800.0       0.0712391569704
 3850.0       0.0721765039047
 3900.0       0.0731138509714
 3950.0       0.0740511981654
 4000.0       0.0749885454820
 4050.0       0.0759258929167
 4100.0       0.0768632404651
 4150.0       0.0778005881231
 4200.0       0.0787379358868
 4250.0       0.0796752837524
 4300.0       0.0806126317165
 4350.0       0.0815499797756
 4400.0       0.0824873279265
 4450.0       0.0834246761661
 4500.0       0.0843620244914
 4550.0       0.0852993728996
 4600.0       0.0862367213880
 4650.0       0.0871740699540
 4700.0       0.0881114185952
 4750.0       0.0890487673091
 4800.0       0.0899861160935
 4850.0       0.0909234649462
 4900.0       0.0918608138651
 4950.0       0.0927981628483
 5000.0       0.0937355118937
# V = 37.385800 (a.u.^3)
    5.0       0.0002770526400
   50.0       0.0009741459804
  100.0       0.0019023370237
  150.0       0.0028406230091
  200.0       0.0037814737689
  250.0       0.0047233545583
  300.0       0.0056657512136
  350.0       0.0066084428997
  400.0       0.0075513190718
  450.0       0.0084943182733
  500.0       0.0094374036141
  550.0       0.0103805516109
  600.0       0.0113237466052
  650.0       0.0122669777543
  700.0       0.0132102373128
  750.0       0.0141535195998
  800.0       0.0150968203546
  850.0       0.0160401363186
  900.0       0.0169834649574
  950.0       0.0179268042699
 1000.0       0.0188701526552
 1050.0       0.0198135088175
 1100.0       0.0207568716961
 1150.0       0.0217002404153
 1200.0       0.0226436142450
 1250.0       0.0235869925719
 1300.0       0.0245303748772
 1350.0       0.0254737607189
 1400.0       0.0264171497180
 1450.0       0.0273605415481
 1500.0       0.0283039359259
 1550.0       0.0292473326050
 1600.0       0.0301907313697
 1650.0       0.0311341320302
 1700.0       0.0320775344194
 1750.0       0.0330209383891
 1800.0       0.0339643438076
 1850.0       0.0349077505574
 1900.0       0.0358511585334
 1950.0       0.0367945676413
 2000.0       0.0377379777962
 2050.0       0.0386813889215
 2100.0       0.0396248009479
 2150.0       0.0405682138125
 2200.0       0.0415116274582
 2250.0       0.0424550418329
 2300.0       0.0433984568890
 2350.0       0.0443418725831
 2400.0       0.0452852888753
 2450.0       0.0462287057290
 2500.0       0.0471721231105
 2550.0       0.0481155409886
 2600.0       0.0490589593349
 2650.0       0.0500023781228
 2700.0       0.0509457973277
 2750.0       0.0518892169269
 2800.0       0.0528326368993
 2850.0       0.0537760572252
 2900.0       0.0547194778864
 2950.0       0.0556628988658
 3000.0       0.0566063201475
 3050.0       0.0575497417167
 3100.0       0.0584931635593
 3150.0       0.0594365856625
 3200.0       0.0603800080140
 3250.0       0.0613234306022
 3300.0       0.0622668534166
 3350.0       0.0632102764469
 3400.0       0.0641536996836
 3450.0       0.0650971231177
 3500.0       0.0660405467408
 3550.0       0.0669839705449
 3600.0       0.0679273945225
 3650.0       0.0688708186664
 3700.0       0.0698142429698
 3750.0       0.0707576674265
 3800.0       0.0717010920303
 3850.0       0.0726445167756
 3900.0       0.0735879416568
 3950.0       0.0745313666688
 4000.0       0.0754747918068
 4050.0       0.0764182170660
 4100.0       0.0773616424420
 4150.0       0.0783050679305
 4200.0       0.0792484935277
 4250.0       0.0801919192296
 4300.0       0.0811353450326
 4350.0       0.0820787709331
 4400.0       0.0830221969280
 4450.0       0.0839656230139
 4500.0       0.0849090491879
 4550.0       0.0858524754470
 4600.0       0.0867959017886
 4650.0       0.0877393282098
 4700.0       0.0886827547082
 4750.0       0.0896261812813
 4800.0       0.0905696079269
 4850.0       0.0915130346426
 4900.0       0.0924564614263
 4950.0       0.0933998882760
 5000.0       0.0943433151897
# V = 36.846000 (a.u.^3)
    5.0       0.0002811956537
   50.0       0.0009801252865
  100.0       0.0019131306766
  150.0       0.0028564847282
  200.0       0.0038024687870
  250.0       0.0047495091508
  300.0       0.0056970785558
  350.0       0.0066449505316
  400.0       0.0075930117098
  450.0       0.0085411990635
  500.0       0.0094894747594
  550.0       0.0104378147142
  600.0       0.0113862028685
  650.0       0.0123346281026
  700.0       0.0132830824728
  750.0       0.0142315601531
  800.0       0.0151800567737
  850.0       0.0161285689927
  900.0       0.0170770942107
  950.0       0.0180256303755
 1000.0       0.0189741758453
 1050.0       0.0199227292910
 1100.0       0.0208712896250
 1150.0       0.0218198559490
 1200.0       0.0227684275141
 1250.0       0.0237170036917
 1300.0       0.0246655839494
 1350.0       0.0256141678340
 1400.0       0.0265627549569
 1450.0       0.0275113449830
 1500.0       0.0284599376222
 1550.0       0.0294085326216
 1600.0       0.0303571297598
 1650.0       0.0313057288424
 1700.0       0.0322543296980
 1750.0       0.0332029321744
 1800.0       0.0341515361368
 1850.0       0.0351001414645
 1900.0       0.0360487480498
 1950.0       0.0369973557960
 2000.0       0.0379459646159
 2050.0       0.0388945744311
 2100.0       0.0398431851705
 2150.0       0.0407917967695
 2200.0       0.0417404091696
 2250.0       0.0426890223173
 2300.0       0.0436376361639
 2350.0       0.0445862506648
 2400.0       0.0455348657791
 2450.0       0.0464834814693
 2500.0       0.0474320977007
 2550.0       0.0483807144416
 2600.0       0.0493293316625
 2650.0       0.0502779493364
 2700.0       0.0512265674379
 2750.0       0.0521751859439
 2800.0       0.0531238048326
 2850.0       0.0540724240839
 2900.0       0.0550210436790
 2950.0       0.0559696636004
 3000.0       0.0569182838319
 3050.0       0.0578669043582
 3100.0       0.0588155251650
 3150.0       0.0597641462390
 3200.0       0.0607127675676
 3250.0       0.0616613891391
 3300.0       0.0626100109425
 3350.0       0.0635586329673
 3400.0       0.0645072552038
 3450.0       0.0654558776428
 3500.0       0.0664045002756
 3550.0       0.0673531230941
 3600.0       0.0683017460904
 3650.0       0.0692503692574
 3700.0       0.0701989925879
 3750.0       0.0711476160757
 3800.0       0.0720962397143
 3850.0       0.0730448634979
 3900.0       0.0739934874211
 3950.0       0.0749421114784
 4000.0       0.0758907356648
 4050.0       0.0768393599755
 4100.0       0.0777879844061
 4150.0       0.0787366089521
 4200.0       0.0796852336095
 4250.0       0.0806338583743
 4300.0       0.0815824832428
 4350.0       0.0825311082113
 4400.0       0.0834797332766
 4450.0       0.0844283584352
 4500.0       0.0853769836842
 4550.0       0.0863256090205
 4600.0       0.0872742344413
 4650.0       0.0882228599438
 4700.0       0.0891714855255
 4750.0       0.0901201111839
 4800.0       0.0910687369165
 4850.0       0.0920173627211
 4900.0       0.0929659885954
 4950.0       0.0939146145373
 5000.0       0.0948632405449
# V = 36.306100 (a.u.^3)
    5.0       0.0002832068614
   50.0       0.0009819648213
  100.0       0.0019161655901
  150.0       0.0028608548445
  200.0       0.0038082102217
  250.0       0.0047566364677
  300.0       0.0057055990611
  350.0       0.0066548684075
  400.0       0.0076043295728
  450.0       0.0085539186590
  500.0       0.0095035973098
  550.0       0.0104533411087
  600.0       0.0114031337742
  650.0       0.0123529640328
  700.0       0.0133028238307
  750.0       0.0142527072614
  800.0       0.0152026098946
  850.0       0.0161525283421
  900.0       0.0171024599686
  950.0       0.0180524026935
 1000.0       0.0190023548522
 1050.0       0.0199523150972
 1100.0       0.0209022823259
 1150.0       0.0218522556275
 1200.0       0.0228022342429
 1250.0       0.0237522175345
 1300.0       0.0247022049627
 1350.0       0.0256521960681
 1400.0       0.0266021904566
 1450.0       0.0275521877885
 1500.0       0.0285021877697
 1550.0       0.0294521901437
 1600.0       0.0304021946862
 1650.0       0.0313522012000
 1700.0       0.0323022095113
 1750.0       0.0332522194660
 1800.0       0.0342022309271
 1850.0       0.0351522437725
 1900.0       0.0361022578929
 1950.0       0.0370522731902
 2000.0       0.0380022895762
 2050.0       0.0389523069713
 2100.0       0.0399023253032
 2150.0       0.0408523445067
 2200.0       0.0418023645224
 2250.0       0.0427523852961
 2300.0       0.0437024067784
 2350.0       0.0446524289240
 2400.0       0.0456024516915
 2450.0       0.0465524750428
 2500.0       0.0475024989429
 2550.0       0.0484525233595
 2600.0       0.0494025482628
 2650.0       0.0503525736252
 2700.0       0.0513025994213
 2750.0       0.0522526256274
 2800.0       0.0532026522216
 2850.0       0.0541526791833
 2900.0       0.0551027064937
 2950.0       0.0560527341349
 3000.0       0.0570027620904
 3050.0       0.0579527903448
 3100.0       0.0589028188837
 3150.0       0.0598528476933
 3200.0       0.0608028767612
 3250.0       0.0617529060753
 3300.0       0.0627029356245
 3350.0       0.0636529653982
 3400.0       0.0646029953865
 3450.0       0.0655530255801
 3500.0       0.0665030559702
 3550.0       0.0674530865486
 3600.0       0.0684031173072
 3650.0       0.0693531482389
 3700.0       0.0703031793364
 3750.0       0.0712532105932
 3800.0       0.0722032420031
 3850.0       0.0731532735600
 3900.0       0.0741033052583
 3950.0       0.0750533370926
 4000.0       0.0760033690578
 4050.0       0.0769534011491
 4100.0       0.0779034333619
 4150.0       0.0788534656917
 4200.0       0.0798034981344
 4250.0       0.0807535306860
 4300.0       0.0817035633427
 4350.0       0.0826535961009
 4400.0       0.0836036289572
 4450.0       0.0845536619081
 4500.0       0.0855036949506
 4550.0       0.0864537280816
 4600.0       0.0874037612983
 4650.0       0.0883537945979
 4700.0       0.0893038279777
 4750.0       0.0902538614353
 4800.0       0.0912038949681
 4850.0       0.0921539285739
 4900.0       0.0931039622504
 4950.0       0.0940539959954
 5000.0       0.0950040298070
# V = 35.833700 (a.u.^3)
    5.0       0.0002868956568
   50.0       0.0009826288208
  100.0       0.0019165011001
  150.0       0.0028610789114
  200.0       0.0038083783314
  250.0       0.0047567709385
  300.0       0.0057057110780
  350.0       0.0066549643694
  400.0       0.0076044134817
  450.0       0.0085539931844
  500.0       0.0095036643206
  550.0       0.0104534019644
  600.0       0.0114031894948
  650.0       0.0123530154028
  700.0       0.0133028714666
  750.0       0.0142527516566
  800.0       0.0152026514497
  850.0       0.0161525673873
  900.0       0.0171024967790
  950.0       0.0180524375007
 1000.0       0.0190023878531
 1050.0       0.0199523464606
 1100.0       0.0209023121976
 1150.0       0.0218522841342
 1200.0       0.0228022614955
 1250.0       0.0237522436306
 1300.0       0.0247022299888
 1350.0       0.0256522201008
 1400.0       0.0266022135645
 1450.0       0.0275522100331
 1500.0       0.0285022092062
 1550.0       0.0294522108220
 1600.0       0.0304022146516
 1650.0       0.0313522204938
 1700.0       0.0323022281709
 1750.0       0.0332522375256
 1800.0       0.0342022484183
 1850.0       0.0351522607241
 1900.0       0.0361022743316
 1950.0       0.0370522891405
 2000.0       0.0380023050609
 2050.0       0.0389523220113
 2100.0       0.0399023399182
 2150.0       0.0408523587149
 2200.0       0.0418023783407
 2250.0       0.0427523987403
 2300.0       0.0437024198633
 2350.0       0.0446524416634
 2400.0       0.0456024640985
 2450.0       0.0465524871295
 2500.0       0.0475025107208
 2550.0       0.0484525348394
 2600.0       0.0494025594548
 2650.0       0.0503525845390
 2700.0       0.0513026100659
 2750.0       0.0522526360113
 2800.0       0.0532026623529
 2850.0       0.0541526890697
 2900.0       0.0551027161425
 2950.0       0.0560527435530
 3000.0       0.0570027712843
 3050.0       0.0579527993208
 3100.0       0.0589028276477
 3150.0       0.0598528562510
 3200.0       0.0608028851180
 3250.0       0.0617529142363
 3300.0       0.0627029435945
 3350.0       0.0636529731820
 3400.0       0.0646030029886
 3450.0       0.0655530330048
 3500.0       0.0665030632216
 3550.0       0.0674530936305
 3600.0       0.0684031242236
 3650.0       0.0693531549932
 3700.0       0.0703031859321
 3750.0       0.0712532170337
 3800.0       0.0722032482915
 3850.0       0.0731532796994
 3900.0       0.0741033112517
 3950.0       0.0750533429428
 4000.0       0.0760033747676
 4050.0       0.0769534067211
 4100.0       0.0779034387985
 4150.0       0.0788534709955
 4200.0       0.0798035033077
 4250.0       0.0807535357311
 4300.0       0.0817035682618
 4350.0       0.0826536008961
 4400.0       0.0836036336305
 4450.0       0.0845536664615
 4500.0       0.0855036993861
 4550.0       0.0864537324010
 4600.0       0.0874037655033
 4650.0       0.0883537986903
 4700.0       0.0893038319592
 4750.0       0.0902538653074
 4800.0       0.0912038987325
 4850.0       0.0921539322321
 4900.0       0.0931039658039
 4950.0       0.0940539994456
 5000.0       0.0950040331553
# V = 35.428800 (a.u.^3)
    5.0       0.0002906073561
   50.0       0.0009835028160
  100.0       0.0019169451130
  150.0       0.0028613758329
  200.0       0.0038086012858
  250.0       0.0047569494195
  300.0       0.0057058598828
  350.0       0.0066550919685
  400.0       0.0076045251746
  450.0       0.0085540925063
  500.0       0.0095037537474
  550.0       0.0104534832973
  600.0       0.0114032640849
  650.0       0.0123530842896
  700.0       0.0133029354672
  750.0       0.0142528114244
  800.0       0.0152027075159
  850.0       0.0161526201893
  900.0       0.0171025466813
  950.0       0.0180524848102
 1000.0       0.0190024328309
 1050.0       0.0199523893302
 1100.0       0.0209023531522
 1150.0       0.0218523233419
 1200.0       0.0228022991032
 1250.0       0.0237522797678
 1300.0       0.0247022647697
 1350.0       0.0256522536273
 1400.0       0.0266022459273
 1450.0       0.0275522413137
 1500.0       0.0285022394779
 1550.0       0.0294522401510
 1600.0       0.0304022430978
 1650.0       0.0313522481118
 1700.0       0.0323022550104
 1750.0       0.0332522636321
 1800.0       0.0342022738334
 1850.0       0.0351522854862
 1900.0       0.0361022984758
 1950.0       0.0370523126996
 2000.0       0.0380023280648
 2050.0       0.0389523444880
 2100.0       0.0399023618937
 2150.0       0.0408523802132
 2200.0       0.0418023993843
 2250.0       0.0427524193501
 2300.0       0.0437024400590
 2350.0       0.0446524614634
 2400.0       0.0456024835199
 2450.0       0.0465525061885
 2500.0       0.0475025294325
 2550.0       0.0484525532182
 2600.0       0.0494025775141
 2650.0       0.0503526022915
 2700.0       0.0513026275236
 2750.0       0.0522526531856
 2800.0       0.0532026792545
 2850.0       0.0541527057088
 2900.0       0.0551027325286
 2950.0       0.0560527596954
 3000.0       0.0570027871917
 3050.0       0.0579528150014
 3100.0       0.0589028431093
 3150.0       0.0598528715013
 3200.0       0.0608029001639
 3250.0       0.0617529290848
 3300.0       0.0627029582521
 3350.0       0.0636529876548
 3400.0       0.0646030172826
 3450.0       0.0655530471257
 3500.0       0.0665030771748
 3550.0       0.0674531074212
 3600.0       0.0684031378568
 3650.0       0.0693531684736
 3700.0       0.0703031992645
 3750.0       0.0712532302224
 3800.0       0.0722032613407
 3850.0       0.0731532926132
 3900.0       0.0741033240340
 3950.0       0.0750533555973
 4000.0       0.0760033872980
 4050.0       0.0769534191308
 4100.0       0.0779034510910
 4150.0       0.0788534831740
 4200.0       0.0798035153753
 4250.0       0.0807535476908
 4300.0       0.0817035801165
 4350.0       0.0826536126486
 4400.0       0.0836036452835
 4450.0       0.0845536780177
 4500.0       0.0855037108479
 4550.0       0.0864537437710
 4600.0       0.0874037767838
 4650.0       0.0883538098836
 4700.0       0.0893038430675
 4750.0       0.0902538763329
 4800.0       0.0912039096773
 4850.0       0.0921539430981
 4900.0       0.0931039765931
 4950.0       0.0940540101600
 5000.0       0.0950040437966
# V = 34.956400 (a.u.^3)
    5.0       0.0002945701036
   50.0       0.0009844292416
  100.0       0.0019174158145
  150.0       0.0028616905841
  200.0       0.0038088376016
  250.0       0.0047571385671
  300.0       0.0057060175501
  350.0       0.0066552271358
  400.0       0.0076046434606
  450.0       0.0085541976592
  500.0       0.0095038483921
  550.0       0.0104535693434
  600.0       0.0114033429651
  650.0       0.0123531571060
  700.0       0.0133030030859
  750.0       0.0142528745384
  800.0       0.0152027666883
  850.0       0.0161526758838
  900.0       0.0171025992843
  950.0       0.0180525346474
 1000.0       0.0190024801787
 1050.0       0.0199524344260
 1100.0       0.0209023962007
 1150.0       0.0218523645211
 1200.0       0.0228023385691
 1250.0       0.0237523176575
 1300.0       0.0247023012046
 1350.0       0.0256522887151
 1400.0       0.0266022797644
 1450.0       0.0275522739863
 1500.0       0.0285022710638
 1550.0       0.0294522707204
 1600.0       0.0304022727143
 1650.0       0.0313522768331
 1700.0       0.0323022828894
 1750.0       0.0332522907169
 1800.0       0.0342023001682
 1850.0       0.0351523111116
 1900.0       0.0361023234293
 1950.0       0.0370523370155
 2000.0       0.0380023517752
 2050.0       0.0389523676225
 2100.0       0.0399023844797
 2150.0       0.0408524022763
 2200.0       0.0418024209483
 2250.0       0.0427524404373
 2300.0       0.0437024606901
 2350.0       0.0446524816579
 2400.0       0.0456025032960
 2450.0       0.0465525255634
 2500.0       0.0475025484223
 2550.0       0.0484525718379
 2600.0       0.0494025957781
 2650.0       0.0503526202133
 2700.0       0.0513026451159
 2750.0       0.0522526704603
 2800.0       0.0532026962231
 2850.0       0.0541527223820
 2900.0       0.0551027489167
 2950.0       0.0560527758081
 3000.0       0.0570028030382
 3050.0       0.0579528305905
 3100.0       0.0589028584494
 3150.0       0.0598528866002
 3200.0       0.0608029150293
 3250.0       0.0617529437238
 3300.0       0.0627029726716
 3350.0       0.0636530018615
 3400.0       0.0646030312827
 3450.0       0.0655530609253
 3500.0       0.0665030907796
 3550.0       0.0674531208367
 3600.0       0.0684031510883
 3650.0       0.0693531815263
 3700.0       0.0703032121431
 3750.0       0.0712532429316
 3800.0       0.0722032738851
 3850.0       0.0731533049970
 3900.0       0.0741033362613
 3950.0       0.0750533676723
 4000.0       0.0760033992244
 4050.0       0.0769534309123
 4100.0       0.0779034627312
 4150.0       0.0788534946763
 4200.0       0.0798035267430
 4250.0       0.0807535589271
 4300.0       0.0817035912245
 4350.0       0.0826536236313
 4400.0       0.0836036561438
 4450.0       0.0845536887583
 4500.0       0.0855037214715
 4550.0       0.0864537542802
 4600.0       0.0874037871812
 4650.0       0.0883538201715
 4700.0       0.0893038532483
 4750.0       0.0902538864089
 4800.0       0.0912039196507
 4850.0       0.0921539529710
 4900.0       0.0931039863676
 4950.0       0.0940540198382
 5000.0       0.0950040533804
# V = 34.551500 (a.u.^3)
    5.0       0.0002968847204
   50.0       0.0009849637797
  100.0       0.0019176872211
  150.0       0.0028618720542
  200.0       0.0038089738525
  250.0       0.0047572476299
  300.0       0.0057061084700
  350.0       0.0066553050904
  400.0       0.0076047116891
  450.0       0.0085542583223
  500.0       0.0095039030031
  550.0       0.0104536190032
  600.0       0.0114033884994
  650.0       0.0123531991503
  700.0       0.0133030421394
  750.0       0.0142529110005
  800.0       0.0152028008836
  850.0       0.0161527080797
  900.0       0.0171026297036
  950.0       0.0180525634776
 1000.0       0.0190025075795
 1050.0       0.0199524605339
 1100.0       0.0209024211338
 1150.0       0.0218523883822
 1200.0       0.0228023614479
 1250.0       0.0237523396330
 1300.0       0.0247023223469
 1350.0       0.0256523090863
 1400.0       0.0266022994200
 1450.0       0.0275522929761
 1500.0       0.0285022894325
 1550.0       0.0294522885086
 1600.0       0.0304022899586
 1650.0       0.0313522935668
 1700.0       0.0323022991428
 1750.0       0.0332523065180
 1800.0       0.0342023155423
 1850.0       0.0351523260822
 1900.0       0.0361023380179
 1950.0       0.0370523512420
 2000.0       0.0380023656580
 2050.0       0.0389523811787
 2100.0       0.0399023977251
 2150.0       0.0408524152257
 2200.0       0.0418024336154
 2250.0       0.0427524528349
 2300.0       0.0437024728302
 2350.0       0.0446524935517
 2400.0       0.0456025149540
 2450.0       0.0465525369955
 2500.0       0.0475025596378
 2550.0       0.0484525828455
 2600.0       0.0494026065861
 2650.0       0.0503526308293
 2700.0       0.0513026555473
 2750.0       0.0522526807141
 2800.0       0.0532027063058
 2850.0       0.0541527322999
 2900.0       0.0551027586756
 2950.0       0.0560527854136
 3000.0       0.0570028124957
 3050.0       0.0579528399050
 3100.0       0.0589028676256
 3150.0       0.0598528956428
 3200.0       0.0608029239426
 3250.0       0.0617529525120
 3300.0       0.0627029813388
 3350.0       0.0636530104113
 3400.0       0.0646030397189
 3450.0       0.0655530692512
 3500.0       0.0665030989986
 3550.0       0.0674531289520
 3600.0       0.0684031591029
 3650.0       0.0693531894431
 3700.0       0.0703032199650
 3750.0       0.0712532506613
 3800.0       0.0722032815251
 3850.0       0.0731533125499
 3900.0       0.0741033437294
 3950.0       0.0750533750579
 4000.0       0.0760034065297
 4050.0       0.0769534381395
 4100.0       0.0779034698823
 4150.0       0.0788535017533
 4200.0       0.0798035337478
 4250.0       0.0807535658616
 4300.0       0.0817035980904
 4350.0       0.0826536304304
 4400.0       0.0836036628776
 4450.0       0.0845536954285
 4500.0       0.0855037280797
 4550.0       0.0864537608278
 4600.0       0.0874037936697
 4650.0       0.0883538266023
 4700.0       0.0893038596228
 4750.0       0.0902538927284
 4800.0       0.0912039259163
 4850.0       0.0921539591842
 4900.0       0.0931039925295
 4950.0       0.0940540259498
 5000.0       0.0950040594430
