# V (a.u.^3)  Helmholtz Free Energy (Ry.)
# T= 0.000000 K
  41.1649      0.672940760
  40.4226      0.700890725
  39.7477      0.728277909
  39.0729      0.755171107
  38.4656      0.781676045
  37.9257      0.807831404
  37.3858      0.833647546
  36.8460      0.859109125
  36.3061      0.884226776
  35.8337      0.909030105
  35.4288      0.933524229
  34.9564      0.957726611
  34.5515      0.981655640
# T= 50.000000 K
  41.1649      0.672010643
  40.4226      0.699941381
  39.7477      0.727340589
  39.0729      0.754236366
  38.4656      0.780761715
  37.9257      0.806931341
  37.3858      0.832753264
  36.8460      0.858221086
  36.3061      0.883344916
  35.8337      0.908166404
  35.4288      0.932673275
  34.9564      0.956888357
  34.5515      0.980824513
# T= 100.000000 K
  41.1649      0.669990804
  40.4226      0.697879279
  39.7477      0.725294670
  39.0729      0.752200683
  38.4656      0.778753779
  37.9257      0.804942578
  37.3858      0.830767181
  36.8460      0.856239077
  36.3061      0.881369990
  35.8337      0.906215425
  35.4288      0.930739727
  34.9564      0.954972271
  34.5515      0.978918258
# T= 150.000000 K
  41.1649      0.667491712
  40.4226      0.695327424
  39.7477      0.722759082
  39.0729      0.749678952
  38.4656      0.776260280
  37.9257      0.802468323
  37.3858      0.828292559
  36.8460      0.853765939
  36.3061      0.878903270
  35.8337      0.903772762
  35.4288      0.928314639
  34.9564      0.952564799
  34.5515      0.976520706
# T= 200.000000 K
  41.1649      0.664679658
  40.4226      0.692455720
  39.7477      0.719903654
  39.0729      0.746839718
  38.4656      0.773449534
  37.9257      0.799676812
  37.3858      0.825498649
  36.8460      0.850971780
  36.3061      0.876115068
  35.8337      0.901008644
  35.4288      0.925568135
  34.9564      0.949835949
  34.5515      0.973801800
# T= 250.000000 K
  41.1649      0.661634510
  40.4226      0.689345788
  39.7477      0.716809996
  39.0729      0.743763988
  38.4656      0.770402467
  37.9257      0.796648961
  37.3858      0.822466877
  36.8460      0.847938458
  36.3061      0.873087355
  35.8337      0.898005028
  35.4288      0.922582146
  34.9564      0.946867630
  34.5515      0.970843433
# T= 300.000000 K
  41.1649      0.658403477
  40.4226      0.686045874
  39.7477      0.713526352
  39.0729      0.740499653
  38.4656      0.767166931
  37.9257      0.793432620
  37.3858      0.819245399
  36.8460      0.844714389
  36.3061      0.869868616
  35.8337      0.894810390
  35.4288      0.919405143
  34.9564      0.943708306
  34.5515      0.967694065
# T= 350.000000 K
  41.1649      0.655017806
  40.4226      0.682587913
  39.7477      0.710084653
  39.0729      0.737078411
  38.4656      0.763774600
  37.9257      0.790059467
  37.3858      0.815866095
  36.8460      0.841331627
  36.3061      0.866490950
  35.8337      0.891456829
  35.4288      0.916069221
  34.9564      0.940390066
  34.5515      0.964385784
# T= 400.000000 K
  41.1649      0.651499723
  40.4226      0.678994621
  39.7477      0.706507618
  39.0729      0.733522816
  38.4656      0.760248009
  37.9257      0.786552037
  37.3858      0.812351644
  36.8460      0.837812976
  36.3061      0.862977194
  35.8337      0.887967181
  35.4288      0.912597214
  34.9564      0.936935745
  34.5515      0.960941424
# T= 450.000000 K
  41.1649      0.647865858
  40.4226      0.675282992
  39.7477      0.702812242
  39.0729      0.729849737
  38.4656      0.756604017
  37.9257      0.782927191
  37.3858      0.808719018
  36.8460      0.834175499
  36.3061      0.859344437
  35.8337      0.884358532
  35.4288      0.909006209
  34.9564      0.933362427
  34.5515      0.957378068
# T= 500.000000 K
  41.1649      0.644129121
  40.4226      0.671466224
  39.7477      0.699011720
  39.0729      0.726072276
  38.4656      0.752855715
  37.9257      0.779198021
  37.3858      0.804981392
  36.8460      0.830432446
  36.3061      0.855605946
  35.8337      0.880644151
  35.4288      0.905309472
  34.9564      0.929683379
  34.5515      0.953708983
# T= 550.000000 K
  41.1649      0.640299830
  40.4226      0.667554861
  39.7477      0.695116599
  39.0729      0.722200902
  38.4656      0.749013563
  37.9257      0.775374989
  37.3858      0.801149296
  36.8460      0.826594402
  36.3061      0.851772326
  35.8337      0.876834640
  35.4288      0.901517607
  34.9564      0.925909204
  34.5515      0.949944770
# T= 600.000000 K
  41.1649      0.636386419
  40.4226      0.663557522
  39.7477      0.691135498
  39.0729      0.718244171
  38.4656      0.745086115
  37.9257      0.771466649
  37.3858      0.797231340
  36.8460      0.822670024
  36.3061      0.847852243
  35.8337      0.872938668
  35.4288      0.897639281
  34.9564      0.922048568
  34.5515      0.946094099
# T= 650.000000 K
  41.1649      0.632395913
  40.4226      0.659481388
  39.7477      0.687075597
  39.0729      0.714209212
  38.4656      0.741080491
  37.9257      0.767480123
  37.3858      0.793234690
  36.8460      0.818666521
  36.3061      0.843852918
  35.8337      0.868963453
  35.4288      0.893681714
  34.9564      0.918108692
  34.5515      0.942164186
# T= 700.000000 K
  41.1649      0.628334252
  40.4226      0.655332528
  39.7477      0.682942967
  39.0729      0.710102052
  38.4656      0.737002715
  37.9257      0.763421436
  37.3858      0.789165412
  36.8460      0.814589989
  36.3061      0.839780455
  35.8337      0.864915102
  35.4288      0.889651010
  34.9564      0.914095679
  34.5515      0.938161137
# T= 750.000000 K
  41.1649      0.624206525
  40.4226      0.651116147
  39.7477      0.678742811
  39.0729      0.705927855
  38.4656      0.732857949
  37.9257      0.759295749
  37.3858      0.785028700
  36.8460      0.810445651
  36.3061      0.835640087
  35.8337      0.860798845
  35.4288      0.885552400
  34.9564      0.910014761
  34.5515      0.934090184
# T= 800.000000 K
  41.1649      0.620017143
  40.4226      0.646836750
  39.7477      0.674479637
  39.0729      0.701691097
  38.4656      0.728650665
  37.9257      0.755107534
  37.3858      0.780829055
  36.8460      0.806238034
  36.3061      0.831436345
  35.8337      0.856619215
  35.4288      0.881390418
  34.9564      0.905870471
  34.5515      0.929955858
# T= 850.000000 K
  41.1649      0.615769963
  40.4226      0.642498281
  39.7477      0.670157387
  39.0729      0.697395692
  38.4656      0.724384772
  37.9257      0.750860704
  37.3858      0.776570415
  36.8460      0.801971097
  36.3061      0.827173195
  35.8337      0.852380177
  35.4288      0.877169028
  34.9564      0.901666774
  34.5515      0.925762125
# T= 900.000000 K
  41.1649      0.611468390
  40.4226      0.638104218
  39.7477      0.665779540
  39.0729      0.693045092
  38.4656      0.720063724
  37.9257      0.746558710
  37.3858      0.772256253
  36.8460      0.797648333
  36.3061      0.822854135
  35.8337      0.848085229
  35.4288      0.872891729
  34.9564      0.897407166
  34.5515      0.921512483
# T= 950.000000 K
  41.1649      0.607115446
  40.4226      0.633657652
  39.7477      0.661349187
  39.0729      0.688642368
  38.4656      0.715690586
  37.9257      0.742204620
  37.3858      0.767889657
  36.8460      0.793272845
  36.3061      0.818482274
  35.8337      0.843737480
  35.4288      0.868561628
  34.9564      0.893094758
  34.5515      0.917210039
# T= 1000.000000 K
  41.1649      0.602713839
  40.4226      0.629161349
  39.7477      0.656869095
  39.0729      0.684190264
  38.4656      0.711268102
  37.9257      0.737801176
  37.3858      0.763473389
  36.8460      0.788847411
  36.3061      0.814060392
  35.8337      0.839339711
  35.4288      0.864181507
  34.9564      0.888732329
  34.5515      0.912857576
# T= 1050.000000 K
  41.1649      0.598266002
  40.4226      0.624617797
  39.7477      0.652341750
  39.0729      0.679691251
  38.4656      0.706798742
  37.9257      0.733350850
  37.3858      0.759009933
  36.8460      0.784374529
  36.3061      0.809590993
  35.8337      0.834894423
  35.4288      0.859753868
  34.9564      0.884322384
  34.5515      0.908457595
# T= 1100.000000 K
  41.1649      0.593774140
  40.4226      0.620029248
  39.7477      0.647769406
  39.0729      0.675147565
  38.4656      0.702284738
  37.9257      0.728855873
  37.3858      0.754501538
  36.8460      0.779856461
  36.3061      0.805076340
  35.8337      0.830403883
  35.4288      0.855280976
  34.9564      0.879867185
  34.5515      0.904012361
# T= 1150.000000 K
  41.1649      0.589240253
  40.4226      0.615397748
  39.7477      0.643154109
  39.0729      0.670561237
  38.4656      0.697728122
  37.9257      0.724318278
  37.3858      0.749950248
  36.8460      0.775295262
  36.3061      0.800518492
  35.8337      0.825870147
  35.4288      0.850764889
  34.9564      0.875368791
  34.5515      0.899523932
# T= 1200.000000 K
  41.1649      0.584666171
  40.4226      0.610725165
  39.7477      0.638497727
  39.0729      0.665934122
  38.4656      0.693130746
  37.9257      0.719739919
  37.3858      0.745357929
  36.8460      0.770692808
  36.3061      0.795919327
  35.8337      0.821295095
  35.4288      0.846207486
  34.9564      0.870829081
  34.5515      0.894994187
# T= 1250.000000 K
  41.1649      0.580053568
  40.4226      0.606013213
  39.7477      0.633801973
  39.0729      0.661267920
  38.4656      0.688494310
  37.9257      0.715122494
  37.3858      0.740726291
  36.8460      0.766050818
  36.3061      0.791280568
  35.8337      0.816680449
  35.4288      0.841610489
  34.9564      0.866249777
  34.5515      0.890424848
# T= 1300.000000 K
  41.1649      0.575403988
  40.4226      0.601263466
  39.7477      0.629068423
  39.0729      0.656564196
  38.4656      0.683820378
  37.9257      0.710467566
  37.3858      0.736056908
  36.8460      0.761370875
  36.3061      0.786603800
  35.8337      0.812027794
  35.4288      0.836975483
  34.9564      0.861632464
  34.5515      0.885817500
# T= 1350.000000 K
  41.1649      0.570718851
  40.4226      0.596477380
  39.7477      0.624298531
  39.0729      0.651824394
  38.4656      0.679110391
  37.9257      0.705776580
  37.3858      0.731351232
  36.8460      0.756654439
  36.3061      0.781890485
  35.8337      0.807338591
  35.4288      0.832303929
  34.9564      0.856978603
  34.5515      0.881173605
# T= 1400.000000 K
  41.1649      0.565999476
  40.4226      0.591656299
  39.7477      0.619493642
  39.0729      0.647049849
  38.4656      0.674365686
  37.9257      0.701050870
  37.3858      0.726610608
  36.8460      0.751902862
  36.3061      0.777141977
  35.8337      0.802614196
  35.4288      0.827597183
  34.9564      0.852289550
  34.5515      0.876494518
# T= 1450.000000 K
  41.1649      0.561247085
  40.4226      0.586801476
  39.7477      0.614655009
  39.0729      0.642241804
  38.4656      0.669587504
  37.9257      0.696291678
  37.3858      0.721836284
  36.8460      0.747117400
  36.3061      0.772359533
  35.8337      0.797855865
  35.4288      0.822856501
  34.9564      0.847566562
  34.5515      0.871781494
# T= 1500.000000 K
  41.1649      0.556462819
  40.4226      0.581914073
  39.7477      0.609783794
  39.0729      0.637401414
  38.4656      0.664776998
  37.9257      0.691500158
  37.3858      0.717029422
  36.8460      0.742299221
  36.3061      0.767544324
  35.8337      0.793064768
  35.4288      0.818083054
  34.9564      0.842810808
  34.5515      0.867035706
# T= 1550.000000 K
  41.1649      0.551647739
  40.4226      0.576995177
  39.7477      0.604881085
  39.0729      0.632529757
  38.4656      0.659935247
  37.9257      0.686677388
  37.3858      0.712191109
  36.8460      0.737449417
  36.3061      0.762697443
  35.8337      0.788242000
  35.4288      0.813277934
  34.9564      0.838023382
  34.5515      0.862258245
# T= 1600.000000 K
  41.1649      0.546802840
  40.4226      0.572045803
  39.7477      0.599947897
  39.0729      0.627627842
  38.4656      0.655063258
  37.9257      0.681824377
  37.3858      0.707322358
  36.8460      0.732569008
  36.3061      0.757819911
  35.8337      0.783388581
  35.4288      0.808442164
  34.9564      0.833205306
  34.5515      0.857450134
# T= 1650.000000 K
  41.1649      0.541929054
  40.4226      0.567066906
  39.7477      0.594985183
  39.0729      0.622696616
  38.4656      0.650161978
  37.9257      0.676942070
  37.3858      0.702424121
  36.8460      0.727658949
  36.3061      0.752912686
  35.8337      0.778505469
  35.4288      0.803576702
  34.9564      0.828357537
  34.5515      0.852612330
# T= 1700.000000 K
  41.1649      0.537027256
  40.4226      0.562059379
  39.7477      0.589993837
  39.0729      0.617736966
  38.4656      0.645232294
  37.9257      0.672031355
  37.3858      0.697497291
  36.8460      0.722720142
  36.3061      0.747976669
  35.8337      0.773593565
  35.4288      0.798682447
  34.9564      0.823480975
  34.5515      0.847745734
# T= 1750.000000 K
  41.1649      0.532098271
  40.4226      0.557024066
  39.7477      0.584974704
  39.0729      0.612749729
  38.4656      0.640275041
  37.9257      0.667093067
  37.3858      0.692542711
  36.8460      0.717753430
  36.3061      0.743012707
  35.8337      0.768653715
  35.4288      0.793760246
  34.9564      0.818576469
  34.5515      0.842851193
# T= 1800.000000 K
  41.1649      0.527142876
  40.4226      0.551961759
  39.7477      0.579928575
  39.0729      0.607735693
  38.4656      0.635291007
  37.9257      0.662127995
  37.3858      0.687561172
  36.8460      0.712759611
  36.3061      0.738021597
  35.8337      0.763686718
  35.4288      0.788810899
  34.9564      0.813644815
  34.5515      0.837929505
# T= 1850.000000 K
  41.1649      0.522161804
  40.4226      0.546873209
  39.7477      0.574856202
  39.0729      0.602695603
  38.4656      0.630280937
  37.9257      0.657136883
  37.3858      0.682553425
  36.8460      0.707739439
  36.3061      0.733004095
  35.8337      0.758693329
  35.4288      0.783835159
  34.9564      0.808686769
  34.5515      0.832981424
# T= 1900.000000 K
  41.1649      0.517155749
  40.4226      0.541759125
  39.7477      0.569758294
  39.0729      0.597630163
  38.4656      0.625245534
  37.9257      0.652120434
  37.3858      0.677520176
  36.8460      0.702693626
  36.3061      0.727960914
  35.8337      0.753674261
  35.4288      0.778833741
  34.9564      0.803703043
  34.5515      0.828007664
# T= 1950.000000 K
  41.1649      0.512125369
  40.4226      0.536620180
  39.7477      0.564635523
  39.0729      0.592540040
  38.4656      0.620185465
  37.9257      0.647079316
  37.3858      0.672462099
  36.8460      0.697622846
  36.3061      0.722892730
  35.8337      0.748630190
  35.4288      0.773807318
  34.9564      0.798694315
  34.5515      0.823008901
# T= 2000.000000 K
  41.1649      0.507071288
  40.4226      0.531457011
  39.7477      0.559488527
  39.0729      0.587425867
  38.4656      0.615101363
  37.9257      0.642014161
  37.3858      0.667379828
  36.8460      0.692527741
  36.3061      0.717800183
  35.8337      0.743561756
  35.4288      0.768756534
  34.9564      0.793661224
  34.5515      0.817985776
# T= 2050.000000 K
  41.1649      0.501994099
  40.4226      0.526270224
  39.7477      0.554317911
  39.0729      0.582288246
  38.4656      0.609993828
  37.9257      0.636925570
  37.3858      0.662273970
  36.8460      0.687408918
  36.3061      0.712683884
  35.8337      0.738469570
  35.4288      0.763681997
  34.9564      0.788604381
  34.5515      0.812938898
# T= 2100.000000 K
  41.1649      0.496894365
  40.4226      0.521060395
  39.7477      0.549124252
  39.0729      0.577127748
  38.4656      0.604863433
  37.9257      0.631814116
  37.3858      0.657145100
  36.8460      0.682266955
  36.3061      0.707544411
  35.8337      0.733354210
  35.4288      0.758584287
  34.9564      0.783524364
  34.5515      0.807868847
# T= 2150.000000 K
  41.1649      0.491772623
  40.4226      0.515828072
  39.7477      0.543908098
  39.0729      0.571944919
  38.4656      0.599710721
  37.9257      0.626680341
  37.3858      0.651993765
  36.8460      0.677102405
  36.3061      0.702382317
  35.8337      0.728216228
  35.4288      0.753463955
  34.9564      0.778421726
  34.5515      0.802776174
# T= 2200.000000 K
  41.1649      0.486629385
  40.4226      0.510573779
  39.7477      0.538669972
  39.0729      0.566740278
  38.4656      0.594536211
  37.9257      0.621524766
  37.3858      0.646820489
  36.8460      0.671915792
  36.3061      0.697198127
  35.8337      0.723056151
  35.4288      0.748321527
  34.9564      0.773296992
  34.5515      0.797661405
# T= 2250.000000 K
  41.1649      0.481465139
  40.4226      0.505298015
  39.7477      0.533410375
  39.0729      0.561514321
  38.4656      0.589340400
  37.9257      0.616347887
  37.3858      0.641625769
  36.8460      0.666707618
  36.3061      0.691992344
  35.8337      0.717874481
  35.4288      0.743157506
  34.9564      0.768150665
  34.5515      0.792525044
# T= 2300.000000 K
  41.1649      0.476280353
  40.4226      0.500001258
  39.7477      0.528129782
  39.0729      0.556267520
  38.4656      0.584123760
  37.9257      0.611150175
  37.3858      0.636410083
  36.8460      0.661478361
  36.3061      0.686765447
  35.8337      0.712671697
  35.4288      0.737972372
  34.9564      0.762983225
  34.5515      0.787367569
# T= 2350.000000 K
  41.1649      0.471075473
  40.4226      0.494683963
  39.7477      0.522828652
  39.0729      0.551000330
  38.4656      0.578886745
  37.9257      0.605932086
  37.3858      0.631173886
  36.8460      0.656228481
  36.3061      0.681517896
  35.8337      0.707448260
  35.4288      0.732766584
  34.9564      0.757795130
  34.5515      0.782189440
# T= 2400.000000 K
  41.1649      0.465850927
  40.4226      0.489346568
  39.7477      0.517507420
  39.0729      0.545713185
  38.4656      0.573629787
  37.9257      0.600694051
  37.3858      0.625917615
  36.8460      0.650958416
  36.3061      0.676250131
  35.8337      0.702204607
  35.4288      0.727540581
  34.9564      0.752586821
  34.5515      0.776991096
# T= 2450.000000 K
  41.1649      0.460607124
  40.4226      0.483989492
  39.7477      0.512166505
  39.0729      0.540406500
  38.4656      0.568353303
  37.9257      0.595436487
  37.3858      0.620641688
  36.8460      0.645668587
  36.3061      0.670962572
  35.8337      0.696941161
  35.4288      0.722294784
  34.9564      0.747358718
  34.5515      0.771772958
# T= 2500.000000 K
  41.1649      0.455344458
  40.4226      0.478613136
  39.7477      0.506806310
  39.0729      0.535080674
  38.4656      0.563057691
  37.9257      0.590159793
  37.3858      0.615346507
  36.8460      0.640359397
  36.3061      0.665655623
  35.8337      0.691658325
  35.4288      0.717029598
  34.9564      0.742111225
  34.5515      0.766535432
# T= 2550.000000 K
  41.1649      0.450063305
  40.4226      0.473217887
  39.7477      0.501427219
  39.0729      0.529736089
  38.4656      0.557743334
  37.9257      0.584864350
  37.3858      0.610032455
  36.8460      0.635031234
  36.3061      0.660329673
  35.8337      0.686356488
  35.4288      0.711745410
  34.9564      0.736844731
  34.5515      0.761278903
# T= 2600.000000 K
  41.1649      0.444764028
  40.4226      0.467804113
  39.7477      0.496029604
  39.0729      0.524373115
  38.4656      0.552410599
  37.9257      0.579550527
  37.3858      0.604699905
  36.8460      0.629684469
  36.3061      0.654985093
  35.8337      0.681036021
  35.4288      0.706442593
  34.9564      0.731559608
  34.5515      0.756003745
# T= 2650.000000 K
  41.1649      0.439446977
  40.4226      0.462372173
  39.7477      0.490613821
  39.0729      0.518992104
  38.4656      0.547059839
  37.9257      0.574218677
  37.3858      0.599349210
  36.8460      0.624319460
  36.3061      0.649622243
  35.8337      0.675697284
  35.4288      0.701121505
  34.9564      0.726256214
  34.5515      0.750710316
# T= 2700.000000 K
  41.1649      0.434112486
  40.4226      0.456922408
  39.7477      0.485180212
  39.0729      0.513593396
  38.4656      0.541691395
  37.9257      0.568869140
  37.3858      0.593980714
  36.8460      0.618936551
  36.3061      0.644241466
  35.8337      0.670340620
  35.4288      0.695782491
  34.9564      0.720934893
  34.5515      0.745398962
# T= 2750.000000 K
  41.1649      0.428760877
  40.4226      0.451455148
  39.7477      0.479729108
  39.0729      0.508177320
  38.4656      0.536305595
  37.9257      0.563502244
  37.3858      0.588594746
  36.8460      0.613536075
  36.3061      0.638843095
  35.8337      0.664966363
  35.4288      0.690425883
  34.9564      0.715595979
  34.5515      0.740070013
# T= 2800.000000 K
  41.1649      0.423392464
  40.4226      0.445970713
  39.7477      0.474260827
  39.0729      0.502744192
  38.4656      0.530902753
  37.9257      0.558118305
  37.3858      0.583191625
  36.8460      0.608118350
  36.3061      0.633427451
  35.8337      0.659574831
  35.4288      0.685052001
  34.9564      0.710239791
  34.5515      0.734723790
# T= 2850.000000 K
  41.1649      0.418007545
  40.4226      0.440469408
  39.7477      0.468775675
  39.0729      0.497294315
  38.4656      0.525483175
  37.9257      0.552717626
  37.3858      0.577771655
  36.8460      0.602683685
  36.3061      0.627994840
  35.8337      0.654166334
  35.4288      0.679661153
  34.9564      0.704866637
  34.5515      0.729360602
# T= 2900.000000 K
  41.1649      0.412606410
  40.4226      0.434951529
  39.7477      0.463273949
  39.0729      0.491827984
  38.4656      0.520047153
  37.9257      0.547300502
  37.3858      0.572335134
  36.8460      0.597232376
  36.3061      0.622545562
  35.8337      0.648741169
  35.4288      0.674253637
  34.9564      0.699476815
  34.5515      0.723980745
# T= 2950.000000 K
  41.1649      0.407189339
  40.4226      0.429417363
  39.7477      0.457755934
  39.0729      0.486345482
  38.4656      0.514594972
  37.9257      0.541867216
  37.3858      0.566882345
  36.8460      0.591764711
  36.3061      0.617079903
  35.8337      0.643299623
  35.4288      0.668829741
  34.9564      0.694070612
  34.5515      0.718584508
# T= 3000.000000 K
  41.1649      0.401756602
  40.4226      0.423867185
  39.7477      0.452221907
  39.0729      0.480847084
  38.4656      0.509126905
  37.9257      0.536418043
  37.3858      0.561413566
  36.8460      0.586280967
  36.3061      0.611598141
  35.8337      0.637841974
  35.4288      0.663389741
  34.9564      0.688648307
  34.5515      0.713172168
# T= 3050.000000 K
  41.1649      0.396308460
  40.4226      0.418301262
  39.7477      0.446672133
  39.0729      0.475333054
  38.4656      0.503643217
  37.9257      0.530953246
  37.3858      0.555929063
  36.8460      0.580781411
  36.3061      0.606100545
  35.8337      0.632368490
  35.4288      0.657933907
  34.9564      0.683210167
  34.5515      0.707743994
# T= 3100.000000 K
  41.1649      0.390845166
  40.4226      0.412719853
  39.7477      0.441106873
  39.0729      0.469803649
  38.4656      0.498144165
  37.9257      0.525473082
  37.3858      0.550429092
  36.8460      0.575266304
  36.3061      0.600587373
  35.8337      0.626879432
  35.4288      0.652462499
  34.9564      0.677756452
  34.5515      0.702300244
# T= 3150.000000 K
  41.1649      0.385366963
  40.4226      0.407123207
  39.7477      0.435526375
  39.0729      0.464259117
  38.4656      0.492629995
  37.9257      0.519977799
  37.3858      0.544913905
  36.8460      0.569735896
  36.3061      0.595058878
  35.8337      0.621375050
  35.4288      0.646975766
  34.9564      0.672287413
  34.5515      0.696841171
# T= 3200.000000 K
  41.1649      0.379874090
  40.4226      0.401511566
  39.7477      0.429930881
  39.0729      0.458699698
  38.4656      0.487100949
  37.9257      0.514467637
  37.3858      0.539383742
  36.8460      0.564190430
  36.3061      0.589515302
  35.8337      0.615855587
  35.4288      0.641473953
  34.9564      0.666803294
  34.5515      0.691367017
# T= 3250.000000 K
  41.1649      0.374366774
  40.4226      0.395885164
  39.7477      0.424320625
  39.0729      0.453125624
  38.4656      0.481557258
  37.9257      0.508942828
  37.3858      0.533838838
  36.8460      0.558630141
  36.3061      0.583956882
  35.8337      0.610321280
  35.4288      0.635957295
  34.9564      0.661304330
  34.5515      0.685878019
# T= 3300.000000 K
  41.1649      0.368845238
  40.4226      0.390244229
  39.7477      0.418695835
  39.0729      0.447537122
  38.4656      0.475999148
  37.9257      0.503403598
  37.3858      0.528279418
  36.8460      0.553055257
  36.3061      0.578383845
  35.8337      0.604772356
  35.4288      0.630426021
  34.9564      0.655790750
  34.5515      0.680374404
# T= 3350.000000 K
  41.1649      0.363309698
  40.4226      0.384588980
  39.7477      0.413056731
  39.0729      0.441934409
  38.4656      0.470426837
  37.9257      0.497850165
  37.3858      0.522705704
  36.8460      0.547466000
  36.3061      0.572796414
  35.8337      0.599209038
  35.4288      0.624880352
  34.9564      0.650262774
  34.5515      0.674856395
# T= 3400.000000 K
  41.1649      0.357760363
  40.4226      0.378919632
  39.7477      0.407403526
  39.0729      0.436317697
  38.4656      0.464840537
  37.9257      0.492282742
  37.3858      0.517117909
  36.8460      0.541862583
  36.3061      0.567194802
  35.8337      0.593631539
  35.4288      0.619320503
  34.9564      0.644720619
  34.5515      0.669324205
# T= 3450.000000 K
  41.1649      0.352197435
  40.4226      0.373236391
  39.7477      0.401736429
  39.0729      0.430687193
  38.4656      0.459240454
  37.9257      0.486701533
  37.3858      0.511516239
  36.8460      0.536245216
  36.3061      0.561579218
  35.8337      0.588040069
  35.4288      0.613746682
  34.9564      0.639164492
  34.5515      0.663778044
# T= 3500.000000 K
  41.1649      0.346621112
  40.4226      0.367539460
  39.7477      0.396055639
  39.0729      0.425043097
  38.4656      0.453626788
  37.9257      0.481106739
  37.3858      0.505900895
  36.8460      0.530614100
  36.3061      0.555949866
  35.8337      0.582434829
  35.4288      0.608159092
  34.9564      0.633594596
  34.5515      0.658218113
# T= 3550.000000 K
  41.1649      0.341031584
  40.4226      0.361829033
  39.7477      0.390361354
  39.0729      0.419385603
  38.4656      0.447999733
  37.9257      0.475498555
  37.3858      0.500272074
  36.8460      0.524969432
  36.3061      0.550306941
  35.8337      0.576816018
  35.4288      0.602557930
  34.9564      0.628011128
  34.5515      0.652644611
# T= 3600.000000 K
  41.1649      0.335429039
  40.4226      0.356105301
  39.7477      0.384653762
  39.0729      0.413714898
  38.4656      0.442359477
  37.9257      0.469877167
  37.3858      0.494629965
  36.8460      0.519311403
  36.3061      0.544650635
  35.8337      0.571183825
  35.4288      0.596943387
  34.9564      0.622414279
  34.5515      0.647057727
# T= 3650.000000 K
  41.1649      0.329813656
  40.4226      0.350368448
  39.7477      0.378933049
  39.0729      0.408031168
  38.4656      0.436706204
  37.9257      0.464242761
  37.3858      0.488974752
  36.8460      0.513640198
  36.3061      0.538981134
  35.8337      0.565538437
  35.4288      0.591315649
  34.9564      0.616804234
  34.5515      0.641457648
# T= 3700.000000 K
  41.1649      0.324185612
  40.4226      0.344618655
  39.7477      0.373199395
  39.0729      0.402334590
  38.4656      0.431040091
  37.9257      0.458595514
  37.3858      0.483306615
  36.8460      0.507955997
  36.3061      0.533298619
  35.8337      0.559880034
  35.4288      0.585674896
  34.9564      0.611181175
  34.5515      0.635844554
# T= 3750.000000 K
  41.1649      0.318545077
  40.4226      0.338856096
  39.7477      0.367452974
  39.0729      0.396625338
  38.4656      0.425361314
  37.9257      0.452935599
  37.3858      0.477625729
  36.8460      0.502258977
  36.3061      0.527603264
  35.8337      0.554208793
  35.4288      0.580021304
  34.9564      0.605545277
  34.5515      0.630218622
# T= 3800.000000 K
  41.1649      0.312892219
  40.4226      0.333080941
  39.7477      0.361693957
  39.0729      0.390903581
  38.4656      0.419670040
  37.9257      0.447263187
  37.3858      0.471932263
  36.8460      0.496549308
  36.3061      0.521895242
  35.8337      0.548524885
  35.4288      0.574355045
  34.9564      0.599896712
  34.5515      0.624580022
# T= 3850.000000 K
  41.1649      0.307227199
  40.4226      0.327293356
  39.7477      0.355922509
  39.0729      0.385169484
  38.4656      0.413966434
  37.9257      0.441578440
  37.3858      0.466226384
  36.8460      0.490827157
  36.3061      0.516174720
  35.8337      0.542828475
  35.4288      0.568676285
  34.9564      0.594235646
  34.5515      0.618928922
# T= 3900.000000 K
  41.1649      0.301550175
  40.4226      0.321493503
  39.7477      0.350138792
  39.0729      0.379423206
  38.4656      0.408250655
  37.9257      0.435881520
  37.3858      0.460508252
  36.8460      0.485092686
  36.3061      0.510441859
  35.8337      0.537119727
  35.4288      0.562985187
  34.9564      0.588562241
  34.5515      0.613265483
# T= 3950.000000 K
  41.1649      0.295861302
  40.4226      0.315681538
  39.7477      0.344342963
  39.0729      0.373664904
  38.4656      0.402522861
  37.9257      0.430172582
  37.3858      0.454778024
  36.8460      0.479346053
  36.3061      0.504696818
  35.8337      0.531398799
  35.4288      0.557281908
  34.9564      0.582876657
  34.5515      0.607589864
# T= 4000.000000 K
  41.1649      0.290160728
  40.4226      0.309857616
  39.7477      0.338535175
  39.0729      0.367894730
  38.4656      0.396783203
  37.9257      0.424451778
  37.3858      0.449035854
  36.8460      0.473587411
  36.3061      0.498939750
  35.8337      0.525665845
  35.4288      0.551566603
  34.9564      0.577179046
  34.5515      0.601902219
# T= 4050.000000 K
  41.1649      0.284448602
  40.4226      0.304021886
  39.7477      0.332715579
  39.0729      0.362112833
  38.4656      0.391031830
  37.9257      0.418719258
  37.3858      0.443281891
  36.8460      0.467816912
  36.3061      0.493170807
  35.8337      0.519921015
  35.4288      0.545839423
  34.9564      0.571469560
  34.5515      0.596202698
# T= 4100.000000 K
  41.1649      0.278725064
  40.4226      0.298174492
  39.7477      0.326884319
  39.0729      0.356319358
  38.4656      0.385268886
  37.9257      0.412975165
  37.3858      0.437516281
  36.8460      0.462034700
  36.3061      0.487390135
  35.8337      0.514164456
  35.4288      0.540100514
  34.9564      0.565748344
  34.5515      0.590491448
# T= 4150.000000 K
  41.1649      0.272990255
  40.4226      0.292315579
  39.7477      0.321041538
  39.0729      0.350514444
  38.4656      0.379494512
  37.9257      0.407219641
  37.3858      0.431739165
  36.8460      0.456240920
  36.3061      0.481597877
  35.8337      0.508396311
  35.4288      0.534350018
  34.9564      0.560015543
  34.5515      0.584768612
# T= 4200.000000 K
  41.1649      0.267244310
  40.4226      0.286445284
  39.7477      0.315187376
  39.0729      0.344698231
  38.4656      0.373708846
  37.9257      0.401452823
  37.3858      0.425950682
  36.8460      0.450435710
  36.3061      0.475794173
  35.8337      0.502616720
  35.4288      0.528588077
  34.9564      0.554271295
  34.5515      0.579034330
# T= 4250.000000 K
  41.1649      0.261487361
  40.4226      0.280563743
  39.7477      0.309321966
  39.0729      0.338870853
  38.4656      0.367912022
  37.9257      0.395674846
  37.3858      0.420150967
  36.8460      0.444619207
  36.3061      0.469979158
  35.8337      0.496825818
  35.4288      0.522814825
  34.9564      0.548515737
  34.5515      0.573288737
# T= 4300.000000 K
  41.1649      0.255719539
  40.4226      0.274671088
  39.7477      0.303445442
  39.0729      0.333032441
  38.4656      0.362104173
  37.9257      0.389885841
  37.3858      0.414340153
  36.8460      0.438791543
  36.3061      0.464152966
  35.8337      0.491023739
  35.4288      0.517030395
  34.9564      0.542749001
  34.5515      0.567531967
# T= 4350.000000 K
  41.1649      0.249940969
  40.4226      0.268767449
  39.7477      0.297557933
  39.0729      0.327183124
  38.4656      0.356285425
  37.9257      0.384085936
  37.3858      0.408518369
  36.8460      0.432952849
  36.3061      0.458315727
  35.8337      0.485210613
  35.4288      0.511234919
  34.9564      0.536971219
  34.5515      0.561764150
# T= 4400.000000 K
  41.1649      0.244151775
  40.4226      0.262852951
  39.7477      0.291659565
  39.0729      0.321323026
  38.4656      0.350455904
  37.9257      0.378275257
  37.3858      0.402685741
  36.8460      0.427103250
  36.3061      0.452467568
  35.8337      0.479386567
  35.4288      0.505428523
  34.9564      0.531182516
  34.5515      0.555985413
# T= 4450.000000 K
  41.1649      0.238352078
  40.4226      0.256927719
  39.7477      0.285750461
  39.0729      0.315452271
  38.4656      0.344615733
  37.9257      0.372453926
  37.3858      0.396842392
  36.8460      0.421242872
  36.3061      0.446608613
  35.8337      0.473551725
  35.4288      0.499611330
  34.9564      0.525383018
  34.5515      0.550195880
# T= 4500.000000 K
  41.1649      0.232541997
  40.4226      0.250991872
  39.7477      0.279830743
  39.0729      0.309570978
  38.4656      0.338765031
  37.9257      0.366622063
  37.3858      0.390988442
  36.8460      0.415371835
  36.3061      0.440738983
  35.8337      0.467706208
  35.4288      0.493783463
  34.9564      0.519572844
  34.5515      0.544395673
# T= 4550.000000 K
  41.1649      0.226721645
  40.4226      0.245045529
  39.7477      0.273900528
  39.0729      0.303679264
  38.4656      0.332903915
  37.9257      0.360779785
  37.3858      0.385124009
  36.8460      0.409490257
  36.3061      0.434858797
  35.8337      0.461850135
  35.4288      0.487945040
  34.9564      0.513752115
  34.5515      0.538584909
# T= 4600.000000 K
  41.1649      0.220891136
  40.4226      0.239088806
  39.7477      0.267959931
  39.0729      0.297777244
  38.4656      0.327032500
  37.9257      0.354927206
  37.3858      0.379249209
  36.8460      0.403598254
  36.3061      0.428968170
  35.8337      0.455983622
  35.4288      0.482096176
  34.9564      0.507920945
  34.5515      0.532763705
# T= 4650.000000 K
  41.1649      0.215050581
  40.4226      0.233121814
  39.7477      0.262009066
  39.0729      0.291865029
  38.4656      0.321150898
  37.9257      0.349064438
  37.3858      0.373364154
  36.8460      0.397695940
  36.3061      0.423067218
  35.8337      0.450106783
  35.4288      0.476236986
  34.9564      0.502079449
  34.5515      0.526932174
# T= 4700.000000 K
  41.1649      0.209200088
  40.4226      0.227144664
  39.7477      0.256048042
  39.0729      0.285942730
  38.4656      0.315259218
  37.9257      0.343191591
  37.3858      0.367468955
  36.8460      0.391783426
  36.3061      0.417156049
  35.8337      0.444219727
  35.4288      0.470367580
  34.9564      0.496227737
  34.5515      0.521090428
# T= 4750.000000 K
  41.1649      0.203339761
  40.4226      0.221157465
  39.7477      0.250076968
  39.0729      0.280010454
  38.4656      0.309357568
  37.9257      0.337308772
  37.3858      0.361563718
  36.8460      0.385860819
  36.3061      0.411234774
  35.8337      0.438322565
  35.4288      0.464488067
  34.9564      0.490365918
  34.5515      0.515238575
# T= 4800.000000 K
  41.1649      0.197469706
  40.4226      0.215160322
  39.7477      0.244095950
  39.0729      0.274068305
  38.4656      0.303446051
  37.9257      0.331416086
  37.3858      0.355648551
  36.8460      0.379928227
  36.3061      0.405303498
  35.8337      0.432415402
  35.4288      0.458598554
  34.9564      0.484494099
  34.5515      0.509376721
# T= 4850.000000 K
  41.1649      0.191590023
  40.4226      0.209153339
  39.7477      0.238105091
  39.0729      0.268116387
  38.4656      0.297524772
  37.9257      0.325513635
  37.3858      0.349723557
  36.8460      0.373985753
  36.3061      0.399362325
  35.8337      0.426498343
  35.4288      0.452699145
  34.9564      0.478612383
  34.5515      0.503504971
# T= 4900.000000 K
  41.1649      0.185700811
  40.4226      0.203136616
  39.7477      0.232104493
  39.0729      0.262154800
  38.4656      0.291593831
  37.9257      0.319601521
  37.3858      0.343788836
  36.8460      0.368033500
  36.3061      0.393411359
  35.8337      0.420571489
  35.4288      0.446789941
  34.9564      0.472720873
  34.5515      0.497623426
# T= 4950.000000 K
  41.1649      0.179802167
  40.4226      0.197110255
  39.7477      0.226094254
  39.0729      0.256183643
  38.4656      0.285653326
  37.9257      0.313679843
  37.3858      0.337844488
  36.8460      0.362071566
  36.3061      0.387450698
  35.8337      0.414634941
  35.4288      0.440871042
  34.9564      0.466819669
  34.5515      0.491732187
# T= 5000.000000 K
  41.1649      0.173894188
  40.4226      0.191074351
  39.7477      0.220074474
  39.0729      0.250203013
  38.4656      0.279703354
  37.9257      0.307748696
  37.3858      0.331890610
  36.8460      0.356100050
  36.3061      0.381480440
  35.8337      0.408688797
  35.4288      0.434942547
  34.9564      0.460908868
  34.5515      0.485831352
