# T (K)               Helmholtz Free Energy (Ry.)
# V=  41.1649000000000
    0.00       0.6729407600794
   50.00       0.6720106432627
  100.00       0.6699908036174
  150.00       0.6674917124204
  200.00       0.6646796582331
  250.00       0.6616345099947
  300.00       0.6584034774118
  350.00       0.6550178060833
  400.00       0.6514997233994
  450.00       0.6478658578309
  500.00       0.6441291209929
  550.00       0.6402998301251
  600.00       0.6363864194615
  650.00       0.6323959130782
  700.00       0.6283342515326
  750.00       0.6242065247870
  800.00       0.6200171427956
  850.00       0.6157699633127
  900.00       0.6114683895447
  950.00       0.6071154460503
 1000.00       0.6027138386270
 1050.00       0.5982660021963
 1100.00       0.5937741395535
 1150.00       0.5892402530596
 1200.00       0.5846661708145
 1250.00       0.5800535684620
 1300.00       0.5754039875014
 1350.00       0.5707188507799
 1400.00       0.5659994756859
 1450.00       0.5612470854572
 1500.00       0.5564628189273
 1550.00       0.5516477389713
 1600.00       0.5468028398611
 1650.00       0.5419290537006
 1700.00       0.5370272560805
 1750.00       0.5320982710669
 1800.00       0.5271428756202
 1850.00       0.5221618035222
 1900.00       0.5171557488782
 1950.00       0.5121253692512
 2000.00       0.5070712884733
 2050.00       0.5019940991770
 2100.00       0.4968943650783
 2150.00       0.4917726230433
 2200.00       0.4866293849618
 2250.00       0.4814651394508
 2300.00       0.4762803534065
 2350.00       0.4710754734210
 2400.00       0.4658509270792
 2450.00       0.4606071241463
 2500.00       0.4553444576596
 2550.00       0.4500633049325
 2600.00       0.4447640284789
 2650.00       0.4394469768680
 2700.00       0.4341124855135
 2750.00       0.4287608774045
 2800.00       0.4233924637832
 2850.00       0.4180075447749
 2900.00       0.4126064099725
 2950.00       0.4071893389818
 3000.00       0.4017566019294
 3050.00       0.3963084599364
 3100.00       0.3908451655618
 3150.00       0.3853669632164
 3200.00       0.3798740895514
 3250.00       0.3743667738217
 3300.00       0.3688452382276
 3350.00       0.3633096982352
 3400.00       0.3577603628784
 3450.00       0.3521974350425
 3500.00       0.3466211117313
 3550.00       0.3410315843197
 3600.00       0.3354290387912
 3650.00       0.3298136559626
 3700.00       0.3241856116965
 3750.00       0.3185450771022
 3800.00       0.3128922187256
 3850.00       0.3072271987295
 3900.00       0.3015501750644
 3950.00       0.2958613016305
 4000.00       0.2901607284317
 4050.00       0.2844486017212
 4100.00       0.2787250641411
 4150.00       0.2729902548541
 4200.00       0.2672443096694
 4250.00       0.2614873611623
 4300.00       0.2557195387888
 4350.00       0.2499409689938
 4400.00       0.2441517753156
 4450.00       0.2383520784842
 4500.00       0.2325419965169
 4550.00       0.2267216448081
 4600.00       0.2208911362157
 4650.00       0.2150505811443
 4700.00       0.2092000876240
 4750.00       0.2033397613864
 4800.00       0.1974697059369
 4850.00       0.1915900226245
 4900.00       0.1857008107085
 4950.00       0.1798021674223
 5000.00       0.1738941880350
# V=  40.4226000000000
    0.00       0.7008907253854
   50.00       0.6999413807191
  100.00       0.6978792788718
  150.00       0.6953274238805
  200.00       0.6924557201736
  250.00       0.6893457878132
  300.00       0.6860458743116
  350.00       0.6825879129689
  400.00       0.6789946207147
  450.00       0.6752829923960
  500.00       0.6714662241857
  550.00       0.6675548607463
  600.00       0.6635575222520
  650.00       0.6594813876463
  700.00       0.6553325284746
  750.00       0.6511161469382
  800.00       0.6468367502403
  850.00       0.6424982812098
  900.00       0.6381042181066
  950.00       0.6336576521937
 1000.00       0.6291613489440
 1050.00       0.6246177969819
 1100.00       0.6200292476862
 1150.00       0.6153977475818
 1200.00       0.6107251650892
 1250.00       0.6060132128106
 1300.00       0.6012634662456
 1350.00       0.5964773796246
 1400.00       0.5916562993935
 1450.00       0.5868014757711
 1500.00       0.5819140727102
 1550.00       0.5769951765301
 1600.00       0.5720458034335
 1650.00       0.5670669060844
 1700.00       0.5620593793866
 1750.00       0.5570240655834
 1800.00       0.5519617587730
 1850.00       0.5468732089227
 1900.00       0.5417591254484
 1950.00       0.5366201804175
 2000.00       0.5314570114225
 2050.00       0.5262702241680
 2100.00       0.5210603948048
 2150.00       0.5158280720409
 2200.00       0.5105737790577
 2250.00       0.5052980152499
 2300.00       0.5000012578127
 2350.00       0.4946839631893
 2400.00       0.4893465683962
 2450.00       0.4839894922373
 2500.00       0.4786131364199
 2550.00       0.4732178865798
 2600.00       0.4678041132277
 2650.00       0.4623721726217
 2700.00       0.4569224075739
 2750.00       0.4514551481982
 2800.00       0.4459707126023
 2850.00       0.4404694075317
 2900.00       0.4349515289673
 2950.00       0.4294173626827
 3000.00       0.4238671847628
 3050.00       0.4183012620888
 3100.00       0.4127198527908
 3150.00       0.4071232066710
 3200.00       0.4015115656005
 3250.00       0.3958851638915
 3300.00       0.3902442286455
 3350.00       0.3845889800816
 3400.00       0.3789196318447
 3450.00       0.3732363912953
 3500.00       0.3675394597830
 3550.00       0.3618290329041
 3600.00       0.3561053007445
 3650.00       0.3503684481098
 3700.00       0.3446186547418
 3750.00       0.3388560955241
 3800.00       0.3330809406764
 3850.00       0.3272933559387
 3900.00       0.3214935027457
 3950.00       0.3156815383923
 4000.00       0.3098576161913
 4050.00       0.3040218856222
 4100.00       0.2981744924734
 4150.00       0.2923155789774
 4200.00       0.2864452839392
 4250.00       0.2805637428586
 4300.00       0.2746710880470
 4350.00       0.2687674487387
 4400.00       0.2628529511970
 4450.00       0.2569277188152
 4500.00       0.2509918722138
 4550.00       0.2450455293324
 4600.00       0.2390888055189
 4650.00       0.2331218136129
 4700.00       0.2271446640278
 4750.00       0.2211574648271
 4800.00       0.2151603217998
 4850.00       0.2091533385303
 4900.00       0.2031366164674
 4950.00       0.1971102549895
 5000.00       0.1910743514671
# V=  39.7477000000000
    0.00       0.7282779094293
   50.00       0.7273405894452
  100.00       0.7252946701866
  150.00       0.7227590816621
  200.00       0.7199036544005
  250.00       0.7168099961584
  300.00       0.7135263515348
  350.00       0.7100846532255
  400.00       0.7065076182458
  450.00       0.7028122417420
  500.00       0.6990117202396
  550.00       0.6951165987488
  600.00       0.6911354977674
  650.00       0.6870755965330
  700.00       0.6829429668549
  750.00       0.6787428111715
  800.00       0.6744796368987
  850.00       0.6701573870567
  900.00       0.6657795400776
  950.00       0.6613491873807
 1000.00       0.6568690945804
 1050.00       0.6523417504303
 1100.00       0.6477694064273
 1150.00       0.6431541092044
 1200.00       0.6384977272818
 1250.00       0.6338019733536
 1300.00       0.6290684230047
 1350.00       0.6242985305441
 1400.00       0.6194936424912
 1450.00       0.6146550091334
 1500.00       0.6097837944874
 1550.00       0.6048810849323
 1600.00       0.5999478967272
 1650.00       0.5949851825886
 1700.00       0.5899938374702
 1750.00       0.5849747036622
 1800.00       0.5799285753072
 1850.00       0.5748562024143
 1900.00       0.5697582944393
 1950.00       0.5646355234870
 2000.00       0.5594885271859
 2050.00       0.5543179112748
 2100.00       0.5491242519367
 2150.00       0.5439080979107
 2200.00       0.5386699724075
 2250.00       0.5334103748503
 2300.00       0.5281297824611
 2350.00       0.5228286517089
 2400.00       0.5175074196350
 2450.00       0.5121665050672
 2500.00       0.5068063097353
 2550.00       0.5014272192972
 2600.00       0.4960296042846
 2650.00       0.4906138209757
 2700.00       0.4851802122023
 2750.00       0.4797291080969
 2800.00       0.4742608267854
 2850.00       0.4687756750307
 2900.00       0.4632739488306
 2950.00       0.4577559339750
 3000.00       0.4522219065645
 3050.00       0.4466721334956
 3100.00       0.4411068729129
 3150.00       0.4355263746331
 3200.00       0.4299308805411
 3250.00       0.4243206249623
 3300.00       0.4186958350112
 3350.00       0.4130567309197
 3400.00       0.4074035263447
 3450.00       0.4017364286586
 3500.00       0.3960556392226
 3550.00       0.3903613536440
 3600.00       0.3846537620198
 3650.00       0.3789330491660
 3700.00       0.3731993948347
 3750.00       0.3674529739196
 3800.00       0.3616939566502
 3850.00       0.3559225087758
 3900.00       0.3501387917404
 3950.00       0.3443429628480
 4000.00       0.3385351754201
 4050.00       0.3327155789448
 4100.00       0.3268843192189
 4150.00       0.3210415384830
 4200.00       0.3151873755499
 4250.00       0.3093219659274
 4300.00       0.3034454419345
 4350.00       0.2975579328128
 4400.00       0.2916595648327
 4450.00       0.2857504613949
 4500.00       0.2798307431266
 4550.00       0.2739005279743
 4600.00       0.2679599312923
 4650.00       0.2620090659269
 4700.00       0.2560480422977
 4750.00       0.2500769684746
 4800.00       0.2440959502524
 4850.00       0.2381050912216
 4900.00       0.2321044928368
 4950.00       0.2260942544821
 5000.00       0.2200744735336
# V=  39.0729000000000
    0.00       0.7551711070715
   50.00       0.7542363658291
  100.00       0.7522006828866
  150.00       0.7496789516084
  200.00       0.7468397183007
  250.00       0.7437639882600
  300.00       0.7404996527092
  350.00       0.7370784112951
  400.00       0.7335228155725
  450.00       0.7298497370533
  500.00       0.7260722763396
  550.00       0.7222009018342
  600.00       0.7182441714340
  650.00       0.7142092122572
  700.00       0.7101020520441
  750.00       0.7059278554802
  800.00       0.7016910972771
  850.00       0.6973956918490
  900.00       0.6930450923951
  950.00       0.6886423679107
 1000.00       0.6841902639513
 1050.00       0.6796912512201
 1100.00       0.6751475648856
 1150.00       0.6705612367386
 1200.00       0.6659341217493
 1250.00       0.6612679201924
 1300.00       0.6565641962273
 1350.00       0.6518243936181
 1400.00       0.6470498491204
 1450.00       0.6422418039561
 1500.00       0.6374014137019
 1550.00       0.6325297568600
 1600.00       0.6276278423213
 1650.00       0.6226966158946
 1700.00       0.6177369660452
 1750.00       0.6127497289562
 1800.00       0.6077356930127
 1850.00       0.6026956027863
 1900.00       0.5976301625890
 1950.00       0.5925400396530
 2000.00       0.5874258669841
 2050.00       0.5822882459295
 2100.00       0.5771277484950
 2150.00       0.5719449194415
 2200.00       0.5667402781866
 2250.00       0.5615143205328
 2300.00       0.5562675202423
 2350.00       0.5510003304751
 2400.00       0.5457131851039
 2450.00       0.5404064999202
 2500.00       0.5350806737416
 2550.00       0.5297360894300
 2600.00       0.5243731148310
 2650.00       0.5189921036399
 2700.00       0.5135933962033
 2750.00       0.5081773202603
 2800.00       0.5027441916306
 2850.00       0.4972943148532
 2900.00       0.4918279837803
 2950.00       0.4863454821297
 3000.00       0.4808470840007
 3050.00       0.4753330543548
 3100.00       0.4698036494654
 3150.00       0.4642591173380
 3200.00       0.4586996981042
 3250.00       0.4531256243905
 3300.00       0.4475371216652
 3350.00       0.4419344085634
 3400.00       0.4363176971934
 3450.00       0.4306871934242
 3500.00       0.4250430971572
 3550.00       0.4193856025819
 3600.00       0.4137148984171
 3650.00       0.4080311681390
 3700.00       0.4023345901967
 3750.00       0.3966253382161
 3800.00       0.3909035811926
 3850.00       0.3851694836740
 3900.00       0.3794232059338
 3950.00       0.3736649041360
 4000.00       0.3678947304903
 4050.00       0.3621128334013
 4100.00       0.3563193576089
 4150.00       0.3505144443226
 4200.00       0.3446982313489
 4250.00       0.3388708532132
 4300.00       0.3330324412753
 4350.00       0.3271831238401
 4400.00       0.3213230262625
 4450.00       0.3154522710486
 4500.00       0.3095709779512
 4550.00       0.3036792640619
 4600.00       0.2977772438987
 4650.00       0.2918650294899
 4700.00       0.2859427304545
 4750.00       0.2800104540792
 4800.00       0.2740683053917
 4850.00       0.2681163872317
 4900.00       0.2621548003184
 4950.00       0.2561836433153
 5000.00       0.2502030128926
# V=  38.4656000000000
    0.00       0.7816760446558
   50.00       0.7807617154460
  100.00       0.7787537788305
  150.00       0.7762602797497
  200.00       0.7734495336874
  250.00       0.7704024672694
  300.00       0.7671669312829
  350.00       0.7637746004558
  400.00       0.7602480093341
  450.00       0.7566040170328
  500.00       0.7528557146952
  550.00       0.7490135632583
  600.00       0.7450861145703
  650.00       0.7410804907460
  700.00       0.7370027153159
  750.00       0.7328579493735
  800.00       0.7286506645281
  850.00       0.7243847724877
  900.00       0.7200637240690
  950.00       0.7156905861540
 1000.00       0.7112681024106
 1050.00       0.7067987418454
 1100.00       0.7022847380939
 1150.00       0.6977281215547
 1200.00       0.6931307459281
 1250.00       0.6884943103254
 1300.00       0.6838203778370
 1350.00       0.6791103912400
 1400.00       0.6743656863777
 1450.00       0.6695875036241
 1500.00       0.6647769977679
 1550.00       0.6599352465755
 1600.00       0.6550632582498
 1650.00       0.6501619779551
 1700.00       0.6452322935510
 1750.00       0.6402750406511
 1800.00       0.6352910071035
 1850.00       0.6302809369726
 1900.00       0.6252455340910
 1950.00       0.6201854652367
 2000.00       0.6151013629847
 2050.00       0.6099938282728
 2100.00       0.6048634327178
 2150.00       0.5997107207098
 2200.00       0.5945362113132
 2250.00       0.5893403999932
 2300.00       0.5841237601898
 2350.00       0.5788867447549
 2400.00       0.5736297872661
 2450.00       0.5683533032322
 2500.00       0.5630576911997
 2550.00       0.5577433337702
 2600.00       0.5524105985393
 2650.00       0.5470598389619
 2700.00       0.5416913951532
 2750.00       0.5363055946296
 2800.00       0.5309027529962
 2850.00       0.5254831745851
 2900.00       0.5200471530487
 2950.00       0.5145949719120
 3000.00       0.5091269050882
 3050.00       0.5036432173588
 3100.00       0.4981441648229
 3150.00       0.4926299953177
 3200.00       0.4871009488115
 3250.00       0.4815572577729
 3300.00       0.4759991475170
 3350.00       0.4704268365305
 3400.00       0.4648405367775
 3450.00       0.4592404539871
 3500.00       0.4536267879252
 3550.00       0.4479997326491
 3600.00       0.4423594767495
 3650.00       0.4367062035781
 3700.00       0.4310400914629
 3750.00       0.4253613139116
 3800.00       0.4196700398050
 3850.00       0.4139664335791
 3900.00       0.4082506553988
 3950.00       0.4025228613216
 4000.00       0.3967832034543
 4050.00       0.3910318301004
 4100.00       0.3852688859017
 4150.00       0.3794945119717
 4200.00       0.3737088460235
 4250.00       0.3679120224910
 4300.00       0.3621041726449
 4350.00       0.3562854247028
 4400.00       0.3504559039348
 4450.00       0.3446157327636
 4500.00       0.3387650308607
 4550.00       0.3329039152383
 4600.00       0.3270325003366
 4650.00       0.3211508981079
 4700.00       0.3152592180967
 4750.00       0.3093575675168
 4800.00       0.3034460513248
 4850.00       0.2975247722904
 4900.00       0.2915938310645
 4950.00       0.2856533262436
 5000.00       0.2797033544324
# V=  37.9257000000000
    0.00       0.8078314043151
   50.00       0.8069313410453
  100.00       0.8049425781383
  150.00       0.8024683233039
  200.00       0.7996768118673
  250.00       0.7966489607531
  300.00       0.7934326204432
  350.00       0.7900594671133
  400.00       0.7865520369815
  450.00       0.7829271907077
  500.00       0.7791980207836
  550.00       0.7753749893069
  600.00       0.7714666491232
  650.00       0.7674801232084
  700.00       0.7634214358410
  750.00       0.7592957487684
  800.00       0.7551075341758
  850.00       0.7508607042812
  900.00       0.7465587103562
  950.00       0.7422046196903
 1000.00       0.7378011763186
 1050.00       0.7333508495803
 1100.00       0.7288558734131
 1150.00       0.7243182784918
 1200.00       0.7197399187696
 1250.00       0.7151224935905
 1300.00       0.7104675662594
 1350.00       0.7057765797524
 1400.00       0.7010508700966
 1450.00       0.6962916778381
 1500.00       0.6915001579251
 1550.00       0.6866773882738
 1600.00       0.6818243772271
 1650.00       0.6769420700808
 1700.00       0.6720313548182
 1750.00       0.6670930671696
 1800.00       0.6621279950927
 1850.00       0.6571368827563
 1900.00       0.6521204340911
 1950.00       0.6470793159687
 2000.00       0.6420141610524
 2050.00       0.6369255703644
 2100.00       0.6318141156016
 2150.00       0.6266803412306
 2200.00       0.6215247663884
 2250.00       0.6163478866101
 2300.00       0.6111501754021
 2350.00       0.6059320856799
 2400.00       0.6006940510822
 2450.00       0.5954364871762
 2500.00       0.5901597925644
 2550.00       0.5848643499024
 2600.00       0.5795505268376
 2650.00       0.5742186768746
 2700.00       0.5688691401764
 2750.00       0.5635022443058
 2800.00       0.5581183049123
 2850.00       0.5527176263709
 2900.00       0.5473005023754
 2950.00       0.5418672164909
 3000.00       0.5364180426692
 3050.00       0.5309532457291
 3100.00       0.5254730818059
 3150.00       0.5199777987718
 3200.00       0.5144676366290
 3250.00       0.5089428278789
 3300.00       0.5034035978685
 3350.00       0.4978501651152
 3400.00       0.4922827416131
 3450.00       0.4867015331205
 3500.00       0.4811067394314
 3550.00       0.4754985546306
 3600.00       0.4698771673355
 3650.00       0.4642427609237
 3700.00       0.4585955137482
 3750.00       0.4529355993415
 3800.00       0.4472631866081
 3850.00       0.4415784400074
 3900.00       0.4358815197269
 3950.00       0.4301725818462
 4000.00       0.4244517784935
 4050.00       0.4187192579935
 4100.00       0.4129751650082
 4150.00       0.4072196406712
 4200.00       0.4014528227151
 4250.00       0.3956748455928
 4300.00       0.3898858405936
 4350.00       0.3840859359533
 4400.00       0.3782752569596
 4450.00       0.3724539260526
 4500.00       0.3666220629208
 4550.00       0.3607797845928
 4600.00       0.3549272055251
 4650.00       0.3490644376858
 4700.00       0.3431915906351
 4750.00       0.3373087716018
 4800.00       0.3314160855573
 4850.00       0.3255136352861
 4900.00       0.3196015214531
 4950.00       0.3136798426689
 5000.00       0.3077486955519
# V=  37.3858000000000
    0.00       0.8336475458800
   50.00       0.8327532641418
  100.00       0.8307671807400
  150.00       0.8282925588343
  200.00       0.8254986489508
  250.00       0.8224668772723
  300.00       0.8192453993853
  350.00       0.8158660946402
  400.00       0.8123516442732
  450.00       0.8087190176539
  500.00       0.8049813917976
  550.00       0.8011492964038
  600.00       0.7972313396191
  650.00       0.7932346904969
  700.00       0.7891654123004
  750.00       0.7850287001895
  800.00       0.7808290553050
  850.00       0.7765704151998
  900.00       0.7722562534984
  950.00       0.7678896573593
 1000.00       0.7634733885942
 1050.00       0.7590099325409
 1100.00       0.7545015376116
 1150.00       0.7499502476397
 1200.00       0.7453579285922
 1250.00       0.7407262908260
 1300.00       0.7360569077774
 1350.00       0.7313512317745
 1400.00       0.7266106075038
 1450.00       0.7218362835519
 1500.00       0.7170294223530
 1550.00       0.7121911088104
 1600.00       0.7073223578029
 1650.00       0.7024241207540
 1700.00       0.6974972914031
 1750.00       0.6925427108979
 1800.00       0.6875611723043
 1850.00       0.6825534246149
 1900.00       0.6775201763242
 1950.00       0.6724620986265
 2000.00       0.6673798282868
 2050.00       0.6622739702237
 2100.00       0.6571450998401
 2150.00       0.6519937651327
 2200.00       0.6468204886040
 2250.00       0.6416257690016
 2300.00       0.6364100829019
 2350.00       0.6311738861565
 2400.00       0.6259176152157
 2450.00       0.6206416883409
 2500.00       0.6153465067188
 2550.00       0.6100324554860
 2600.00       0.6046999046734
 2650.00       0.5993492100775
 2700.00       0.5939807140669
 2750.00       0.5885947463279
 2800.00       0.5831916245567
 2850.00       0.5777716551017
 2900.00       0.5723351335607
 2950.00       0.5668823453376
 3000.00       0.5614135661601
 3050.00       0.5559290625642
 3100.00       0.5504290923459
 3150.00       0.5449139049843
 3200.00       0.5393837420378
 3250.00       0.5338388375153
 3300.00       0.5282794182248
 3350.00       0.5227057041007
 3400.00       0.5171179085114
 3450.00       0.5115162385494
 3500.00       0.5059008953040
 3550.00       0.5002720741185
 3600.00       0.4946299648332
 3650.00       0.4889747520147
 3700.00       0.4833066151724
 3750.00       0.4776257289639
 3800.00       0.4719322633890
 3850.00       0.4662263839733
 3900.00       0.4605082519429
 3950.00       0.4547780243894
 4000.00       0.4490358544275
 4050.00       0.4432818913435
 4100.00       0.4375162807374
 4150.00       0.4317391646580
 4200.00       0.4259506817307
 4250.00       0.4201509672804
 4300.00       0.4143401534475
 4350.00       0.4085183692994
 4400.00       0.4026857409360
 4450.00       0.3968423915915
 4500.00       0.3909884417303
 4550.00       0.3851240091399
 4600.00       0.3792492090189
 4650.00       0.3733641540613
 4700.00       0.3674689545377
 4750.00       0.3615637183723
 4800.00       0.3556485512170
 4850.00       0.3497235565228
 4900.00       0.3437888356073
 4950.00       0.3378444877205
 5000.00       0.3318906101072
# V=  36.8460000000000
    0.00       0.8591091249343
   50.00       0.8582210856360
  100.00       0.8562390771375
  150.00       0.8537659392631
  200.00       0.8509717795946
  250.00       0.8479384576347
  300.00       0.8447143891888
  350.00       0.8413316270747
  400.00       0.8378129764133
  450.00       0.8341754994742
  500.00       0.8304324455198
  550.00       0.8265944020422
  600.00       0.8226700244696
  650.00       0.8186665212549
  700.00       0.8145899889974
  750.00       0.8104456514305
  800.00       0.8062380344575
  850.00       0.8019710972980
  900.00       0.7976483326942
  950.00       0.7932728447975
 1000.00       0.7888474106236
 1050.00       0.7843745291939
 1100.00       0.7798564613008
 1150.00       0.7752952620322
 1200.00       0.7706928076312
 1250.00       0.7660508178740
 1300.00       0.7613708748628
 1350.00       0.7566544389250
 1400.00       0.7519028621539
 1450.00       0.7471174000133
 1500.00       0.7422992213411
 1550.00       0.7374494170166
 1600.00       0.7325690075095
 1650.00       0.7276589494846
 1700.00       0.7227201416050
 1750.00       0.7177534296524
 1800.00       0.7127596110619
 1850.00       0.7077394389526
 1900.00       0.7026936257222
 1950.00       0.6976228462632
 2000.00       0.6925277408488
 2050.00       0.6874089177305
 2100.00       0.6822669554816
 2150.00       0.6771024051181
 2200.00       0.6719157920213
 2250.00       0.6667076176869
 2300.00       0.6614783613172
 2350.00       0.6562284812756
 2400.00       0.6509584164171
 2450.00       0.6456685873078
 2500.00       0.6403593973451
 2550.00       0.6350312337876
 2600.00       0.6296844687050
 2650.00       0.6243194598547
 2700.00       0.6189365514915
 2750.00       0.6135360751185
 2800.00       0.6081183501823
 2850.00       0.6026836847196
 2900.00       0.5972323759569
 2950.00       0.5917647108708
 3000.00       0.5862809667083
 3050.00       0.5807814114742
 3100.00       0.5752663043850
 3150.00       0.5697358962946
 3200.00       0.5641904300924
 3250.00       0.5586301410769
 3300.00       0.5530552573058
 3350.00       0.5474659999254
 3400.00       0.5418625834800
 3450.00       0.5362452162033
 3500.00       0.5306141002925
 3550.00       0.5249694321676
 3600.00       0.5193114027148
 3650.00       0.5136401975178
 3700.00       0.5079559970754
 3750.00       0.5022589770075
 3800.00       0.4965493082506
 3850.00       0.4908271572426
 3900.00       0.4850926860980
 3950.00       0.4793460527741
 4000.00       0.4735874112293
 4050.00       0.4678169115726
 4100.00       0.4620347002063
 4150.00       0.4562409199620
 4200.00       0.4504357102290
 4250.00       0.4446192070780
 4300.00       0.4387915433776
 4350.00       0.4329528489062
 4400.00       0.4271032504590
 4450.00       0.4212428719488
 4500.00       0.4153718345043
 4550.00       0.4094902565618
 4600.00       0.4035982539548
 4650.00       0.3976959399985
 4700.00       0.3917834255709
 4750.00       0.3858608191910
 4800.00       0.3799282270931
 4850.00       0.3739857532980
 4900.00       0.3680334996819
 4950.00       0.3620715660416
 5000.00       0.3561000501578
# V=  36.3061000000000
    0.00       0.8842267755508
   50.00       0.8833449162833
  100.00       0.8813699904617
  150.00       0.8789032702758
  200.00       0.8761150681221
  250.00       0.8730873552674
  300.00       0.8698686161122
  350.00       0.8664909496437
  400.00       0.8629771941270
  450.00       0.8593444367640
  500.00       0.8556059462462
  550.00       0.8517723256296
  600.00       0.8478522430887
  650.00       0.8438529177056
  700.00       0.8397804550783
  750.00       0.8356400866566
  800.00       0.8314363450338
  850.00       0.8271731952846
  900.00       0.8228541353187
  950.00       0.8184822738815
 1000.00       0.8140603921000
 1050.00       0.8095909926962
 1100.00       0.8050763398109
 1150.00       0.8005184915764
 1200.00       0.7959193270157
 1250.00       0.7912805684533
 1300.00       0.7866038003363
 1350.00       0.7818904851564
 1400.00       0.7771419770110
 1450.00       0.7723595332254
 1500.00       0.7675443243701
 1550.00       0.7626974429418
 1600.00       0.7578199109234
 1650.00       0.7529126863983
 1700.00       0.7479766693621
 1750.00       0.7430127068509
 1800.00       0.7380215974823
 1850.00       0.7330040954924
 1900.00       0.7279609143355
 1950.00       0.7228927299052
 2000.00       0.7178001834243
 2050.00       0.7126838840465
 2100.00       0.7075444112033
 2150.00       0.7023823167280
 2200.00       0.6971981267815
 2250.00       0.6919923436032
 2300.00       0.6867654471063
 2350.00       0.6815178963342
 2400.00       0.6762501307930
 2450.00       0.6709625716727
 2500.00       0.6656556229691
 2550.00       0.6603296725154
 2600.00       0.6549850929334
 2650.00       0.6496222425110
 2700.00       0.6442414660139
 2750.00       0.6388430954371
 2800.00       0.6334274507011
 2850.00       0.6279948402996
 2900.00       0.6225455619001
 2950.00       0.6170799029050
 3000.00       0.6115981409728
 3050.00       0.6061005445057
 3100.00       0.6005873731049
 3150.00       0.5950588779965
 3200.00       0.5895153024304
 3250.00       0.5839568820541
 3300.00       0.5783838452638
 3350.00       0.5727964135339
 3400.00       0.5671948017270
 3450.00       0.5615792183857
 3500.00       0.5559498660075
 3550.00       0.5503069413035
 3600.00       0.5446506354434
 3650.00       0.5389811342863
 3700.00       0.5332986185986
 3750.00       0.5276032642609
 3800.00       0.5218952424635
 3850.00       0.5161747198911
 3900.00       0.5104418588988
 3950.00       0.5046968176783
 4000.00       0.4989397504164
 4050.00       0.4931708074449
 4100.00       0.4873901353834
 4150.00       0.4815978772753
 4200.00       0.4757941727170
 4250.00       0.4699791579808
 4300.00       0.4641529661326
 4350.00       0.4583157271435
 4400.00       0.4524675679966
 4450.00       0.4466086127889
 4500.00       0.4407389828286
 4550.00       0.4348587967278
 4600.00       0.4289681704919
 4650.00       0.4230672176042
 4700.00       0.4171560491074
 4750.00       0.4112347736815
 4800.00       0.4053034977182
 4850.00       0.3993623253930
 4900.00       0.3934113587331
 4950.00       0.3874506976833
 5000.00       0.3814804401696
# V=  35.8337000000000
    0.00       0.9090301045225
   50.00       0.9081664036487
  100.00       0.9062154245612
  150.00       0.9037727615017
  200.00       0.9010086443900
  250.00       0.8980050277787
  300.00       0.8948103904767
  350.00       0.8914568290705
  400.00       0.8879671806239
  450.00       0.8843585316707
  500.00       0.8806441505015
  550.00       0.8768346399171
  600.00       0.8729386679216
  650.00       0.8689634534790
  700.00       0.8649151021033
  750.00       0.8607988451823
  800.00       0.8566192152628
  850.00       0.8523801773841
  900.00       0.8480852294282
  950.00       0.8437374801189
 1000.00       0.8393397105654
 1050.00       0.8348944234757
 1100.00       0.8304038829791
 1150.00       0.8258701471982
 1200.00       0.8212950951480
 1250.00       0.8166804491463
 1300.00       0.8120277936346
 1350.00       0.8073385910996
 1400.00       0.8026141956347
 1450.00       0.7978558645615
 1500.00       0.7930647684474
 1550.00       0.7882419997865
 1600.00       0.7833885805592
 1650.00       0.7785054688467
 1700.00       0.7735935646430
 1750.00       0.7686537149824
 1800.00       0.7636867184811
 1850.00       0.7586933293739
 1900.00       0.7536742611140
 1950.00       0.7486301895938
 2000.00       0.7435617560352
 2050.00       0.7384695695911
 2100.00       0.7333542096923
 2150.00       0.7282162281712
 2200.00       0.7230561511881
 2250.00       0.7178744809820
 2300.00       0.7126716974654
 2350.00       0.7074482596813
 2400.00       0.7022046071353
 2450.00       0.6969411610170
 2500.00       0.6916583253218
 2550.00       0.6863564878825
 2600.00       0.6810360213207
 2650.00       0.6756972839240
 2700.00       0.6703406204578
 2750.00       0.6649663629166
 2800.00       0.6595748312211
 2850.00       0.6541663338644
 2900.00       0.6487411685140
 2950.00       0.6432996225720
 3000.00       0.6378419736967
 3050.00       0.6323684902903
 3100.00       0.6268794319537
 3150.00       0.6213750499128
 3200.00       0.6158555874175
 3250.00       0.6103212801151
 3300.00       0.6047723564016
 3350.00       0.5992090377514
 3400.00       0.5936315390270
 3450.00       0.5880400687708
 3500.00       0.5824348294802
 3550.00       0.5768160178663
 3600.00       0.5711838250987
 3650.00       0.5655384370362
 3700.00       0.5598800344455
 3750.00       0.5542087932069
 3800.00       0.5485248845105
 3850.00       0.5428284750412
 3900.00       0.5371197271538
 3950.00       0.5313987990402
 4000.00       0.5256658448869
 4050.00       0.5199210150258
 4100.00       0.5141644560764
 4150.00       0.5083963110820
 4200.00       0.5026167196389
 4250.00       0.4968258180195
 4300.00       0.4910237392897
 4350.00       0.4852106134203
 4400.00       0.4793865673946
 4450.00       0.4735517253095
 4500.00       0.4677062084730
 4550.00       0.4618501354974
 4600.00       0.4559836223880
 4650.00       0.4501067826280
 4700.00       0.4442197272600
 4750.00       0.4383225649642
 4800.00       0.4324154021321
 4850.00       0.4264983429393
 4900.00       0.4205714894127
 4950.00       0.4146349414974
 5000.00       0.4086887971192
# V=  35.4288000000000
    0.00       0.9335242287126
   50.00       0.9326732750248
  100.00       0.9307397265999
  150.00       0.9283146392717
  200.00       0.9255681347646
  250.00       0.9225821455664
  300.00       0.9194051430930
  350.00       0.9160692207558
  400.00       0.9125972140290
  450.00       0.9090062085631
  500.00       0.9053094721181
  550.00       0.9015176071575
  600.00       0.8976392814600
  650.00       0.8936817138341
  700.00       0.8896510096824
  750.00       0.8855524003110
  800.00       0.8813904182057
  850.00       0.8771690283588
  900.00       0.8728917286160
  950.00       0.8685616276723
 1000.00       0.8641815066141
 1050.00       0.8597538681307
 1100.00       0.8552809763361
 1150.00       0.8507648893405
 1200.00       0.8462074861483
 1250.00       0.8416104890686
 1300.00       0.8369754825354
 1350.00       0.8323039290292
 1400.00       0.8275971826378
 1450.00       0.8228565006783
 1500.00       0.8180830537138
 1550.00       0.8132779342351
 1600.00       0.8084421642195
 1650.00       0.8035767017454
 1700.00       0.7986824468044
 1750.00       0.7937602464287
 1800.00       0.7888108992328
 1850.00       0.7838351594496
 1900.00       0.7788337405308
 1950.00       0.7738073183675
 2000.00       0.7687565341806
 2050.00       0.7636819971216
 2100.00       0.7585842866204
 2150.00       0.7534639545087
 2200.00       0.7483215269457
 2250.00       0.7431575061698
 2300.00       0.7379723720929
 2350.00       0.7327665837573
 2400.00       0.7275405806680
 2450.00       0.7222947840141
 2500.00       0.7170295977906
 2550.00       0.7117454098299
 2600.00       0.7064425927529
 2650.00       0.7011215048470
 2700.00       0.6957824908774
 2750.00       0.6904258828382
 2800.00       0.6850520006496
 2850.00       0.6796611528046
 2900.00       0.6742536369706
 2950.00       0.6688297405491
 3000.00       0.6633897411985
 3050.00       0.6579339073205
 3100.00       0.6524624985160
 3150.00       0.6469757660107
 3200.00       0.6414739530543
 3250.00       0.6359572952939
 3300.00       0.6304260211255
 3350.00       0.6248803520231
 3400.00       0.6193205028492
 3450.00       0.6137466821462
 3500.00       0.6081590924112
 3550.00       0.6025579303553
 3600.00       0.5969433871480
 3650.00       0.5913156486479
 3700.00       0.5856748956216
 3750.00       0.5800213039494
 3800.00       0.5743550448214
 3850.00       0.5686762849222
 3900.00       0.5629851866067
 3950.00       0.5572819080666
 4000.00       0.5515666034884
 4050.00       0.5458394232039
 4100.00       0.5401005138326
 4150.00       0.5343500184177
 4200.00       0.5285880765555
 4250.00       0.5228148245184
 4300.00       0.5170303953719
 4350.00       0.5112349190872
 4400.00       0.5054285226473
 4450.00       0.4996113301490
 4500.00       0.4937834629006
 4550.00       0.4879450395140
 4600.00       0.4820961759946
 4650.00       0.4762369858255
 4700.00       0.4703675800495
 4750.00       0.4644880673464
 4800.00       0.4585985541081
 4850.00       0.4526991445097
 4900.00       0.4467899405784
 4950.00       0.4408710422592
 5000.00       0.4349425474778
# V=  34.9564000000000
    0.00       0.9577266107910
   50.00       0.9568883571808
  100.00       0.9549722705170
  150.00       0.9525647987254
  200.00       0.9498359488514
  250.00       0.9468676299905
  300.00       0.9437083057200
  350.00       0.9403900660843
  400.00       0.9369357448721
  450.00       0.9333624267966
  500.00       0.9296833790555
  550.00       0.9259092037540
  600.00       0.9220485684323
  650.00       0.9181086917334
  700.00       0.9140956789418
  750.00       0.9100147612770
  800.00       0.9058704711599
  850.00       0.9016667735330
  900.00       0.8974071662035
  950.00       0.8930947578358
 1000.00       0.8887323294919
 1050.00       0.8843223838413
 1100.00       0.8798671849819
 1150.00       0.8753687910104
 1200.00       0.8708290809203
 1250.00       0.8662497770112
 1300.00       0.8616324637092
 1350.00       0.8569786034881
 1400.00       0.8522895504299
 1450.00       0.8475665618467
 1500.00       0.8428108082974
 1550.00       0.8380233822688
 1600.00       0.8332053057352
 1650.00       0.8283575367719
 1700.00       0.8234809753681
 1750.00       0.8185764685537
 1800.00       0.8136448149410
 1850.00       0.8086867687613
 1900.00       0.8037030434648
 1950.00       0.7986943149410
 2000.00       0.7936612244094
 2050.00       0.7886043810206
 2100.00       0.7835243642033
 2150.00       0.7784217257882
 2200.00       0.7732969919338
 2250.00       0.7681506648774
 2300.00       0.7629832245305
 2350.00       0.7577951299345
 2400.00       0.7525868205940
 2450.00       0.7473587176974
 2500.00       0.7421112252392
 2550.00       0.7368447310514
 2600.00       0.7315596077544
 2650.00       0.7262562136353
 2700.00       0.7209348934586
 2750.00       0.7155959792185
 2800.00       0.7102397908346
 2850.00       0.7048666367997
 2900.00       0.6994768147808
 2950.00       0.6940706121794
 3000.00       0.6886483066533
 3050.00       0.6832101666042
 3100.00       0.6777564516328
 3150.00       0.6722874129646
 3200.00       0.6668032938490
 3250.00       0.6613043299331
 3300.00       0.6557907496125
 3350.00       0.6502627743612
 3400.00       0.6447206190416
 3450.00       0.6391644921958
 3500.00       0.6335945963210
 3550.00       0.6280111281279
 3600.00       0.6224142787860
 3650.00       0.6168042341540
 3700.00       0.6111811749980
 3750.00       0.6055452771986
 3800.00       0.5998967119456
 3850.00       0.5942356459235
 3900.00       0.5885622414871
 3950.00       0.5828766568281
 4000.00       0.5771790461330
 4050.00       0.5714695597334
 4100.00       0.5657483442488
 4150.00       0.5600155427223
 4200.00       0.5542712947501
 4250.00       0.5485157366044
 4300.00       0.5427490013511
 4350.00       0.5369712189610
 4400.00       0.5311825164171
 4450.00       0.5253830178162
 4500.00       0.5195728444664
 4550.00       0.5137521149799
 4600.00       0.5079209453617
 4650.00       0.5020794490951
 4700.00       0.4962277372227
 4750.00       0.4903659184243
 4800.00       0.4844940990918
 4850.00       0.4786123834002
 4900.00       0.4727208733769
 4950.00       0.4668196689666
 5000.00       0.4609088680950
# V=  34.5515000000000
    0.00       0.9816556402809
   50.00       0.9808245128335
  100.00       0.9789182578397
  150.00       0.9765207064581
  200.00       0.9738017995378
  250.00       0.9708434326836
  300.00       0.9676940649532
  350.00       0.9643857844502
  400.00       0.9609414239914
  450.00       0.9573780677500
  500.00       0.9537089825996
  550.00       0.9499447704390
  600.00       0.9460940986708
  650.00       0.9421641858427
  700.00       0.9381611371711
  750.00       0.9340901838258
  800.00       0.9299558581899
  850.00       0.9257621251778
  900.00       0.9215124825740
  950.00       0.9172100390255
 1000.00       0.9128575755802
 1050.00       0.9084575948962
 1100.00       0.9040123610623
 1150.00       0.8995239321674
 1200.00       0.8949941871984
 1250.00       0.8904248484498
 1300.00       0.8858175003430
 1350.00       0.8811736053479
 1400.00       0.8764945175433
 1450.00       0.8717814942383
 1500.00       0.8670357059894
 1550.00       0.8622582452814
 1600.00       0.8574501340863
 1650.00       0.8526123304781
 1700.00       0.8477457344444
 1750.00       0.8428511930137
 1800.00       0.8379295047974
 1850.00       0.8329814240256
 1900.00       0.8280076641476
 1950.00       0.8230089010521
 2000.00       0.8179857759579
 2050.00       0.8129388980148
 2100.00       0.8078688466510
 2150.00       0.8027761736965
 2200.00       0.7976614053096
 2250.00       0.7925250437270
 2300.00       0.7873675688596
 2350.00       0.7821894397487
 2400.00       0.7769910958983
 2450.00       0.7717729584968
 2500.00       0.7665354315381
 2550.00       0.7612789028539
 2600.00       0.7560037450647
 2650.00       0.7507103164571
 2700.00       0.7453989617955
 2750.00       0.7400700130738
 2800.00       0.7347237902115
 2850.00       0.7293606017012
 2900.00       0.7239807452097
 2950.00       0.7185845081384
 3000.00       0.7131721681450
 3050.00       0.7077439936310
 3100.00       0.7023002441970
 3150.00       0.6968411710684
 3200.00       0.6913670174945
 3250.00       0.6858780191222
 3300.00       0.6803744043471
 3350.00       0.6748563946432
 3400.00       0.6693242048727
 3450.00       0.6637780435777
 3500.00       0.6582181132551
 3550.00       0.6526446106159
 3600.00       0.6470577268292
 3650.00       0.6414576477538
 3700.00       0.6358445541559
 3750.00       0.6302186219157
 3800.00       0.6245800222230
 3850.00       0.6189289217625
 3900.00       0.6132654828889
 3950.00       0.6075898637937
 4000.00       0.6019022186634
 4050.00       0.5962026978296
 4100.00       0.5904914479117
 4150.00       0.5847686119528
 4200.00       0.5790343295492
 4250.00       0.5732887369730
 4300.00       0.5675319672898
 4350.00       0.5617641504707
 4400.00       0.5559854134986
 4450.00       0.5501958804702
 4500.00       0.5443956726936
 4550.00       0.5385849087809
 4600.00       0.5327637047373
 4650.00       0.5269321740459
 4700.00       0.5210904277493
 4750.00       0.5152385745273
 4800.00       0.5093767207717
 4850.00       0.5035049706577
 4900.00       0.4976234262123
 4950.00       0.4917321873806
 5000.00       0.4858313520881
