# T (K)      C-ph_V_V (J K^-1 mol^-1)
# V = 83.611950 (a.u.^3)
    5.0       5.7377680981171
   50.0      69.8699794041259
  100.0      73.5305518875960
  150.0      74.2473815043707
  200.0      74.5013239072761
  250.0      74.6194061191963
  300.0      74.6836943991615
  350.0      74.7225076241157
  400.0      74.7477188281266
  450.0      74.7650126200220
  500.0      74.7773872987729
  550.0      74.7865455951686
  600.0      74.7935126169359
  650.0      74.7989354271218
  700.0      74.8032387774098
  750.0      74.8067108338992
  800.0      74.8095526790845
  850.0      74.8119080818644
  900.0      74.8138820377316
  950.0      74.8155526716167
 1000.0      74.8169790862328
 1050.0      74.8182066607413
 1100.0      74.8192707042014
 1150.0      74.8201990227244
 1200.0      74.8210137543537
 1250.0      74.8217327010124
 1300.0      74.8223703091048
 1350.0      74.8229384008285
 1400.0      74.8234467260772
 1450.0      74.8239033835297
 1500.0      74.8243151451949
 1550.0      74.8246877089002
 1600.0      74.8250258964530
 1650.0      74.8253338104247
 1700.0      74.8256149591506
 1750.0      74.8258723571005
 1800.0      74.8261086060133
 1850.0      74.8263259608957
 1900.0      74.8265263840301
 1950.0      74.8267115894164
 2000.0      74.8268830795338
 2050.0      74.8270421759142
 2100.0      74.8271900446696
 2150.0      74.8273277179254
 2200.0      74.8274561118765
 2250.0      74.8275760420692
 2300.0      74.8276882363836
 2350.0      74.8277933461041
 2400.0      74.8278919553913
 2450.0      74.8279845894146
 2500.0      74.8280717213610
 2550.0      74.8281537784888
 2600.0      74.8282311473733
 2650.0      74.8283041784717
 2700.0      74.8283731900937
 2750.0      74.8284384718811
 2800.0      74.8285002878476
 2850.0      74.8285588790541
 2900.0      74.8286144659621
 2950.0      74.8286672505099
 3000.0      74.8287174179503
 3050.0      74.8287651384771
 3100.0      74.8288105686714
 3150.0      74.8288538527863
 3200.0      74.8288951238946
 3250.0      74.8289345049125
 3300.0      74.8289721095160
 3350.0      74.8290080429616
 3400.0      74.8290424028236
 3450.0      74.8290752796578
 3500.0      74.8291067575990
 3550.0      74.8291369148981
 3600.0      74.8291658244109
 3650.0      74.8291935540374
 3700.0      74.8292201671208
 3750.0      74.8292457228101
 3800.0      74.8292702763891
 3850.0      74.8292938795741
 3900.0      74.8293165807903
 3950.0      74.8293384254142
 4000.0      74.8293594560065
 4050.0      74.8293797125169
 4100.0      74.8293992324729
 4150.0      74.8294180511562
 4200.0      74.8294362017609
 4250.0      74.8294537155393
 4300.0      74.8294706219382
 4350.0      74.8294869487216
 4400.0      74.8295027220846
 4450.0      74.8295179667599
 4500.0      74.8295327061134
 4550.0      74.8295469622336
 4600.0      74.8295607560165
 4650.0      74.8295741072398
 4700.0      74.8295870346353
 4750.0      74.8295995559532
 4800.0      74.8296116880250
 4850.0      74.8296234468195
 4900.0      74.8296348474939
 4950.0      74.8296459044438
 5000.0      74.8296566313495
# V = 82.532250 (a.u.^3)
    5.0       5.5475166776996
   50.0      69.7345271428169
  100.0      73.4933253263662
  150.0      74.2305355796838
  200.0      74.4917879712024
  250.0      74.6132853350825
  300.0      74.6794372287046
  350.0      74.7193770473122
  400.0      74.7453206216010
  450.0      74.7631170560588
  500.0      74.7758515377967
  550.0      74.7852761904596
  600.0      74.7924458793407
  650.0      74.7980264608392
  700.0      74.8024550281371
  750.0      74.8060281228671
  800.0      74.8089526734402
  850.0      74.8113766292863
  900.0      74.8134080394777
  950.0      74.8151273013644
 1000.0      74.8165952369781
 1050.0      74.8178585457074
 1100.0      74.8189535639526
 1150.0      74.8199089069220
 1200.0      74.8207473568672
 1250.0      74.8214872337703
 1300.0      74.8221434044641
 1350.0      74.8227280352184
 1400.0      74.8232511596969
 1450.0      74.8237211123001
 1500.0      74.8241448621475
 1550.0      74.8245282729181
 1600.0      74.8248763067738
 1650.0      74.8251931857078
 1700.0      74.8254825201826
 1750.0      74.8257474124196
 1800.0      74.8259905398952
 1850.0      74.8262142232632
 1900.0      74.8264204819306
 1950.0      74.8266110797941
 2000.0      74.8267875630757
 2050.0      74.8269512917784
 2100.0      74.8271034659650
 2150.0      74.8272451478071
 2200.0      74.8273772801755
 2250.0      74.8275007023585
 2300.0      74.8276161634285
 2350.0      74.8277243336315
 2400.0      74.8278258141346
 2450.0      74.8279211453981
 2500.0      74.8280108143864
 2550.0      74.8280952607952
 2600.0      74.8281748824574
 2650.0      74.8282500400315
 2700.0      74.8283210610967
 2750.0      74.8283882437274
 2800.0      74.8284518596236
 2850.0      74.8285121568654
 2900.0      74.8285693623330
 2950.0      74.8286236838445
 3000.0      74.8286753120460
 3050.0      74.8287244220879
 3100.0      74.8287711751086
 3150.0      74.8288157195626
 3200.0      74.8288581923970
 3250.0      74.8288987201068
 3300.0      74.8289374196777
 3350.0      74.8289743994311
 3400.0      74.8290097597823
 3450.0      74.8290435939235
 3500.0      74.8290759884396
 3550.0      74.8291070238598
 3600.0      74.8291367751613
 3650.0      74.8291653122212
 3700.0      74.8291927002268
 3750.0      74.8292190000496
 3800.0      74.8292442685825
 3850.0      74.8292685590492
 3900.0      74.8292919212827
 3950.0      74.8293144019827
 4000.0      74.8293360449480
 4050.0      74.8293568912919
 4100.0      74.8293769796343
 4150.0      74.8293963462847
 4200.0      74.8294150254032
 4250.0      74.8294330491524
 4300.0      74.8294504478368
 4350.0      74.8294672500279
 4400.0      74.8294834826845
 4450.0      74.8294991712594
 4500.0      74.8295143397980
 4550.0      74.8295290110330
 4600.0      74.8295432064679
 4650.0      74.8295569464567
 4700.0      74.8295702502765
 4750.0      74.8295831361952
 4800.0      74.8295956215335
 4850.0      74.8296077227251
 4900.0      74.8296194553686
 4950.0      74.8296308342797
 5000.0      74.8296418735361
# V = 81.452500 (a.u.^3)
    5.0       5.3592745021450
   50.0      69.5971778321655
  100.0      73.4554895119583
  150.0      74.2134062613621
  200.0      74.4820901541881
  250.0      74.6070602674593
  300.0      74.6751074262912
  350.0      74.7161930481393
  400.0      74.7428815108655
  450.0      74.7611891932765
  500.0      74.7742896448735
  550.0      74.7839852227654
  600.0      74.7913610573501
  650.0      74.7971021194264
  700.0      74.8016580547650
  750.0      74.8053339239237
  800.0      74.8083426013899
  850.0      74.8108362887943
  900.0      74.8129261411667
  950.0      74.8146948672679
 1000.0      74.8162050379638
 1050.0      74.8175046955373
 1100.0      74.8186312213761
 1150.0      74.8196140536841
 1200.0      74.8204766299902
 1250.0      74.8212377972382
 1300.0      74.8219128499152
 1350.0      74.8225143042778
 1400.0      74.8230524826395
 1450.0      74.8235359591726
 1500.0      74.8239719034991
 1550.0      74.8243663479999
 1600.0      74.8247243976064
 1650.0      74.8250503957877
 1700.0      74.8253480568889
 1750.0      74.8256205723926
 1800.0      74.8258706968173
 1850.0      74.8261008175907
 1900.0      74.8263130122284
 1950.0      74.8265090953829
 2000.0      74.8266906577697
 2050.0      74.8268590985269
 2100.0      74.8270156522495
 2150.0      74.8271614116769
 2200.0      74.8272973468095
 2250.0      74.8274243210902
 2300.0      74.8275431051461
 2350.0      74.8276543885115
 2400.0      74.8277587896535
 2450.0      74.8278568645865
 2500.0      74.8279491142867
 2550.0      74.8280359911052
 2600.0      74.8281179043229
 2650.0      74.8281952249778
 2700.0      74.8282682900768
 2750.0      74.8283374062710
 2800.0      74.8284028530813
 2850.0      74.8284648857263
 2900.0      74.8285237376157
 2950.0      74.8285796225485
 3000.0      74.8286327366575
 3050.0      74.8286832601333
 3100.0      74.8287313587529
 3150.0      74.8287771852418
 3200.0      74.8288208804892
 3250.0      74.8288625746307
 3300.0      74.8289023880182
 3350.0      74.8289404320911
 3400.0      74.8289768101546
 3450.0      74.8290116180831
 3500.0      74.8290449449529
 3550.0      74.8290768736109
 3600.0      74.8291074811924
 3650.0      74.8291368395852
 3700.0      74.8291650158534
 3750.0      74.8291920726198
 3800.0      74.8292180684152
 3850.0      74.8292430579945
 3900.0      74.8292670926254
 3950.0      74.8292902203512
 4000.0      74.8293124862315
 4050.0      74.8293339325626
 4100.0      74.8293545990768
 4150.0      74.8293745231272
 4200.0      74.8293937398582
 4250.0      74.8294122823578
 4300.0      74.8294301818019
 4350.0      74.8294474675855
 4400.0      74.8294641674427
 4450.0      74.8294803075584
 4500.0      74.8294959126707
 4550.0      74.8295110061670
 4600.0      74.8295256101688
 4650.0      74.8295397456162
 4700.0      74.8295534323408
 4750.0      74.8295666891365
 4800.0      74.8295795338228
 4850.0      74.8295919833065
 4900.0      74.8296040536343
 4950.0      74.8296157600486
 5000.0      74.8296271170328
# V = 80.440250 (a.u.^3)
    5.0       5.1765449709880
   50.0      69.4610444652919
  100.0      73.4179017701103
  150.0      74.1963816460536
  200.0      74.4724501794859
  250.0      74.6008719650377
  300.0      74.6708031055722
  350.0      74.7130277840354
  400.0      74.7404567794519
  450.0      74.7592727340612
  500.0      74.7727370322480
  550.0      74.7827019672228
  600.0      74.7902827564222
  650.0      74.7961833730967
  700.0      74.8008659423423
  750.0      74.8046439940565
  800.0      74.8077363142706
  850.0      74.8102993321617
  900.0      74.8124472907350
  950.0      74.8142651968000
 1000.0      74.8158173599523
 1050.0      74.8171531576206
 1100.0      74.8183110101519
 1150.0      74.8193211740026
 1200.0      74.8202077382054
 1250.0      74.8209900736301
 1300.0      74.8216838999586
 1350.0      74.8223020814201
 1400.0      74.8228552273170
 1450.0      74.8233521502176
 1500.0      74.8238002190910
 1550.0      74.8242056340530
 1600.0      74.8245736419824
 1650.0      74.8249087071273
 1700.0      74.8252146471184
 1750.0      74.8254947421877
 1800.0      74.8257518234524
 1850.0      74.8259883447320
 1900.0      74.8262064413157
 1950.0      74.8264079783225
 2000.0      74.8265945907047
 2050.0      74.8267677165106
 2100.0      74.8269286246718
 2150.0      74.8270784383157
 2200.0      74.8272181544218
 2250.0      74.8273486604449
 2300.0      74.8274707484455
 2350.0      74.8275851271341
 2400.0      74.8276924321805
 2450.0      74.8277932350611
 2500.0      74.8278880506865
 2550.0      74.8279773439896
 2600.0      74.8280615356334
 2650.0      74.8281410069762
 2700.0      74.8282161043975
 2750.0      74.8282871430779
 2800.0      74.8283544103122
 2850.0      74.8284181684178
 2900.0      74.8284786572963
 2950.0      74.8285360966941
 3000.0      74.8285906881975
 3050.0      74.8286426170102
 3100.0      74.8286920535196
 3150.0      74.8287391546991
 3200.0      74.8287840653572
 3250.0      74.8288269192481
 3300.0      74.8288678400720
 3350.0      74.8289069423674
 3400.0      74.8289443323133
 3450.0      74.8289801084508
 3500.0      74.8290143623332
 3550.0      74.8290471791124
 3600.0      74.8290786380688
 3650.0      74.8291088130900
 3700.0      74.8291377731051
 3750.0      74.8291655824792
 3800.0      74.8291923013715
 3850.0      74.8292179860587
 3900.0      74.8292426892350
 3950.0      74.8292664602803
 4000.0      74.8292893455079
 4050.0      74.8293113883895
 4100.0      74.8293326297632
 4150.0      74.8293531080215
 4200.0      74.8293728592855
 4250.0      74.8293919175637
 4300.0      74.8294103148996
 4350.0      74.8294280815057
 4400.0      74.8294452458877
 4450.0      74.8294618349577
 4500.0      74.8294778741436
 4550.0      74.8294933874818
 4600.0      74.8295083977101
 4650.0      74.8295229263509
 4700.0      74.8295369937874
 4750.0      74.8295506193361
 4800.0      74.8295638213120
 4850.0      74.8295766170921
 4900.0      74.8295890231703
 4950.0      74.8296010552129
 5000.0      74.8296127281046
# V = 79.495500 (a.u.^3)
    5.0       5.0032590621192
   50.0      69.3185707454510
  100.0      73.3785524402865
  150.0      74.1785590601266
  200.0      74.4623590368819
  250.0      74.5943947324806
  300.0      74.6662984441686
  350.0      74.7097157533109
  400.0      74.7379201166138
  450.0      74.7572682552869
  500.0      74.7711135185547
  550.0      74.7813604841380
  600.0      74.7891558716404
  650.0      74.7952235506204
  700.0      74.8000387125604
  750.0      74.8039237551421
  800.0      74.8071036540619
  850.0      74.8097392649490
  900.0      74.8119480640757
  950.0      74.8138174644262
 1000.0      74.8154135961409
 1050.0      74.8167872346159
 1100.0      74.8179778880462
 1150.0      74.8190166696441
 1200.0      74.8199283506025
 1250.0      74.8207328503728
 1300.0      74.8214463338381
 1350.0      74.8220820295753
 1400.0      74.8226508473822
 1450.0      74.8231618494381
 1500.0      74.8236226134439
 1550.0      74.8240395151410
 1600.0      74.8244179500370
 1650.0      74.8247625088410
 1700.0      74.8250771173320
 1750.0      74.8253651486664
 1800.0      74.8256295141649
 1850.0      74.8258727371635
 1900.0      74.8260970134443
 1950.0      74.8263042609658
 2000.0      74.8264961610008
 2050.0      74.8266741923385
 2100.0      74.8268396598618
 2150.0      74.8269937185186
 2200.0      74.8271373935337
 2250.0      74.8272715975067
 2300.0      74.8273971449391
 2350.0      74.8275147646212
 2400.0      74.8276251102318
 2450.0      74.8277287694408
 2500.0      74.8278262717478
 2550.0      74.8279180952577
 2600.0      74.8280046725530
 2650.0      74.8280863957975
 2700.0      74.8281636211845
 2750.0      74.8282366728259
 2800.0      74.8283058461558
 2850.0      74.8283714109248
 2900.0      74.8284336138315
 2950.0      74.8284926808484
 3000.0      74.8285488192753
 3050.0      74.8286022195614
 3100.0      74.8286530569237
 3150.0      74.8287014927827
 3200.0      74.8287476760500
 3250.0      74.8287917442696
 3300.0      74.8288338246477
 3350.0      74.8288740349669
 3400.0      74.8289124844160
 3450.0      74.8289492743270
 3500.0      74.8289844988487
 3550.0      74.8290182455453
 3600.0      74.8290505959438
 3650.0      74.8290816260249
 3700.0      74.8291114066719
 3750.0      74.8291400040724
 3800.0      74.8291674800907
 3850.0      74.8291938925986
 3900.0      74.8292192957838
 3950.0      74.8292437404243
 4000.0      74.8292672741459
 4050.0      74.8292899416529
 4100.0      74.8293117849403
 4150.0      74.8293328434876
 4200.0      74.8293531544404
 4250.0      74.8293727527707
 4300.0      74.8293916714302
 4350.0      74.8294099414868
 4400.0      74.8294275922539
 4450.0      74.8294446514080
 4500.0      74.8294611450948
 4550.0      74.8294770980337
 4600.0      74.8294925336066
 4650.0      74.8295074739448
 4700.0      74.8295219400099
 4750.0      74.8295359516651
 4800.0      74.8295495277459
 4850.0      74.8295626861202
 4900.0      74.8295754437495
 4950.0      74.8295878167439
 5000.0      74.8295998204113
# V = 78.550700 (a.u.^3)
    5.0       4.8622963778762
   50.0      69.1871073115531
  100.0      73.3420377242982
  150.0      74.1620009027604
  200.0      74.4529789700808
  250.0      74.5883718051899
  300.0      74.6621084380191
  350.0      74.7066341158896
  400.0      74.7355591348039
  450.0      74.7554019365351
  500.0      74.7696013211218
  550.0      74.7801104531734
  600.0      74.7881053290824
  650.0      74.7943283103662
  700.0      74.7992667332083
  750.0      74.8032512378621
  800.0      74.8065125534679
  850.0      74.8092156502472
  900.0      74.8114810100041
  950.0      74.8133982824559
 1000.0      74.8150352901070
 1050.0      74.8164441079131
 1100.0      74.8176652553452
 1150.0      74.8187306420745
 1200.0      74.8196656734498
 1250.0      74.8204907789022
 1300.0      74.8212225371930
 1350.0      74.8218745156120
 1400.0      74.8224579033127
 1450.0      74.8229819945263
 1500.0      74.8234545610011
 1550.0      74.8238821417515
 1600.0      74.8242702704591
 1650.0      74.8246236554011
 1700.0      74.8249463228958
 1750.0      74.8252417324900
 1800.0      74.8255128700669
 1850.0      74.8257623235892
 1900.0      74.8259923450794
 1950.0      74.8262049016186
 2000.0      74.8264017175422
 2050.0      74.8265843095166
 2100.0      74.8267540158467
 2150.0      74.8269120210635
 2200.0      74.8270593766522
 2250.0      74.8271970185871
 2300.0      74.8273257822337
 2350.0      74.8274464150499
 2400.0      74.8275595874589
 2450.0      74.8276659021833
 2500.0      74.8277659022854
 2550.0      74.8278600781175
 2600.0      74.8279488733437
 2650.0      74.8280326901719
 2700.0      74.8281118939215
 2750.0      74.8281868170058
 2800.0      74.8282577624262
 2850.0      74.8283250068443
 2900.0      74.8283888032786
 2950.0      74.8284493834887
 3000.0      74.8285069600856
 3050.0      74.8285617283977
 3100.0      74.8286138681288
 3150.0      74.8286635448367
 3200.0      74.8287109112456
 3250.0      74.8287561084245
 3300.0      74.8287992668373
 3350.0      74.8288405072848
 3400.0      74.8288799417515
 3450.0      74.8289176741670
 3500.0      74.8289538010905
 3550.0      74.8289884123300
 3600.0      74.8290215915006
 3650.0      74.8290534165302
 3700.0      74.8290839601171
 3750.0      74.8291132901454
 3800.0      74.8291414700629
 3850.0      74.8291685592253
 3900.0      74.8291946132074
 3950.0      74.8292196840888
 4000.0      74.8292438207150
 4050.0      74.8292670689357
 4100.0      74.8292894718213
 4150.0      74.8293110698637
 4200.0      74.8293319011584
 4250.0      74.8293520015755
 4300.0      74.8293714049085
 4350.0      74.8293901430228
 4400.0      74.8294082459827
 4450.0      74.8294257421727
 4500.0      74.8294426584099
 4550.0      74.8294590200452
 4600.0      74.8294748510600
 4650.0      74.8294901741536
 4700.0      74.8295050108238
 4750.0      74.8295193814434
 4800.0      74.8295333053283
 4850.0      74.8295468008063
 4900.0      74.8295598852731
 4950.0      74.8295725752505
 5000.0      74.8295848864392
# V = 77.673400 (a.u.^3)
    5.0       4.7272697971206
   50.0      69.0574988035467
  100.0      73.3059457880999
  150.0      74.1456261745162
  200.0      74.4437011215034
  250.0      74.5824139865233
  300.0      74.6579635126017
  350.0      74.7035855279466
  400.0      74.7332234119491
  450.0      74.7535555439073
  500.0      74.7681052394394
  550.0      74.7788737209558
  600.0      74.7870659439883
  650.0      74.7934425619195
  700.0      74.7985029244947
  750.0      74.8025858256763
  800.0      74.8059276861030
  850.0      74.8086975463338
  900.0      74.8110188614059
  950.0      74.8129834937509
 1000.0      74.8146609400749
 1050.0      74.8161045609500
 1100.0      74.8173558762837
 1150.0      74.8184475836676
 1200.0      74.8194057158139
 1250.0      74.8202512066680
 1300.0      74.8210010444387
 1350.0      74.8216691315033
 1400.0      74.8222669333778
 1450.0      74.8228039738648
 1500.0      74.8232882166828
 1550.0      74.8237263623707
 1600.0      74.8241240813085
 1650.0      74.8244861980810
 1700.0      74.8248168384727
 1750.0      74.8251195474957
 1800.0      74.8253973847988
 1850.0      74.8256530022819
 1900.0      74.8258887076034
 1950.0      74.8261065164443
 2000.0      74.8263081957418
 2050.0      74.8264952996338
 2100.0      74.8266691994911
 2150.0      74.8268311091104
 2200.0      74.8269821059571
 2250.0      74.8271231491312
 2300.0      74.8272550946376
 2350.0      74.8273787084032
 2400.0      74.8274946774165
 2450.0      74.8276036192916
 2500.0      74.8277060905106
 2550.0      74.8278025935404
 2600.0      74.8278935830075
 2650.0      74.8279794710599
 2700.0      74.8280606320418
 2750.0      74.8281374065802
 2800.0      74.8282101051657
 2850.0      74.8282790112938
 2900.0      74.8283443842354
 2950.0      74.8284064614779
 3000.0      74.8284654608852
 3050.0      74.8285215826124
 3100.0      74.8285750108034
 3150.0      74.8286259151074
 3200.0      74.8286744520230
 3250.0      74.8287207661042
 3300.0      74.8287649910388
 3350.0      74.8288072506127
 3400.0      74.8288476595780
 3450.0      74.8288863244321
 3500.0      74.8289233441199
 3550.0      74.8289588106696
 3600.0      74.8289928097617
 3650.0      74.8290254212501
 3700.0      74.8290567196291
 3750.0      74.8290867744607
 3800.0      74.8291156507611
 3850.0      74.8291434093514
 3900.0      74.8291701071804
 3950.0      74.8291957976152
 4000.0      74.8292205307077
 4050.0      74.8292443534403
 4100.0      74.8292673099481
 4150.0      74.8292894417237
 4200.0      74.8293107878048
 4250.0      74.8293313849454
 4300.0      74.8293512677769
 4350.0      74.8293704689509
 4400.0      74.8293890192744
 4450.0      74.8294069478335
 4500.0      74.8294242821078
 4550.0      74.8294410480753
 4600.0      74.8294572703103
 4650.0      74.8294729720716
 4700.0      74.8294881753888
 4750.0      74.8295029011382
 4800.0      74.8295171691141
 4850.0      74.8295309980956
 4900.0      74.8295444059091
 4950.0      74.8295574094855
 5000.0      74.8295700249115
# V = 76.829900 (a.u.^3)
    5.0       4.5970363271645
   50.0      68.9297173105080
  100.0      73.2702726539853
  150.0      74.1294333957532
  200.0      74.4345247354393
  250.0      74.5765208292235
  300.0      74.6538633811325
  350.0      74.7005697970443
  400.0      74.7309128158732
  450.0      74.7517289861014
  500.0      74.7666252112195
  550.0      74.7776502465477
  600.0      74.7860376915911
  650.0      74.7925662930588
  700.0      74.7977472841248
  750.0      74.8019275242836
  800.0      74.8053490641973
  850.0      74.8081849708439
  900.0      74.8105616404420
  950.0      74.8125731242969
 1000.0      74.8142905752923
 1050.0      74.8157686257830
 1100.0      74.8170497853487
 1150.0      74.8181675310317
 1200.0      74.8191485161603
 1250.0      74.8200141737777
 1300.0      74.8207818971369
 1350.0      74.8214659201052
 1400.0      74.8220779815939
 1450.0      74.8226278325100
 1500.0      74.8231236264822
 1550.0      74.8235722238415
 1600.0      74.8239794301965
 1650.0      74.8243501851943
 1700.0      74.8246887130159
 1750.0      74.8249986432228
 1800.0      74.8252831084385
 1850.0      74.8255448238126
 1900.0      74.8257861520445
 1950.0      74.8260091568922
 2000.0      74.8262156474386
 2050.0      74.8264072148918
 2100.0      74.8265852633319
 2150.0      74.8267510355092
 2200.0      74.8269056345903
 2250.0      74.8270500425528
 2300.0      74.8271851358208
 2350.0      74.8273116985905
 2400.0      74.8274304342384
 2450.0      74.8275419751113
 2500.0      74.8276468909657
 2550.0      74.8277456962545
 2600.0      74.8278388564501
 2650.0      74.8279267935310
 2700.0      74.8280098907724
 2750.0      74.8280884969260
 2800.0      74.8281629298894
 2850.0      74.8282334799214
 2900.0      74.8283004124782
 2950.0      74.8283639707117
 3000.0      74.8284243776836
 3050.0      74.8284818383234
 3100.0      74.8285365411693
 3150.0      74.8285886599157
 3200.0      74.8286383547954
 3250.0      74.8286857738115
 3300.0      74.8287310538401
 3350.0      74.8287743216210
 3400.0      74.8288156946429
 3450.0      74.8288552819442
 3500.0      74.8288931848314
 3550.0      74.8289294975268
 3600.0      74.8289643077551
 3650.0      74.8289976972755
 3700.0      74.8290297423599
 3750.0      74.8290605142290
 3800.0      74.8290900794505
 3850.0      74.8291185002963
 3900.0      74.8291458350739
 3950.0      74.8291721384234
 4000.0      74.8291974615917
 4050.0      74.8292218526804
 4100.0      74.8292453568795
 4150.0      74.8292680166697
 4200.0      74.8292898720207
 4250.0      74.8293109605640
 4300.0      74.8293313177563
 4350.0      74.8293509770287
 4400.0      74.8293699699222
 4450.0      74.8293883262185
 4500.0      74.8294060740509
 4550.0      74.8294232400185
 4600.0      74.8294398492810
 4650.0      74.8294559256533
 4700.0      74.8294714916898
 4750.0      74.8294865687647
 4800.0      74.8295011771445
 4850.0      74.8295153360566
 4900.0      74.8295290637532
 4950.0      74.8295423775676
 5000.0      74.8295552939721
# V = 76.020100 (a.u.^3)
    5.0       4.4703223539844
   50.0      68.8036721774070
  100.0      73.2349987899584
  150.0      74.1134141913569
  200.0      74.4254451767856
  250.0      74.5706893997200
  300.0      74.6498060264255
  350.0      74.6975854558483
  400.0      74.7286262350271
  450.0      74.7499213949969
  500.0      74.7651605422188
  550.0      74.7764394642198
  600.0      74.7850201038324
  650.0      74.7916991116895
  700.0      74.7969994802529
  750.0      74.8012760504245
  800.0      74.8047764442438
  850.0      74.8076777132094
  900.0      74.8101091641389
  950.0      74.8121670144722
 1000.0      74.8139240560713
 1050.0      74.8154361798748
 1100.0      74.8167468748684
 1150.0      74.8178903894614
 1200.0      74.8188939911649
 1250.0      74.8197796069464
 1300.0      74.8205650309072
 1350.0      74.8212648249699
 1400.0      74.8218909986092
 1450.0      74.8224535274869
 1500.0      74.8229607531732
 1550.0      74.8234196941386
 1600.0      74.8238362898201
 1650.0      74.8242155937346
 1700.0      74.8245619274444
 1750.0      74.8248790041839
 1800.0      74.8251700287954
 1850.0      74.8254377790248
 1900.0      74.8256846720428
 1950.0      74.8259128191882
 2000.0      74.8261240712520
 2050.0      74.8263200561289
 2100.0      74.8265022102718
 2150.0      74.8266718050852
 2200.0      74.8268299691688
 2250.0      74.8269777071424
 2300.0      74.8271159156384
 2350.0      74.8272453969335
 2400.0      74.8273668706221
 2450.0      74.8274809836326
 2500.0      74.8275883188572
 2550.0      74.8276894026127
 2600.0      74.8277847111025
 2650.0      74.8278746760359
 2700.0      74.8279596895259
 2750.0      74.8280401083664
 2800.0      74.8281162577844
 2850.0      74.8281884347321
 2900.0      74.8282569107862
 2950.0      74.8283219347065
 3000.0      74.8283837346971
 3050.0      74.8284425204140
 3100.0      74.8284984847418
 3150.0      74.8285518053810
 3200.0      74.8286026462592
 3250.0      74.8286511587914
 3300.0      74.8286974830116
 3350.0      74.8287417485804
 3400.0      74.8287840756973
 3450.0      74.8288245759146
 3500.0      74.8288633528739
 3550.0      74.8289005029710
 3600.0      74.8289361159542
 3650.0      74.8289702754670
 3700.0      74.8290030595400
 3750.0      74.8290345410376
 3800.0      74.8290647880613
 3850.0      74.8290938643199
 3900.0      74.8291218294643
 3950.0      74.8291487393956
 4000.0      74.8291746465418
 4050.0      74.8291996001143
 4100.0      74.8292236463448
 4150.0      74.8292468286941
 4200.0      74.8292691880525
 4250.0      74.8292907629208
 4300.0      74.8293115895725
 4350.0      74.8293317022090
 4400.0      74.8293511331000
 4450.0      74.8293699127129
 4500.0      74.8293880698312
 4550.0      74.8294056316657
 4600.0      74.8294226239574
 4650.0      74.8294390710691
 4700.0      74.8294549960768
 4750.0      74.8294704208471
 4800.0      74.8294853661139
 4850.0      74.8294998515480
 4900.0      74.8295138958211
 4950.0      74.8295275166683
 5000.0      74.8295407309414
# V = 75.244000 (a.u.^3)
    5.0       4.3476783666192
   50.0      68.6795024805322
  100.0      73.2001666084760
  150.0      74.0975881160648
  200.0      74.4164735899211
  250.0      74.5649268757457
  300.0      74.6457964517059
  350.0      74.6946361896596
  400.0      74.7263664965962
  450.0      74.7481350082126
  500.0      74.7637130477201
  550.0      74.7752428764409
  600.0      74.7840144450691
  650.0      74.7908420967482
  700.0      74.7962604446186
  750.0      74.8006322170419
  800.0      74.8042105419289
  850.0      74.8071764084904
  900.0      74.8096619999792
  950.0      74.8117656745569
 1000.0      74.8135618438462
 1050.0      74.8151076426189
 1100.0      74.8164475277926
 1150.0      74.8176165101092
 1200.0      74.8186424640718
 1250.0      74.8195478047888
 1300.0      74.8203507225214
 1350.0      74.8210661034059
 1400.0      74.8217062243178
 1450.0      74.8222812830420
 1500.0      74.8227998068951
 1550.0      74.8232689706347
 1600.0      74.8236948459625
 1650.0      74.8240825989357
 1700.0      74.8244366473571
 1750.0      74.8247607871564
 1800.0      74.8250582945515
 1850.0      74.8253320091521
 1900.0      74.8255844019641
 1950.0      74.8258176313499
 2000.0      74.8260335893223
 2050.0      74.8262339400343
 2100.0      74.8264201519329
 2150.0      74.8265935247399
 2200.0      74.8267552121941
 2250.0      74.8269062412921
 2300.0      74.8270475286373
 2350.0      74.8271798943768
 2400.0      74.8273040741334
 2450.0      74.8274207292452
 2500.0      74.8275304555893
 2550.0      74.8276337912049
 2600.0      74.8277312229037
 2650.0      74.8278231920116
 2700.0      74.8279100993747
 2750.0      74.8279923097356
 2800.0      74.8280701555659
 2850.0      74.8281439404327
 2900.0      74.8282139419619
 2950.0      74.8282804144546
 3000.0      74.8283435911991
 3050.0      74.8284036865205
 3100.0      74.8284608976012
 3150.0      74.8285154061000
 3200.0      74.8285673795953
 3250.0      74.8286169728767
 3300.0      74.8286643290956
 3350.0      74.8287095808031
 3400.0      74.8287528508747
 3450.0      74.8287942533484
 3500.0      74.8288338941750
 3550.0      74.8288718718967
 3600.0      74.8289082782621
 3650.0      74.8289431987771
 3700.0      74.8289767132112
 3750.0      74.8290088960514
 3800.0      74.8290398169172
 3850.0      74.8290695409355
 3900.0      74.8290981290876
 3950.0      74.8291256385183
 4000.0      74.8291521228242
 4050.0      74.8291776323135
 4100.0      74.8292022142471
 4150.0      74.8292259130534
 4200.0      74.8292487705361
 4250.0      74.8292708260508
 4300.0      74.8292921166804
 4350.0      74.8293126773883
 4400.0      74.8293325411631
 4450.0      74.8293517391504
 4500.0      74.8293703007758
 4550.0      74.8293882538552
 4600.0      74.8294056247041
 4650.0      74.8294224382275
 4700.0      74.8294387180153
 4750.0      74.8294544864213
 4800.0      74.8294697646415
 4850.0      74.8294845727848
 4900.0      74.8294989299397
 4950.0      74.8295128542350
 5000.0      74.8295263628984
# V = 74.467950 (a.u.^3)
    5.0       4.2309352158255
   50.0      68.5577121303766
  100.0      73.1659115403120
  150.0      74.0820161353234
  200.0      74.4076444009405
  250.0      74.5592553152744
  300.0      74.6418499740764
  350.0      74.6917332434218
  400.0      74.7241421994661
  450.0      74.7463766091072
  500.0      74.7622882117476
  550.0      74.7740650055001
  600.0      74.7830245058992
  650.0      74.7899984692775
  700.0      74.7955329462598
  750.0      74.7999984284691
  800.0      74.8036534630661
  850.0      74.8066829150741
  900.0      74.8092217989859
  950.0      74.8113705800701
 1000.0      74.8132052642863
 1050.0      74.8147842107218
 1100.0      74.8161528290428
 1150.0      74.8173468803689
 1200.0      74.8183948366799
 1250.0      74.8193195935724
 1300.0      74.8201397312577
 1350.0      74.8208704550082
 1400.0      74.8215243049082
 1450.0      74.8221116973869
 1500.0      74.8226413425967
 1550.0      74.8231205691367
 1600.0      74.8235555789010
 1650.0      74.8239516487228
 1700.0      74.8243132911403
 1750.0      74.8246443834832
 1800.0      74.8249482722280
 1850.0      74.8252278578790
 1900.0      74.8254856644350
 1950.0      74.8257238965460
 2000.0      74.8259444868003
 2050.0      74.8261491350429
 2100.0      74.8263393412124
 2150.0      74.8265164329074
 2200.0      74.8266815886107
 2250.0      74.8268358573451
 2300.0      74.8269801753723
 2350.0      74.8271153804318
 2400.0      74.8272422239226
 2450.0      74.8273613813678
 2500.0      74.8274734614244
 2550.0      74.8275790136736
 2600.0      74.8276785353669
 2650.0      74.8277724772961
 2700.0      74.8278612489062
 2750.0      74.8279452227626
 2800.0      74.8280247384684
 2850.0      74.8281001061013
 2900.0      74.8281716092426
 2950.0      74.8282395076483
 3000.0      74.8283040396099
 3050.0      74.8283654240501
 3100.0      74.8284238623813
 3150.0      74.8284795401581
 3200.0      74.8285326285535
 3250.0      74.8285832856781
 3300.0      74.8286316577536
 3350.0      74.8286778801737
 3400.0      74.8287220784504
 3450.0      74.8287643690674
 3500.0      74.8288048602485
 3550.0      74.8288436526487
 3600.0      74.8288808399857
 3650.0      74.8289165095993
 3700.0      74.8289507429703
 3750.0      74.8289836161832
 3800.0      74.8290152003502
 3850.0      74.8290455619966
 3900.0      74.8290747634109
 3950.0      74.8291028629636
 4000.0      74.8291299154016
 4050.0      74.8291559721118
 4100.0      74.8291810813686
 4150.0      74.8292052885553
 4200.0      74.8292286363694
 4250.0      74.8292511650125
 4300.0      74.8292729123627
 4350.0      74.8292939141337
 4400.0      74.8293142040215
 4450.0      74.8293338138394
 4500.0      74.8293527736440
 4550.0      74.8293711118492
 4600.0      74.8293888553333
 4650.0      74.8294060295372
 4700.0      74.8294226585559
 4750.0      74.8294387652228
 4800.0      74.8294543711886
 4850.0      74.8294694969937
 4900.0      74.8294841621361
 4950.0      74.8294983851331
 5000.0      74.8295121835821
# V = 73.759400 (a.u.^3)
    5.0       4.1170858289287
   50.0      68.4365336390300
  100.0      73.1317477227701
  150.0      74.0664783817335
  200.0      74.3988331749163
  250.0      74.5535948742234
  300.0      74.6379110838685
  350.0      74.6888358187100
  400.0      74.7219221088578
  450.0      74.7446215267626
  500.0      74.7608660620002
  550.0      74.7728893574348
  600.0      74.7820364390004
  650.0      74.7891564423086
  700.0      74.7948068334391
  750.0      74.7993658524465
  800.0      74.8030974554676
  850.0      74.8061903760238
  900.0      74.8087824545363
  950.0      74.8109762594376
 1000.0      74.8128493880527
 1050.0      74.8144614215098
 1100.0      74.8158587204561
 1150.0      74.8170777950008
 1200.0      74.8181477134944
 1250.0      74.8190918511387
 1300.0      74.8199291773750
 1350.0      74.8206752160245
 1400.0      74.8213427698970
 1450.0      74.8219424736649
 1500.0      74.8224832199811
 1550.0      74.8229724910029
 1600.0      74.8234166185801
 1650.0      74.8238209901184
 1700.0      74.8241902127180
 1750.0      74.8245282449602
 1800.0      74.8248385034501
 1850.0      74.8251239494780
 1900.0      74.8253871599360
 1950.0      74.8256303856787
 2000.0      74.8258555997972
 2050.0      74.8260645377608
 2100.0      74.8262587309446
 2150.0      74.8264395347715
 2200.0      74.8266081524228
 2250.0      74.8267656549086
 2300.0      74.8269129981144
 2350.0      74.8270510373366
 2400.0      74.8271805397246
 2450.0      74.8273021949592
 2500.0      74.8274166244553
 2550.0      74.8275243893125
 2600.0      74.8276259972059
 2650.0      74.8277219083759
 2700.0      74.8278125408486
 2750.0      74.8278982749992
 2800.0      74.8279794575487
 2850.0      74.8280564050747
 2900.0      74.8281294071030
 2950.0      74.8281987288335
 3000.0      74.8282646135530
 3050.0      74.8283272847731
 3100.0      74.8283869481271
 3150.0      74.8284437930602
 3200.0      74.8284979943333
 3250.0      74.8285497133703
 3300.0      74.8285990994592
 3350.0      74.8286462908309
 3400.0      74.8286914156277
 3450.0      74.8287345927766
 3500.0      74.8287759327684
 3550.0      74.8288155383703
 3600.0      74.8288535052615
 3650.0      74.8288899226150
 3700.0      74.8289248736182
 3750.0      74.8289584359512
 3800.0      74.8289906822163
 3850.0      74.8290216803337
 3900.0      74.8290514938976
 3950.0      74.8290801825024
 4000.0      74.8291078020414
 4050.0      74.8291344049806
 4100.0      74.8291600406043
 4150.0      74.8291847552480
 4200.0      74.8292085925047
 4250.0      74.8292315934182
 4300.0      74.8292537966607
 4350.0      74.8292752386943
 4400.0      74.8292959539218
 4450.0      74.8293159748234
 4500.0      74.8293353320855
 4550.0      74.8293540547181
 4600.0      74.8293721701625
 4650.0      74.8293897043919
 4700.0      74.8294066820079
 4750.0      74.8294231263224
 4800.0      74.8294390594393
 4850.0      74.8294545023302
 4900.0      74.8294694749013
 4950.0      74.8294839960583
 5000.0      74.8294980837677
# V = 73.050800 (a.u.^3)
    5.0       4.0081825442066
   50.0      68.3176885768079
  100.0      73.0981593585119
  150.0      74.0511949824063
  200.0      74.3901647462451
  250.0      74.5480257645403
  300.0      74.6340356156010
  350.0      74.6859850040183
  400.0      74.7197377234696
  450.0      74.7428946764590
  500.0      74.7594668003387
  550.0      74.7717326443776
  600.0      74.7810643009520
  650.0      74.7883280049820
  700.0      74.7940924543506
  750.0      74.7987435130209
  800.0      74.8025504592462
  850.0      74.8057058329721
  900.0      74.8083502552248
  950.0      74.8105883638871
 1000.0      74.8124993221482
 1050.0      74.8141439136004
 1100.0      74.8155694346434
 1150.0      74.8168131323835
 1200.0      74.8179046619975
 1250.0      74.8188678706138
 1300.0      74.8197221106773
 1350.0      74.8204832194601
 1400.0      74.8211642582969
 1450.0      74.8217760766098
 1500.0      74.8223277466346
 1550.0      74.8228269016310
 1600.0      74.8232800013250
 1650.0      74.8236925419292
 1700.0      74.8240692235918
 1750.0      74.8244140848471
 1800.0      74.8247306113091
 1850.0      74.8250218240797
 1900.0      74.8252903521014
 1950.0      74.8255384916939
 2000.0      74.8257682558030
 2050.0      74.8259814149534
 2100.0      74.8261795314542
 2150.0      74.8263639881073
 2200.0      74.8265360123997
 2250.0      74.8266966969762
 2300.0      74.8268470170314
 2350.0      74.8269878451400
 2400.0      74.8271199639485
 2450.0      74.8272440770701
 2500.0      74.8273608184736
 2550.0      74.8274707605931
 2600.0      74.8275744213603
 2650.0      74.8276722703124
 2700.0      74.8277647339215
 2750.0      74.8278522002468
 2800.0      74.8279350230137
 2850.0      74.8280135251957
 2900.0      74.8280880021668
 2950.0      74.8281587244857
 3000.0      74.8282259403539
 3050.0      74.8282898777984
 3100.0      74.8283507466072
 3150.0      74.8284087400524
 3200.0      74.8284640364263
 3250.0      74.8285168004131
 3300.0      74.8285671843172
 3350.0      74.8286153291625
 3400.0      74.8286613656804
 3450.0      74.8287054152002
 3500.0      74.8287475904449
 3550.0      74.8287879962575
 3600.0      74.8288267302519
 3650.0      74.8288638834005
 3700.0      74.8288995405736
 3750.0      74.8289337810188
 3800.0      74.8289666788065
 3850.0      74.8289983032284
 3900.0      74.8290287191642
 3950.0      74.8290579874114
 4000.0      74.8290861649935
 4050.0      74.8291133054357
 4100.0      74.8291394590192
 4150.0      74.8291646730138
 4200.0      74.8291889918955
 4250.0      74.8292124575358
 4300.0      74.8292351093887
 4350.0      74.8292569846531
 4400.0      74.8292781184262
 4450.0      74.8292985438452
 4500.0      74.8293182922166
 4550.0      74.8293373931353
 4600.0      74.8293558745982
 4650.0      74.8293737631032
 4700.0      74.8293910837485
 4750.0      74.8294078603172
 4800.0      74.8294241153600
 4850.0      74.8294398702714
 4900.0      74.8294551453608
 4950.0      74.8294699599157
 5000.0      74.8294843322651
