# T (K)       E-ph (Ry.)
# V = 83.611950 (a.u.^3)
    5.0       0.0012279343519
   50.0       0.0030471280733
  100.0       0.0058002891510
  150.0       0.0086172402922
  200.0       0.0114506733977
  250.0       0.0142907541712
  300.0       0.0171341701799
  350.0       0.0199794954001
  400.0       0.0228260151093
  450.0       0.0256733316684
  500.0       0.0285212062709
  550.0       0.0313694868514
  600.0       0.0342180719862
  650.0       0.0370668914347
  700.0       0.0399158950119
  750.0       0.0427650459081
  800.0       0.0456143165113
  850.0       0.0484636857038
  900.0       0.0513131370588
  950.0       0.0541626576067
 1000.0       0.0570122369710
 1050.0       0.0598618667512
 1100.0       0.0627115400737
 1150.0       0.0655612512600
 1200.0       0.0684109955780
 1250.0       0.0712607690525
 1300.0       0.0741105683196
 1350.0       0.0769603905140
 1400.0       0.0798102331793
 1450.0       0.0826600941982
 1500.0       0.0855099717355
 1550.0       0.0883598641928
 1600.0       0.0912097701714
 1650.0       0.0940596884422
 1700.0       0.0969096179208
 1750.0       0.0997595576465
 1800.0       0.1026095067655
 1850.0       0.1054594645161
 1900.0       0.1083094302171
 1950.0       0.1111594032568
 2000.0       0.1140093830849
 2050.0       0.1168593692047
 2100.0       0.1197093611668
 2150.0       0.1225593585637
 2200.0       0.1254093610247
 2250.0       0.1282593682124
 2300.0       0.1311093798184
 2350.0       0.1339593955608
 2400.0       0.1368094151810
 2450.0       0.1396594384417
 2500.0       0.1425094651243
 2550.0       0.1453594950277
 2600.0       0.1482095279660
 2650.0       0.1510595637674
 2700.0       0.1539096022729
 2750.0       0.1567596433350
 2800.0       0.1596096868167
 2850.0       0.1624597325907
 2900.0       0.1653097805384
 2950.0       0.1681598305493
 3000.0       0.1710098825203
 3050.0       0.1738599363549
 3100.0       0.1767099919629
 3150.0       0.1795600492600
 3200.0       0.1824101081670
 3250.0       0.1852601686095
 3300.0       0.1881102305177
 3350.0       0.1909602938261
 3400.0       0.1938103584728
 3450.0       0.1966604243997
 3500.0       0.1995104915519
 3550.0       0.2023605598777
 3600.0       0.2052106293280
 3650.0       0.2080606998568
 3700.0       0.2109107714203
 3750.0       0.2137608439771
 3800.0       0.2166109174880
 3850.0       0.2194609919159
 3900.0       0.2223110672254
 3950.0       0.2251611433831
 4000.0       0.2280112203571
 4050.0       0.2308612981173
 4100.0       0.2337113766349
 4150.0       0.2365614558825
 4200.0       0.2394115358341
 4250.0       0.2422616164647
 4300.0       0.2451116977507
 4350.0       0.2479617796695
 4400.0       0.2508118621996
 4450.0       0.2536619453203
 4500.0       0.2565120290119
 4550.0       0.2593621132556
 4600.0       0.2622121980335
 4650.0       0.2650622833282
 4700.0       0.2679123691234
 4750.0       0.2707624554031
 4800.0       0.2736125421522
 4850.0       0.2764626293563
 4900.0       0.2793127170014
 4950.0       0.2821628050741
 5000.0       0.2850128935616
# V = 82.532250 (a.u.^3)
    5.0       0.0012452195655
   50.0       0.0030527451467
  100.0       0.0058031873026
  150.0       0.0086191840655
  200.0       0.0114521343565
  250.0       0.0142919241291
  300.0       0.0171351457092
  350.0       0.0199803318818
  400.0       0.0228267472286
  450.0       0.0256739825795
  500.0       0.0285217921963
  550.0       0.0313700195969
  600.0       0.0342185604101
  650.0       0.0370673423536
  700.0       0.0399163137833
  750.0       0.0427654368187
  800.0       0.0456146830449
  850.0       0.0484640307295
  900.0       0.0513134629681
  950.0       0.0541629664136
 1000.0       0.0570125303875
 1050.0       0.0598621462449
 1100.0       0.0627118069121
 1150.0       0.0655615065454
 1200.0       0.0684112402748
 1250.0       0.0712610040096
 1300.0       0.0741107942879
 1350.0       0.0769606081608
 1400.0       0.0798104431008
 1450.0       0.0826602969287
 1500.0       0.0855101677558
 1550.0       0.0883600539374
 1600.0       0.0912099540339
 1650.0       0.0940598667806
 1700.0       0.0969097910613
 1750.0       0.0997597258875
 1800.0       0.1026096703805
 1850.0       0.1054596237564
 1900.0       0.1083095853141
 1950.0       0.1111595544243
 2000.0       0.1140095305205
 2050.0       0.1168595130916
 2100.0       0.1197095016752
 2150.0       0.1225594958517
 2200.0       0.1254094952399
 2250.0       0.1282594994923
 2300.0       0.1311095082917
 2350.0       0.1339595213479
 2400.0       0.1368095383948
 2450.0       0.1396595591882
 2500.0       0.1425095835032
 2550.0       0.1453596111327
 2600.0       0.1482096418855
 2650.0       0.1510596755848
 2700.0       0.1539097120669
 2750.0       0.1567597511801
 2800.0       0.1596097927833
 2850.0       0.1624598367455
 2900.0       0.1653098829448
 2950.0       0.1681599312673
 3000.0       0.1710099816070
 3050.0       0.1738600338646
 3100.0       0.1767100879472
 3150.0       0.1795601437681
 3200.0       0.1824102012457
 3250.0       0.1852602603036
 3300.0       0.1881103208699
 3350.0       0.1909603828771
 3400.0       0.1938104462616
 3450.0       0.1966605109636
 3500.0       0.1995105769265
 3550.0       0.2023606440972
 3600.0       0.2052107124252
 3650.0       0.2080607818631
 3700.0       0.2109108523657
 3750.0       0.2137609238907
 3800.0       0.2166109963975
 3850.0       0.2194610698479
 3900.0       0.2223111442057
 3950.0       0.2251612194363
 4000.0       0.2280112955071
 4050.0       0.2308613723870
 4100.0       0.2337114500463
 4150.0       0.2365615284568
 4200.0       0.2394116075918
 4250.0       0.2422616874256
 4300.0       0.2451117679339
 4350.0       0.2479618490935
 4400.0       0.2508119308820
 4450.0       0.2536620132784
 4500.0       0.2565120962624
 4550.0       0.2593621798146
 4600.0       0.2622122639164
 4650.0       0.2650623485501
 4700.0       0.2679124336989
 4750.0       0.2707625193463
 4800.0       0.2736126054768
 4850.0       0.2764626920755
 4900.0       0.2793127791280
 4950.0       0.2821628666207
 5000.0       0.2850129545402
# V = 81.452500 (a.u.^3)
    5.0       0.0012626080775
   50.0       0.0030584529686
  100.0       0.0058061345559
  150.0       0.0086211610875
  200.0       0.0114536204026
  250.0       0.0142931142246
  300.0       0.0171361380609
  350.0       0.0199811828131
  400.0       0.0228274920170
  450.0       0.0256746447752
  500.0       0.0285223882998
  550.0       0.0313705616161
  600.0       0.0342190573557
  650.0       0.0370678011591
  700.0       0.0399167398981
  750.0       0.0427658346033
  800.0       0.0456150560427
  850.0       0.0484643818593
  900.0       0.0513137946623
  950.0       0.0541632807209
 1000.0       0.0570128290493
 1050.0       0.0598624307540
 1100.0       0.0627120785578
 1150.0       0.0655617664490
 1200.0       0.0684114894174
 1250.0       0.0712612432545
 1300.0       0.0741110243989
 1350.0       0.0769608298170
 1400.0       0.0798106569084
 1450.0       0.0826605034312
 1500.0       0.0855103674424
 1550.0       0.0883602472499
 1600.0       0.0912101413729
 1650.0       0.0940600485101
 1700.0       0.0969099675132
 1750.0       0.0997598973653
 1800.0       0.1026098371623
 1850.0       0.1054597860980
 1900.0       0.1083097434509
 1950.0       0.1111597085736
 2000.0       0.1140096808834
 2050.0       0.1168596598545
 2100.0       0.1197096450110
 2150.0       0.1225596359215
 2200.0       0.1254096321936
 2250.0       0.1282596334699
 2300.0       0.1311096394241
 2350.0       0.1339596497576
 2400.0       0.1368096641967
 2450.0       0.1396596824900
 2500.0       0.1425097044064
 2550.0       0.1453597297326
 2600.0       0.1482097582720
 2650.0       0.1510597898428
 2700.0       0.1539098242764
 2750.0       0.1567598614168
 2800.0       0.1596099011189
 2850.0       0.1624599432479
 2900.0       0.1653099876784
 2950.0       0.1681600342932
 3000.0       0.1710100829832
 3050.0       0.1738601336463
 3100.0       0.1767101861871
 3150.0       0.1795602405160
 3200.0       0.1824102965494
 3250.0       0.1852603542085
 3300.0       0.1881104134195
 3350.0       0.1909604741129
 3400.0       0.1938105362232
 3450.0       0.1966605996888
 3500.0       0.1995106644518
 3550.0       0.2023607304572
 3600.0       0.2052107976533
 3650.0       0.2080608659912
 3700.0       0.2109109354245
 3750.0       0.2137610059095
 3800.0       0.2166110774047
 3850.0       0.2194611498706
 3900.0       0.2223112232700
 3950.0       0.2251612975674
 4000.0       0.2280113727291
 4050.0       0.2308614487231
 4100.0       0.2337115255190
 4150.0       0.2365616030878
 4200.0       0.2394116814019
 4250.0       0.2422617604350
 4300.0       0.2451118401619
 4350.0       0.2479619205588
 4400.0       0.2508120016029
 4450.0       0.2536620832723
 4500.0       0.2565121655461
 4550.0       0.2593622484045
 4600.0       0.2622123318284
 4650.0       0.2650624157995
 4700.0       0.2679125003004
 4750.0       0.2707625853144
 4800.0       0.2736126708254
 4850.0       0.2764627568180
 4900.0       0.2793128432775
 4950.0       0.2821629301898
 5000.0       0.2850130175412
# V = 80.440250 (a.u.^3)
    5.0       0.0012797131669
   50.0       0.0030641222117
  100.0       0.0058090641456
  150.0       0.0086231265764
  200.0       0.0114550978780
  250.0       0.0142942975053
  300.0       0.0171371247634
  350.0       0.0199820289273
  400.0       0.0228282326133
  450.0       0.0256753032665
  500.0       0.0285229810905
  550.0       0.0313711006449
  600.0       0.0342195515807
  650.0       0.0370682574741
  700.0       0.0399171637210
  750.0       0.0427662302695
  800.0       0.0456154270753
  850.0       0.0484647311601
  900.0       0.0513141246499
  950.0       0.0541635934319
 1000.0       0.0570131262154
 1050.0       0.0598627138594
 1100.0       0.0627123488844
 1150.0       0.0655620251115
 1200.0       0.0684117373913
 1250.0       0.0712614813983
 1300.0       0.0741112534721
 1350.0       0.0769610504946
 1400.0       0.0798108697931
 1450.0       0.0826607090634
 1500.0       0.0855105663086
 1550.0       0.0883604397894
 1600.0       0.0912103279838
 1650.0       0.0940602295544
 1700.0       0.0969101433209
 1750.0       0.0997600682381
 1800.0       0.1026100033769
 1850.0       0.1054599479086
 1900.0       0.1083099010916
 1950.0       0.1111598622605
 2000.0       0.1140098308163
 2050.0       0.1168598062187
 2100.0       0.1197097879787
 2150.0       0.1225597756526
 2200.0       0.1254097688372
 2250.0       0.1282597671653
 2300.0       0.1311097703014
 2350.0       0.1339597779386
 2400.0       0.1368097897955
 2450.0       0.1396598056140
 2500.0       0.1425098251562
 2550.0       0.1453598482031
 2600.0       0.1482098745526
 2650.0       0.1510599040177
 2700.0       0.1539099364254
 2750.0       0.1567599716151
 2800.0       0.1596100094378
 2850.0       0.1624600497549
 2900.0       0.1653100924374
 2950.0       0.1681601373651
 3000.0       0.1710101844257
 3050.0       0.1738602335142
 3100.0       0.1767102845327
 3150.0       0.1795603373891
 3200.0       0.1824103919973
 3250.0       0.1852604482765
 3300.0       0.1881105061507
 3350.0       0.1909605655485
 3400.0       0.1938106264026
 3450.0       0.1966606886499
 3500.0       0.1995107522305
 3550.0       0.2023608170881
 3600.0       0.2052108831695
 3650.0       0.2080609504245
 3700.0       0.2109110188054
 3750.0       0.2137610882672
 3800.0       0.2166111587673
 3850.0       0.2194612302651
 3900.0       0.2223113027224
 3950.0       0.2251613761026
 4000.0       0.2280114503712
 4050.0       0.2308615254953
 4100.0       0.2337116014436
 4150.0       0.2365616781863
 4200.0       0.2394117556949
 4250.0       0.2422618339426
 4300.0       0.2451119129034
 4350.0       0.2479619925529
 4400.0       0.2508120728674
 4450.0       0.2536621538247
 4500.0       0.2565122354033
 4550.0       0.2593623175827
 4600.0       0.2622124003433
 4650.0       0.2650624836664
 4700.0       0.2679125675340
 4750.0       0.2707626519289
 4800.0       0.2736127368346
 4850.0       0.2764628222354
 4900.0       0.2793129081161
 4950.0       0.2821629944622
 5000.0       0.2850130812596
# V = 79.495500 (a.u.^3)
    5.0       0.0012975715891
   50.0       0.0030700574024
  100.0       0.0058121316345
  150.0       0.0086251847695
  200.0       0.0114566451969
  250.0       0.0142955368750
  300.0       0.0171381583897
  350.0       0.0199829154331
  400.0       0.0228290087187
  450.0       0.0256759934857
  500.0       0.0285236025998
  550.0       0.0313716659446
  600.0       0.0342200700507
  650.0       0.0370687363323
  700.0       0.0399176086402
  750.0       0.0427666457891
  800.0       0.0456158168843
  850.0       0.0484650982969
  900.0       0.0513144716467
  950.0       0.0541639224215
 1000.0       0.0570134390107
 1050.0       0.0598630120144
 1100.0       0.0627126337415
 1150.0       0.0655622978378
 1200.0       0.0684119990083
 1250.0       0.0712617328047
 1300.0       0.0741114954631
 1350.0       0.0769612837771
 1400.0       0.0798110949982
 1450.0       0.0826609267570
 1500.0       0.0855107770000
 1550.0       0.0883606439385
 1600.0       0.0912105260076
 1650.0       0.0940604218317
 1700.0       0.0969103301975
 1750.0       0.0997602500299
 1800.0       0.1026101803734
 1850.0       0.1054601203759
 1900.0       0.1083100692750
 1950.0       0.1111600263862
 2000.0       0.1140099910937
 2050.0       0.1168599628417
 2100.0       0.1197099411273
 2150.0       0.1225599254946
 2200.0       0.1254099155287
 2250.0       0.1282599108520
 2300.0       0.1311099111195
 2350.0       0.1339599160157
 2400.0       0.1368099252513
 2450.0       0.1396599385605
 2500.0       0.1425099556991
 2550.0       0.1453599764416
 2600.0       0.1482100005804
 2650.0       0.1510600279230
 2700.0       0.1539100582915
 2750.0       0.1567600915210
 2800.0       0.1596101274580
 2850.0       0.1624601659601
 2900.0       0.1653102068947
 2950.0       0.1681602501380
 3000.0       0.1710102955747
 3050.0       0.1738603430968
 3100.0       0.1767103926035
 3150.0       0.1795604440002
 3200.0       0.1824104971984
 3250.0       0.1852605521149
 3300.0       0.1881106086716
 3350.0       0.1909606667951
 3400.0       0.1938107264163
 3450.0       0.1966607874699
 3500.0       0.1995108498947
 3550.0       0.2023609136328
 3600.0       0.2052109786293
 3650.0       0.2080610448326
 3700.0       0.2109111121937
 3750.0       0.2137611806664
 3800.0       0.2166112502068
 3850.0       0.2194613207732
 3900.0       0.2223113923262
 3950.0       0.2251614648284
 4000.0       0.2280115382441
 4050.0       0.2308616125395
 4100.0       0.2337116876824
 4150.0       0.2365617636423
 4200.0       0.2394118403898
 4250.0       0.2422619178973
 4300.0       0.2451119961382
 4350.0       0.2479620750872
 4400.0       0.2508121547202
 4450.0       0.2536622350141
 4500.0       0.2565123159469
 4550.0       0.2593623974975
 4600.0       0.2622124796458
 4650.0       0.2650625623726
 4700.0       0.2679126456592
 4750.0       0.2707627294882
 4800.0       0.2736128138424
 4850.0       0.2764628987058
 4900.0       0.2793129840626
 4950.0       0.2821630698979
 5000.0       0.2850131561975
# V = 78.550700 (a.u.^3)
    5.0       0.0013136565730
   50.0       0.0030755616277
  100.0       0.0058149814142
  150.0       0.0086270973841
  200.0       0.0114580830591
  250.0       0.0142966884394
  300.0       0.0171391186131
  350.0       0.0199837387926
  400.0       0.0228297293415
  450.0       0.0256766341571
  500.0       0.0285241792855
  550.0       0.0313721902641
  600.0       0.0342205507234
  650.0       0.0370691800679
  700.0       0.0399180207125
  750.0       0.0427670304179
  800.0       0.0456161774989
  850.0       0.0484654377219
  900.0       0.0513147922363
  950.0       0.0541642261584
 1000.0       0.0570137275803
 1050.0       0.0598632868615
 1100.0       0.0627128961139
 1150.0       0.0655625488207
 1200.0       0.0684122395512
 1250.0       0.0712619637432
 1300.0       0.0741117175366
 1350.0       0.0769614976426
 1400.0       0.0798113012425
 1450.0       0.0826611259061
 1500.0       0.0855109695274
 1550.0       0.0883608302719
 1600.0       0.0912107065345
 1650.0       0.0940605969046
 1700.0       0.0969105001375
 1750.0       0.0997604151307
 1800.0       0.1026103409044
 1850.0       0.1054602765845
 1900.0       0.1083102213890
 1950.0       0.1111601746161
 2000.0       0.1140101356340
 2050.0       0.1168601038728
 2100.0       0.1197100788167
 2150.0       0.1225600599980
 2200.0       0.1254100469914
 2250.0       0.1282600394094
 2300.0       0.1311100368983
 2350.0       0.1339600391345
 2400.0       0.1368100458211
 2450.0       0.1396600566859
 2500.0       0.1425100714780
 2550.0       0.1453600899665
 2600.0       0.1482101119381
 2650.0       0.1510601371957
 2700.0       0.1539101655568
 2750.0       0.1567601968520
 2800.0       0.1596102309242
 2850.0       0.1624602676272
 2900.0       0.1653103068250
 2950.0       0.1681603483906
 3000.0       0.1710103922058
 3050.0       0.1738604381599
 3100.0       0.1767104861494
 3150.0       0.1795605360773
 3200.0       0.1824105878528
 3250.0       0.1852606413907
 3300.0       0.1881106966108
 3350.0       0.1909607534379
 3400.0       0.1938108118009
 3450.0       0.1966608716332
 3500.0       0.1995109328717
 3550.0       0.2023609954571
 3600.0       0.2052110593333
 3650.0       0.2080611244471
 3700.0       0.2109111907484
 3750.0       0.2137612581898
 3800.0       0.2166113267261
 3850.0       0.2194613963149
 3900.0       0.2223114669155
 3950.0       0.2251615384895
 4000.0       0.2280116110005
 4050.0       0.2308616844138
 4100.0       0.2337117586963
 4150.0       0.2365618338166
 4200.0       0.2394119097448
 4250.0       0.2422619864524
 4300.0       0.2451120639122
 4350.0       0.2479621420983
 4400.0       0.2508122209859
 4450.0       0.2536623005513
 4500.0       0.2565123807720
 4550.0       0.2593624616263
 4600.0       0.2622125430937
 4650.0       0.2650626251543
 4700.0       0.2679127077891
 4750.0       0.2707627909801
 4800.0       0.2736128747099
 4850.0       0.2764629589618
 4900.0       0.2793130437199
 4950.0       0.2821631289687
 5000.0       0.2850132146936
# V = 77.673400 (a.u.^3)
    5.0       0.0013293859604
   50.0       0.0030810008436
  100.0       0.0058177999022
  150.0       0.0086289893079
  200.0       0.0114595054451
  250.0       0.0142978276345
  300.0       0.0171400685308
  350.0       0.0199845533165
  400.0       0.0228304422292
  450.0       0.0256772679479
  500.0       0.0285247497731
  550.0       0.0313727089432
  600.0       0.0342210262196
  650.0       0.0370696190191
  700.0       0.0399184283356
  750.0       0.0427674108877
  800.0       0.0456165342080
  850.0       0.0484657734647
  900.0       0.0513151093418
  950.0       0.0541645265880
 1000.0       0.0570140130014
 1050.0       0.0598635587034
 1100.0       0.0627131556111
 1150.0       0.0655627970467
 1200.0       0.0684124774455
 1250.0       0.0712621921325
 1300.0       0.0741119371521
 1350.0       0.0769617091346
 1400.0       0.0798115051913
 1450.0       0.0826613228323
 1500.0       0.0855111598993
 1550.0       0.0883610145126
 1600.0       0.0912108850275
 1650.0       0.0940607699984
 1700.0       0.0969106681500
 1750.0       0.0997605783525
 1800.0       0.1026104996018
 1850.0       0.1054604310024
 1900.0       0.1083103717527
 1950.0       0.1111603211338
 2000.0       0.1140102784982
 2050.0       0.1168602432620
 2100.0       0.1197102148966
 2150.0       0.1225601929226
 2200.0       0.1254101769044
 2250.0       0.1282601664449
 2300.0       0.1311101611815
 2350.0       0.1339601607827
 2400.0       0.1368101649444
 2450.0       0.1396601733874
 2500.0       0.1425101858549
 2550.0       0.1453602021100
 2600.0       0.1482102219344
 2650.0       0.1510602451259
 2700.0       0.1539102714976
 2750.0       0.1567603008760
 2800.0       0.1596103330999
 2850.0       0.1624603680197
 2900.0       0.1653104054959
 2950.0       0.1681604453985
 3000.0       0.1710104876062
 3050.0       0.1738605320056
 3100.0       0.1767105784908
 3150.0       0.1795606269623
 3200.0       0.1824106773271
 3250.0       0.1852607294978
 3300.0       0.1881107833922
 3350.0       0.1909608389333
 3400.0       0.1938108960484
 3450.0       0.1966609546690
 3500.0       0.1995110147306
 3550.0       0.2023610761724
 3600.0       0.2052111389368
 3650.0       0.2080612029695
 3700.0       0.2109112682190
 3750.0       0.2137613346367
 3800.0       0.2166114021765
 3850.0       0.2194614707947
 3900.0       0.2223115404497
 3950.0       0.2251616111023
 4000.0       0.2280116827149
 4050.0       0.2308617552521
 4100.0       0.2337118286801
 4150.0       0.2365619029665
 4200.0       0.2394119780808
 4250.0       0.2422620539938
 4300.0       0.2451121306775
 4350.0       0.2479622081055
 4400.0       0.2508122862523
 4450.0       0.2536623650937
 4500.0       0.2565124446066
 4550.0       0.2593625247687
 4600.0       0.2622126055591
 4650.0       0.2650626869573
 4700.0       0.2679127689440
 4750.0       0.2707628515006
 4800.0       0.2736129346093
 4850.0       0.2764630182530
 4900.0       0.2793131024153
 4950.0       0.2821631870806
 5000.0       0.2850132722337
# V = 76.829900 (a.u.^3)
    5.0       0.0013447771215
   50.0       0.0030863757166
  100.0       0.0058205873578
  150.0       0.0086308607078
  200.0       0.0114609124813
  250.0       0.0142989545648
  300.0       0.0171410082334
  350.0       0.0199853590866
  400.0       0.0228311474575
  450.0       0.0256778949295
  500.0       0.0285253141311
  550.0       0.0313732220484
  600.0       0.0342214966046
  650.0       0.0370700532503
  700.0       0.0399188315740
  750.0       0.0427677872631
  800.0       0.0456168870765
  850.0       0.0484661055907
  900.0       0.0513154230292
  950.0       0.0541648237773
 1000.0       0.0570142953421
 1050.0       0.0598638276094
 1100.0       0.0627134123036
 1150.0       0.0655630425878
 1200.0       0.0684127127645
 1250.0       0.0712624180473
 1300.0       0.0741121543861
 1350.0       0.0769619183310
 1400.0       0.0798117069244
 1450.0       0.0826615176169
 1500.0       0.0855113481988
 1550.0       0.0883611967455
 1600.0       0.0912110615731
 1650.0       0.0940609412017
 1700.0       0.0969108343252
 1750.0       0.0997607397873
 1800.0       0.1026106565597
 1850.0       0.1054605837254
 1900.0       0.1083105204640
 1950.0       0.1111604660392
 2000.0       0.1140104197882
 2050.0       0.1168603811131
 2100.0       0.1197103494727
 2150.0       0.1225603243762
 2200.0       0.1254103053776
 2250.0       0.1282602920702
 2300.0       0.1311102840830
 2350.0       0.1339602810764
 2400.0       0.1368102827391
 2450.0       0.1396602887852
 2500.0       0.1425102989518
 2550.0       0.1453603129965
 2600.0       0.1482103306955
 2650.0       0.1510603518420
 2700.0       0.1539103762446
 2750.0       0.1567604037255
 2800.0       0.1596104341199
 2850.0       0.1624604672745
 2900.0       0.1653105030464
 2950.0       0.1681605413027
 3000.0       0.1710105819191
 3050.0       0.1738606247795
 3100.0       0.1767106697753
 3150.0       0.1795607168049
 3200.0       0.1824107657730
 3250.0       0.1852608165900
 3300.0       0.1881108691719
 3350.0       0.1909609234398
 3400.0       0.1938109793191
 3450.0       0.1966610367400
 3500.0       0.1995110956362
 3550.0       0.2023611559455
 3600.0       0.2052112176090
 3650.0       0.2080612805710
 3700.0       0.2109113447789
 3750.0       0.2137614101829
 3800.0       0.2166114767357
 3850.0       0.2194615443926
 3900.0       0.2223116131111
 3950.0       0.2251616828510
 4000.0       0.2280117535738
 4050.0       0.2308618252432
 4100.0       0.2337118978247
 4150.0       0.2365619712851
 4200.0       0.2394120455931
 4250.0       0.2422621207189
 4300.0       0.2451121966338
 4350.0       0.2479622733107
 4400.0       0.2508123507235
 4450.0       0.2536624288476
 4500.0       0.2565125076591
 4550.0       0.2593625871355
 4600.0       0.2622126672549
 4650.0       0.2650627479968
 4700.0       0.2679128293412
 4750.0       0.2707629112690
 4800.0       0.2736129937622
 4850.0       0.2764630768031
 4900.0       0.2793131603750
 4950.0       0.2821632444619
 5000.0       0.2850133290482
# V = 76.020100 (a.u.^3)
    5.0       0.0013598577366
   50.0       0.0030916892809
  100.0       0.0058233452176
  150.0       0.0086327125335
  200.0       0.0114623048803
  250.0       0.0143000698021
  300.0       0.0171419382002
  350.0       0.0199861565164
  400.0       0.0228318453912
  450.0       0.0256785154295
  500.0       0.0285258726576
  550.0       0.0313737298538
  600.0       0.0342219621330
  650.0       0.0370704829999
  700.0       0.0399192306521
  750.0       0.0427681597568
  800.0       0.0456172363071
  850.0       0.0484664342940
  900.0       0.0513157334853
  950.0       0.0541651179064
 1000.0       0.0570145747767
 1050.0       0.0598640937489
 1100.0       0.0627136663565
 1150.0       0.0655632856052
 1200.0       0.0684129456661
 1250.0       0.0712626416424
 1300.0       0.0741123693909
 1350.0       0.0769621253818
 1400.0       0.0798119065896
 1450.0       0.0826617104060
 1500.0       0.0855115345704
 1550.0       0.0883613771139
 1600.0       0.0912112363136
 1650.0       0.0940611106556
 1700.0       0.0969109988038
 1750.0       0.0997608995749
 1800.0       0.1026108119172
 1850.0       0.1054607348925
 1900.0       0.1083106676614
 1950.0       0.1111606094706
 2000.0       0.1140105596422
 2050.0       0.1168605175643
 2100.0       0.1197104826834
 2150.0       0.1225604544973
 2200.0       0.1254104325496
 2250.0       0.1282604164244
 2300.0       0.1311104057421
 2350.0       0.1339604001552
 2400.0       0.1368103993453
 2450.0       0.1396604030200
 2500.0       0.1425104109101
 2550.0       0.1453604227677
 2600.0       0.1482104383639
 2650.0       0.1510604574872
 2700.0       0.1539104799415
 2750.0       0.1567605055452
 2800.0       0.1596105341296
 2850.0       0.1624605655378
 2900.0       0.1653105996238
 2950.0       0.1681606362513
 3000.0       0.1710106752934
 3050.0       0.1738607166312
 3100.0       0.1767107601537
 3150.0       0.1795608057569
 3200.0       0.1824108533433
 3250.0       0.1852609028212
 3300.0       0.1881109541048
 3350.0       0.1909610071131
 3400.0       0.1938110617702
 3450.0       0.1966611180042
 3500.0       0.1995111757477
 3550.0       0.2023612349368
 3600.0       0.2052112955114
 3650.0       0.2080613574144
 3700.0       0.2109114205921
 3750.0       0.2137614849933
 3800.0       0.2166115505700
 3850.0       0.2194616172761
 3900.0       0.2223116850684
 3950.0       0.2251617539056
 4000.0       0.2280118237484
 4050.0       0.2308618945596
 4100.0       0.2337119663039
 4150.0       0.2365620389474
 4200.0       0.2394121124581
 4250.0       0.2422621868054
 4300.0       0.2451122619600
 4350.0       0.2479623378942
 4400.0       0.2508124145813
 4450.0       0.2536624919960
 4500.0       0.2565125701140
 4550.0       0.2593626489122
 4600.0       0.2622127283683
 4650.0       0.2650628084612
 4700.0       0.2679128891705
 4750.0       0.2707629704768
 4800.0       0.2736130523613
 4850.0       0.2764631348063
 4900.0       0.2793132177945
 4950.0       0.2821633013095
 5000.0       0.2850133853355
# V = 75.244000 (a.u.^3)
    5.0       0.0013746157940
   50.0       0.0030969351990
  100.0       0.0058260701071
  150.0       0.0086345425089
  200.0       0.0114636809281
  250.0       0.0143011719734
  300.0       0.0171428572863
  350.0       0.0199869446247
  400.0       0.0228325351721
  450.0       0.0256791286853
  500.0       0.0285264246667
  550.0       0.0313742317365
  600.0       0.0342224222343
  650.0       0.0370709077418
  700.0       0.0399196250823
  750.0       0.0427685279142
  800.0       0.0456175814744
  850.0       0.0484667591748
  900.0       0.0513160403330
  950.0       0.0541654086190
 1000.0       0.0570148509673
 1050.0       0.0598643568006
 1100.0       0.0627139174638
 1150.0       0.0655635258069
 1200.0       0.0684131758710
 1250.0       0.0712628626506
 1300.0       0.0741125819099
 1350.0       0.0769623300407
 1400.0       0.0798121039501
 1450.0       0.0826619009717
 1500.0       0.0855117187945
 1550.0       0.0883615554059
 1600.0       0.0912114090444
 1650.0       0.0940612781625
 1700.0       0.0969111613943
 1750.0       0.0997610575303
 1800.0       0.1026109654951
 1850.0       0.1054608843299
 1900.0       0.1083108131764
 1950.0       0.1111607512646
 2000.0       0.1140106979015
 2050.0       0.1168606524615
 2100.0       0.1197106143788
 2150.0       0.1225605831401
 2200.0       0.1254105582787
 2250.0       0.1282605393696
 2300.0       0.1311105260246
 2350.0       0.1339605178886
 2400.0       0.1368105146359
 2450.0       0.1396605159677
 2500.0       0.1425105216088
 2550.0       0.1453605313059
 2600.0       0.1482105448248
 2650.0       0.1510605619494
 2700.0       0.1539105824792
 2750.0       0.1567606062285
 2800.0       0.1596106330250
 2850.0       0.1624606627082
 2900.0       0.1653106951287
 2950.0       0.1681607301475
 3000.0       0.1710107676346
 3050.0       0.1738608074686
 3100.0       0.1767108495360
 3150.0       0.1795608937304
 3200.0       0.1824109399521
 3250.0       0.1852609881075
 3300.0       0.1881110381089
 3350.0       0.1909610898734
 3400.0       0.1938111433233
 3450.0       0.1966611983854
 3500.0       0.1995112549905
 3550.0       0.2023613130735
 3600.0       0.2052113725728
 3650.0       0.2080614334301
 3700.0       0.2109114955905
 3750.0       0.2137615590017
 3800.0       0.2166116236145
 3850.0       0.2194616893820
 3900.0       0.2223117562598
 3950.0       0.2251618242058
 4000.0       0.2280118931798
 4050.0       0.2308619631438
 4100.0       0.2337120340616
 4150.0       0.2365621058988
 4200.0       0.2394121786224
 4250.0       0.2422622522012
 4300.0       0.2451123266053
 4350.0       0.2479624018064
 4400.0       0.2508124777772
 4450.0       0.2536625544918
 4500.0       0.2565126319254
 4550.0       0.2593627100543
 4600.0       0.2622127888558
 4650.0       0.2650628683082
 4700.0       0.2679129483908
 4750.0       0.2707630290837
 4800.0       0.2736131103677
 4850.0       0.2764631922246
 4900.0       0.2793132746369
 4950.0       0.2821633575877
 5000.0       0.2850134410609
# V = 74.467950 (a.u.^3)
    5.0       0.0013889809482
   50.0       0.0031020929849
  100.0       0.0058287515339
  150.0       0.0086363436040
  200.0       0.0114650353403
  250.0       0.0143022568437
  300.0       0.0171437619569
  350.0       0.0199877203767
  400.0       0.0228332141399
  450.0       0.0256797323275
  500.0       0.0285269680214
  550.0       0.0313747257492
  600.0       0.0342228751189
  650.0       0.0370713258195
  700.0       0.0399200133215
  750.0       0.0427688902908
  800.0       0.0456179212194
  850.0       0.0484670789495
  900.0       0.0513163423556
  950.0       0.0541656947575
 1000.0       0.0570151228099
 1050.0       0.0598646157085
 1100.0       0.0627141646129
 1150.0       0.0655637622196
 1200.0       0.0684134024420
 1250.0       0.0712630801673
 1300.0       0.0741127910690
 1350.0       0.0769625314613
 1400.0       0.0798122981851
 1450.0       0.0826620885168
 1500.0       0.0855119000959
 1550.0       0.0883617308665
 1600.0       0.0912115790295
 1650.0       0.0940614430040
 1700.0       0.0969113213950
 1750.0       0.0997612129669
 1800.0       0.1026111166215
 1850.0       0.1054610313791
 1900.0       0.1083109563632
 1950.0       0.1111608907872
 2000.0       0.1140108339433
 2050.0       0.1168607851924
 2100.0       0.1197107439567
 2150.0       0.1225607097117
 2200.0       0.1254106819809
 2250.0       0.1282606603301
 2300.0       0.1311106443627
 2350.0       0.1339606337159
 2400.0       0.1368106280573
 2450.0       0.1396606270815
 2500.0       0.1425106305075
 2550.0       0.1453606380764
 2600.0       0.1482106495492
 2650.0       0.1510606647049
 2700.0       0.1539106833390
 2750.0       0.1567607052617
 2800.0       0.1596107302968
 2850.0       0.1624607582805
 2900.0       0.1653107890604
 2950.0       0.1681608224942
 3000.0       0.1710108584492
 3050.0       0.1738608968016
 3100.0       0.1767109374352
 3150.0       0.1795609802414
 3200.0       0.1824110251185
 3250.0       0.1852610719708
 3300.0       0.1881111207085
 3350.0       0.1909611712473
 3400.0       0.1938112235076
 3450.0       0.1966612774147
 3500.0       0.1995113328979
 3550.0       0.2023613898907
 3600.0       0.2052114483301
 3650.0       0.2080615081568
 3700.0       0.2109115693144
 3750.0       0.2137616317498
 3800.0       0.2166116954124
 3850.0       0.2194617602545
 3900.0       0.2223118262308
 3950.0       0.2251618932981
 4000.0       0.2280119614155
 4050.0       0.2308620305442
 4100.0       0.2337121006471
 4150.0       0.2365621716891
 4200.0       0.2394122436366
 4250.0       0.2422623164576
 4300.0       0.2451123901216
 4350.0       0.2479624645997
 4400.0       0.2508125398640
 4450.0       0.2536626158881
 4500.0       0.2565126926466
 4550.0       0.2593627701153
 4600.0       0.2622128482710
 4650.0       0.2650629270917
 4700.0       0.2679130065560
 4750.0       0.2707630866436
 4800.0       0.2736131673351
 4850.0       0.2764632486118
 4900.0       0.2793133304558
 4950.0       0.2821634128498
 5000.0       0.2850134957775
# V = 73.759400 (a.u.^3)
    5.0       0.0014031836792
   50.0       0.0031072359671
  100.0       0.0058314273467
  150.0       0.0086381412113
  200.0       0.0114663872080
  250.0       0.0143033397076
  300.0       0.0171446649708
  350.0       0.0199884947183
  400.0       0.0228338918809
  450.0       0.0256803348852
  500.0       0.0285275104053
  550.0       0.0313752188841
  600.0       0.0342233272034
  650.0       0.0370717431631
  700.0       0.0399204008833
  750.0       0.0427692520393
  800.0       0.0456182603796
  850.0       0.0484673981780
  900.0       0.0513166438664
  950.0       0.0541659804152
 1000.0       0.0570153941998
 1050.0       0.0598648741893
 1100.0       0.0627144113583
 1150.0       0.0655639982502
 1200.0       0.0684136286510
 1250.0       0.0712632973405
 1300.0       0.0741129999018
 1350.0       0.0769627325718
 1400.0       0.0798124921251
 1450.0       0.0826622757811
 1500.0       0.0855120811298
 1550.0       0.0883619060723
 1600.0       0.0912117487717
 1650.0       0.0940616076141
 1700.0       0.0969114811751
 1750.0       0.0997613681934
 1800.0       0.1026112675475
 1850.0       0.1054611782373
 1900.0       0.1083110993681
 1950.0       0.1111610301367
 2000.0       0.1140109698203
 2050.0       0.1168609177667
 2100.0       0.1197108733856
 2150.0       0.1225608361419
 2200.0       0.1254108055490
 2250.0       0.1282607811634
 2300.0       0.1311107625804
 2350.0       0.1339607494296
 2400.0       0.1368107413715
 2450.0       0.1396607380943
 2500.0       0.1425107393112
 2550.0       0.1453607447579
 2600.0       0.1482107541903
 2650.0       0.1510607673828
 2700.0       0.1539107841266
 2750.0       0.1567608042279
 2800.0       0.1596108275069
 2850.0       0.1624608537963
 2900.0       0.1653108829405
 2950.0       0.1681609147943
 3000.0       0.1710109492221
 3050.0       0.1738609860975
 3100.0       0.1767110253020
 3150.0       0.1795610667247
 3200.0       0.1824111102616
 3250.0       0.1852611558151
 3300.0       0.1881112032936
 3350.0       0.1909612526109
 3400.0       0.1938113036859
 3450.0       0.1966613564421
 3500.0       0.1995114108075
 3550.0       0.2023614667141
 3600.0       0.2052115240976
 3650.0       0.2080615828975
 3700.0       0.2109116430562
 3750.0       0.2137617045195
 3800.0       0.2166117672358
 3850.0       0.2194618311563
 3900.0       0.2223118962347
 3950.0       0.2251619624270
 4000.0       0.2280120296914
 4050.0       0.2308620979883
 4100.0       0.2337121672799
 4150.0       0.2365622375302
 4200.0       0.2394123087050
 4250.0       0.2422623807716
 4300.0       0.2451124536990
 4350.0       0.2479625274574
 4400.0       0.2508126020186
 4450.0       0.2536626773554
 4500.0       0.2565127534421
 4550.0       0.2593628302538
 4600.0       0.2622129077670
 4650.0       0.2650629859590
 4700.0       0.2679130648082
 4750.0       0.2707631442938
 4800.0       0.2736132243959
 4850.0       0.2764633050955
 4900.0       0.2793133863743
 4950.0       0.2821634682146
 5000.0       0.2850135505998
# V = 73.050800 (a.u.^3)
    5.0       0.0014170209176
   50.0       0.0031122912536
  100.0       0.0058340596587
  150.0       0.0086399098878
  200.0       0.0114677174032
  250.0       0.0143044052484
  300.0       0.0171455535602
  350.0       0.0199892567063
  400.0       0.0228345588220
  450.0       0.0256809278523
  500.0       0.0285280441666
  550.0       0.0313757041894
  600.0       0.0342237721197
  650.0       0.0370721538988
  700.0       0.0399207823182
  750.0       0.0427696080783
  800.0       0.0456185941963
  850.0       0.0484677123862
  900.0       0.0513169406447
  950.0       0.0541662615986
 1000.0       0.0570156613480
 1050.0       0.0598651286395
 1100.0       0.0627146542653
 1150.0       0.0655642306183
 1200.0       0.0684138513590
 1250.0       0.0712635111619
 1300.0       0.0741132055206
 1350.0       0.0769629305963
 1400.0       0.0798126830984
 1450.0       0.0826624601901
 1500.0       0.0855122594127
 1550.0       0.0883620786248
 1600.0       0.0912119159527
 1650.0       0.0940617697496
 1700.0       0.0969116385625
 1750.0       0.0997615211045
 1800.0       0.1026114162315
 1850.0       0.1054613229234
 1900.0       0.1083112402670
 1950.0       0.1111611674432
 2000.0       0.1140111037145
 2050.0       0.1168610484156
 2100.0       0.1197110009442
 2150.0       0.1225609607543
 2200.0       0.1254109273496
 2250.0       0.1282609002777
 2300.0       0.1311108791255
 2350.0       0.1339608635153
 2400.0       0.1368108531007
 2450.0       0.1396608475636
 2500.0       0.1425108466115
 2550.0       0.1453608499745
 2600.0       0.1482108574037
 2650.0       0.1510608686691
 2700.0       0.1539108835575
 2750.0       0.1567609018712
 2800.0       0.1596109234269
 2850.0       0.1624609480538
 2900.0       0.1653109755931
 2950.0       0.1681610058967
 3000.0       0.1710110388265
 3050.0       0.1738610742532
 3100.0       0.1767111120561
 3150.0       0.1795611521220
 3200.0       0.1824111943449
 3250.0       0.1852612386251
 3300.0       0.1881112848691
 3350.0       0.1909613329891
 3400.0       0.1938113829023
 3450.0       0.1966614345307
 3500.0       0.1995114878008
 3550.0       0.2023615426433
 3600.0       0.2052115989926
 3650.0       0.2080616567867
 3700.0       0.2109117159672
 3750.0       0.2137617764786
 3800.0       0.2166118382683
 3850.0       0.2194619012866
 3900.0       0.2223119654862
 3950.0       0.2251620308221
 4000.0       0.2280120972519
 4050.0       0.2308621647350
 4100.0       0.2337122332329
 4150.0       0.2365623027089
 4200.0       0.2394123731280
 4250.0       0.2422624444570
 4300.0       0.2451125166641
 4350.0       0.2479625897191
 4400.0       0.2508126635930
 4450.0       0.2536627382582
 4500.0       0.2565128136885
 4550.0       0.2593628898585
 4600.0       0.2622129667441
 4650.0       0.2650630443222
 4700.0       0.2679131225708
 4750.0       0.2707632014687
 4800.0       0.2736132809955
 4850.0       0.2764633611319
 4900.0       0.2793134418591
 4950.0       0.2821635231593
 5000.0       0.2850136050153
