# T (K)      Entropy-ph (J K^-1 mol^-1)
# V = 83.611950 (a.u.^3)
    5.0       1.7950029382708
   50.0      95.1524896509288
  100.0     145.1167642788339
  150.0     175.0951675283198
  200.0     196.4947811005817
  250.0     213.1334160702280
  300.0     226.7443567676495
  350.0     238.2600435703446
  400.0     248.2396019761682
  450.0     257.0446735421906
  500.0     264.9226285710862
  550.0     272.0501250801618
  600.0     278.5577172758581
  650.0     284.5446153535387
  700.0     290.0879761683138
  750.0     295.2489889335898
  800.0     300.0769970974172
  850.0     304.6123707763208
  900.0     308.8885582668687
  950.0     312.9335829578367
 1000.0     316.7711563337028
 1050.0     320.4215194595700
 1100.0     323.9020887364809
 1150.0     327.2279581318452
 1200.0     330.4122945361922
 1250.0     333.4666524237055
 1300.0     336.4012268067435
 1350.0     339.2250584574668
 1400.0     341.9462018123672
 1450.0     344.5718634168683
 1500.0     347.1085169025381
 1550.0     349.5619991138964
 1600.0     351.9375909757592
 1650.0     354.2400859184730
 1700.0     356.4738480896905
 1750.0     358.6428621290895
 1800.0     360.7507759321022
 1850.0     362.8009375552349
 1900.0     364.7964272004305
 1950.0     366.7400850453455
 2000.0     368.6345355506590
 2050.0     370.4822087663052
 2100.0     372.2853590705965
 2150.0     374.0460817046198
 2200.0     375.7663274060590
 2250.0     377.4479153987175
 2300.0     379.0925449545267
 2350.0     380.7018057123035
 2400.0     382.2771869103065
 2450.0     383.8200856668969
 2500.0     385.3318144247947
 2550.0     386.8136076582194
 2600.0     388.2666279288576
 2650.0     389.6919713650382
 2700.0     391.0906726288207
 2750.0     392.4637094273952
 2800.0     393.8120066180194
 2850.0     395.1364399496749
 2900.0     396.4378394793782
 2950.0     397.7169926964656
 3000.0     398.9746473843500
 3050.0     400.2115142457392
 3100.0     401.4282693144457
 3150.0     402.6255561742196
 3200.0     403.8039880028912
 3250.0     404.9641494580356
 3300.0     406.1065984186899
 3350.0     407.2318675961234
 3400.0     408.3404660252762
 3450.0     409.4328804473406
 3500.0     410.5095765928730
 3550.0     411.5710003739001
 3600.0     412.6175789926627
 3650.0     413.6497219738949
 3700.0     414.6678221268687
 3750.0     415.6722564428964
 3800.0     416.6633869333553
 3850.0     417.6415614129783
 3900.0     418.6071142325832
 3950.0     419.5603669651436
 4000.0     420.5016290487036
 4050.0     421.4311983893629
 4100.0     422.3493619272704
 4150.0     423.2563961683002
 4200.0     424.1525676839157
 4250.0     425.0381335814395
 4300.0     425.9133419468056
 4350.0     426.7784322617718
 4400.0     427.6336357972253
 4450.0     428.4791759843118
 4500.0     429.3152687648172
 4550.0     430.1421229221940
 4600.0     430.9599403944846
 4650.0     431.7689165703645
 4700.0     432.5692405693026
 4750.0     433.3610955069443
 4800.0     434.1446587465862
 4850.0     434.9201021375976
 4900.0     435.6875922416585
 4950.0     436.4472905474637
 5000.0     437.1993536746857
# V = 82.532250 (a.u.^3)
    5.0       1.7270498771767
   50.0      94.1889740614874
  100.0     144.0999908058095
  150.0     174.0679597427405
  200.0     195.4638765907004
  250.0     212.1007925880136
  300.0     225.7107974345397
  350.0     237.2259192509025
  400.0     247.2051106872972
  450.0     256.0099305435247
  500.0     263.8877054725856
  550.0     271.0150687032959
  600.0     277.5225595186077
  650.0     283.5093786940581
  700.0     289.0526769013811
  750.0     294.2136391590359
  800.0     299.0416059878800
  850.0     303.5769454116111
  900.0     307.8531041984226
  950.0     311.8981045998839
 1000.0     315.7356572401715
 1050.0     319.3860025238745
 1100.0     322.8665563381112
 1150.0     326.1924122455663
 1200.0     329.3767368145744
 1250.0     332.4310842602278
 1300.0     335.3656493846394
 1350.0     338.1894727879273
 1400.0     340.9106087646938
 1450.0     343.5362637425143
 1500.0     346.0729112544102
 1550.0     348.5263880619971
 1600.0     350.9019750199291
 1650.0     353.2044654988698
 1700.0     355.4382235954226
 1750.0     357.6072339054133
 1800.0     359.7151442864176
 1850.0     361.7653027621519
 1900.0     363.7607895060051
 1950.0     365.7044446707062
 2000.0     367.5988926950752
 2050.0     369.4465636098329
 2100.0     371.2497117763291
 2150.0     373.0104324206422
 2200.0     374.7306762671395
 2250.0     376.4122625277560
 2300.0     378.0568904638430
 2350.0     379.6661497047512
 2400.0     381.2415294802404
 2450.0     382.7844269010442
 2500.0     384.2961544030026
 2550.0     385.7779464541239
 2600.0     387.2309656104732
 2650.0     388.6563079952874
 2700.0     390.0550082660054
 2750.0     391.4280441256035
 2800.0     392.7763404275061
 2850.0     394.1007729171910
 2900.0     395.4021716484694
 2950.0     396.6813241077480
 3000.0     397.9389780757446
 3050.0     399.1758442527021
 3100.0     400.3925986701495
 3150.0     401.5898849097493
 3200.0     402.7683161474003
 3250.0     403.9284770388851
 3300.0     405.0709254615974
 3350.0     406.1961941252771
 3400.0     407.3047920634456
 3450.0     408.3972060159817
 3500.0     409.4739017122230
 3550.0     410.5353250630578
 3600.0     411.5819032696718
 3650.0     412.6140458558110
 3700.0     413.6321456298336
 3750.0     414.6365795821888
 3800.0     415.6277097234527
 3850.0     416.6058838676096
 3900.0     417.5714363647775
 3950.0     418.5246887872681
 4000.0     419.4659505725133
 4050.0     420.3955196260259
 4100.0     421.3136828874163
 4150.0     422.2207168620470
 4200.0     423.1168881208966
 4250.0     424.0024537708402
 4300.0     424.8776618973841
 4350.0     425.7427519818794
 4400.0     426.5979552948340
 4450.0     427.4434952670404
 4500.0     428.2795878399469
 4550.0     429.1064417966786
 4600.0     429.9242590749840
 4650.0     430.7332350632466
 4700.0     431.5335588806631
 4750.0     432.3254136426308
 4800.0     433.1089767121898
 4850.0     433.8844199384885
 4900.0     434.6519098829817
 4950.0     435.4116080341610
 5000.0     436.1636710114995
# V = 81.452500 (a.u.^3)
    5.0       1.6594548839461
   50.0      93.2295376204745
  100.0     143.0864877186910
  150.0     173.0438491811505
  200.0     194.4360068287872
  250.0     211.0711746177536
  300.0     224.6802276567060
  350.0     236.1947748458091
  400.0     246.1735930517129
  450.0     254.9781569068007
  500.0     262.8557486691979
  550.0     269.9829763555097
  600.0     276.4903640699138
  650.0     282.4771030069150
  700.0     288.0203375490347
  750.0     293.1812484479628
  800.0     298.0091732472650
  850.0     302.5444778419981
  900.0     306.8206074458226
  950.0     310.8655831536512
 1000.0     314.7031147146623
 1050.0     318.3534418616354
 1100.0     321.8339799589789
 1150.0     325.1598221577629
 1200.0     328.3441346986096
 1250.0     331.3984715331180
 1300.0     334.3330272495752
 1350.0     337.1568422731133
 1400.0     339.8779707540434
 1450.0     342.5036190000836
 1500.0     345.0402604440398
 1550.0     347.4937317632187
 1600.0     349.8693137409235
 1650.0     352.1717996871098
 1700.0     354.4055536464854
 1750.0     356.5745601702752
 1800.0     358.6824670775633
 1850.0     360.7326223587158
 1900.0     362.7281061580917
 1950.0     364.6717586030726
 2000.0     366.5662041102590
 2050.0     368.4138726908256
 2100.0     370.2170186888813
 2150.0     371.9777373152466
 2200.0     373.6979792807356
 2250.0     375.3795637852345
 2300.0     377.0241900793285
 2350.0     378.6334477827473
 2400.0     380.2088261166151
 2450.0     381.7517221839018
 2500.0     383.2634484134555
 2550.0     384.7452392669763
 2600.0     386.1982572948151
 2650.0     387.6235986150324
 2700.0     389.0222978803631
 2750.0     390.3953327895084
 2800.0     391.7436281919864
 2850.0     393.0680598297259
 2900.0     394.3694577532757
 2950.0     395.6486094460656
 3000.0     396.9062626860773
 3050.0     398.1431281710381
 3100.0     399.3598819301704
 3150.0     400.5571675430066
 3200.0     401.7355981834771
 3250.0     402.8957585055655
 3300.0     404.0382063849713
 3350.0     405.1634745298911
 3400.0     406.2720719724065
 3450.0     407.3644854510604
 3500.0     408.4411806939483
 3550.0     409.5026036108079
 3600.0     410.5491814017496
 3650.0     411.5813235895181
 3700.0     412.5994229815398
 3750.0     413.6038565673894
 3800.0     414.5949863568314
 3850.0     415.5731601630875
 3900.0     416.5387123355611
 3950.0     417.4919644459004
 4000.0     418.4332259308992
 4050.0     419.3627946954998
 4100.0     420.2809576787428
 4150.0     421.1879913854833
 4200.0     422.0841623862111
 4250.0     422.9697277873280
 4300.0     423.8449356739225
 4350.0     424.7100255269311
 4400.0     425.5652286164819
 4450.0     426.4107683729951
 4500.0     427.2468607375777
 4550.0     428.0737144930346
 4600.0     428.8915315768056
 4650.0     429.7005073769788
 4700.0     430.5008310124858
 4750.0     431.2926855984520
 4800.0     432.0762484976761
 4850.0     432.8516915590751
 4900.0     433.6191813438747
 4950.0     434.3788793403561
 5000.0     435.1309421677944
# V = 80.440250 (a.u.^3)
    5.0       1.5934453495310
   50.0      92.2945916162600
  100.0     142.0978916325410
  150.0     172.0447128017826
  200.0     193.4331339445023
  250.0     210.0665638990436
  300.0     223.6746707407482
  350.0     235.1886466833833
  400.0     245.1670938565703
  450.0     253.9714032219556
  500.0     261.8488129033566
  550.0     268.9759058526519
  600.0     275.4831910838619
  650.0     281.4698502663277
  700.0     287.0130215300048
  750.0     292.1738813846887
  800.0     297.0017644140124
  850.0     301.5370343967978
  900.0     305.8131350012666
  950.0     309.8580861724344
 1000.0     313.6955967895930
 1050.0     317.3459059176592
 1100.0     320.8264284014027
 1150.0     324.1522569826944
 1200.0     327.3365575763912
 1250.0     330.3908838721418
 1300.0     333.3254302456681
 1350.0     336.1492369481740
 1400.0     338.8703579865227
 1450.0     341.4959995492950
 1500.0     344.0326349696865
 1550.0     346.4861008411897
 1600.0     348.8616778761893
 1650.0     351.1641593243094
 1700.0     353.3979091786628
 1750.0     355.5669119461457
 1800.0     357.6748154076020
 1850.0     359.7249675202276
 1900.0     361.7204483995482
 1950.0     363.6640981477403
 2000.0     365.5585411593329
 2050.0     367.4062074260740
 2100.0     369.2093512749329
 2150.0     370.9700679015657
 2200.0     372.6903080033351
 2250.0     374.3718907681357
 2300.0     376.0165154358650
 2350.0     377.6257716166876
 2400.0     379.2011485231518
 2450.0     380.7440432505099
 2500.0     382.2557682206705
 2550.0     383.7375578890549
 2600.0     385.1905748003448
 2650.0     386.6159150674545
 2700.0     388.0146133384463
 2750.0     389.3876473077754
 2800.0     390.7359418210842
 2850.0     392.0603726167671
 2900.0     393.3617697421410
 2950.0     394.6409206776705
 3000.0     395.8985731986210
 3050.0     397.1354380002282
 3100.0     398.3521911094194
 3150.0     399.5494761036108
 3200.0     400.7279061547862
 3250.0     401.8880659151183
 3300.0     403.0305132586560
 3350.0     404.1557808920446
 3400.0     405.2643778459399
 3450.0     406.3567908575574
 3500.0     407.4334856537624
 3550.0     408.4949081431492
 3600.0     409.5414855247560
 3650.0     410.5736273203425
 3700.0     411.5917263363990
 3750.0     412.5961595616430
 3800.0     413.5872890050269
 3850.0     414.5654624790183
 3900.0     415.5310143323100
 3950.0     416.4842661358854
 4000.0     417.4255273259276
 4050.0     418.3550958067802
 4100.0     419.2732585169481
 4150.0     420.1802919607598
 4200.0     421.0764627082288
 4250.0     421.9620278653019
 4300.0     422.8372355166319
 4350.0     423.7023251427540
 4400.0     424.5575280134113
 4450.0     425.4030675586647
 4500.0     426.2391597192807
 4550.0     427.0660132777435
 4600.0     427.8838301711848
 4650.0     428.6928057874101
 4700.0     429.4931292450736
 4750.0     430.2849836590415
 4800.0     431.0685463918746
 4850.0     431.8439892922460
 4900.0     432.6114789211689
 4950.0     433.3711767667150
 5000.0     434.1232394479570
# V = 79.495500 (a.u.^3)
    5.0       1.5360683370598
   50.0      91.3359848767978
  100.0     141.0831281528306
  150.0     171.0189149250749
  200.0     192.4034245232996
  250.0     209.0350353910739
  300.0     222.6421519180199
  350.0     234.1555300710942
  400.0     244.1335890422530
  450.0     252.9376321975231
  500.0     260.8148514574910
  550.0     267.9418035352590
  600.0     274.4489816485059
  650.0     280.4355574961201
  700.0     285.9786626635232
  750.0     291.1394692207940
  800.0     295.9673086537727
  850.0     300.5025425266459
  900.0     304.7786128904244
  950.0     308.8235384869346
 1000.0     312.6610272853345
 1050.0     316.3113176518306
 1100.0     319.7918238875983
 1150.0     323.1176383064998
 1200.0     326.3019264826672
 1250.0     329.3562418318065
 1300.0     332.2907785073739
 1350.0     335.1145765787091
 1400.0     337.8356899027193
 1450.0     340.4613245434458
 1500.0     342.9979537299709
 1550.0     345.4514139681959
 1600.0     347.8269858964099
 1650.0     350.1294627011951
 1700.0     352.3632083217747
 1750.0     354.5322072187474
 1800.0     356.6401071330020
 1850.0     358.6902559871259
 1900.0     360.6857338665270
 1950.0     362.6293808470912
 2000.0     364.5238213002874
 2050.0     366.3714851976017
 2100.0     368.1746268481337
 2150.0     369.9353414317188
 2200.0     371.6555796316727
 2250.0     373.3371606234089
 2300.0     374.9817836356779
 2350.0     376.5910382686686
 2400.0     378.1664137259921
 2450.0     379.7093070948715
 2500.0     381.2210307899717
 2550.0     382.7028192601896
 2600.0     384.1558350442941
 2650.0     385.5811742498461
 2700.0     386.9798715200512
 2750.0     388.3529045449405
 2800.0     389.7011981661285
 2850.0     391.0256281183284
 2900.0     392.3270244454982
 2950.0     393.6061746250252
 3000.0     394.8638264293562
 3050.0     396.1006905511283
 3100.0     397.3174430148838
 3150.0     398.5147273958519
 3200.0     399.6931568639864
 3250.0     400.8533160695952
 3300.0     401.9957628849949
 3350.0     403.1210300152353
 3400.0     404.2296264894917
 3450.0     405.3220390436074
 3500.0     406.3987334031656
 3550.0     407.4601554755740
 3600.0     408.5067324587733
 3650.0     409.5388738734888
 3700.0     410.5569725252558
 3750.0     411.5614054018952
 3800.0     412.5525345115241
 3850.0     413.5307076658256
 3900.0     414.4962592127658
 3950.0     415.4495107226413
 4000.0     416.3907716309902
 4050.0     417.3203398415581
 4100.0     418.2385022922762
 4150.0     419.1455354869556
 4200.0     420.0417059950967
 4250.0     420.9272709221822
 4300.0     421.8024783524203
 4350.0     422.6675677659288
 4400.0     423.5227704320600
 4450.0     424.3683097805015
 4500.0     425.2044017516694
 4550.0     426.0312551277181
 4600.0     426.8490718454638
 4650.0     427.6580472924156
 4700.0     428.4583705869493
 4750.0     429.2502248436678
 4800.0     430.0337874248760
 4850.0     430.8092301790116
 4900.0     431.5767196668626
 4950.0     432.3364173762813
 5000.0     433.0884799261412
# V = 78.550700 (a.u.^3)
    5.0       1.4885720534355
   50.0      90.5048286116516
  100.0     140.2000076292034
  150.0     170.1255489919240
  200.0     191.5064236589767
  250.0     208.1363433472665
  300.0     221.7425388883130
  350.0     233.2553609289989
  400.0     243.2330586477641
  450.0     252.0368539889053
  500.0     259.9138959203260
  550.0     267.0407167594735
  600.0     273.5477950357212
  650.0     279.5342931759218
  700.0     285.0773366787946
  750.0     290.2380934848518
  800.0     295.0658921982522
  850.0     299.6010923228119
  900.0     303.8771344048255
  950.0     307.9220360664743
 1000.0     311.7595044298877
 1050.0     315.4097772109164
 1100.0     318.8902682047080
 1150.0     322.2160693266112
 1200.0     325.4003458334929
 1250.0     328.4546508859282
 1300.0     331.3891784303390
 1350.0     334.2129683666369
 1400.0     336.9340744119987
 1450.0     339.5597025144062
 1500.0     342.0963258058890
 1550.0     344.5497807107010
 1600.0     346.9253477980264
 1650.0     349.2278201956558
 1700.0     351.4615617925374
 1750.0     353.6305570060729
 1800.0     355.7384535398709
 1850.0     357.7885992842010
 1900.0     359.7840742963544
 1950.0     361.7277186276527
 2000.0     363.6221566280442
 2050.0     365.4698182500737
 2100.0     367.2729577861352
 2150.0     369.0336704012671
 2200.0     370.7539067656695
 2250.0     372.4354860430615
 2300.0     374.0801074517685
 2350.0     375.6893605826538
 2400.0     377.2647346309499
 2450.0     378.8076266763627
 2500.0     380.3193491267757
 2550.0     381.8011364249624
 2600.0     383.2541511041607
 2650.0     384.6794892669044
 2700.0     386.0781855518413
 2750.0     387.4512176448553
 2800.0     388.7995103837759
 2850.0     390.1239394998659
 2900.0     391.4253350339257
 2950.0     392.7044844604505
 3000.0     393.9621355492301
 3050.0     395.1989989904650
 3100.0     396.4157508064617
 3150.0     397.6130345703756
 3200.0     398.7914634502575
 3250.0     399.9516220946526
 3300.0     401.0940683742568
 3350.0     402.2193349926052
 3400.0     403.3279309774799
 3450.0     404.4203430634235
 3500.0     405.4970369748186
 3550.0     406.5584586179518
 3600.0     407.6050351897184
 3650.0     408.6371762098743
 3700.0     409.6552744830476
 3750.0     410.6597069962079
 3800.0     411.6508357566881
 3850.0     412.6290085754269
 3900.0     413.5945597996983
 3950.0     414.5478109991473
 4000.0     415.4890716087035
 4050.0     416.4186395315416
 4100.0     417.3368017050590
 4150.0     418.2438346325542
 4200.0     419.1400048830582
 4250.0     420.0255695616057
 4300.0     420.9007767519822
 4350.0     421.7658659339099
 4400.0     422.6210683763624
 4450.0     423.4666075086782
 4500.0     424.3026992709386
 4550.0     425.1295524449764
 4600.0     425.9473689673163
 4650.0     426.7563442251825
 4700.0     427.5566673366757
 4750.0     428.3485214161557
 4800.0     429.1320838256786
 4850.0     429.9075264134599
 4900.0     430.6750157400610
 4950.0     431.4347132931410
 5000.0     432.1867756913676
# V = 77.673400 (a.u.^3)
    5.0       1.4427244105041
   50.0      89.7012772641960
  100.0     139.3451594287545
  150.0     169.2605714465851
  200.0     190.6378511231053
  250.0     207.2660979882056
  300.0     220.8713824761892
  350.0     232.3836543783885
  400.0     242.3609947144822
  450.0     251.1645448901253
  500.0     259.0414113846184
  550.0     266.1681023826195
  600.0     272.6750818831421
  650.0     278.6615031405609
  700.0     284.2044856321558
  750.0     289.3651932131108
  800.0     294.1929516367420
  850.0     298.7281183685347
  900.0     303.0041324661424
  950.0     307.0490104440588
 1000.0     310.8864585864257
 1050.0     314.5367139656759
 1100.0     318.0171898763121
 1150.0     321.3429778394324
 1200.0     324.5272427980078
 1250.0     327.5815376601989
 1300.0     330.5160561675937
 1350.0     333.3398380524752
 1400.0     336.0609368937821
 1450.0     338.6865585246638
 1500.0     341.2231759811289
 1550.0     343.6766256066425
 1600.0     346.0521879020259
 1650.0     348.3546559368955
 1700.0     350.5883935504598
 1750.0     352.7573851173797
 1800.0     354.8652783043713
 1850.0     356.9154209697395
 1900.0     358.9108931429475
 1950.0     360.8545348510203
 2000.0     362.7489704225946
 2050.0     364.5966297914941
 2100.0     366.3997672335659
 2150.0     368.1604778992237
 2200.0     369.8807124456742
 2250.0     371.5622900250781
 2300.0     373.2069098454393
 2350.0     374.8161614883846
 2400.0     376.3915341408725
 2450.0     377.9344248751570
 2500.0     379.4461460924171
 2550.0     380.9279322293697
 2600.0     382.3809458137660
 2650.0     383.8062829431825
 2700.0     385.2049782517477
 2750.0     386.5780094212401
 2800.0     387.9263012857481
 2850.0     389.2507295731162
 2900.0     390.5521243210245
 2950.0     391.8312730010970
 3000.0     393.0889233805016
 3050.0     394.3257861470331
 3100.0     395.5425373207716
 3150.0     396.7398204728264
 3200.0     397.9182487693694
 3250.0     399.0784068571977
 3300.0     400.2208526053968
 3350.0     401.3461187160104
 3400.0     402.4547142154380
 3450.0     403.5471258369402
 3500.0     404.6238193037051
 3550.0     405.6852405209123
 3600.0     406.7318166844234
 3650.0     407.7639573130328
 3700.0     408.7820552104687
 3750.0     409.7864873628679
 3800.0     410.7776157767756
 3850.0     411.7557882623952
 3900.0     412.7213391663182
 3950.0     413.6745900575474
 4000.0     414.6158503704086
 4050.0     415.5454180075090
 4100.0     416.4635799057181
 4150.0     417.3706125678272
 4200.0     418.2667825624059
 4250.0     419.1523469940355
 4300.0     420.0275539460934
 4350.0     420.8926428979078
 4400.0     421.7478451180793
 4450.0     422.5933840355938
 4500.0     423.4294755902015
 4550.0     424.2563285634283
 4600.0     425.0741448914945
 4650.0     425.8831199613505
 4700.0     426.6834428908315
 4750.0     427.4752967940412
 4800.0     428.2588590328032
 4850.0     429.0343014551009
 4900.0     429.8017906212871
 4950.0     430.5614880188106
 5000.0     431.3135502661525
# V = 76.829900 (a.u.^3)
    5.0       1.3981359769932
   50.0      88.9229542374278
  100.0     138.5161986890222
  150.0     168.4215964088683
  200.0     189.7953207257580
  250.0     206.4219129926115
  300.0     220.0262962944085
  350.0     231.5380239954880
  400.0     241.5150107971418
  450.0     250.3183184428573
  500.0     258.1950113840069
  550.0     265.3215739334498
  600.0     271.8284557166836
  650.0     277.8148009144830
  700.0     283.3577230475241
  750.0     288.5183819296136
  800.0     293.3461004938724
  850.0     297.8812341893508
  900.0     302.1572206010506
  950.0     306.2020751476655
 1000.0     310.0395032843415
 1050.0     313.6897414469931
 1100.0     317.1702024348550
 1150.0     320.4959773789874
 1200.0     323.6802309118310
 1250.0     326.7345156918411
 1300.0     329.6690252579637
 1350.0     332.4927991766478
 1400.0     335.2138908900687
 1450.0     337.8395061177802
 1500.0     340.3761178007930
 1550.0     342.8295622026478
 1600.0     345.2051197565320
 1650.0     347.5075834745183
 1700.0     349.7413171465964
 1750.0     351.9103051051499
 1800.0     354.0181949803970
 1850.0     356.0683345990092
 1900.0     358.0638039629263
 1950.0     360.0074430751380
 2000.0     361.9018762432038
 2050.0     363.7495333824049
 2100.0     365.5526687522375
 2150.0     367.3133774886360
 2200.0     369.0336102359572
 2250.0     370.7151861349226
 2300.0     372.3598043833246
 2350.0     373.9690545536606
 2400.0     375.5444258246908
 2450.0     377.0873152613067
 2500.0     378.5990352580483
 2550.0     380.0808202456375
 2600.0     381.5338327464146
 2650.0     382.9591688530240
 2700.0     384.3578631951423
 2750.0     385.7308934504823
 2800.0     387.0791844494334
 2850.0     388.4036119164534
 2900.0     389.7050058861308
 2950.0     390.9841538272626
 3000.0     392.2418035044165
 3050.0     393.4786656029960
 3100.0     394.6954161408904
 3150.0     395.8926986871875
 3200.0     397.0711264061878
 3250.0     398.2312839429665
 3300.0     399.3737291650184
 3350.0     400.4989947729080
 3400.0     401.6075897916666
 3450.0     402.7000009532823
 3500.0     403.7766939797719
 3550.0     404.8381147752094
 3600.0     405.8846905344399
 3650.0     406.9168307753009
 3700.0     407.9349283006366
 3750.0     408.9393600957530
 3800.0     409.9304881664199
 3850.0     410.9086603221190
 3900.0     411.8742109087550
 3950.0     412.8274614947032
 4000.0     413.7687215136867
 4050.0     414.6982888677570
 4100.0     415.6164504932503
 4150.0     416.5234828924735
 4200.0     417.4196526335213
 4250.0     418.3052168205452
 4300.0     419.1804235365056
 4350.0     420.0455122603373
 4400.0     420.9007142602782
 4450.0     421.7462529649708
 4500.0     422.5823443138313
 4550.0     423.4091970880812
 4600.0     424.2270132236460
 4650.0     425.0359881071975
 4700.0     425.8363108563072
 4750.0     426.6281645848360
 4800.0     427.4117266543617
 4850.0     428.1871689126540
 4900.0     428.9546579198495
 4950.0     429.7143551631942
 5000.0     430.4664172609758
# V = 76.020100 (a.u.^3)
    5.0       1.3543205047863
   50.0      88.1667139362062
  100.0     137.7099480897794
  150.0     167.6054412260861
  200.0     188.9756479962047
  250.0     205.6006030597245
  300.0     219.2040945960560
  350.0     230.7152837670077
  400.0     240.6919207113405
  450.0     249.4949883466793
  500.0     257.3715095360868
  550.0     264.4979449697071
  600.0     271.0047300492424
  650.0     276.9909999762402
  700.0     282.5338623766825
  750.0     287.6944730649589
  800.0     292.5221521832681
  850.0     297.0572531851448
  900.0     301.3332121981999
  950.0     305.3780435566997
 1000.0     309.2154518953730
 1050.0     312.8656730202185
 1100.0     316.3461192403310
 1150.0     319.6718813007763
 1200.0     322.8561235266783
 1250.0     325.9103983293766
 1300.0     328.8448990472709
 1350.0     331.6686650826973
 1400.0     334.3897497424862
 1450.0     337.0153586337598
 1500.0     339.5519646035281
 1550.0     342.0054038362327
 1600.0     344.3809566981221
 1650.0     346.6834161443204
 1700.0     348.9171459161223
 1750.0     351.0861303040505
 1800.0     353.1940169022217
 1850.0     355.2441535059982
 1900.0     357.2396200900815
 1950.0     359.1832566336632
 2000.0     361.0776874234534
 2050.0     362.9253423563861
 2100.0     364.7284756757721
 2150.0     366.4891825032182
 2200.0     368.2094134703622
 2250.0     369.8909877066076
 2300.0     371.5356043996433
 2350.0     373.1448531129224
 2400.0     374.7202230171026
 2450.0     376.2631111697820
 2500.0     377.7748299589337
 2550.0     379.2566138093520
 2600.0     380.7096252380044
 2650.0     382.1349603326803
 2700.0     383.5336537186325
 2750.0     384.9066830695535
 2800.0     386.2549732121728
 2850.0     387.5793998675989
 2900.0     388.8807930673617
 2950.0     390.1599402774546
 3000.0     391.4175892598790
 3050.0     392.6544506976717
 3100.0     393.8712006065456
 3150.0     395.0684825535936
 3200.0     396.2469097012641
 3250.0     397.4070666929356
 3300.0     398.5495113945115
 3350.0     399.6747765051093
 3400.0     400.7833710483978
 3450.0     401.8757817551109
 3500.0     402.9524743460972
 3550.0     404.0138947243478
 3600.0     405.0604700836935
 3650.0     406.0926099410298
 3700.0     407.1107070983243
 3750.0     408.1151385400595
 3800.0     409.1062662712421
 3850.0     410.0844381006323
 3900.0     411.0499883734652
 3950.0     412.0032386574858
 4000.0     412.9444983858272
 4050.0     413.8740654599826
 4100.0     414.7922268157772
 4150.0     415.6992589550186
 4200.0     416.5954284453434
 4250.0     417.4809923904723
 4300.0     418.3561988729552
 4350.0     419.2212873713457
 4400.0     420.0764891535134
 4450.0     420.9220276477582
 4500.0     421.7581187931751
 4550.0     422.5849713706767
 4600.0     423.4027873158993
 4650.0     424.2117620152389
 4700.0     425.0120845860121
 4750.0     425.8039381418249
 4800.0     426.5875000440358
 4850.0     427.3629421401762
 4900.0     428.1304309901840
 4950.0     428.8901280811032
 5000.0     429.6421900310291
# V = 75.244000 (a.u.^3)
    5.0       1.3116619532509
   50.0      87.4333074457551
  100.0     136.9272164240455
  150.0     166.8129266910943
  200.0     188.1796580328685
  250.0     204.8029953002629
  300.0     218.4056055904556
  350.0     229.9162625667991
  400.0     239.8925537632187
  450.0     248.6953842046519
  500.0     256.5717356566512
  550.0     263.6980454648244
  600.0     270.2047349743164
  650.0     276.1909305129204
  700.0     281.7337338810842
  750.0     286.8942969406968
  800.0     291.7219370757431
  850.0     296.2570057676226
  900.0     300.5329377036324
  950.0     304.5777461463016
 1000.0     308.4151349195656
 1050.0     312.0653392068686
 1100.0     315.5457708329037
 1150.0     318.8715201612677
 1200.0     322.0557512133659
 1250.0     325.1100161563053
 1300.0     328.0445081302952
 1350.0     330.8682663754786
 1400.0     333.5893440649165
 1450.0     336.2149466946344
 1500.0     338.7515470187224
 1550.0     341.2049811434600
 1600.0     343.5805293689429
 1650.0     345.8829845940104
 1700.0     348.1167105118180
 1750.0     350.2856913715469
 1800.0     352.3935747316108
 1850.0     354.4437083564351
 1900.0     356.4391721938116
 1950.0     358.3828061994060
 2000.0     360.2772346393237
 2050.0     362.1248873923677
 2100.0     363.9280186858480
 2150.0     365.6887236272192
 2200.0     367.4089528355463
 2250.0     369.0905254290465
 2300.0     370.7351405854224
 2350.0     372.3443878591967
 2400.0     373.9197564130097
 2450.0     375.4626432972582
 2500.0     376.9743608934252
 2550.0     378.4561436204426
 2600.0     379.9091539899742
 2650.0     381.3344880850070
 2700.0     382.7331805264242
 2750.0     384.1062089839476
 2800.0     385.4544982806776
 2850.0     386.7789241344297
 2900.0     388.0803165737006
 2950.0     389.3594630617184
 3000.0     390.6171113579395
 3050.0     391.8539721430702
 3100.0     393.0707214306797
 3150.0     394.2680027858718
 3200.0     395.4464293692795
 3250.0     396.6065858225916
 3300.0     397.7490300101545
 3350.0     398.8742946296391
 3400.0     399.9828887033766
 3450.0     401.0752989608651
 3500.0     402.1519911217930
 3550.0     403.2134110880795
 3600.0     404.2599860525569
 3650.0     405.2921255311934
 3700.0     406.3102223250825
 3750.0     407.3146534179007
 3800.0     408.3057808138898
 3850.0     409.2839523211053
 3900.0     410.2495022841213
 3950.0     411.2027522700576
 4000.0     412.1440117114610
 4050.0     413.0735785092847
 4100.0     413.9917395988304
 4150.0     414.8987714814291
 4200.0     415.7949407242611
 4250.0     416.6805044306136
 4300.0     417.5557106826398
 4350.0     418.4207989585063
 4400.0     419.2760005257278
 4450.0     420.1215388122635
 4500.0     420.9576297568928
 4550.0     421.7844821402166
 4600.0     422.6022978975929
 4650.0     423.4112724151416
 4700.0     424.2115948099271
 4750.0     425.0034481953103
 4800.0     425.7870099324134
 4850.0     426.5624518685607
 4900.0     427.3299405634685
 4950.0     428.0896375039949
 5000.0     428.8416993080430
# V = 74.467950 (a.u.^3)
    5.0       1.2710650250161
   50.0      86.7278721874369
  100.0     136.1733371116983
  150.0     166.0494240877697
  200.0     187.4127354826663
  250.0     204.0344805618479
  300.0     217.6362234953528
  350.0     229.1463566438588
  400.0     239.1223075188273
  450.0     247.9249044845289
  500.0     255.8010888573030
  550.0     262.9272750058057
  600.0     269.4338704396529
  650.0     275.4199927522711
  700.0     280.9627380100287
  750.0     286.1232541842970
  800.0     290.9508559440949
  850.0     295.4858928295932
  900.0     299.7617981103378
  950.0     303.8065839939056
 1000.0     307.6439535061206
 1050.0     311.2941412176269
 1100.0     314.7745584762957
 1150.0     318.1002952702098
 1200.0     321.2845153218140
 1250.0     324.3387705578012
 1300.0     327.2732539232883
 1350.0     330.0970044987534
 1400.0     332.8180753255915
 1450.0     335.4436717904494
 1500.0     337.9802665559662
 1550.0     340.4336956514690
 1600.0     342.8092393119327
 1650.0     345.1116903807946
 1700.0     347.3454125038321
 1750.0     349.5143898895092
 1800.0     351.6222700611057
 1850.0     353.6724007525995
 1900.0     355.6678618852692
 1950.0     357.6114933916464
 2000.0     359.5059195175368
 2050.0     361.3535701239017
 2100.0     363.1566994223038
 2150.0     364.9174025062547
 2200.0     366.6376299824532
 2250.0     368.3192009580940
 2300.0     369.9638146010565
 2350.0     371.5730604570692
 2400.0     373.1484276808799
 2450.0     374.6913133157966
 2500.0     376.2030297369099
 2550.0     377.6848113573856
 2600.0     379.1378206836670
 2650.0     380.5631537940060
 2700.0     381.9618453049890
 2750.0     383.3348728824258
 2800.0     384.6831613458551
 2850.0     386.0075864098311
 2900.0     387.3089780998832
 2950.0     388.5881238765037
 3000.0     389.8457714966528
 3050.0     391.0826316387344
 3100.0     392.2993803142070
 3150.0     393.4966610862296
 3200.0     394.6750871136318
 3250.0     395.8352430364453
 3300.0     396.9776867174845
 3350.0     398.1029508529958
 3400.0     399.2115444639975
 3450.0     400.3039542787612
 3500.0     401.3806460158361
 3550.0     402.4420655760928
 3600.0     403.4886401513760
 3650.0     404.5207792567389
 3700.0     405.5388756924157
 3750.0     406.5433064412887
 3800.0     407.5344335068534
 3850.0     408.5126046964669
 3900.0     409.4781543540463
 3950.0     410.4314040460992
 4000.0     411.3726632046025
 4050.0     412.3022297299678
 4100.0     413.2203905569891
 4150.0     414.1274221865206
 4200.0     415.0235911852972
 4250.0     415.9091546561858
 4300.0     416.7843606809344
 4350.0     417.6494487373452
 4400.0     418.5046500925713
 4450.0     419.3501881742409
 4500.0     420.1862789208173
 4550.0     421.0131311126047
 4600.0     421.8309466846781
 4650.0     422.6399210228922
 4700.0     423.4402432440568
 4750.0     424.2320964612917
 4800.0     425.0156580354966
 4850.0     425.7910998137734
 4900.0     426.5585883556439
 4950.0     427.3182851477599
 5000.0     428.0703468078543
# V = 73.759400 (a.u.^3)
    5.0       1.2314717225119
   50.0      86.0369916737350
  100.0     135.4341986984667
  150.0     165.3006857744004
  200.0     186.6605844590071
  250.0     203.2807405300169
  300.0     216.8816177906483
  350.0     228.3912281129082
  400.0     238.3668393117966
  450.0     247.1692032426732
  500.0     255.0452208512565
  550.0     262.1712835733041
  600.0     268.6777851092168
  650.0     274.6638343345403
  700.0     280.2065215923307
  750.0     285.3669909707396
  800.0     290.1945544288901
  850.0     294.7295595693354
  900.0     299.0054382465160
  950.0     303.0502016150185
 1000.0     306.8875519040378
 1050.0     310.5377230725583
 1100.0     314.0181259925163
 1150.0     317.3438502771836
 1200.0     320.5280593505931
 1250.0     323.5823048994801
 1300.0     326.5167796742228
 1350.0     329.3405225959427
 1400.0     332.0615865746114
 1450.0     334.6871768876987
 1500.0     337.2237661065674
 1550.0     339.6771901837350
 1600.0     342.0527292891839
 1650.0     344.3551762110438
 1700.0     346.5888945478055
 1750.0     348.7578684672989
 1800.0     350.8657454577341
 1850.0     352.9158732226902
 1900.0     354.9113316570044
 1950.0     356.8549606700961
 2000.0     358.7493844875252
 2050.0     360.5970329524350
 2100.0     362.4001602606740
 2150.0     364.1608614918424
 2200.0     365.8810872402864
 2250.0     367.5626566022157
 2300.0     369.2072687356947
 2350.0     370.8165131776714
 2400.0     372.3918790750286
 2450.0     373.9347634639902
 2500.0     375.4464787132693
 2550.0     376.9282592302768
 2600.0     378.3812675162428
 2650.0     379.8065996446994
 2700.0     381.2052902279397
 2750.0     382.5783169278746
 2800.0     383.9266045604832
 2850.0     385.2510288370739
 2900.0     386.5524197801953
 2950.0     387.8315648476287
 3000.0     389.0892117938326
 3050.0     390.3260712949252
 3100.0     391.5428193602459
 3150.0     392.7400995510161
 3200.0     393.9185250242710
 3250.0     395.0786804183826
 3300.0     396.2211235946379
 3350.0     397.3463872478626
 3400.0     398.4549803977617
 3450.0     399.5473897713874
 3500.0     400.6240810861567
 3550.0     401.6855002418826
 3600.0     402.7320744294288
 3650.0     403.7642131629343
 3700.0     404.7823092417850
 3750.0     405.7867396480564
 3800.0     406.7778663845082
 3850.0     407.7560372577963
 3900.0     408.7215866111884
 3950.0     409.6748360105775
 4000.0     410.6160948873715
 4050.0     411.5456611414380
 4100.0     412.4638217070719
 4150.0     413.3708530846496
 4200.0     414.2670218404565
 4250.0     415.1525850769435
 4300.0     416.0277908754587
 4350.0     416.8928787134301
 4400.0     417.7480798576590
 4450.0     418.5936177354421
 4500.0     419.4297082849253
 4550.0     420.2565602861188
 4600.0     421.0743756738160
 4650.0     421.8833498335998
 4700.0     422.6836718820325
 4750.0     423.4755249319946
 4800.0     424.2590863441580
 4850.0     425.0345279654122
 4900.0     425.8020163550722
 4950.0     426.5617129995973
 5000.0     427.3137745165335
# V = 73.050800 (a.u.^3)
    5.0       1.1935939429127
   50.0      85.3708705269435
  100.0     134.7206906055386
  150.0     164.5777372010190
  200.0     185.9342787602350
  250.0     202.5528715174771
  300.0     216.1528970578731
  350.0     227.6619929679961
  400.0     237.6372699542114
  450.0     246.4394045983381
  500.0     254.3152581258580
  550.0     261.4411994085532
  600.0     267.9476085595088
  650.0     273.9335858764105
  700.0     279.4762160708677
  750.0     284.6366394101289
  800.0     289.4641651868960
  850.0     293.9991390972029
  900.0     298.2749916030756
  950.0     302.3197328230119
 1000.0     306.1570642023633
 1050.0     309.8072190982737
 1100.0     313.2876079143714
 1150.0     316.6133198951489
 1200.0     319.7975181710208
 1250.0     322.8517541926128
 1300.0     325.7862205186984
 1350.0     328.6099559136039
 1400.0     331.3310131579881
 1450.0     333.9565974219120
 1500.0     336.4931811869189
 1550.0     338.9466003299593
 1600.0     341.3221349570683
 1650.0     343.6245778019650
 1700.0     345.8582924166138
 1750.0     348.0272629288647
 1800.0     350.1351367924249
 1850.0     352.1852616809712
 1900.0     354.1807174633136
 1950.0     356.1243440261493
 2000.0     358.0187655751060
 2050.0     359.8664119358112
 2100.0     361.6695372886423
 2150.0     363.4302366995207
 2200.0     365.1504607506415
 2250.0     366.8320285274012
 2300.0     368.4766391782160
 2350.0     370.0858822313950
 2400.0     371.6612468260738
 2450.0     373.2041299915214
 2500.0     374.7158440901751
 2550.0     376.1976235237746
 2600.0     377.6506307884345
 2650.0     379.0759619530373
 2700.0     380.4746516256573
 2750.0     381.8476774643628
 2800.0     383.1959642816424
 2850.0     384.5203877855969
 2900.0     385.8217779958622
 2950.0     387.1009223675420
 3000.0     388.3585686526387
 3050.0     389.5954275250107
 3100.0     390.8121749919299
 3150.0     392.0094546127003
 3200.0     393.1878795425954
 3250.0     394.3480344183623
 3300.0     395.4904770997740
 3350.0     396.6157402802694
 3400.0     397.7243329782540
 3450.0     398.8167419195857
 3500.0     399.8934328205641
 3550.0     400.9548515799667
 3600.0     402.0014253876932
 3650.0     403.0335637569794
 3700.0     404.0516594863751
 3750.0     405.0560895571745
 3800.0     406.0472159713951
 3850.0     407.0253865350226
 3900.0     407.9909355906726
 3950.0     408.9441847036420
 4000.0     409.8854433047727
 4050.0     410.8150092934059
 4100.0     411.7331696033363
 4150.0     412.6402007344755
 4200.0     413.5363692526696
 4250.0     414.4219322599542
 4300.0     415.2971378372911
 4350.0     416.1622254617328
 4400.0     417.0174263997466
 4450.0     417.8629640782909
 4500.0     418.6990544352037
 4550.0     419.5259062502080
 4600.0     420.3437214578160
 4650.0     421.1526954433500
 4700.0     421.9530173231266
 4750.0     422.7448702097937
 4800.0     423.5284314637920
 4850.0     424.3038729318076
 4900.0     425.0713611729496
 4950.0     425.8310576734912
 5000.0     426.5831190507939
