# V (a.u.^3)  Helmholtz Free Energy (Ry.)
# T= 0.000000 K
  83.6119     -0.235136532
  82.5323     -0.193577893
  81.4525     -0.151268710
  80.4403     -0.109218313
  79.4955     -0.067395428
  78.5507     -0.025853199
  77.6734      0.015481775
  76.8299      0.056570632
  76.0201      0.097445447
  75.2440      0.138153208
  74.4680      0.178409526
  73.7594      0.218849056
  73.0508      0.258884085
# T= 50.000000 K
  83.6119     -0.236911630
  82.5323     -0.195328930
  81.4525     -0.152995845
  80.4403     -0.110922205
  79.4955     -0.069075599
  78.5507     -0.027513008
  77.6734      0.013841596
  76.8299      0.054949421
  76.0201      0.095842628
  75.2440      0.136568188
  74.4680      0.176841574
  73.7594      0.217297781
  73.0508      0.257348847
# T= 100.000000 K
  83.6119     -0.241588655
  82.5323     -0.199967919
  81.4525     -0.157596933
  80.4403     -0.115486336
  79.4955     -0.073601809
  78.5507     -0.032006257
  77.6734      0.009380240
  76.8299      0.050518979
  76.0201      0.091442243
  75.2440      0.132196973
  74.4680      0.172498441
  73.7594      0.212982171
  73.0508      0.253059795
# T= 150.000000 K
  83.6119     -0.247724291
  82.5323     -0.206064590
  81.4525     -0.163654760
  80.4403     -0.121506270
  79.4955     -0.079582841
  78.5507     -0.037953420
  77.6734      0.003465867
  76.8299      0.044636408
  76.0201      0.085590606
  75.2440      0.126375371
  74.4680      0.166705772
  73.7594      0.207217873
  73.0508      0.247322888
# T= 200.000000 K
  83.6119     -0.254820075
  82.5323     -0.213121170
  81.4525     -0.170672252
  80.4403     -0.128485626
  79.4955     -0.086523042
  78.5507     -0.044859515
  77.6734     -0.003407205
  76.8299      0.037795367
  76.0201      0.078780727
  75.2440      0.119595753
  74.4680      0.159955308
  73.7594      0.200496001
  73.0508      0.240628624
# T= 250.000000 K
  83.6119     -0.262632662
  82.5323     -0.220894456
  81.4525     -0.178406352
  80.4403     -0.136181492
  79.4955     -0.094179650
  78.5507     -0.052481923
  77.6734     -0.010996496
  76.8299      0.030238201
  76.0201      0.071254816
  75.2440      0.112100193
  74.4680      0.152488993
  73.7594      0.193058367
  73.0508      0.233218686
# T= 300.000000 K
  83.6119     -0.271017461
  82.5323     -0.229239905
  81.4525     -0.186712566
  80.4403     -0.144449423
  79.4955     -0.102408272
  78.5507     -0.060676297
  77.6734     -0.019157705
  76.8299      0.022109164
  76.0201      0.063157079
  75.2440      0.104032854
  74.4680      0.144450942
  73.7594      0.185049042
  73.0508      0.225237103
# T= 350.000000 K
  83.6119     -0.279878546
  82.5323     -0.238061612
  81.4525     -0.195495009
  80.4403     -0.153193555
  79.4955     -0.111113066
  78.5507     -0.069346815
  77.6734     -0.027795031
  76.8299      0.013504036
  76.0201      0.054583278
  75.2440      0.095489476
  74.4680      0.135936879
  73.7594      0.176563731
  73.0508      0.216779557
# T= 400.000000 K
  83.6119     -0.289147587
  82.5323     -0.247291259
  81.4525     -0.204685374
  80.4403     -0.162345592
  79.4955     -0.120225745
  78.5507     -0.078425201
  77.6734     -0.036840209
  76.8299      0.004491073
  76.0201      0.045601658
  75.2440      0.086538296
  74.4680      0.127015030
  73.7594      0.167670651
  73.0508      0.207914258
# T= 450.000000 K
  83.6119     -0.298773427
  82.5323     -0.256877692
  81.4525     -0.214232514
  80.4403     -0.171854391
  79.4955     -0.129695175
  78.5507     -0.087860328
  77.6734     -0.046242116
  76.8299     -0.004878606
  76.0201      0.036263333
  75.2440      0.077230422
  74.4680      0.117736497
  73.7594      0.158420896
  73.0508      0.198692296
# T= 500.000000 K
  83.6119     -0.308716321
  82.5323     -0.266781171
  81.4525     -0.224096692
  80.4403     -0.181680220
  79.4955     -0.139481627
  78.5507     -0.097612467
  77.6734     -0.055961027
  76.8299     -0.014565284
  76.0201      0.026608017
  75.2440      0.067605565
  74.4680      0.108140990
  73.7594      0.148854175
  73.0508      0.189153375
# T= 550.000000 K
  83.6119     -0.318944499
  82.5323     -0.276969930
  81.4525     -0.234246142
  80.4403     -0.191791317
  79.4955     -0.149553339
  78.5507     -0.107649861
  77.6734     -0.065965188
  76.8299     -0.024537205
  76.0201      0.016667465
  75.2440      0.057695476
  74.4680      0.098260256
  73.7594      0.139002232
  73.0508      0.179329237
# T= 600.000000 K
  83.6119     -0.329431985
  82.5323     -0.287417990
  81.4525     -0.244654891
  80.4403     -0.202161706
  79.4955     -0.159884340
  78.5507     -0.117946539
  77.6734     -0.076228628
  76.8299     -0.034768401
  76.0201      0.006467641
  75.2440      0.047526120
  74.4680      0.088120259
  73.7594      0.128891031
  73.0508      0.169245845
# T= 650.000000 K
  83.6119     -0.340157137
  82.5323     -0.298103714
  81.4525     -0.255301300
  80.4403     -0.212769752
  79.4955     -0.170452994
  78.5507     -0.128480868
  77.6734     -0.086729716
  76.8299     -0.045237240
  76.0201     -0.003969824
  75.2440      0.037119127
  74.4680      0.077742627
  73.7594      0.118542199
  73.0508      0.158924825
# T= 700.000000 K
  83.6119     -0.351101654
  82.5323     -0.309008800
  81.4525     -0.266167067
  80.4403     -0.223597154
  79.4955     -0.181241001
  78.5507     -0.139234547
  77.6734     -0.097450151
  76.8299     -0.055925425
  76.0201     -0.014626631
  75.2440      0.026492794
  74.4680      0.067145659
  73.7594      0.107974032
  73.0508      0.148384472
# T= 750.000000 K
  83.6119     -0.362249849
  82.5323     -0.320117562
  81.4525     -0.277236509
  80.4403     -0.234628229
  79.4955     -0.192232678
  78.5507     -0.150191893
  77.6734     -0.108374251
  76.8299     -0.066817274
  76.0201     -0.025487100
  75.2440      0.015662801
  74.4680      0.056345032
  73.7594      0.097202209
  73.0508      0.137640466
# T= 800.000000 K
  83.6119     -0.373588133
  82.5323     -0.331416411
  81.4525     -0.288496035
  80.4403     -0.245849386
  79.4955     -0.203414436
  78.5507     -0.161339320
  77.6734     -0.119488430
  76.8299     -0.077899199
  76.0201     -0.036537643
  75.2440      0.004642736
  74.4680      0.045354335
  73.7594      0.086240316
  73.0508      0.126706392
# T= 850.000000 K
  83.6119     -0.385104616
  82.5323     -0.342893457
  81.4525     -0.299933758
  80.4403     -0.257248738
  79.4955     -0.214774387
  78.5507     -0.172664937
  77.6734     -0.130780799
  76.8299     -0.089159312
  76.0201     -0.047766373
  75.2440     -0.006555516
  74.4680      0.034185452
  73.7594      0.075100240
  73.0508      0.115594135
# T= 900.000000 K
  83.6119     -0.396788807
  82.5323     -0.354538211
  81.4525     -0.311539187
  80.4403     -0.268815796
  79.4955     -0.226302043
  78.5507     -0.184158258
  77.6734     -0.142240870
  76.8299     -0.100587126
  76.0201     -0.059162804
  75.2440     -0.017921466
  74.4680      0.022848873
  73.7594      0.063792468
  73.0508      0.104314183
# T= 950.000000 K
  83.6119     -0.408631385
  82.5323     -0.366341351
  81.4525     -0.323303001
  80.4403     -0.280541237
  79.4955     -0.237988081
  78.5507     -0.195809960
  77.6734     -0.153859321
  76.8299     -0.112173320
  76.0201     -0.070717612
  75.2440     -0.029445793
  74.4680      0.011353917
  73.7594      0.052326321
  73.0508      0.092875857
# T= 1000.000000 K
  83.6119     -0.420624009
  82.5323     -0.378294535
  81.4525     -0.335216858
  80.4403     -0.292416720
  79.4955     -0.249824160
  78.5507     -0.207611703
  77.6734     -0.165627812
  76.8299     -0.123909553
  76.0201     -0.082422460
  75.2440     -0.041120159
  74.4680     -0.000291077
  73.7594      0.040710136
  73.0508      0.081287495
# T= 1050.000000 K
  83.6119     -0.432759172
  82.5323     -0.390390258
  81.4525     -0.347273254
  80.4403     -0.304434742
  79.4955     -0.261802777
  78.5507     -0.219555983
  77.6734     -0.177538839
  76.8299     -0.135788321
  76.0201     -0.094269841
  75.2440     -0.052937058
  74.4680     -0.012078603
  73.7594      0.028951420
  73.0508      0.069556602
# T= 1100.000000 K
  83.6119     -0.445030085
  82.5323     -0.402621730
  81.4525     -0.359465397
  80.4403     -0.316588510
  79.4955     -0.273917140
  78.5507     -0.231636008
  77.6734     -0.189585611
  76.8299     -0.147802833
  76.0201     -0.106252966
  75.2440     -0.064889700
  74.4680     -0.024001871
  73.7594      0.017056962
  73.0508      0.057689968
# T= 1150.000000 K
  83.6119     -0.457430573
  82.5323     -0.414982777
  81.4525     -0.371787116
  80.4403     -0.328871853
  79.4955     -0.286161077
  78.5507     -0.243845606
  77.6734     -0.201761955
  76.8299     -0.159946918
  76.0201     -0.118365663
  75.2440     -0.076971913
  74.4680     -0.036054711
  73.7594      0.005032934
  73.0508      0.045693763
# T= 1200.000000 K
  83.6119     -0.469955002
  82.5323     -0.427467764
  81.4525     -0.384232774
  80.4403     -0.341279135
  79.4955     -0.298528952
  78.5507     -0.256179143
  77.6734     -0.214062237
  76.8299     -0.172214940
  76.0201     -0.130602296
  75.2440     -0.089178062
  74.4680     -0.048231485
  73.7594     -0.007115029
  73.0508      0.033573624
# T= 1250.000000 K
  83.6119     -0.482598205
  82.5323     -0.440071525
  81.4525     -0.396797205
  80.4403     -0.353805190
  79.4955     -0.311015600
  78.5507     -0.268631451
  77.6734     -0.226481291
  76.8299     -0.184601733
  76.0201     -0.142957701
  75.2440     -0.101502982
  74.4680     -0.060527031
  73.7594     -0.019381763
  73.0508      0.021334716
# T= 1300.000000 K
  83.6119     -0.495355430
  82.5323     -0.452789307
  81.4525     -0.409475657
  80.4403     -0.366445265
  79.4955     -0.323616268
  78.5507     -0.281197780
  77.6734     -0.239014365
  76.8299     -0.197102545
  76.0201     -0.155427124
  75.2440     -0.113941921
  74.4680     -0.072936594
  73.7594     -0.031762514
  73.0508      0.008981790
# T= 1350.000000 K
  83.6119     -0.508222290
  82.5323     -0.465616724
  81.4525     -0.422263744
  80.4403     -0.379194975
  79.4955     -0.336326570
  78.5507     -0.293873742
  77.6734     -0.251657071
  76.8299     -0.209712990
  76.0201     -0.168006180
  75.2440     -0.126490491
  74.4680     -0.085455789
  73.7594     -0.044252896
  73.0508     -0.003480767
# T= 1400.000000 K
  83.6119     -0.521194723
  82.5323     -0.478549715
  81.4525     -0.435157404
  80.4403     -0.392050257
  79.4955     -0.349142444
  78.5507     -0.306655276
  77.6734     -0.264405350
  76.8299     -0.222429006
  76.0201     -0.180690807
  75.2440     -0.139144633
  74.4680     -0.098080555
  73.7594     -0.056848849
  73.0508     -0.016048894
# T= 1450.000000 K
  83.6119     -0.534268959
  82.5323     -0.491584507
  81.4525     -0.448152865
  80.4403     -0.405007340
  79.4955     -0.362060120
  78.5507     -0.319538610
  77.6734     -0.277255428
  76.8299     -0.235246823
  76.0201     -0.193477234
  75.2440     -0.151900574
  74.4680     -0.110807120
  73.7594     -0.069546601
  73.0508     -0.028718821
# T= 1500.000000 K
  83.6119     -0.547441486
  82.5323     -0.504717590
  81.4525     -0.461246617
  80.4403     -0.418062714
  79.4955     -0.375076085
  78.5507     -0.332520235
  77.6734     -0.290203796
  76.8299     -0.248162928
  76.0201     -0.206361949
  75.2440     -0.164754803
  74.4680     -0.123631973
  73.7594     -0.082342642
  73.0508     -0.041487035
# T= 1550.000000 K
  83.6119     -0.560709026
  82.5323     -0.517945686
  81.4525     -0.474435382
  80.4403     -0.431213101
  79.4955     -0.388187063
  78.5507     -0.345596872
  77.6734     -0.303247177
  76.8299     -0.261174047
  76.0201     -0.219341677
  75.2440     -0.177704045
  74.4680     -0.136551839
  73.7594     -0.095233694
  73.0508     -0.054350260
# T= 1600.000000 K
  83.6119     -0.574068514
  82.5323     -0.531265731
  81.4525     -0.487716094
  80.4403     -0.444455435
  79.4955     -0.401389988
  78.5507     -0.358765456
  77.6734     -0.316382505
  76.8299     -0.274277111
  76.0201     -0.232413352
  75.2440     -0.190745233
  74.4680     -0.149563650
  73.7594     -0.108216692
  73.0508     -0.067305432
# T= 1650.000000 K
  83.6119     -0.587517077
  82.5323     -0.544674849
  81.4525     -0.501085881
  80.4403     -0.457786843
  79.4955     -0.414681987
  78.5507     -0.372023113
  77.6734     -0.329606905
  76.8299     -0.287469249
  76.0201     -0.245574099
  75.2440     -0.203875494
  74.4680     -0.162664534
  73.7594     -0.121288762
  73.0508     -0.080349675
# T= 1700.000000 K
  83.6119     -0.601052014
  82.5323     -0.558170342
  81.4525     -0.514542042
  80.4403     -0.471204625
  79.4955     -0.428060360
  78.5507     -0.385367145
  77.6734     -0.342917680
  76.8299     -0.300747760
  76.0201     -0.258821220
  75.2440     -0.217092128
  74.4680     -0.175851791
  73.7594     -0.134447205
  73.0508     -0.093480291
# T= 1750.000000 K
  83.6119     -0.614670785
  82.5323     -0.571749668
  81.4525     -0.528082036
  80.4403     -0.484706241
  79.4955     -0.441522566
  78.5507     -0.398795009
  77.6734     -0.356312287
  76.8299     -0.314110104
  76.0201     -0.272152173
  75.2440     -0.230392594
  74.4680     -0.189122881
  73.7594     -0.147689480
  73.0508     -0.106694739
# T= 1800.000000 K
  83.6119     -0.628370994
  82.5323     -0.585410432
  81.4525     -0.541703468
  80.4403     -0.498289294
  79.4955     -0.455066209
  78.5507     -0.412304310
  77.6734     -0.369788331
  76.8299     -0.327553885
  76.0201     -0.285564563
  75.2440     -0.243774497
  74.4680     -0.202475407
  73.7594     -0.161013192
  73.0508     -0.119990624
# T= 1850.000000 K
  83.6119     -0.642150379
  82.5323     -0.599150372
  81.4525     -0.555404076
  80.4403     -0.511951522
  79.4955     -0.468689028
  78.5507     -0.425892787
  77.6734     -0.383343551
  76.8299     -0.341076841
  76.0201     -0.299056127
  75.2440     -0.257235575
  74.4680     -0.215907107
  73.7594     -0.174416078
  73.0508     -0.133365683
# T= 1900.000000 K
  83.6119     -0.656006799
  82.5323     -0.612967347
  81.4525     -0.569181718
  80.4403     -0.525690785
  79.4955     -0.482388881
  78.5507     -0.439558298
  77.6734     -0.396975805
  76.8299     -0.354676831
  76.0201     -0.312624726
  75.2440     -0.270773687
  74.4680     -0.229415841
  73.7594     -0.187895998
  73.0508     -0.146817776
# T= 1950.000000 K
  83.6119     -0.669938227
  82.5323     -0.626859330
  81.4525     -0.583034368
  80.4403     -0.539505056
  79.4955     -0.496163742
  78.5507     -0.453298817
  77.6734     -0.410683066
  76.8299     -0.368351829
  76.0201     -0.326268332
  75.2440     -0.284386806
  74.4680     -0.242999583
  73.7594     -0.201450925
  73.0508     -0.160344875
# T= 2000.000000 K
  83.6119     -0.683942739
  82.5323     -0.640824397
  81.4525     -0.596960103
  80.4403     -0.553392410
  79.4955     -0.510011687
  78.5507     -0.467112419
  77.6734     -0.424463411
  76.8299     -0.382099910
  76.0201     -0.339985022
  75.2440     -0.298073008
  74.4680     -0.256656408
  73.7594     -0.215078935
  73.0508     -0.173945057
# T= 2050.000000 K
  83.6119     -0.698018508
  82.5323     -0.654860721
  81.4525     -0.610957094
  80.4403     -0.567351022
  79.4955     -0.523930888
  78.5507     -0.480997278
  77.6734     -0.438315012
  76.8299     -0.395919247
  76.0201     -0.353772968
  75.2440     -0.311830466
  74.4680     -0.270384488
  73.7594     -0.228778201
  73.0508     -0.187616496
# T= 2100.000000 K
  83.6119     -0.712163796
  82.5323     -0.668966563
  81.4525     -0.625023603
  80.4403     -0.581379152
  79.4955     -0.537919608
  78.5507     -0.494951656
  77.6734     -0.452236131
  76.8299     -0.409808103
  76.0201     -0.367630432
  75.2440     -0.325657443
  74.4680     -0.284182087
  73.7594     -0.242546985
  73.0508     -0.201357452
# T= 2150.000000 K
  83.6119     -0.726376947
  82.5323     -0.683140269
  81.4525     -0.639157976
  80.4403     -0.595475145
  79.4955     -0.551976191
  78.5507     -0.508973896
  77.6734     -0.466225114
  76.8299     -0.423764821
  76.0201     -0.381555759
  75.2440     -0.339552282
  74.4680     -0.298047549
  73.7594     -0.256383632
  73.0508     -0.215166271
# T= 2200.000000 K
  83.6119     -0.740656384
  82.5323     -0.697380260
  81.4525     -0.653358634
  80.4403     -0.609637423
  79.4955     -0.566099059
  78.5507     -0.523062421
  77.6734     -0.480280381
  76.8299     -0.437787824
  76.0201     -0.395547370
  75.2440     -0.353513406
  74.4680     -0.311979294
  73.7594     -0.270286562
  73.0508     -0.229041374
# T= 2250.000000 K
  83.6119     -0.755000599
  82.5323     -0.711685029
  81.4525     -0.667624070
  80.4403     -0.623864480
  79.4955     -0.580286704
  78.5507     -0.537215724
  77.6734     -0.494400426
  76.8299     -0.451875605
  76.0201     -0.409603759
  75.2440     -0.367539307
  74.4680     -0.325975818
  73.7594     -0.284254271
  73.0508     -0.242981255
# T= 2300.000000 K
  83.6119     -0.769408152
  82.5323     -0.726053137
  81.4525     -0.681952845
  80.4403     -0.638154874
  79.4955     -0.594537689
  78.5507     -0.551432366
  77.6734     -0.508583810
  76.8299     -0.466026725
  76.0201     -0.423723487
  75.2440     -0.381628547
  74.4680     -0.340035680
  73.7594     -0.298285318
  73.0508     -0.256984473
# T= 2350.000000 K
  83.6119     -0.783877668
  82.5323     -0.740483207
  81.4525     -0.696343582
  80.4403     -0.652507231
  79.4955     -0.608850634
  78.5507     -0.565710969
  77.6734     -0.522829155
  76.8299     -0.480239805
  76.0201     -0.437905176
  75.2440     -0.395779748
  74.4680     -0.354157502
  73.7594     -0.312378325
  73.0508     -0.271049653
# T= 2400.000000 K
  83.6119     -0.798407826
  82.5323     -0.754973920
  81.4525     -0.710794961
  80.4403     -0.666920230
  79.4955     -0.623224223
  78.5507     -0.580050215
  77.6734     -0.537135143
  76.8299     -0.494513529
  76.0201     -0.452147507
  75.2440     -0.409991591
  74.4680     -0.368339968
  73.7594     -0.326531976
  73.0508     -0.285175475
# T= 2450.000000 K
  83.6119     -0.812997365
  82.5323     -0.769524012
  81.4525     -0.725305720
  80.4403     -0.681392609
  79.4955     -0.637657192
  78.5507     -0.594448840
  77.6734     -0.551500510
  76.8299     -0.508846632
  76.0201     -0.466449218
  75.2440     -0.424262814
  74.4680     -0.382581813
  73.7594     -0.340745005
  73.0508     -0.299360677
# T= 2500.000000 K
  83.6119     -0.827645071
  82.5323     -0.784132272
  81.4525     -0.739874647
  80.4403     -0.695923156
  79.4955     -0.652148328
  78.5507     -0.608905633
  77.6734     -0.565924045
  76.8299     -0.523237902
  76.0201     -0.480809096
  75.2440     -0.438592205
  74.4680     -0.396881825
  73.7594     -0.355016202
  73.0508     -0.313604045
# T= 2550.000000 K
  83.6119     -0.842349781
  82.5323     -0.798797537
  81.4525     -0.754500578
  80.4403     -0.710510707
  79.4955     -0.666696468
  78.5507     -0.623419430
  77.6734     -0.580404583
  76.8299     -0.537686176
  76.0201     -0.495225978
  75.2440     -0.452978599
  74.4680     -0.411238841
  73.7594     -0.369344402
  73.0508     -0.327904418
# T= 2600.000000 K
  83.6119     -0.857110378
  82.5323     -0.813518688
  81.4525     -0.769182396
  80.4403     -0.725154144
  79.4955     -0.681300494
  78.5507     -0.637989114
  77.6734     -0.594941009
  76.8299     -0.552190337
  76.0201     -0.509698747
  75.2440     -0.467420879
  74.4680     -0.425651743
  73.7594     -0.383728489
  73.0508     -0.342260676
# T= 2650.000000 K
  83.6119     -0.871925787
  82.5323     -0.828294651
  81.4525     -0.783919025
  80.4403     -0.739852393
  79.4955     -0.695959332
  78.5507     -0.652613609
  77.6734     -0.609532245
  76.8299     -0.566749309
  76.0201     -0.524226327
  75.2440     -0.481917971
  74.4680     -0.440119456
  73.7594     -0.398167387
  73.0508     -0.356671746
# T= 2700.000000 K
  83.6119     -0.886794973
  82.5323     -0.843124391
  81.4525     -0.798709432
  80.4403     -0.754604420
  79.4955     -0.710671948
  78.5507     -0.667291881
  77.6734     -0.624177259
  76.8299     -0.581362058
  76.0201     -0.538807684
  75.2440     -0.496468840
  74.4680     -0.454640947
  73.7594     -0.412660062
  73.0508     -0.371136593
# T= 2750.000000 K
  83.6119     -0.901716941
  82.5323     -0.858006913
  81.4525     -0.813552620
  80.4403     -0.769409227
  79.4955     -0.725437345
  78.5507     -0.682022935
  77.6734     -0.638875054
  76.8299     -0.596027588
  76.0201     -0.553441822
  75.2440     -0.511072490
  74.4680     -0.469215218
  73.7594     -0.427205518
  73.0508     -0.385654221
# T= 2800.000000 K
  83.6119     -0.916690731
  82.5323     -0.872941256
  81.4525     -0.828447630
  80.4403     -0.784265857
  79.4955     -0.740254563
  78.5507     -0.696805810
  77.6734     -0.653624671
  76.8299     -0.610744941
  76.0201     -0.568127782
  75.2440     -0.525727961
  74.4680     -0.483841311
  73.7594     -0.441802796
  73.0508     -0.400223670
# T= 2850.000000 K
  83.6119     -0.931715416
  82.5323     -0.887926496
  81.4525     -0.843393536
  80.4403     -0.799173382
  79.4955     -0.755122678
  78.5507     -0.711639582
  77.6734     -0.668425184
  76.8299     -0.625513189
  76.0201     -0.582864638
  75.2440     -0.540434329
  74.4680     -0.498518300
  73.7594     -0.456450970
  73.0508     -0.414844015
# T= 2900.000000 K
  83.6119     -0.946790106
  82.5323     -0.902961739
  81.4525     -0.858389446
  80.4403     -0.814130911
  79.4955     -0.770040796
  78.5507     -0.726523356
  77.6734     -0.683275700
  76.8299     -0.640331440
  76.0201     -0.597651497
  75.2440     -0.555190700
  74.4680     -0.513245293
  73.7594     -0.471149146
  73.0508     -0.429514363
# T= 2950.000000 K
  83.6119     -0.961913936
  82.5323     -0.918046123
  81.4525     -0.873434496
  80.4403     -0.829137582
  79.4955     -0.785008055
  78.5507     -0.741456272
  77.6734     -0.698175357
  76.8299     -0.655198832
  76.0201     -0.612487497
  75.2440     -0.569996211
  74.4680     -0.528021426
  73.7594     -0.485896464
  73.0508     -0.444233852
# T= 3000.000000 K
  83.6119     -0.977086075
  82.5323     -0.933178816
  81.4525     -0.888527855
  80.4403     -0.844192560
  79.4955     -0.800023622
  78.5507     -0.756437496
  77.6734     -0.713123322
  76.8299     -0.670114533
  76.0201     -0.627371805
  75.2440     -0.584850031
  74.4680     -0.542845867
  73.7594     -0.500692090
  73.0508     -0.459001649
# T= 3050.000000 K
  83.6119     -0.992305717
  82.5323     -0.948359012
  81.4525     -0.903668717
  80.4403     -0.859295041
  79.4955     -0.815086692
  78.5507     -0.771466223
  77.6734     -0.728118791
  76.8299     -0.685077736
  76.0201     -0.642303615
  75.2440     -0.599751354
  74.4680     -0.557717811
  73.7594     -0.515535218
  73.0508     -0.473816949
# T= 3100.000000 K
  83.6119     -1.007572083
  82.5323     -0.963585932
  81.4525     -0.918856303
  80.4403     -0.874444247
  79.4955     -0.830196486
  78.5507     -0.786541674
  77.6734     -0.743160983
  76.8299     -0.700087664
  76.0201     -0.657282150
  75.2440     -0.614699400
  74.4680     -0.572636479
  73.7594     -0.530425070
  73.0508     -0.488678973
# T= 3150.000000 K
  83.6119     -1.022884420
  82.5323     -0.978858822
  81.4525     -0.934089860
  80.4403     -0.889639423
  79.4955     -0.845352251
  78.5507     -0.801663095
  77.6734     -0.758249146
  76.8299     -0.715143562
  76.0201     -0.672306656
  75.2440     -0.629693417
  74.4680     -0.587601117
  73.7594     -0.545360893
  73.0508     -0.503586967
# T= 3200.000000 K
  83.6119     -1.038241998
  82.5323     -0.994176953
  81.4525     -0.949368657
  80.4403     -0.904879840
  79.4955     -0.860553257
  78.5507     -0.816829758
  77.6734     -0.773382549
  76.8299     -0.730244700
  76.0201     -0.687376402
  75.2440     -0.644732675
  74.4680     -0.602610997
  73.7594     -0.560341957
  73.0508     -0.518540202
# T= 3250.000000 K
  83.6119     -1.053644109
  82.5323     -1.009539619
  81.4525     -0.964691989
  80.4403     -0.920164790
  79.4955     -0.875798797
  78.5507     -0.832040954
  77.6734     -0.788560487
  76.8299     -0.745390373
  76.0201     -0.702490682
  75.2440     -0.659816466
  74.4680     -0.617665409
  73.7594     -0.575367554
  73.0508     -0.533537971
# T= 3300.000000 K
  83.6119     -1.069090070
  82.5323     -1.024946133
  81.4525     -0.980059169
  80.4403     -0.935493590
  79.4955     -0.891088185
  78.5507     -0.847295999
  77.6734     -0.803782273
  76.8299     -0.760579894
  76.0201     -0.717648811
  75.2440     -0.674944107
  74.4680     -0.632763671
  73.7594     -0.590436999
  73.0508     -0.548579588
# T= 3350.000000 K
  83.6119     -1.084579215
  82.5323     -1.040395832
  81.4525     -0.995469534
  80.4403     -0.950865574
  79.4955     -0.906420758
  78.5507     -0.862594228
  77.6734     -0.819047244
  76.8299     -0.775812599
  76.0201     -0.732850124
  75.2440     -0.690114931
  74.4680     -0.647905117
  73.7594     -0.605549629
  73.0508     -0.563664389
# T= 3400.000000 K
  83.6119     -1.100110900
  82.5323     -1.055888070
  81.4525     -1.010922438
  80.4403     -0.966280098
  79.4955     -0.921795870
  78.5507     -0.877934997
  77.6734     -0.834354754
  76.8299     -0.791087845
  76.0201     -0.748093976
  75.2440     -0.705328295
  74.4680     -0.663089102
  73.7594     -0.620704799
  73.0508     -0.578791730
# T= 3450.000000 K
  83.6119     -1.115684499
  82.5323     -1.071422223
  81.4525     -1.026417257
  80.4403     -0.981736536
  79.4955     -0.937212897
  78.5507     -0.893317680
  77.6734     -0.849704178
  76.8299     -0.806405004
  76.0201     -0.763379743
  75.2440     -0.720583573
  74.4680     -0.678315002
  73.7594     -0.635901883
  73.0508     -0.593960985
# T= 3500.000000 K
  83.6119     -1.131299405
  82.5323     -1.086997682
  81.4525     -1.041953382
  80.4403     -0.997234280
  79.4955     -0.952671230
  78.5507     -0.908741670
  77.6734     -0.865094909
  76.8299     -0.821763470
  76.0201     -0.778706816
  75.2440     -0.735880158
  74.4680     -0.693582208
  73.7594     -0.651140273
  73.0508     -0.609171547
# T= 3550.000000 K
  83.6119     -1.146955027
  82.5323     -1.102613858
  81.4525     -1.057530225
  80.4403     -1.012772742
  79.4955     -0.968170280
  78.5507     -0.924206376
  77.6734     -0.880526357
  76.8299     -0.837162652
  76.0201     -0.794074606
  75.2440     -0.751217459
  74.4680     -0.708890130
  73.7594     -0.666419380
  73.0508     -0.624422825
# T= 3600.000000 K
  83.6119     -1.162650793
  82.5323     -1.118270177
  81.4525     -1.073147210
  80.4403     -1.028351346
  79.4955     -0.983709473
  78.5507     -0.939711226
  77.6734     -0.895997947
  76.8299     -0.852601978
  76.0201     -0.809482539
  75.2440     -0.766594904
  74.4680     -0.724238196
  73.7594     -0.681738629
  73.0508     -0.639714246
# T= 3650.000000 K
  83.6119     -1.178386144
  82.5323     -1.133966082
  81.4525     -1.088803780
  80.4403     -1.043969536
  79.4955     -0.999288252
  78.5507     -0.955255661
  77.6734     -0.911509123
  76.8299     -0.868080889
  76.0201     -0.824930057
  75.2440     -0.782011933
  74.4680     -0.739625847
  73.7594     -0.697097464
  73.0508     -0.655045252
# T= 3700.000000 K
  83.6119     -1.194160539
  82.5323     -1.149701030
  81.4525     -1.104499394
  80.4403     -1.059626769
  79.4955     -1.014906073
  78.5507     -0.970839139
  77.6734     -0.927059342
  76.8299     -0.883598843
  76.0201     -0.840416619
  75.2440     -0.797468006
  74.4680     -0.755052541
  73.7594     -0.712495343
  73.0508     -0.670415301
# T= 3750.000000 K
  83.6119     -1.209973449
  82.5323     -1.165474493
  81.4525     -1.120233524
  80.4403     -1.075322518
  79.4955     -1.030562411
  78.5507     -0.986461133
  77.6734     -0.942648077
  76.8299     -0.899155313
  76.0201     -0.855941696
  75.2440     -0.812962595
  74.4680     -0.770517750
  73.7594     -0.727931736
  73.0508     -0.685823866
# T= 3800.000000 K
  83.6119     -1.225824361
  82.5323     -1.181285959
  81.4525     -1.136005656
  80.4403     -1.091056269
  79.4955     -1.046256750
  78.5507     -1.002121128
  77.6734     -0.958274814
  76.8299     -0.914749785
  76.0201     -0.871504775
  75.2440     -0.828495185
  74.4680     -0.786020962
  73.7594     -0.743406132
  73.0508     -0.701270433
# T= 3850.000000 K
  83.6119     -1.241712775
  82.5323     -1.197134927
  81.4525     -1.151815289
  80.4403     -1.106827521
  79.4955     -1.061988592
  78.5507     -1.017818626
  77.6734     -0.973939053
  76.8299     -0.930381758
  76.0201     -0.887105356
  75.2440     -0.844065277
  74.4680     -0.801561675
  73.7594     -0.758918030
  73.0508     -0.716754502
# T= 3900.000000 K
  83.6119     -1.257638204
  82.5323     -1.213020910
  81.4525     -1.167661938
  80.4403     -1.122635789
  79.4955     -1.077757448
  78.5507     -1.033553139
  77.6734     -0.989640307
  76.8299     -0.946050747
  76.0201     -0.902742952
  75.2440     -0.859672385
  74.4680     -0.817139404
  73.7594     -0.774466942
  73.0508     -0.732275586
# T= 3950.000000 K
  83.6119     -1.273600174
  82.5323     -1.228943433
  81.4525     -1.183545127
  80.4403     -1.138480597
  79.4955     -1.093562845
  78.5507     -1.049324192
  77.6734     -1.005378101
  76.8299     -0.961756276
  76.0201     -0.918417088
  75.2440     -0.875316032
  74.4680     -0.832753672
  73.7594     -0.790052395
  73.0508     -0.747833210
# T= 4000.000000 K
  83.6119     -1.289598222
  82.5323     -1.244902034
  81.4525     -1.199464394
  80.4403     -1.154361483
  79.4955     -1.109404319
  78.5507     -1.065131323
  77.6734     -1.021151973
  76.8299     -0.977497883
  76.0201     -0.934127302
  75.2440     -0.890995758
  74.4680     -0.848404019
  73.7594     -0.805673925
  73.0508     -0.763426911
# T= 4050.000000 K
  83.6119     -1.305631896
  82.5323     -1.260896262
  81.4525     -1.215419288
  80.4403     -1.170277996
  79.4955     -1.125281421
  78.5507     -1.080974081
  77.6734     -1.036961472
  76.8299     -0.993275116
  76.0201     -0.949873143
  75.2440     -0.906711110
  74.4680     -0.864089992
  73.7594     -0.821331083
  73.0508     -0.779056240
# T= 4100.000000 K
  83.6119     -1.321700758
  82.5323     -1.276925676
  81.4525     -1.231409368
  80.4403     -1.186229696
  79.4955     -1.141193709
  78.5507     -1.096852025
  77.6734     -1.052806157
  76.8299     -1.009087537
  76.0201     -0.965654171
  75.2440     -0.922461649
  74.4680     -0.879811152
  73.7594     -0.837023427
  73.0508     -0.794720755
# T= 4150.000000 K
  83.6119     -1.337804377
  82.5323     -1.292989849
  81.4525     -1.247434207
  80.4403     -1.202216154
  79.4955     -1.157140755
  78.5507     -1.112764728
  77.6734     -1.068685601
  76.8299     -1.024934715
  76.0201     -0.981469956
  75.2440     -0.938246946
  74.4680     -0.895567070
  73.7594     -0.852750529
  73.0508     -0.810420028
# T= 4200.000000 K
  83.6119     -1.353942336
  82.5323     -1.309088361
  81.4525     -1.263493385
  80.4403     -1.218236951
  79.4955     -1.173122141
  78.5507     -1.128711770
  77.6734     -1.084599384
  76.8299     -1.040816232
  76.0201     -0.997320081
  75.2440     -0.954066582
  74.4680     -0.911357327
  73.7594     -0.868511970
  73.0508     -0.826153641
# T= 4250.000000 K
  83.6119     -1.370114225
  82.5323     -1.325220804
  81.4525     -1.279586493
  80.4403     -1.234291678
  79.4955     -1.189137456
  78.5507     -1.144692742
  77.6734     -1.100547097
  76.8299     -1.056731680
  76.0201     -1.013204136
  75.2440     -0.969920148
  74.4680     -0.927181514
  73.7594     -0.884307341
  73.0508     -0.841921183
# T= 4300.000000 K
  83.6119     -1.386319645
  82.5323     -1.341386777
  81.4525     -1.295713132
  80.4403     -1.250379936
  79.4955     -1.205186303
  78.5507     -1.160707245
  77.6734     -1.116528341
  76.8299     -1.072680659
  76.0201     -1.029121722
  75.2440     -0.985807245
  74.4680     -0.943039233
  73.7594     -0.900136244
  73.0508     -0.857722256
# T= 4350.000000 K
  83.6119     -1.402558206
  82.5323     -1.357585892
  81.4525     -1.311872913
  80.4403     -1.266501336
  79.4955     -1.221268291
  78.5507     -1.176754889
  77.6734     -1.132542726
  76.8299     -1.088662779
  76.0201     -1.045072449
  75.2440     -1.001727483
  74.4680     -0.958930092
  73.7594     -0.915998287
  73.0508     -0.873556471
# T= 4400.000000 K
  83.6119     -1.418829528
  82.5323     -1.373817767
  81.4525     -1.328065454
  80.4403     -1.282655496
  79.4955     -1.237383039
  78.5507     -1.192835293
  77.6734     -1.148589871
  76.8299     -1.104677659
  76.0201     -1.061055936
  75.2440     -1.017680482
  74.4680     -0.974853712
  73.7594     -0.931893091
  73.0508     -0.889423446
# T= 4450.000000 K
  83.6119     -1.435133237
  82.5323     -1.390082029
  81.4525     -1.344290382
  80.4403     -1.298842043
  79.4955     -1.253530176
  78.5507     -1.208948086
  77.6734     -1.164669405
  76.8299     -1.120724927
  76.0201     -1.077071812
  75.2440     -1.033665869
  74.4680     -0.990809720
  73.7594     -0.947820282
  73.0508     -0.905322808
# T= 4500.000000 K
  83.6119     -1.451468971
  82.5323     -1.406378316
  81.4525     -1.360547335
  80.4403     -1.315060615
  79.4955     -1.269709336
  78.5507     -1.225092902
  77.6734     -1.180780962
  76.8299     -1.136804220
  76.0201     -1.093119711
  75.2440     -1.049683279
  74.4680     -1.006797751
  73.7594     -0.963779498
  73.0508     -0.921254195
# T= 4550.000000 K
  83.6119     -1.467836373
  82.5323     -1.422706272
  81.4525     -1.376835956
  80.4403     -1.331310855
  79.4955     -1.285920164
  78.5507     -1.241269387
  77.6734     -1.196924188
  76.8299     -1.152915180
  76.0201     -1.109199278
  75.2440     -1.065732358
  74.4680     -1.022817451
  73.7594     -0.979770382
  73.0508     -0.937217250
# T= 4600.000000 K
  83.6119     -1.484235095
  82.5323     -1.439065547
  81.4525     -1.393155897
  80.4403     -1.347592415
  79.4955     -1.302162313
  78.5507     -1.257477192
  77.6734     -1.213098734
  76.8299     -1.169057460
  76.0201     -1.125310166
  75.2440     -1.081812757
  74.4680     -1.038868471
  73.7594     -0.995792585
  73.0508     -0.953211625
# T= 4650.000000 K
  83.6119     -1.500664797
  82.5323     -1.455455802
  81.4525     -1.409506819
  80.4403     -1.363904955
  79.4955     -1.318435442
  78.5507     -1.273715977
  77.6734     -1.229304259
  76.8299     -1.185230721
  76.0201     -1.141452034
  75.2440     -1.097924135
  74.4680     -1.054950470
  73.7594     -1.011845769
  73.0508     -0.969236980
# T= 4700.000000 K
  83.6119     -1.517125146
  82.5323     -1.471876704
  81.4525     -1.425888386
  80.4403     -1.380248142
  79.4955     -1.334739217
  78.5507     -1.289985408
  77.6734     -1.245540431
  76.8299     -1.201434628
  76.0201     -1.157624548
  75.2440     -1.114066161
  74.4680     -1.071063117
  73.7594     -1.027929599
  73.0508     -0.985292981
# T= 4750.000000 K
  83.6119     -1.533615815
  82.5323     -1.488327927
  81.4525     -1.442300275
  80.4403     -1.396621649
  79.4955     -1.351073312
  78.5507     -1.306285160
  77.6734     -1.261806924
  76.8299     -1.217668855
  76.0201     -1.173827382
  75.2440     -1.130238507
  74.4680     -1.087206084
  73.7594     -1.044043750
  73.0508     -1.001379303
# T= 4800.000000 K
  83.6119     -1.550136486
  82.5323     -1.504809151
  81.4525     -1.458742164
  80.4403     -1.413025158
  79.4955     -1.367437410
  78.5507     -1.322614913
  77.6734     -1.278103418
  76.8299     -1.233933084
  76.0201     -1.190060218
  75.2440     -1.146440854
  74.4680     -1.103379052
  73.7594     -1.060187902
  73.0508     -1.017495626
# T= 4850.000000 K
  83.6119     -1.566686845
  82.5323     -1.521320064
  81.4525     -1.475213743
  80.4403     -1.429458356
  79.4955     -1.383831196
  78.5507     -1.338974356
  77.6734     -1.294429602
  76.8299     -1.250227002
  76.0201     -1.206322743
  75.2440     -1.162672890
  74.4680     -1.119581709
  73.7594     -1.076361743
  73.0508     -1.033641638
# T= 4900.000000 K
  83.6119     -1.583266588
  82.5323     -1.537860360
  81.4525     -1.491714705
  80.4403     -1.445920936
  79.4955     -1.400254365
  78.5507     -1.355363181
  77.6734     -1.310785168
  76.8299     -1.266550303
  76.0201     -1.222614651
  75.2440     -1.178934309
  74.4680     -1.135813749
  73.7594     -1.092564967
  73.0508     -1.049817033
# T= 4950.000000 K
  83.6119     -1.599875414
  82.5323     -1.554429738
  81.4525     -1.508244749
  80.4403     -1.462412600
  79.4955     -1.416706617
  78.5507     -1.371781089
  77.6734     -1.327169817
  76.8299     -1.282902686
  76.0201     -1.238935642
  75.2440     -1.195224811
  74.4680     -1.152074872
  73.7594     -1.108797274
  73.0508     -1.066021511
# T= 5000.000000 K
  83.6119     -1.616513028
  82.5323     -1.571027907
  81.4525     -1.524803583
  80.4403     -1.478933053
  79.4955     -1.433187658
  78.5507     -1.388227786
  77.6734     -1.343583255
  76.8299     -1.299283859
  76.0201     -1.255285422
  75.2440     -1.211544102
  74.4680     -1.168364784
  73.7594     -1.125058370
  73.0508     -1.082254778
