# T (K)               Helmholtz Free Energy (Ry.)
# V= 167.2239000000000
    0.00      -0.2351365315721
   50.00      -0.2369116303614
  100.00      -0.2415886552261
  150.00      -0.2477242905737
  200.00      -0.2548200750638
  250.00      -0.2626326621773
  300.00      -0.2710174610971
  350.00      -0.2798785457071
  400.00      -0.2891475869782
  450.00      -0.2987734266280
  500.00      -0.3087163206261
  550.00      -0.3189444993106
  600.00      -0.3294319845093
  650.00      -0.3401571372266
  700.00      -0.3511016537087
  750.00      -0.3622498491734
  800.00      -0.3735881330183
  850.00      -0.3851046155096
  900.00      -0.3967888071899
  950.00      -0.4086313851963
 1000.00      -0.4206240088477
 1050.00      -0.4327591721645
 1100.00      -0.4450300845131
 1150.00      -0.4574305729757
 1200.00      -0.4699550017160
 1250.00      -0.4825982047960
 1300.00      -0.4953554297515
 1350.00      -0.5082222898546
 1400.00      -0.5211947234536
 1450.00      -0.5342689591255
 1500.00      -0.5474414856378
 1550.00      -0.5607090259178
 1600.00      -0.5740685143823
 1650.00      -0.5875170771027
 1700.00      -0.6010520143757
 1750.00      -0.6146707853445
 1800.00      -0.6283709943795
 1850.00      -0.6421503789722
 1900.00      -0.6560067989381
 1950.00      -0.6699382267572
 2000.00      -0.6839427389051
 2050.00      -0.6980185080513
 2100.00      -0.7121637960192
 2150.00      -0.7263769474163
 2200.00      -0.7406563838573
 2250.00      -0.7550005987128
 2300.00      -0.7694081523243
 2350.00      -0.7838776676359
 2400.00      -0.7984078261977
 2450.00      -0.8129973645021
 2500.00      -0.8276450706198
 2550.00      -0.8423497811040
 2600.00      -0.8571103781388
 2650.00      -0.8719257869056
 2700.00      -0.8867949731495
 2750.00      -0.9017169409250
 2800.00      -0.9166907305064
 2850.00      -0.9317154164471
 2900.00      -0.9467901057752
 2950.00      -0.9619139363137
 3000.00      -0.9770860751143
 3050.00      -0.9923057169961
 3100.00      -1.0075720831794
 3150.00      -1.0228844200085
 3200.00      -1.0382419977550
 3250.00      -1.0536441094961
 3300.00      -1.0690900700621
 3350.00      -1.0845792150473
 3400.00      -1.1001108998803
 3450.00      -1.1156844989490
 3500.00      -1.1312994047760
 3550.00      -1.1469550272414
 3600.00      -1.1626507928494
 3650.00      -1.1783861440356
 3700.00      -1.1941605385121
 3750.00      -1.2099734486482
 3800.00      -1.2258243608841
 3850.00      -1.2417127751755
 3900.00      -1.2576382044668
 3950.00      -1.2736001741916
 4000.00      -1.2895982217985
 4050.00      -1.3056318963002
 4100.00      -1.3217007578458
 4150.00      -1.3378043773125
 4200.00      -1.3539423359184
 4250.00      -1.3701142248530
 4300.00      -1.3863196449254
 4350.00      -1.4025582062285
 4400.00      -1.4188295278187
 4450.00      -1.4351332374108
 4500.00      -1.4514689710859
 4550.00      -1.4678363730122
 4600.00      -1.4842350951789
 4650.00      -1.5006647971408
 4700.00      -1.5171251457745
 4750.00      -1.5336158150443
 4800.00      -1.5501364857788
 4850.00      -1.5666868454563
 4900.00      -1.5832665879989
 4950.00      -1.5998754135753
 5000.00      -1.6165130284119
# V= 165.0645000000000
    0.00      -0.1935778927669
   50.00      -0.1953289302059
  100.00      -0.1999679189707
  150.00      -0.2060645898883
  200.00      -0.2131211700234
  250.00      -0.2208944560091
  300.00      -0.2292399052490
  350.00      -0.2380616123871
  400.00      -0.2472912587989
  450.00      -0.2568776919910
  500.00      -0.2667811714093
  550.00      -0.2769699296058
  600.00      -0.2874179898846
  650.00      -0.2981037142724
  700.00      -0.3090087997461
  750.00      -0.3201175620593
  800.00      -0.3314164110113
  850.00      -0.3428934571759
  900.00      -0.3545382113347
  950.00      -0.3663413508135
 1000.00      -0.3782945350822
 1050.00      -0.3903902582835
 1100.00      -0.4026217298837
 1150.00      -0.4149827770478
 1200.00      -0.4274677640082
 1250.00      -0.4400715248849
 1300.00      -0.4527893072624
 1350.00      -0.4656167244547
 1400.00      -0.4785497148456
 1450.00      -0.4915845070432
 1500.00      -0.5047175898415
 1550.00      -0.5179456861910
 1600.00      -0.5312657305289
 1650.00      -0.5446748489446
 1700.00      -0.5581703417503
 1750.00      -0.5717496681034
 1800.00      -0.5854104323866
 1850.00      -0.5991503721025
 1900.00      -0.6129673470765
 1950.00      -0.6268593297974
 2000.00      -0.6408243967489
 2050.00      -0.6548607206078
 2100.00      -0.6689665632038
 2150.00      -0.6831402691505
 2200.00      -0.6973802600680
 2250.00      -0.7116850293316
 2300.00      -0.7260531372874
 2350.00      -0.7404832068837
 2400.00      -0.7549739196741
 2450.00      -0.7695240121547
 2500.00      -0.7841322723992
 2550.00      -0.7987975369638
 2600.00      -0.8135186880353
 2650.00      -0.8282946507977
 2700.00      -0.8431243909981
 2750.00      -0.8580069126934
 2800.00      -0.8729412561598
 2850.00      -0.8879264959525
 2900.00      -0.9029617391014
 2950.00      -0.9180461234311
 3000.00      -0.9331788159948
 3050.00      -0.9483590116128
 3100.00      -0.9635859315070
 3150.00      -0.9788588220228
 3200.00      -0.9941769534329
 3250.00      -1.0095396188156
 3300.00      -1.0249461330023
 3350.00      -1.0403958315881
 3400.00      -1.0558880700027
 3450.00      -1.0714222226346
 3500.00      -1.0869976820073
 3550.00      -1.1026138580016
 3600.00      -1.1182701771226
 3650.00      -1.1339660818063
 3700.00      -1.1497010297656
 3750.00      -1.1654744933704
 3800.00      -1.1812859590615
 3850.00      -1.1971349267949
 3900.00      -1.2130209095158
 3950.00      -1.2289434326581
 4000.00      -1.2449020336709
 4050.00      -1.2608962615675
 4100.00      -1.2769256764971
 4150.00      -1.2929898493374
 4200.00      -1.3090883613071
 4250.00      -1.3252208035959
 4300.00      -1.3413867770132
 4350.00      -1.3575858916521
 4400.00      -1.3738177665697
 4450.00      -1.3900820294808
 4500.00      -1.4063783164668
 4550.00      -1.4227062716963
 4600.00      -1.4390655471587
 4650.00      -1.4554558024090
 4700.00      -1.4718767043240
 4750.00      -1.4883279268684
 4800.00      -1.5048091508709
 4850.00      -1.5213200638100
 4900.00      -1.5378603596080
 4950.00      -1.5544297384339
 5000.00      -1.5710279065141
# V= 162.9050000000000
    0.00      -0.1512687099677
   50.00      -0.1529958446671
  100.00      -0.1575969327367
  150.00      -0.1636547598526
  200.00      -0.1706722522421
  250.00      -0.1784063520684
  300.00      -0.1867125657701
  350.00      -0.1954950091037
  400.00      -0.2046853740272
  450.00      -0.2142325139346
  500.00      -0.2240966918079
  550.00      -0.2342461424504
  600.00      -0.2446548906680
  650.00      -0.2553012995274
  700.00      -0.2661670667484
  750.00      -0.2772365086296
  800.00      -0.2884960353791
  850.00      -0.2999337578831
  900.00      -0.3115391871665
  950.00      -0.3233030007471
 1000.00      -0.3352168582483
 1050.00      -0.3472732539371
 1100.00      -0.3594653973817
 1150.00      -0.3717871158309
 1200.00      -0.3842327735873
 1250.00      -0.3967972048294
 1300.00      -0.4094756571919
 1350.00      -0.4222637440308
 1400.00      -0.4351574037665
 1450.00      -0.4481528650382
 1500.00      -0.4612466166671
 1550.00      -0.4744353816275
 1600.00      -0.4877160943771
 1650.00      -0.5010858810234
 1700.00      -0.5145420418949
 1750.00      -0.5280820361629
 1800.00      -0.5417034682230
 1850.00      -0.5554040755888
 1900.00      -0.5691817180959
 1950.00      -0.5830343682422
 2000.00      -0.5969601025194
 2050.00      -0.6109570936115
 2100.00      -0.6250236033552
 2150.00      -0.6391579763699
 2200.00      -0.6533586342811
 2250.00      -0.6676240704692
 2300.00      -0.6819528452849
 2350.00      -0.6963435816804
 2400.00      -0.7107949612135
 2450.00      -0.7253057203835
 2500.00      -0.7398746472674
 2550.00      -0.7545005784244
 2600.00      -0.7691823960440
 2650.00      -0.7839190253127
 2700.00      -0.7987094319801
 2750.00      -0.8135526201052
 2800.00      -0.8284476299660
 2850.00      -0.8433935361199
 2900.00      -0.8583894455984
 2950.00      -0.8734344962277
 3000.00      -0.8885278550625
 3050.00      -0.9036687169247
 3100.00      -0.9188563030372
 3150.00      -0.9340898597469
 3200.00      -0.9493686573277
 3250.00      -0.9646919888588
 3300.00      -0.9800591691727
 3350.00      -0.9954695338656
 3400.00      -1.0109224383678
 3450.00      -1.0264172570690
 3500.00      -1.0419533824933
 3550.00      -1.0575302245223
 3600.00      -1.0731472096618
 3650.00      -1.0888037803485
 3700.00      -1.1044993942960
 3750.00      -1.1202335238747
 3800.00      -1.1360056555260
 3850.00      -1.1518152892065
 3900.00      -1.1676619378619
 3950.00      -1.1835451269265
 4000.00      -1.1994643938500
 4050.00      -1.2154192876461
 4100.00      -1.2314093684644
 4150.00      -1.2474342071830
 4200.00      -1.2634933850209
 4250.00      -1.2795864931683
 4300.00      -1.2957131324349
 4350.00      -1.3118729129142
 4400.00      -1.3280654536635
 4450.00      -1.3442903823979
 4500.00      -1.3605473351991
 4550.00      -1.3768359562360
 4600.00      -1.3931558974983
 4650.00      -1.4095068185412
 4700.00      -1.4258883862418
 4750.00      -1.4423002745649
 4800.00      -1.4587421643396
 4850.00      -1.4752137430445
 4900.00      -1.4917147046021
 4950.00      -1.5082447491816
 5000.00      -1.5248035830096
# V= 160.8805000000000
    0.00      -0.1092183128749
   50.00      -0.1109222054914
  100.00      -0.1154863364664
  150.00      -0.1215062699765
  200.00      -0.1284856263245
  250.00      -0.1361814922845
  300.00      -0.1444494230330
  350.00      -0.1531935553136
  400.00      -0.1623455916043
  450.00      -0.1718543911521
  500.00      -0.1816802204541
  550.00      -0.1917913165522
  600.00      -0.2021617057452
  650.00      -0.2127697521335
  700.00      -0.2235971541757
  750.00      -0.2346282287119
  800.00      -0.2458493863569
  850.00      -0.2572487383074
  900.00      -0.2688157958301
  950.00      -0.2805412366336
 1000.00      -0.2924167204941
 1050.00      -0.3044347418020
 1100.00      -0.3165885102266
 1150.00      -0.3288718531003
 1200.00      -0.3412791347952
 1250.00      -0.3538051895485
 1300.00      -0.3664452650440
 1350.00      -0.3791949746801
 1400.00      -0.3920502569132
 1450.00      -0.4050073404136
 1500.00      -0.4180627140296
 1550.00      -0.4312131007588
 1600.00      -0.4444554350796
 1650.00      -0.4577868431175
 1700.00      -0.4712046252169
 1750.00      -0.4847062405632
 1800.00      -0.4982892935645
 1850.00      -0.5119515217457
 1900.00      -0.5256907849523
 1950.00      -0.5395050556912
 2000.00      -0.5533924104622
 2050.00      -0.5673510219567
 2100.00      -0.5813791520177
 2150.00      -0.5954751452707
 2200.00      -0.6096374233468
 2250.00      -0.6238644796312
 2300.00      -0.6381548744790
 2350.00      -0.6525072308468
 2400.00      -0.6669202302960
 2450.00      -0.6813926093294
 2500.00      -0.6959231560272
 2550.00      -0.7105107069516
 2600.00      -0.7251541442948
 2650.00      -0.7398523932458
 2700.00      -0.7546044195565
 2750.00      -0.7694092272880
 2800.00      -0.7842658567205
 2850.00      -0.7991733824131
 2900.00      -0.8141309113991
 2950.00      -0.8291375815062
 3000.00      -0.8441925597908
 3050.00      -0.8592950410760
 3100.00      -0.8744442465863
 3150.00      -0.8896394226695
 3200.00      -0.9048798396007
 3250.00      -0.9201647904605
 3300.00      -0.9354935900821
 3350.00      -0.9508655740627
 3400.00      -0.9662800978337
 3450.00      -0.9817365357854
 3500.00      -0.9972342804428
 3550.00      -1.0127727416883
 3600.00      -1.0283513460284
 3650.00      -1.0439695359004
 3700.00      -1.0596267690186
 3750.00      -1.0753225177539
 3800.00      -1.0910562685484
 3850.00      -1.1068275213592
 3900.00      -1.1226357891324
 3950.00      -1.1384805973030
 4000.00      -1.1543614833210
 4050.00      -1.1702779962005
 4100.00      -1.1862296960917
 4150.00      -1.2022161538730
 4200.00      -1.2182369507638
 4250.00      -1.2342916779545
 4300.00      -1.2503799362554
 4350.00      -1.2665013357601
 4400.00      -1.2826554955263
 4450.00      -1.2988420432695
 4500.00      -1.3150606150716
 4550.00      -1.3313108551017
 4600.00      -1.3475924153498
 4650.00      -1.3639049553715
 4700.00      -1.3802481420439
 4750.00      -1.3966216493322
 4800.00      -1.4130251580656
 4850.00      -1.4294583557230
 4900.00      -1.4459209362270
 4950.00      -1.4624125997472
 5000.00      -1.4789330525101
# V= 158.9910000000000
    0.00      -0.0673954277874
   50.00      -0.0690755991854
  100.00      -0.0736018089859
  150.00      -0.0795828409719
  200.00      -0.0865230419967
  250.00      -0.0941796502296
  300.00      -0.1024082718718
  350.00      -0.1111130656381
  400.00      -0.1202257450192
  450.00      -0.1296951753892
  500.00      -0.1394816269247
  550.00      -0.1495533390103
  600.00      -0.1598843395070
  650.00      -0.1704529935974
  700.00      -0.1812410005128
  750.00      -0.1922326776601
  800.00      -0.2034144360791
  850.00      -0.2147743872918
  900.00      -0.2263020428175
  950.00      -0.2379880805643
 1000.00      -0.2498241604680
 1050.00      -0.2618027770483
 1100.00      -0.2739171400801
 1150.00      -0.2861610769831
 1200.00      -0.2985289522020
 1250.00      -0.3110156000352
 1300.00      -0.3236162682182
 1350.00      -0.3363265701931
 1400.00      -0.3491424444542
 1450.00      -0.3620601197043
 1500.00      -0.3750760848197
 1550.00      -0.3881870628225
 1600.00      -0.4013899882126
 1650.00      -0.4146819871344
 1700.00      -0.4280603599487
 1750.00      -0.4415225658557
 1800.00      -0.4550662092767
 1850.00      -0.4686890277480
 1900.00      -0.4823888811256
 1950.00      -0.4961637419257
 2000.00      -0.5100116866566
 2050.00      -0.5239308880172
 2100.00      -0.5379196078574
 2150.00      -0.5519761908088
 2200.00      -0.5660990585082
 2250.00      -0.5802867043460
 2300.00      -0.5945376886820
 2350.00      -0.6088506344770
 2400.00      -0.6232242232963
 2450.00      -0.6376571916464
 2500.00      -0.6521483276107
 2550.00      -0.6666964677547
 2600.00      -0.6813004942730
 2650.00      -0.6959593323576
 2700.00      -0.7106719477626
 2750.00      -0.7254373445513
 2800.00      -0.7402545630062
 2850.00      -0.7551226776880
 2900.00      -0.7700407956319
 2950.00      -0.7850080546675
 3000.00      -0.8000236218524
 3050.00      -0.8150866920114
 3100.00      -0.8301964863702
 3150.00      -0.8453522512780
 3200.00      -0.8605532570111
 3250.00      -0.8757987966510
 3300.00      -0.8910881850322
 3350.00      -0.9064207577527
 3400.00      -0.9217958702449
 3450.00      -0.9372128968999
 3500.00      -0.9526712302436
 3550.00      -0.9681702801592
 3600.00      -0.9837094731538
 3650.00      -0.9992882516656
 3700.00      -1.0149060734093
 3750.00      -1.0305624107565
 3800.00      -1.0462567501499
 3850.00      -1.0619885915473
 3900.00      -1.0777574478951
 3950.00      -1.0935628446289
 4000.00      -1.1094043191991
 4050.00      -1.1252814206203
 4100.00      -1.1411937090431
 4150.00      -1.1571407553463
 4200.00      -1.1731221407497
 4250.00      -1.1891374564442
 4300.00      -1.2051863032402
 4350.00      -1.2212682912318
 4400.00      -1.2373830394768
 4450.00      -1.2535301756913
 4500.00      -1.2697093359573
 4550.00      -1.2859201644443
 4600.00      -1.3021623131424
 4650.00      -1.3184354416075
 4700.00      -1.3347392167170
 4750.00      -1.3510733124363
 4800.00      -1.3674374095949
 4850.00      -1.3838311956717
 4900.00      -1.4002543645897
 4950.00      -1.4167066165186
 5000.00      -1.4331876576851
# V= 157.1014000000000
    0.00      -0.0258531994807
   50.00      -0.0275130081387
  100.00      -0.0320062571664
  150.00      -0.0379534196258
  200.00      -0.0448595153746
  250.00      -0.0524819231499
  300.00      -0.0606762965605
  350.00      -0.0693468147422
  400.00      -0.0784252014235
  450.00      -0.0878603276753
  500.00      -0.0976124670960
  550.00      -0.1076498612490
  600.00      -0.1179465394489
  650.00      -0.1284808678849
  700.00      -0.1392345465072
  750.00      -0.1501918932507
  800.00      -0.1613393195505
  850.00      -0.1726649372314
  900.00      -0.1841582580480
  950.00      -0.1958099600945
 1000.00      -0.2076117034552
 1050.00      -0.2195559827703
 1100.00      -0.2316360079131
 1150.00      -0.2438456063848
 1200.00      -0.2561791426979
 1250.00      -0.2686314512076
 1300.00      -0.2811977796977
 1350.00      -0.2938737416514
 1400.00      -0.3066552755982
 1450.00      -0.3195386102711
 1500.00      -0.3325202345729
 1550.00      -0.3455968715485
 1600.00      -0.3587654557179
 1650.00      -0.3720231132429
 1700.00      -0.3853671445001
 1750.00      -0.3987950087034
 1800.00      -0.4123043102861
 1850.00      -0.4258927867957
 1900.00      -0.4395582980979
 1950.00      -0.4532988167177
 2000.00      -0.4671124191710
 2050.00      -0.4809972781641
 2100.00      -0.4949516555533
 2150.00      -0.5089738959759
 2200.00      -0.5230624210742
 2250.00      -0.5372157242433
 2300.00      -0.5514323658474
 2350.00      -0.5657109688513
 2400.00      -0.5800502148242
 2450.00      -0.5944488402759
 2500.00      -0.6089056332929
 2550.00      -0.6234194304435
 2600.00      -0.6379891139253
 2650.00      -0.6526136089322
 2700.00      -0.6672918812211
 2750.00      -0.6820229348572
 2800.00      -0.6968058101248
 2850.00      -0.7116395815867
 2900.00      -0.7265233562798
 2950.00      -0.7414562720349
 3000.00      -0.7564374959116
 3050.00      -0.7714662227357
 3100.00      -0.7865416737343
 3150.00      -0.8016630952579
 3200.00      -0.8168297575837
 3250.00      -0.8320409537946
 3300.00      -0.8472959987257
 3350.00      -0.8625942279763
 3400.00      -0.8779349969795
 3450.00      -0.8933176801273
 3500.00      -0.9087416699463
 3550.00      -0.9242063763206
 3600.00      -0.9397112257577
 3650.00      -0.9552556606968
 3700.00      -0.9708391388530
 3750.00      -0.9864611325987
 3800.00      -1.0021211283769
 3850.00      -1.0178186261461
 3900.00      -1.0335531388532
 3950.00      -1.0493241919342
 4000.00      -1.0651313228400
 4050.00      -1.0809740805857
 4100.00      -1.0968520253222
 4150.00      -1.1127647279287
 4200.00      -1.1287117696255
 4250.00      -1.1446927416037
 4300.00      -1.1607072446740
 4350.00      -1.1767548889310
 4400.00      -1.1928352934328
 4450.00      -1.2089480858957
 4500.00      -1.2250929024020
 4550.00      -1.2412693871214
 4600.00      -1.2574771920444
 4650.00      -1.2737159767271
 4700.00      -1.2899854080471
 4750.00      -1.3062851599701
 4800.00      -1.3226149133256
 4850.00      -1.3389743555930
 4900.00      -1.3553631806953
 4950.00      -1.3717810888024
 5000.00      -1.3882277861414
# V= 155.3468000000000
    0.00       0.0154817745584
   50.00       0.0138415964911
  100.00       0.0093802397065
  150.00       0.0034658672853
  200.00      -0.0034072053062
  250.00      -0.0109964957818
  300.00      -0.0191577046358
  350.00      -0.0277950312022
  400.00      -0.0368402093366
  450.00      -0.0462421157454
  500.00      -0.0559610274117
  550.00      -0.0659651880548
  600.00      -0.0762286284269
  650.00      -0.0867297157130
  700.00      -0.0974501505750
  750.00      -0.1083742514695
  800.00      -0.1194884302232
  850.00      -0.1307807989602
  900.00      -0.1422408696683
  950.00      -0.1538593206252
 1000.00      -0.1656278120625
 1050.00      -0.1775388387395
 1100.00      -0.1895856106271
 1150.00      -0.2017619553067
 1200.00      -0.2140622373582
 1250.00      -0.2264812911930
 1300.00      -0.2390143646425
 1350.00      -0.2516570712308
 1400.00      -0.2644053495221
 1450.00      -0.2772554282793
 1500.00      -0.2902037964314
 1550.00      -0.3032471770458
 1600.00      -0.3163825046624
 1650.00      -0.3296069054605
 1700.00      -0.3429176798319
 1750.00      -0.3563122870043
 1800.00      -0.3697883314231
 1850.00      -0.3833435506464
 1900.00      -0.3969758045497
 1950.00      -0.4106830656666
 2000.00      -0.4244634105210
 2050.00      -0.4383150118260
 2100.00      -0.4522361314443
 2150.00      -0.4662251140193
 2200.00      -0.4802803811980
 2250.00      -0.4944004263807
 2300.00      -0.5085838099358
 2350.00      -0.5228291548323
 2400.00      -0.5371351426427
 2450.00      -0.5515005098805
 2500.00      -0.5659240446351
 2550.00      -0.5804045834778
 2600.00      -0.5949410086086
 2650.00      -0.6095322452242
 2700.00      -0.6241772590834
 2750.00      -0.6388750542536
 2800.00      -0.6536246710212
 2850.00      -0.6684251839506
 2900.00      -0.6832757000804
 2950.00      -0.6981753572432
 3000.00      -0.7131233224997
 3050.00      -0.7281187906773
 3100.00      -0.7431609830044
 3150.00      -0.7582491458325
 3200.00      -0.7733825494402
 3250.00      -0.7885604869111
 3300.00      -0.8037822730817
 3350.00      -0.8190472435519
 3400.00      -0.8343547537557
 3450.00      -0.8497041780862
 3500.00      -0.8650949090705
 3550.00      -0.8805263565935
 3600.00      -0.8959979471635
 3650.00      -0.9115091232202
 3700.00      -0.9270593424794
 3750.00      -0.9426480773141
 3800.00      -0.9582748141679
 3850.00      -0.9739390529996
 3900.00      -0.9896403067568
 3950.00      -1.0053781008760
 4000.00      -1.0211519728085
 4050.00      -1.0369614715697
 4100.00      -1.0528061573110
 4150.00      -1.0686856009122
 4200.00      -1.0845993835936
 4250.00      -1.1005470965469
 4300.00      -1.1165283405831
 4350.00      -1.1325427257970
 4400.00      -1.1485898712471
 4450.00      -1.1646694046500
 4500.00      -1.1807809620882
 4550.00      -1.1969241877318
 4600.00      -1.2130987335714
 4650.00      -1.2293042591635
 4700.00      -1.2455404313858
 4750.00      -1.2618069242042
 4800.00      -1.2781034184487
 4850.00      -1.2944296015985
 4900.00      -1.3107851675771
 4950.00      -1.3271698165545
 5000.00      -1.3435832547579
# V= 153.6598000000000
    0.00       0.0565706319120
   50.00       0.0549494208894
  100.00       0.0505189785598
  150.00       0.0446364075462
  200.00       0.0377953668731
  250.00       0.0302382014264
  300.00       0.0221091643449
  350.00       0.0135040363171
  400.00       0.0044910734705
  450.00      -0.0048786064760
  500.00      -0.0145652838536
  550.00      -0.0245372045141
  600.00      -0.0347684006322
  650.00      -0.0452372403778
  700.00      -0.0559254251167
  750.00      -0.0668172738218
  800.00      -0.0778991987072
  850.00      -0.0891593121930
  900.00      -0.1005871264975
  950.00      -0.1121733200804
 1000.00      -0.1239095533188
 1050.00      -0.1357883210898
 1100.00      -0.1478028334607
 1150.00      -0.1599469180926
 1200.00      -0.1722149396317
 1250.00      -0.1846017325452
 1300.00      -0.1971025447119
 1350.00      -0.2097129896957
 1400.00      -0.2224290060955
 1450.00      -0.2352468227039
 1500.00      -0.2481629284755
 1550.00      -0.2611740465003
 1600.00      -0.2742771113376
 1650.00      -0.2874692491841
 1700.00      -0.3007477604468
 1750.00      -0.3141101043669
 1800.00      -0.3275538854016
 1850.00      -0.3410768411199
 1900.00      -0.3546768314068
 1950.00      -0.3683518288043
 2000.00      -0.3820999098442
 2050.00      -0.3959192472466
 2100.00      -0.4098081028804
 2150.00      -0.4237648213946
 2200.00      -0.4377878244417
 2250.00      -0.4518756054265
 2300.00      -0.4660267247218
 2350.00      -0.4802398053005
 2400.00      -0.4945135287389
 2450.00      -0.5088466315536
 2500.00      -0.5232379018372
 2550.00      -0.5376861761638
 2600.00      -0.5521903367360
 2650.00      -0.5667493087528
 2700.00      -0.5813620579754
 2750.00      -0.5960275884732
 2800.00      -0.6107449405345
 2850.00      -0.6255131887255
 2900.00      -0.6403314400865
 2950.00      -0.6551988324516
 3000.00      -0.6701145328829
 3050.00      -0.6850777362094
 3100.00      -0.7000876636604
 3150.00      -0.7151435615888
 3200.00      -0.7302447002743
 3250.00      -0.7453903728015
 3300.00      -0.7605798940079
 3350.00      -0.7758125994943
 3400.00      -0.7910878446956
 3450.00      -0.8064050040056
 3500.00      -0.8217634699524
 3550.00      -0.8371626524214
 3600.00      -0.8526019779217
 3650.00      -0.8680808888936
 3700.00      -0.8835988430535
 3750.00      -0.8991553127751
 3800.00      -0.9147497845024
 3850.00      -0.9303817581948
 3900.00      -0.9460507468004
 3950.00      -0.9617562757561
 4000.00      -0.9774978825137
 4050.00      -0.9932751160890
 4100.00      -1.0090875366339
 4150.00      -1.0249347150284
 4200.00      -1.0408162324933
 4250.00      -1.0567316802206
 4300.00      -1.0726806590217
 4350.00      -1.0886627789917
 4400.00      -1.1046776591893
 4450.00      -1.1207249273314
 4500.00      -1.1368042195009
 4550.00      -1.1529151798681
 4600.00      -1.1690574604239
 4650.00      -1.1852307207248
 4700.00      -1.2014346276491
 4750.00      -1.2176688551627
 4800.00      -1.2339330840957
 4850.00      -1.2502270019279
 4900.00      -1.2665503025826
 4950.00      -1.2829026862301
 5000.00      -1.2992838590979
# V= 152.0402000000000
    0.00       0.0974454465772
   50.00       0.0958426278991
  100.00       0.0914422428637
  150.00       0.0855906057663
  200.00       0.0787807270321
  250.00       0.0712548156503
  300.00       0.0631570788872
  350.00       0.0545832776647
  400.00       0.0456016581980
  450.00       0.0362633326900
  500.00       0.0266080174957
  550.00       0.0166674646534
  600.00       0.0064676405808
  650.00      -0.0039698238670
  700.00      -0.0146266307523
  750.00      -0.0254870995589
  800.00      -0.0365376428843
  850.00      -0.0477663734416
  900.00      -0.0591628036772
  950.00      -0.0707176122307
 1000.00      -0.0824224596235
 1050.00      -0.0942698408491
 1100.00      -0.1062529660702
 1150.00      -0.1183656630269
 1200.00      -0.1306022964309
 1250.00      -0.1429577008048
 1300.00      -0.1554271240738
 1350.00      -0.1680061798419
 1400.00      -0.1806908067418
 1450.00      -0.1934772335957
 1500.00      -0.2063619493835
 1550.00      -0.2193416772176
 1600.00      -0.2324133516766
 1650.00      -0.2455740989743
 1700.00      -0.2588212195326
 1750.00      -0.2721521726062
 1800.00      -0.2855645626641
 1850.00      -0.2990561272859
 1900.00      -0.3126247263659
 1950.00      -0.3262683324549
 2000.00      -0.3399850220920
 2050.00      -0.3537729680044
 2100.00      -0.3676304320672
 2150.00      -0.3815557589350
 2200.00      -0.3955473702655
 2250.00      -0.4096037594682
 2300.00      -0.4237234869202
 2350.00      -0.4379051755982
 2400.00      -0.4521475070821
 2450.00      -0.4664492178918
 2500.00      -0.4808090961231
 2550.00      -0.4952259783527
 2600.00      -0.5096987467858
 2650.00      -0.5242263266240
 2700.00      -0.5388076836303
 2750.00      -0.5534418218766
 2800.00      -0.5681277816528
 2850.00      -0.5828646375269
 2900.00      -0.5976514965409
 2950.00      -0.6124874965304
 3000.00      -0.6273718045591
 3050.00      -0.6423036154570
 3100.00      -0.6572821504549
 3150.00      -0.6723066559069
 3200.00      -0.6873764020936
 3250.00      -0.7024906821008
 3300.00      -0.7176488107669
 3350.00      -0.7328501236936
 3400.00      -0.7480939763168
 3450.00      -0.7633797430309
 3500.00      -0.7787068163648
 3550.00      -0.7940746062047
 3600.00      -0.8094825390604
 3650.00      -0.8249300573727
 3700.00      -0.8404166188588
 3750.00      -0.8559416958927
 3800.00      -0.8715047749192
 3850.00      -0.8871053558982
 3900.00      -0.9027429517781
 3950.00      -0.9184170879964
 4000.00      -0.9341273020053
 4050.00      -0.9498731428212
 4100.00      -0.9656541705961
 4150.00      -0.9814699562105
 4200.00      -0.9973200808856
 4250.00      -1.0132041358137
 4300.00      -1.0291217218065
 4350.00      -1.0450724489595
 4400.00      -1.0610559363317
 4450.00      -1.0770718116402
 4500.00      -1.0931197109683
 4550.00      -1.1091992784864
 4600.00      -1.1253101661857
 4650.00      -1.1414520336231
 4700.00      -1.1576245476769
 4750.00      -1.1738273823133
 4800.00      -1.1900602183627
 4850.00      -1.2063227433049
 4900.00      -1.2226146510637
 4950.00      -1.2389356418093
 5000.00      -1.2552854217695
# V= 150.4880000000000
    0.00       0.1381532081221
   50.00       0.1365681875756
  100.00       0.1321969726338
  150.00       0.1263753708830
  200.00       0.1195957527527
  250.00       0.1121001930031
  300.00       0.1040328535789
  350.00       0.0954894758699
  400.00       0.0865382962967
  450.00       0.0772304216108
  500.00       0.0676055648929
  550.00       0.0576954760956
  600.00       0.0475261202457
  650.00       0.0371191272348
  700.00       0.0264927943122
  750.00       0.0156628014891
  800.00       0.0046427357895
  850.00      -0.0065555157897
  900.00      -0.0179214659201
  950.00      -0.0294457934194
 1000.00      -0.0411201589511
 1050.00      -0.0529370576241
 1100.00      -0.0648896996955
 1150.00      -0.0769719129830
 1200.00      -0.0891780622636
 1250.00      -0.1015029821141
 1300.00      -0.1139419205060
 1350.00      -0.1264904910826
 1400.00      -0.1391446325103
 1450.00      -0.1519005736403
 1500.00      -0.1647548034778
 1550.00      -0.1777040451570
 1600.00      -0.1907452332757
 1650.00      -0.2038754940645
 1700.00      -0.2170921279604
 1750.00      -0.2303925942310
 1800.00      -0.2437744973573
 1850.00      -0.2572355749291
 1900.00      -0.2707736868502
 1950.00      -0.2843868056797
 2000.00      -0.2980730079643
 2050.00      -0.3118304664379
 2100.00      -0.3256574429819
 2150.00      -0.3395522822565
 2200.00      -0.3535134059244
 2250.00      -0.3675393073997
 2300.00      -0.3816285470638
 2350.00      -0.3957797478973
 2400.00      -0.4099915914836
 2450.00      -0.4242628143458
 2500.00      -0.4385922045828
 2550.00      -0.4529785987739
 2600.00      -0.4674208791271
 2650.00      -0.4819179708460
 2700.00      -0.4964688396962
 2750.00      -0.5110724897513
 2800.00      -0.5257279613031
 2850.00      -0.5404343289217
 2900.00      -0.5551906996502
 2950.00      -0.5699962113261
 3000.00      -0.5848500310144
 3050.00      -0.5997513535463
 3100.00      -0.6146994001541
 3150.00      -0.6296934171928
 3200.00      -0.6447326749442
 3250.00      -0.6598164664952
 3300.00      -0.6749441066849
 3350.00      -0.6901149311162
 3400.00      -0.7053282952256
 3450.00      -0.7205835734085
 3500.00      -0.7358801581945
 3550.00      -0.7512174594703
 3600.00      -0.7665949037467
 3650.00      -0.7820119334649
 3700.00      -0.7974680063427
 3750.00      -0.8129625947549
 3800.00      -0.8284951851465
 3850.00      -0.8440652774782
 3900.00      -0.8596723846987
 3950.00      -0.8753160322461
 4000.00      -0.8909957575729
 4050.00      -0.9067111096959
 4100.00      -0.9224616487677
 4150.00      -0.9382469456690
 4200.00      -0.9540665816214
 4250.00      -0.9699201478176
 4300.00      -0.9858072450695
 4350.00      -1.0017274834730
 4400.00      -1.0176804820873
 4450.00      -1.0336658686300
 4500.00      -1.0496832791843
 4550.00      -1.0657323579213
 4600.00      -1.0818127568321
 4650.00      -1.0979241354740
 4700.00      -1.1140661607255
 4750.00      -1.1302385065530
 4800.00      -1.1464408537871
 4850.00      -1.1626728899078
 4900.00      -1.1789343088391
 4950.00      -1.1952248107514
 5000.00      -1.2115441018726
# V= 148.9359000000000
    0.00       0.1784095261335
   50.00       0.1768415737602
  100.00       0.1724984411022
  150.00       0.1667057721274
  200.00       0.1599553083952
  250.00       0.1524889926252
  300.00       0.1444509421653
  350.00       0.1359368791834
  400.00       0.1270150304598
  450.00       0.1177364973808
  500.00       0.1081409898039
  550.00       0.0982602556293
  600.00       0.0881202585143
  650.00       0.0777426274023
  700.00       0.0671456588650
  750.00       0.0563450324166
  800.00       0.0453543347080
  850.00       0.0341854524512
  900.00       0.0228488727527
  950.00       0.0113539166197
 1000.00      -0.0002910767516
 1050.00      -0.0120786025834
 1100.00      -0.0240018712256
 1150.00      -0.0360547105728
 1200.00      -0.0482314854655
 1250.00      -0.0605270305346
 1300.00      -0.0729365937969
 1350.00      -0.0854557889343
 1400.00      -0.0980805546464
 1450.00      -0.1108071198131
 1500.00      -0.1236319734642
 1550.00      -0.1365518387556
 1600.00      -0.1495636503040
 1650.00      -0.1626645343567
 1700.00      -0.1758517913651
 1750.00      -0.1891228806100
 1800.00      -0.2024754065837
 1850.00      -0.2159071068864
 1900.00      -0.2294158414311
 1950.00      -0.2429995827852
 2000.00      -0.2566564075029
 2050.00      -0.2703844883246
 2100.00      -0.2841820871379
 2150.00      -0.2980475486085
 2200.00      -0.3119792944041
 2250.00      -0.3259758179432
 2300.00      -0.3400356796116
 2350.00      -0.3541575023936
 2400.00      -0.3683399678761
 2450.00      -0.3825818125854
 2500.00      -0.3968818246233
 2550.00      -0.4112388405719
 2600.00      -0.4256517426416
 2650.00      -0.4401194560386
 2700.00      -0.4546409465303
 2750.00      -0.4692152181924
 2800.00      -0.4838413113187
 2850.00      -0.4985183004807
 2900.00      -0.5132452927235
 2950.00      -0.5280214258858
 3000.00      -0.5428458670341
 3050.00      -0.5577178110009
 3100.00      -0.5726364790197
 3150.00      -0.5876011174466
 3200.00      -0.6026109965646
 3250.00      -0.6176654094614
 3300.00      -0.6327636709773
 3350.00      -0.6479051167159
 3400.00      -0.6630891021145
 3450.00      -0.6783150015694
 3500.00      -0.6935822076108
 3550.00      -0.7088901301264
 3600.00      -0.7242381956273
 3650.00      -0.7396258465555
 3700.00      -0.7550525406295
 3750.00      -0.7705177502243
 3800.00      -0.7860209617859
 3850.00      -0.8015616752751
 3900.00      -0.8171394036413
 3950.00      -0.8327536723230
 4000.00      -0.8484040187732
 4050.00      -0.8640899920089
 4100.00      -0.8798111521832
 4150.00      -0.8955670701772
 4200.00      -0.9113573272129
 4250.00      -0.9271815144832
 4300.00      -0.9430392328004
 4350.00      -0.9589300922607
 4400.00      -0.9748537119237
 4450.00      -0.9908097195070
 4500.00      -1.0067977510943
 4550.00      -1.0228174508568
 4600.00      -1.0388684707861
 4650.00      -1.0549504704394
 4700.00      -1.0710631166956
 4750.00      -1.0872060835213
 4800.00      -1.1033790517474
 4850.00      -1.1195817088539
 4900.00      -1.1358137487650
 4950.00      -1.1520748716515
 5000.00      -1.1683647837413
# V= 147.5188000000000
    0.00       0.2188490559677
   50.00       0.2172977807846
  100.00       0.2129821710630
  150.00       0.2072178728708
  200.00       0.2004960010401
  250.00       0.1930583665687
  300.00       0.1850490423036
  350.00       0.1765637312296
  400.00       0.1676706505058
  450.00       0.1584208961635
  500.00       0.1488541748433
  550.00       0.1390022323965
  600.00       0.1288910311140
  650.00       0.1185421989924
  700.00       0.1079740319272
  750.00       0.0972022089364
  800.00       0.0862403162989
  850.00       0.0751002404419
  900.00       0.0637924682505
  950.00       0.0523263205571
 1000.00       0.0407101364181
 1050.00       0.0289514204980
 1100.00       0.0170569623543
 1150.00       0.0050329340159
 1200.00      -0.0071150294218
 1250.00      -0.0193817626428
 1300.00      -0.0317625137095
 1350.00      -0.0442528963425
 1400.00      -0.0568488492743
 1450.00      -0.0695466014135
 1500.00      -0.0823426418146
 1550.00      -0.0952336936550
 1600.00      -0.1082166915704
 1650.00      -0.1212887618243
 1700.00      -0.1344472048831
 1750.00      -0.1476894800404
 1800.00      -0.1610131918000
 1850.00      -0.1744160777724
 1900.00      -0.1878959978798
 1950.00      -0.2014509246977
 2000.00      -0.2150789347878
 2050.00      -0.2287782008973
 2100.00      -0.2425469849198
 2150.00      -0.2563836315263
 2200.00      -0.2702865623897
 2250.00      -0.2842542709331
 2300.00      -0.2982853175463
 2350.00      -0.3123783252174
 2400.00      -0.3265319755368
 2450.00      -0.3407450050342
 2500.00      -0.3550162018140
 2550.00      -0.3693444024613
 2600.00      -0.3837284891889
 2650.00      -0.3981673872052
 2700.00      -0.4126600622799
 2750.00      -0.4272055184907
 2800.00      -0.4418027961331
 2850.00      -0.4564509697804
 2900.00      -0.4711491464793
 2950.00      -0.4858964640700
 3000.00      -0.5006920896203
 3050.00      -0.5155352179642
 3100.00      -0.5304250703361
 3150.00      -0.5453608930936
 3200.00      -0.5603419565204
 3250.00      -0.5753675537056
 3300.00      -0.5904369994900
 3350.00      -0.6055496294784
 3400.00      -0.6207047991088
 3450.00      -0.6359018827784
 3500.00      -0.6511402730180
 3550.00      -0.6664193797161
 3600.00      -0.6817386293844
 3650.00      -0.6970974644655
 3700.00      -0.7124953426786
 3750.00      -0.7279317363992
 3800.00      -0.7434061320737
 3850.00      -0.7589180296636
 3900.00      -0.7744669421187
 3950.00      -0.7900523948778
 4000.00      -0.8056739253945
 4050.00      -0.8213310826863
 4100.00      -0.8370234269064
 4150.00      -0.8527505289366
 4200.00      -0.8685119699989
 4250.00      -0.8843073412868
 4300.00      -0.9001362436128
 4350.00      -0.9159982870735
 4400.00      -0.9318930907286
 4450.00      -0.9478202822962
 4500.00      -0.9637794978602
 4550.00      -0.9797703815919
 4600.00      -0.9957925854833
 4650.00      -1.0118457690918
 4700.00      -1.0279295992965
 4750.00      -1.0440437500643
 4800.00      -1.0601879022261
 4850.00      -1.0763617432623
 4900.00      -1.0925649670973
 4950.00      -1.1087972739018
 5000.00      -1.1250583699042
# V= 146.1016000000000
    0.00       0.2588840846868
   50.00       0.2573488470862
  100.00       0.2530597951237
  150.00       0.2473228878685
  200.00       0.2406286244576
  250.00       0.2332186863525
  300.00       0.2252371026250
  350.00       0.2167795573876
  400.00       0.2079142583334
  450.00       0.1986922962248
  500.00       0.1891533745374
  550.00       0.1793292371066
  600.00       0.1692458448785
  650.00       0.1589248249185
  700.00       0.1483844724563
  750.00       0.1376404660221
  800.00       0.1267063915285
  850.00       0.1155941351225
  900.00       0.1043141834716
  950.00       0.0928758572359
 1000.00       0.0812874953345
 1050.00       0.0695566023203
 1100.00       0.0576899676596
 1150.00       0.0456937633061
 1200.00       0.0335736242925
 1250.00       0.0213347158818
 1300.00       0.0089817899673
 1350.00      -0.0034807672097
 1400.00      -0.0160488944144
 1450.00      -0.0287188205832
 1500.00      -0.0414870347952
 1550.00      -0.0543502602489
 1600.00      -0.0673054315985
 1650.00      -0.0803496751239
 1700.00      -0.0934802913057
 1750.00      -0.1066947394504
 1800.00      -0.1199906240731
 1850.00      -0.1333656827943
 1900.00      -0.1468177755453
 1950.00      -0.1603448749098
 2000.00      -0.1739450574566
 2050.00      -0.1876164959396
 2100.00      -0.2013574522583
 2150.00      -0.2151662710893
 2200.00      -0.2290413741101
 2250.00      -0.2429812547484
 2300.00      -0.2569844733982
 2350.00      -0.2710496530512
 2400.00      -0.2851754753013
 2450.00      -0.2993606766812
 2500.00      -0.3136040452984
 2550.00      -0.3279044177406
 2600.00      -0.3422606762230
 2650.00      -0.3566717459562
 2700.00      -0.3711365927123
 2750.00      -0.3856542205706
 2800.00      -0.4002236698287
 2850.00      -0.4148440150615
 2900.00      -0.4295143633171
 2950.00      -0.4442338524374
 3000.00      -0.4590016494914
 3050.00      -0.4738169493145
 3100.00      -0.4886789731423
 3150.00      -0.5035869673333
 3200.00      -0.5185402021725
 3250.00      -0.5335379707498
 3300.00      -0.5485795879071
 3350.00      -0.5636643892499
 3400.00      -0.5787917302173
 3450.00      -0.5939609852068
 3500.00      -0.6091715467504
 3550.00      -0.6244228247370
 3600.00      -0.6397142456789
 3650.00      -0.6550452520196
 3700.00      -0.6704153014786
 3750.00      -0.6858238664321
 3800.00      -0.7012704333270
 3850.00      -0.7167545021252
 3900.00      -0.7322755857771
 3950.00      -0.7478332097219
 4000.00      -0.7634269114136
 4050.00      -0.7790562398700
 4100.00      -0.7947207552449
 4150.00      -0.8104200284202
 4200.00      -0.8261536406185
 4250.00      -0.8419211830334
 4300.00      -0.8577222564780
 4350.00      -0.8735564710488
 4400.00      -0.8894234458062
 4450.00      -0.9053228084683
 4500.00      -0.9212541951193
 4550.00      -0.9372172499309
 4600.00      -0.9532116248951
 4650.00      -0.9692369795697
 4700.00      -0.9852929808340
 4750.00      -1.0013793026551
 4800.00      -1.0174956258640
 4850.00      -1.0336416379414
 4900.00      -1.0498170328118
 4950.00      -1.0660215106463
 5000.00      -1.0822547776731
