# V (a.u.^3)  Helmholtz Free Energy (Ry.)
# T= 0.000000 K
  60.6676     -0.201661771
  59.8578     -0.170787472
  59.1155     -0.139430866
  58.3732     -0.108574721
  57.6308     -0.077989745
  56.9560     -0.047387329
  56.3487     -0.016829129
  55.6738      0.013490281
  55.0665      0.043686731
  54.5266      0.073767304
  53.9867      0.103614163
  53.4469      0.133417776
  52.9070      0.163107133
# T= 50.000000 K
  60.6676     -0.202894907
  59.8578     -0.172006211
  59.1155     -0.140635507
  58.3732     -0.109766057
  57.6308     -0.079168635
  56.9560     -0.048554512
  56.3487     -0.017985361
  55.6738      0.012338672
  55.0665      0.042538609
  54.5266      0.072628053
  53.9867      0.102483315
  53.4469      0.132295107
  52.9070      0.161992449
# T= 100.000000 K
  60.6676     -0.206083644
  59.8578     -0.175171854
  59.1155     -0.143778439
  58.3732     -0.112887442
  57.6308     -0.082269707
  56.9560     -0.051636305
  56.3487     -0.021048940
  55.6738      0.009284727
  55.0665      0.039493248
  54.5266      0.069597975
  53.9867      0.099467826
  53.4469      0.129293865
  52.9070      0.159005153
# T= 150.000000 K
  60.6676     -0.210246016
  59.8578     -0.179310546
  59.1155     -0.147893830
  58.3732     -0.116980713
  57.6308     -0.086342102
  56.9560     -0.055688867
  56.3487     -0.025082742
  55.6738      0.005261045
  55.0665      0.035478695
  54.5266      0.065599226
  53.9867      0.095484180
  53.4469      0.125324975
  52.9070      0.155050713
# T= 200.000000 K
  60.6676     -0.215048811
  59.8578     -0.184089511
  59.1155     -0.152649342
  58.3732     -0.121713956
  57.6308     -0.091054325
  56.9560     -0.060381113
  56.3487     -0.029756088
  55.6738      0.000597946
  55.0665      0.030824867
  54.5266      0.060961337
  53.9867      0.090861526
  53.4469      0.120717211
  52.9070      0.150457530
# T= 250.000000 K
  60.6676     -0.220329606
  59.8578     -0.189346416
  59.1155     -0.157882732
  58.3732     -0.126925018
  57.6308     -0.096244308
  56.9560     -0.065551062
  56.3487     -0.034907079
  55.6738     -0.004542747
  55.0665      0.025693502
  54.5266      0.055845967
  53.9867      0.085761445
  53.4469      0.115632071
  52.9070      0.145387025
# T= 300.000000 K
  60.6676     -0.225991943
  59.8578     -0.194984831
  59.1155     -0.163497601
  58.3732     -0.132517529
  57.6308     -0.101815711
  56.9560     -0.071102402
  56.3487     -0.040439433
  55.6738     -0.010064777
  55.0665      0.020180828
  54.5266      0.050349315
  53.9867      0.080280110
  53.4469      0.110165704
  52.9070      0.139935319
# T= 350.000000 K
  60.6676     -0.231971841
  59.8578     -0.200940790
  59.1155     -0.169429998
  58.3732     -0.138427550
  57.6308     -0.107704607
  56.9560     -0.076971218
  56.3487     -0.046289247
  55.6738     -0.015904252
  55.0665      0.014350726
  54.5266      0.044535250
  53.9867      0.074481377
  53.4469      0.104381955
  52.9070      0.134166247
# T= 400.000000 K
  60.6676     -0.238223734
  59.8578     -0.207168733
  59.1155     -0.175634367
  58.3732     -0.144609533
  57.6308     -0.113865455
  56.9560     -0.083111975
  56.3487     -0.052410991
  55.6738     -0.022015650
  55.0665      0.008248712
  54.5266      0.038449283
  53.9867      0.068410751
  53.4469      0.098326323
  52.9070      0.128125301
# T= 450.000000 K
  60.6676     -0.244713509
  59.8578     -0.213634551
  59.1155     -0.182076604
  58.3732     -0.151029376
  57.6308     -0.120264155
  56.9560     -0.089490579
  56.3487     -0.058770575
  55.6738     -0.028364880
  55.0665      0.001908872
  54.5266      0.032125497
  53.9867      0.062102313
  53.4469      0.092032885
  52.9070      0.121846555
# T= 500.000000 K
  60.6676     -0.251414664
  59.8578     -0.220311744
  59.1155     -0.188730211
  58.3732     -0.157660585
  57.6308     -0.126874216
  56.9560     -0.096080538
  56.3487     -0.065341510
  55.6738     -0.034925457
  55.0665     -0.004642310
  54.5266      0.025590374
  53.9867      0.055582542
  53.4469      0.085528119
  52.9070      0.115356485
# T= 550.000000 K
  60.6676     -0.258306018
  59.8578     -0.227179131
  59.1155     -0.195574008
  58.3732     -0.164481980
  57.6308     -0.133674461
  56.9560     -0.102860677
  56.3487     -0.072102621
  55.6738     -0.041676207
  55.0665     -0.011383662
  54.5266      0.018865084
  53.9867      0.048872608
  53.4469      0.078833192
  52.9070      0.108676259
# T= 600.000000 K
  60.6676     -0.265370248
  59.8578     -0.234219393
  59.1155     -0.202590677
  58.3732     -0.171476244
  57.6308     -0.140647571
  56.9560     -0.109813679
  56.3487     -0.079036593
  55.6738     -0.048599816
  55.0665     -0.018297869
  54.5266      0.011966941
  53.9867      0.041989823
  53.4469      0.071965418
  52.9070      0.101823186
# T= 650.000000 K
  60.6676     -0.272592929
  59.8578     -0.241418103
  59.1155     -0.209765792
  58.3732     -0.178628952
  57.6308     -0.147779123
  56.9560     -0.116925121
  56.3487     -0.086129002
  55.6738     -0.055681860
  55.0665     -0.025370510
  54.5266      0.004910366
  53.9867      0.034948608
  53.4469      0.064939215
  52.9070      0.094811688
# T= 700.000000 K
  60.6676     -0.279961856
  59.8578     -0.248763057
  59.1155     -0.217087149
  58.3732     -0.185927901
  57.6308     -0.155056915
  56.9560     -0.124182801
  56.3487     -0.093367648
  55.6738     -0.062910139
  55.0665     -0.032589384
  54.5266     -0.002292441
  53.9867      0.027761163
  53.4469      0.057766784
  52.9070      0.087653962
# T= 750.000000 K
  60.6676     -0.287466571
  59.8578     -0.256243799
  59.1155     -0.224544293
  58.3732     -0.193362635
  57.6308     -0.162470490
  56.9560     -0.131576263
  56.3487     -0.100742075
  55.6738     -0.070274198
  55.0665     -0.039944038
  54.5266     -0.009631025
  53.9867      0.020437942
  53.4469      0.050458577
  52.9070      0.080360463
# T= 800.000000 K
  60.6676     -0.295098015
  59.8578     -0.263851267
  59.1155     -0.232128163
  58.3732     -0.200924093
  57.6308     -0.170010789
  56.9560     -0.139096448
  56.3487     -0.108243223
  55.6738     -0.077764978
  55.0665     -0.047425410
  54.5266     -0.017096328
  53.9867      0.012988003
  53.4469      0.043023654
  52.9070      0.072940247
# T= 850.000000 K
  60.6676     -0.302848260
  59.8578     -0.271577536
  59.1155     -0.239830832
  58.3732     -0.208604351
  57.6308     -0.177669886
  56.9560     -0.146735429
  56.3487     -0.115863168
  55.6738     -0.085374553
  55.0665     -0.055025577
  54.5266     -0.024680424
  53.9867      0.005419271
  53.4469      0.035469938
  52.9070      0.065401241
# T= 900.000000 K
  60.6676     -0.310710313
  59.8578     -0.279415612
  59.1155     -0.247645307
  58.3732     -0.216396413
  57.6308     -0.185440787
  56.9560     -0.154486215
  56.3487     -0.123594916
  55.6738     -0.093095931
  55.0665     -0.062737547
  54.5266     -0.032376322
  53.9867     -0.002261262
  53.4469      0.027804423
  52.9070      0.057750435
# T= 950.000000 K
  60.6676     -0.318677958
  59.8578     -0.287359280
  59.1155     -0.255565373
  58.3732     -0.224294066
  57.6308     -0.193317278
  56.9560     -0.162342590
  56.3487     -0.131432252
  55.6738     -0.100922897
  55.0665     -0.070555103
  54.5266     -0.040177807
  53.9867     -0.010047381
  53.4469      0.020033322
  52.9070      0.049994044
# T= 1000.000000 K
  60.6676     -0.326745634
  59.8578     -0.295402979
  59.1155     -0.263585470
  58.3732     -0.232291750
  57.6308     -0.201293799
  56.9560     -0.170298994
  56.3487     -0.139369617
  55.6738     -0.108849891
  55.0665     -0.078472687
  54.5266     -0.048079319
  53.9867     -0.017933526
  53.4469      0.012162195
  52.9070      0.042137627
# T= 1050.000000 K
  60.6676     -0.334908338
  59.8578     -0.303541705
  59.1155     -0.271700594
  58.3732     -0.240384459
  57.6308     -0.209365345
  56.9560     -0.178350423
  56.3487     -0.147402007
  55.6738     -0.116871910
  55.0665     -0.086485296
  54.5266     -0.056075854
  53.9867     -0.025914695
  53.4469      0.004196045
  52.9070      0.034186188
# T= 1100.000000 K
  60.6676     -0.343161543
  59.8578     -0.311770931
  59.1155     -0.279906217
  58.3732     -0.248567667
  57.6308     -0.217527390
  56.9560     -0.186492351
  56.3487     -0.155524894
  55.6738     -0.124984426
  55.0665     -0.094588401
  54.5266     -0.064162886
  53.9867     -0.033986360
  53.4469     -0.003860601
  52.9070      0.026144252
# T= 1150.000000 K
  60.6676     -0.351501132
  59.8578     -0.320086541
  59.1155     -0.288198224
  58.3732     -0.256837259
  57.6308     -0.225775819
  56.9560     -0.194720661
  56.3487     -0.163734165
  55.6738     -0.133183324
  55.0665     -0.102777889
  54.5266     -0.072336300
  53.9867     -0.042144407
  53.4469     -0.012003629
  52.9070      0.018015936
# T= 1200.000000 K
  60.6676     -0.359923349
  59.8578     -0.328484779
  59.1155     -0.296572858
  58.3732     -0.265189478
  57.6308     -0.234106874
  56.9560     -0.203031598
  56.3487     -0.172026061
  55.6738     -0.141464849
  55.0665     -0.111050002
  54.5266     -0.080592339
  53.9867     -0.050385078
  53.4469     -0.020229281
  52.9070      0.009804996
# T= 1250.000000 K
  60.6676     -0.368424749
  59.8578     -0.336962199
  59.1155     -0.305026675
  58.3732     -0.273620880
  57.6308     -0.242517111
  56.9560     -0.211421717
  56.3487     -0.180397140
  55.6738     -0.149825555
  55.0665     -0.119401296
  54.5266     -0.088927560
  53.9867     -0.058704931
  53.4469     -0.028534114
  52.9070      0.001514875
# T= 1300.000000 K
  60.6676     -0.377002165
  59.8578     -0.345515635
  59.1155     -0.313556507
  58.3732     -0.282128296
  57.6308     -0.251003363
  56.9560     -0.219887850
  56.3487     -0.188844232
  55.6738     -0.158262274
  55.0665     -0.127828604
  54.5266     -0.097338793
  53.9867     -0.067100796
  53.4469     -0.036914959
  52.9070     -0.006851258
# T= 1350.000000 K
  60.6676     -0.385652671
  59.8578     -0.354142161
  59.1155     -0.322159429
  58.3732     -0.290708802
  57.6308     -0.259562705
  56.9560     -0.228427073
  56.3487     -0.197364413
  55.6738     -0.166772083
  55.0665     -0.136329001
  54.5266     -0.105823115
  53.9867     -0.075569750
  53.4469     -0.045368893
  52.9070     -0.015290480
# T= 1400.000000 K
  60.6676     -0.394373560
  59.8578     -0.362839070
  59.1155     -0.330832733
  58.3732     -0.299359690
  57.6308     -0.268192428
  56.9560     -0.237036677
  56.3487     -0.205954977
  55.6738     -0.175352273
  55.0665     -0.144899779
  54.5266     -0.114377819
  53.9867     -0.084109085
  53.4469     -0.053893208
  52.9070     -0.023800082
# T= 1450.000000 K
  60.6676     -0.403162318
  59.8578     -0.371603847
  59.1155     -0.339573906
  58.3732     -0.308078447
  57.6308     -0.276890019
  56.9560     -0.245714149
  56.3487     -0.214613407
  55.6738     -0.184000330
  55.0665     -0.153538424
  54.5266     -0.123000390
  53.9867     -0.092716287
  53.4469     -0.062485389
  52.9070     -0.032377551
# T= 1500.000000 K
  60.6676     -0.412016603
  59.8578     -0.380434151
  59.1155     -0.348380606
  58.3732     -0.316862730
  57.6308     -0.285653138
  56.9560     -0.254457148
  56.3487     -0.223337365
  55.6738     -0.192713915
  55.0665     -0.162242596
  54.5266     -0.131688486
  53.9867     -0.101389015
  53.4469     -0.071143096
  52.9070     -0.041020545
# T= 1550.000000 K
  60.6676     -0.420934230
  59.8578     -0.389327799
  59.1155     -0.357250648
  58.3732     -0.325710356
  57.6308     -0.294479598
  56.9560     -0.263263489
  56.3487     -0.232124664
  55.6738     -0.201490841
  55.0665     -0.171010110
  54.5266     -0.140439925
  53.9867     -0.110125085
  53.4469     -0.079864145
  52.9070     -0.049726881
# T= 1600.000000 K
  60.6676     -0.429913157
  59.8578     -0.398282745
  59.1155     -0.366181989
  58.3732     -0.334619280
  57.6308     -0.303367357
  56.9560     -0.272131129
  56.3487     -0.240973262
  55.6738     -0.210329065
  55.0665     -0.179838921
  54.5266     -0.149252661
  53.9867     -0.118922453
  53.4469     -0.088646492
  52.9070     -0.058494515
# T= 1650.000000 K
  60.6676     -0.438951467
  59.8578     -0.407297074
  59.1155     -0.375172713
  58.3732     -0.343587588
  57.6308     -0.312314499
  56.9560     -0.281058151
  56.3487     -0.249881242
  55.6738     -0.219226672
  55.0665     -0.188727115
  54.5266     -0.158124780
  53.9867     -0.127779202
  53.4469     -0.097488221
  52.9070     -0.067321531
# T= 1700.000000 K
  60.6676     -0.448047361
  59.8578     -0.416368986
  59.1155     -0.384221020
  58.3732     -0.352613478
  57.6308     -0.321319224
  56.9560     -0.290042756
  56.3487     -0.258846805
  55.6738     -0.228181861
  55.0665     -0.197672892
  54.5266     -0.167054481
  53.9867     -0.136693534
  53.4469     -0.106387532
  52.9070     -0.076206129
# T= 1750.000000 K
  60.6676     -0.457199144
  59.8578     -0.425496788
  59.1155     -0.393325217
  58.3732     -0.361695257
  57.6308     -0.330379838
  56.9560     -0.299083250
  56.3487     -0.267868257
  55.6738     -0.237192939
  55.0665     -0.206674557
  54.5266     -0.176040071
  53.9867     -0.145663755
  53.4469     -0.115342731
  52.9070     -0.085146615
# T= 1800.000000 K
  60.6676     -0.466405219
  59.8578     -0.434678882
  59.1155     -0.402483705
  58.3732     -0.370831329
  57.6308     -0.339494744
  56.9560     -0.308178036
  56.3487     -0.276944000
  55.6738     -0.246258309
  55.0665     -0.215730514
  54.5266     -0.185079952
  53.9867     -0.154688267
  53.4469     -0.124352222
  52.9070     -0.094141392
# T= 1850.000000 K
  60.6676     -0.475664077
  59.8578     -0.443913759
  59.1155     -0.411694978
  58.3732     -0.380020184
  57.6308     -0.348662433
  56.9560     -0.317325605
  56.3487     -0.286072527
  55.6738     -0.255376462
  55.0665     -0.224839254
  54.5266     -0.194172617
  53.9867     -0.163765562
  53.4469     -0.133414496
  52.9070     -0.103188952
# T= 1900.000000 K
  60.6676     -0.484974293
  59.8578     -0.453199994
  59.1155     -0.420957607
  58.3732     -0.389260396
  57.6308     -0.357881479
  56.9560     -0.326524531
  56.3487     -0.295252411
  55.6738     -0.264545972
  55.0665     -0.233999350
  54.5266     -0.203316638
  53.9867     -0.172894213
  53.4469     -0.142528126
  52.9070     -0.112287869
# T= 1950.000000 K
  60.6676     -0.494334515
  59.8578     -0.462536234
  59.1155     -0.430270241
  58.3732     -0.398550613
  57.6308     -0.367150530
  56.9560     -0.335773462
  56.3487     -0.304482300
  55.6738     -0.273765487
  55.0665     -0.243209452
  54.5266     -0.212510663
  53.9867     -0.182072870
  53.4469     -0.151691761
  52.9070     -0.121436791
# T= 2000.000000 K
  60.6676     -0.503743459
  59.8578     -0.471921197
  59.1155     -0.439631599
  58.3732     -0.407889553
  57.6308     -0.376468304
  56.9560     -0.345071116
  56.3487     -0.313760911
  55.6738     -0.283033724
  55.0665     -0.252468276
  54.5266     -0.221753412
  53.9867     -0.191300249
  53.4469     -0.160904118
  52.9070     -0.130634434
# T= 2050.000000 K
  60.6676     -0.513199909
  59.8578     -0.481353665
  59.1155     -0.449040461
  58.3732     -0.417275998
  57.6308     -0.385833583
  56.9560     -0.354416274
  56.3487     -0.323087027
  55.6738     -0.292349466
  55.0665     -0.261774604
  54.5266     -0.231043664
  53.9867     -0.200575132
  53.4469     -0.170163979
  52.9070     -0.139879582
# T= 2100.000000 K
  60.6676     -0.522702704
  59.8578     -0.490832479
  59.1155     -0.458495669
  58.3732     -0.426708788
  57.6308     -0.395245207
  56.9560     -0.363807778
  56.3487     -0.332459489
  55.6738     -0.301711553
  55.0665     -0.271127278
  54.5266     -0.240380263
  53.9867     -0.209896360
  53.4469     -0.179470186
  52.9070     -0.149171076
# T= 2150.000000 K
  60.6676     -0.532250742
  59.8578     -0.500356535
  59.1155     -0.467996119
  58.3732     -0.436186821
  57.6308     -0.404702074
  56.9560     -0.373244525
  56.3487     -0.341877192
  55.6738     -0.311118883
  55.0665     -0.280525194
  54.5266     -0.249762103
  53.9867     -0.219262831
  53.4469     -0.188821635
  52.9070     -0.158507811
# T= 2200.000000 K
  60.6676     -0.541842970
  59.8578     -0.509924781
  59.1155     -0.477540759
  58.3732     -0.445709044
  57.6308     -0.414203131
  56.9560     -0.382725461
  56.3487     -0.351339086
  55.6738     -0.320570402
  55.0665     -0.289967300
  54.5266     -0.259188133
  53.9867     -0.228673491
  53.4469     -0.198217274
  52.9070     -0.167888736
# T= 2250.000000 K
  60.6676     -0.551478383
  59.8578     -0.519536213
  59.1155     -0.487128586
  58.3732     -0.455274452
  57.6308     -0.423747373
  56.9560     -0.392249583
  56.3487     -0.360844165
  55.6738     -0.330065107
  55.0665     -0.299452592
  54.5266     -0.268657348
  53.9867     -0.238127337
  53.4469     -0.207656098
  52.9070     -0.177312846
# T= 2300.000000 K
  60.6676     -0.561156023
  59.8578     -0.529189871
  59.1155     -0.496758637
  58.3732     -0.464882087
  57.6308     -0.433333841
  56.9560     -0.401815930
  56.3487     -0.370391470
  55.6738     -0.339602037
  55.0665     -0.308980109
  54.5266     -0.278168789
  53.9867     -0.247623408
  53.4469     -0.217137147
  52.9070     -0.186779181
# T= 2350.000000 K
  60.6676     -0.570874970
  59.8578     -0.538884836
  59.1155     -0.506429997
  58.3732     -0.474531029
  57.6308     -0.442961617
  56.9560     -0.411423585
  56.3487     -0.379980083
  55.6738     -0.349180276
  55.0665     -0.318548933
  54.5266     -0.287721537
  53.9867     -0.257160786
  53.4469     -0.226659504
  52.9070     -0.196286824
# T= 2400.000000 K
  60.6676     -0.580634347
  59.8578     -0.548620231
  59.1155     -0.516141786
  58.3732     -0.484220400
  57.6308     -0.452629822
  56.9560     -0.421071669
  56.3487     -0.389609124
  55.6738     -0.358798942
  55.0665     -0.328158187
  54.5266     -0.297314715
  53.9867     -0.266738594
  53.4469     -0.236222290
  52.9070     -0.205834896
# T= 2450.000000 K
  60.6676     -0.590433310
  59.8578     -0.558395212
  59.1155     -0.525893161
  58.3732     -0.493949357
  57.6308     -0.462337613
  56.9560     -0.430759340
  56.3487     -0.399277751
  55.6738     -0.368457196
  55.0665     -0.337807026
  54.5266     -0.306947478
  53.9867     -0.276355987
  53.4469     -0.245824661
  52.9070     -0.215422554
# T= 2500.000000 K
  60.6676     -0.600271052
  59.8578     -0.568208972
  59.1155     -0.535683315
  58.3732     -0.503717093
  57.6308     -0.472084182
  56.9560     -0.440485789
  56.3487     -0.408985157
  55.6738     -0.378154227
  55.0665     -0.347494644
  54.5266     -0.316619020
  53.9867     -0.286012159
  53.4469     -0.255465811
  52.9070     -0.225048990
# T= 2550.000000 K
  60.6676     -0.610146796
  59.8578     -0.578060735
  59.1155     -0.545511471
  58.3732     -0.513522832
  57.6308     -0.481868755
  56.9560     -0.450250240
  56.3487     -0.418730566
  55.6738     -0.387889262
  55.0665     -0.357220265
  54.5266     -0.326328564
  53.9867     -0.295706334
  53.4469     -0.265144964
  52.9070     -0.234713429
# T= 2600.000000 K
  60.6676     -0.620059799
  59.8578     -0.587949755
  59.1155     -0.555376886
  58.3732     -0.523365828
  57.6308     -0.491690585
  56.9560     -0.460051950
  56.3487     -0.428513233
  55.6738     -0.397661554
  55.0665     -0.366983143
  54.5266     -0.336075367
  53.9867     -0.305437766
  53.4469     -0.274861374
  52.9070     -0.244415125
# T= 2650.000000 K
  60.6676     -0.630009342
  59.8578     -0.597875317
  59.1155     -0.565278841
  58.3732     -0.533245366
  57.6308     -0.501548956
  56.9560     -0.469890200
  56.3487     -0.438332441
  55.6738     -0.407470387
  55.0665     -0.376782563
  54.5266     -0.345858710
  53.9867     -0.315205739
  53.4469     -0.284614326
  52.9070     -0.254153362
# T= 2700.000000 K
  60.6676     -0.639994738
  59.8578     -0.607836730
  59.1155     -0.575216649
  58.3732     -0.543160755
  57.6308     -0.511443179
  56.9560     -0.479764303
  56.3487     -0.448187500
  55.6738     -0.417315072
  55.0665     -0.386617833
  54.5266     -0.355677904
  53.9867     -0.325009564
  53.4469     -0.294403128
  52.9070     -0.263927451
# T= 2750.000000 K
  60.6676     -0.650015321
  59.8578     -0.617833331
  59.1155     -0.585189644
  58.3732     -0.553111333
  57.6308     -0.521372590
  56.9560     -0.489673592
  56.3487     -0.458077747
  55.6738     -0.427194944
  55.0665     -0.396488292
  54.5266     -0.365532287
  53.9867     -0.334848576
  53.4469     -0.304227119
  52.9070     -0.273736727
# T= 2800.000000 K
  60.6676     -0.660070452
  59.8578     -0.627864480
  59.1155     -0.595197186
  58.3732     -0.563096458
  57.6308     -0.531336548
  56.9560     -0.499617430
  56.3487     -0.468002541
  55.6738     -0.437109364
  55.0665     -0.406393298
  54.5266     -0.375421216
  53.9867     -0.344722136
  53.4469     -0.314085656
  52.9070     -0.283580551
# T= 2850.000000 K
  60.6676     -0.670159514
  59.8578     -0.637929560
  59.1155     -0.605238660
  58.3732     -0.573115513
  57.6308     -0.541334437
  56.9560     -0.509595198
  56.3487     -0.477961267
  55.6738     -0.447057715
  55.0665     -0.416332235
  54.5266     -0.385344077
  53.9867     -0.354629626
  53.4469     -0.323978125
  52.9070     -0.293458305
# T= 2900.000000 K
  60.6676     -0.680281912
  59.8578     -0.648027976
  59.1155     -0.615313470
  58.3732     -0.583167905
  57.6308     -0.551365662
  56.9560     -0.519606302
  56.3487     -0.487953328
  55.6738     -0.457039402
  55.0665     -0.426304508
  54.5266     -0.395300273
  53.9867     -0.364570453
  53.4469     -0.333903929
  52.9070     -0.303369395
# T= 2950.000000 K
  60.6676     -0.690437070
  59.8578     -0.658159153
  59.1155     -0.625421040
  58.3732     -0.593253057
  57.6308     -0.561429648
  56.9560     -0.529650167
  56.3487     -0.497978150
  55.6738     -0.467053849
  55.0665     -0.436309541
  54.5266     -0.405289230
  53.9867     -0.374544039
  53.4469     -0.343862494
  52.9070     -0.313313246
# T= 3000.000000 K
  60.6676     -0.700624435
  59.8578     -0.668322535
  59.1155     -0.635560816
  58.3732     -0.603370415
  57.6308     -0.571525839
  56.9560     -0.539726238
  56.3487     -0.508035177
  55.6738     -0.477100501
  55.0665     -0.446346780
  54.5266     -0.415310393
  53.9867     -0.384549832
  53.4469     -0.353853264
  52.9070     -0.323289302
# T= 3050.000000 K
  60.6676     -0.710843468
  59.8578     -0.678517585
  59.1155     -0.645732260
  58.3732     -0.613519441
  57.6308     -0.581653699
  56.9560     -0.549833977
  56.3487     -0.518123873
  55.6738     -0.487178823
  55.0665     -0.456415687
  54.5266     -0.425363224
  53.9867     -0.394587292
  53.4469     -0.363875703
  52.9070     -0.333297026
# T= 3100.000000 K
  60.6676     -0.721093650
  59.8578     -0.688743786
  59.1155     -0.655934854
  58.3732     -0.623699617
  57.6308     -0.591812708
  56.9560     -0.559972865
  56.3487     -0.528243718
  55.6738     -0.497288293
  55.0665     -0.466515744
  54.5266     -0.435447204
  53.9867     -0.404655903
  53.4469     -0.373929291
  52.9070     -0.343335900
# T= 3150.000000 K
  60.6676     -0.731374480
  59.8578     -0.699000633
  59.1155     -0.666168095
  58.3732     -0.633910441
  57.6308     -0.602002365
  56.9560     -0.570142401
  56.3487     -0.538394211
  55.6738     -0.507428411
  55.0665     -0.476646448
  54.5266     -0.445561832
  53.9867     -0.414755160
  53.4469     -0.384013526
  52.9070     -0.353405421
# T= 3200.000000 K
  60.6676     -0.741685470
  59.8578     -0.709287641
  59.1155     -0.676431497
  58.3732     -0.644151424
  57.6308     -0.612222182
  56.9560     -0.580342097
  56.3487     -0.548574864
  55.6738     -0.517598690
  55.0665     -0.486807312
  54.5266     -0.455706620
  53.9867     -0.424884578
  53.4469     -0.394127922
  52.9070     -0.363505103
# T= 3250.000000 K
  60.6676     -0.752026150
  59.8578     -0.719604339
  59.1155     -0.686724588
  58.3732     -0.654422097
  57.6308     -0.622471688
  56.9560     -0.590571482
  56.3487     -0.558785206
  55.6738     -0.527798657
  55.0665     -0.496997866
  54.5266     -0.465881097
  53.9867     -0.435043685
  53.4469     -0.404272007
  52.9070     -0.373634474
# T= 3300.000000 K
  60.6676     -0.762396062
  59.8578     -0.729950269
  59.1155     -0.697046912
  58.3732     -0.664722003
  57.6308     -0.632750427
  56.9560     -0.600830100
  56.3487     -0.569024781
  55.6738     -0.538027857
  55.0665     -0.507217652
  54.5266     -0.476084807
  53.9867     -0.445232024
  53.4469     -0.414445324
  52.9070     -0.383793077
# T= 3350.000000 K
  60.6676     -0.772794764
  59.8578     -0.740324989
  59.1155     -0.707398026
  58.3732     -0.675050698
  57.6308     -0.643057956
  56.9560     -0.611117508
  56.3487     -0.579293145
  55.6738     -0.548285847
  55.0665     -0.517466228
  54.5266     -0.486317306
  53.9867     -0.455449153
  53.4469     -0.424647431
  52.9070     -0.393980469
# T= 3400.000000 K
  60.6676     -0.783221826
  59.8578     -0.750728069
  59.1155     -0.717777499
  58.3732     -0.685407754
  57.6308     -0.653393844
  56.9560     -0.621433275
  56.3487     -0.589589870
  55.6738     -0.558572197
  55.0665     -0.527743163
  54.5266     -0.496578165
  53.9867     -0.465694642
  53.4469     -0.434877898
  52.9070     -0.404196222
# T= 3450.000000 K
  60.6676     -0.793676831
  59.8578     -0.761159091
  59.1155     -0.728184915
  58.3732     -0.695792752
  57.6308     -0.663757676
  56.9560     -0.631776986
  56.3487     -0.599914537
  55.6738     -0.568886489
  55.0665     -0.538048042
  54.5266     -0.506866967
  53.9867     -0.475968074
  53.4469     -0.445136307
  52.9070     -0.414439917
# T= 3500.000000 K
  60.6676     -0.804159374
  59.8578     -0.771617651
  59.1155     -0.738619869
  58.3732     -0.706205287
  57.6308     -0.674149045
  56.9560     -0.642148234
  56.3487     -0.610266742
  55.6738     -0.579228319
  55.0665     -0.548380458
  54.5266     -0.517183306
  53.9867     -0.486269043
  53.4469     -0.455422255
  52.9070     -0.424711150
# T= 3550.000000 K
  60.6676     -0.814669061
  59.8578     -0.782103356
  59.1155     -0.749081967
  58.3732     -0.716644968
  57.6308     -0.684567558
  56.9560     -0.652546626
  56.3487     -0.620646091
  55.6738     -0.589597294
  55.0665     -0.558740018
  54.5266     -0.527526790
  53.9867     -0.496597157
  53.4469     -0.465735346
  52.9070     -0.435009527
# T= 3600.000000 K
  60.6676     -0.825205510
  59.8578     -0.792615823
  59.1155     -0.759570828
  58.3732     -0.727111410
  57.6308     -0.695012834
  56.9560     -0.662971781
  56.3487     -0.631052203
  55.6738     -0.599993031
  55.0665     -0.569126341
  54.5266     -0.537897037
  53.9867     -0.506952033
  53.4469     -0.476075200
  52.9070     -0.445334667
# T= 3650.000000 K
  60.6676     -0.835768350
  59.8578     -0.803154681
  59.1155     -0.770086079
  58.3732     -0.737604243
  57.6308     -0.705484500
  56.9560     -0.673423326
  56.3487     -0.641484704
  55.6738     -0.610415158
  55.0665     -0.579539054
  54.5266     -0.548293673
  53.9867     -0.517333299
  53.4469     -0.486441444
  52.9070     -0.455686196
# T= 3700.000000 K
  60.6676     -0.846357218
  59.8578     -0.813719567
  59.1155     -0.780627359
  58.3732     -0.748123105
  57.6308     -0.715982195
  56.9560     -0.683900900
  56.3487     -0.651943235
  55.6738     -0.620863314
  55.0665     -0.589977796
  54.5266     -0.558716338
  53.9867     -0.527740594
  53.4469     -0.496833716
  52.9070     -0.466063755
# T= 3750.000000 K
  60.6676     -0.856971764
  59.8578     -0.824310130
  59.1155     -0.791194316
  58.3732     -0.758667643
  57.6308     -0.726505567
  56.9560     -0.694404151
  56.3487     -0.662427443
  55.6738     -0.631337147
  55.0665     -0.600442215
  54.5266     -0.569164681
  53.9867     -0.538173566
  53.4469     -0.507251666
  52.9070     -0.476466990
# T= 3800.000000 K
  60.6676     -0.867611645
  59.8578     -0.834926029
  59.1155     -0.801786607
  58.3732     -0.769237517
  57.6308     -0.737054274
  56.9560     -0.704932737
  56.3487     -0.672936985
  55.6738     -0.641836314
  55.0665     -0.610931968
  54.5266     -0.579638357
  53.9867     -0.548631873
  53.4469     -0.517694951
  52.9070     -0.486895560
# T= 3850.000000 K
  60.6676     -0.878276527
  59.8578     -0.845566928
  59.1155     -0.812403901
  58.3732     -0.779832392
  57.6308     -0.747627982
  56.9560     -0.715486324
  56.3487     -0.683471529
  55.6738     -0.652360483
  55.0665     -0.621446723
  54.5266     -0.590137036
  53.9867     -0.559115181
  53.4469     -0.528163236
  52.9070     -0.497349132
# T= 3900.000000 K
  60.6676     -0.888966085
  59.8578     -0.856232505
  59.1155     -0.823045870
  58.3732     -0.790451944
  57.6308     -0.758226367
  56.9560     -0.726064587
  56.3487     -0.694030750
  55.6738     -0.662909329
  55.0665     -0.631986155
  54.5266     -0.600660391
  53.9867     -0.569623165
  53.4469     -0.538656199
  52.9070     -0.507827380
# T= 3950.000000 K
  60.6676     -0.899680004
  59.8578     -0.866922441
  59.1155     -0.833712200
  58.3732     -0.801095855
  57.6308     -0.768849112
  56.9560     -0.736667211
  56.3487     -0.704614330
  55.6738     -0.673482535
  55.0665     -0.642549946
  54.5266     -0.611208106
  53.9867     -0.580155510
  53.4469     -0.549173521
  52.9070     -0.518329988
# T= 4000.000000 K
  60.6676     -0.910417975
  59.8578     -0.877636430
  59.1155     -0.844402583
  58.3732     -0.811763819
  57.6308     -0.779495909
  56.9560     -0.747293887
  56.3487     -0.715221963
  55.6738     -0.684079793
  55.0665     -0.653137790
  54.5266     -0.621779873
  53.9867     -0.590711907
  53.4469     -0.559714896
  52.9070     -0.528856648
# T= 4050.000000 K
  60.6676     -0.921179697
  59.8578     -0.888374169
  59.1155     -0.855116716
  58.3732     -0.822455534
  57.6308     -0.790166457
  56.9560     -0.757944314
  56.3487     -0.725853347
  55.6738     -0.694700802
  55.0665     -0.663749385
  54.5266     -0.632375391
  53.9867     -0.601292055
  53.4469     -0.570280022
  52.9070     -0.539407059
# T= 4100.000000 K
  60.6676     -0.931964878
  59.8578     -0.899135367
  59.1155     -0.865854307
  58.3732     -0.833170707
  57.6308     -0.800860463
  56.9560     -0.768618200
  56.3487     -0.736508189
  55.6738     -0.705345269
  55.0665     -0.674384438
  54.5266     -0.642994368
  53.9867     -0.611895661
  53.4469     -0.580868605
  52.9070     -0.549980929
# T= 4150.000000 K
  60.6676     -0.942773230
  59.8578     -0.909919737
  59.1155     -0.876615071
  58.3732     -0.843909053
  57.6308     -0.811577642
  56.9560     -0.779315257
  56.3487     -0.747186203
  55.6738     -0.716012908
  55.0665     -0.685042663
  54.5266     -0.653636516
  53.9867     -0.622522439
  53.4469     -0.591480361
  52.9070     -0.560577970
# T= 4200.000000 K
  60.6676     -0.953604475
  59.8578     -0.920727000
  59.1155     -0.887398727
  58.3732     -0.854670290
  57.6308     -0.822317713
  56.9560     -0.790035207
  56.3487     -0.757887109
  55.6738     -0.726703439
  55.0665     -0.695723780
  54.5266     -0.664301557
  53.9867     -0.633172110
  53.4469     -0.602115009
  52.9070     -0.571197904
# T= 4250.000000 K
  60.6676     -0.964458340
  59.8578     -0.931556883
  59.1155     -0.898205003
  58.3732     -0.865454148
  57.6308     -0.833080404
  56.9560     -0.800777777
  56.3487     -0.768610636
  55.6738     -0.737416591
  55.0665     -0.706427518
  54.5266     -0.674989218
  53.9867     -0.643844400
  53.4469     -0.612772278
  52.9070     -0.581840458
# T= 4300.000000 K
  60.6676     -0.975334559
  59.8578     -0.942409120
  59.1155     -0.909033633
  58.3732     -0.876260361
  57.6308     -0.843865449
  56.9560     -0.811542701
  56.3487     -0.779356517
  55.6738     -0.748152097
  55.0665     -0.717153610
  54.5266     -0.685699233
  53.9867     -0.654539045
  53.4469     -0.623451900
  52.9070     -0.592505366
# T= 4350.000000 K
  60.6676     -0.986232873
  59.8578     -0.953283451
  59.1155     -0.919884358
  58.3732     -0.887088667
  57.6308     -0.854672589
  56.9560     -0.822329719
  56.3487     -0.790124492
  55.6738     -0.758909698
  55.0665     -0.727901796
  54.5266     -0.696431343
  53.9867     -0.665255784
  53.4469     -0.634153617
  52.9070     -0.603192369
# T= 4400.000000 K
  60.6676     -0.997153027
  59.8578     -0.964179622
  59.1155     -0.930756923
  58.3732     -0.897938814
  57.6308     -0.865501568
  56.9560     -0.833138578
  56.3487     -0.800914307
  55.6738     -0.769689138
  55.0665     -0.738671822
  54.5266     -0.707185292
  53.9867     -0.675994363
  53.4469     -0.644877174
  52.9070     -0.613901211
# T= 4450.000000 K
  60.6676     -1.008094773
  59.8578     -0.975097386
  59.1155     -0.941651080
  58.3732     -0.908810552
  57.6308     -0.876352140
  56.9560     -0.843969028
  56.3487     -0.811725714
  55.6738     -0.780490170
  55.0665     -0.749463440
  54.5266     -0.717960834
  53.9867     -0.686754535
  53.4469     -0.655622323
  52.9070     -0.624631645
# T= 4500.000000 K
  60.6676     -1.019057868
  59.8578     -0.986036498
  59.1155     -0.952566586
  58.3732     -0.919703640
  57.6308     -0.887224061
  56.9560     -0.854820828
  56.3487     -0.822558471
  55.6738     -0.791312552
  55.0665     -0.760276408
  54.5266     -0.728757725
  53.9867     -0.697536055
  53.4469     -0.666388821
  52.9070     -0.635383429
# T= 4550.000000 K
  60.6676     -1.030042075
  59.8578     -0.996996723
  59.1155     -0.963503204
  58.3732     -0.930617840
  57.6308     -0.898117094
  56.9560     -0.865693740
  56.3487     -0.833412340
  55.6738     -0.802156046
  55.0665     -0.771110487
  54.5266     -0.739575728
  53.9867     -0.708338688
  53.4469     -0.677176431
  52.9070     -0.646156325
# T= 4600.000000 K
  60.6676     -1.041047163
  59.8578     -1.007977829
  59.1155     -0.974460703
  58.3732     -0.941552921
  57.6308     -0.909031008
  56.9560     -0.876587533
  56.3487     -0.844287089
  55.6738     -0.813020420
  55.0665     -0.781965447
  54.5266     -0.750414611
  53.9867     -0.719162201
  53.4469     -0.687984922
  52.9070     -0.656950101
# T= 4650.000000 K
  60.6676     -1.052072904
  59.8578     -1.018979587
  59.1155     -0.985438855
  58.3732     -0.952508654
  57.6308     -0.919965574
  56.9560     -0.887501978
  56.3487     -0.855182491
  55.6738     -0.823905447
  55.0665     -0.792841060
  54.5266     -0.761274147
  53.9867     -0.730006366
  53.4469     -0.698814065
  52.9070     -0.667764530
# T= 4700.000000 K
  60.6676     -1.063119076
  59.8578     -1.030001776
  59.1155     -0.996437438
  58.3732     -0.963484819
  57.6308     -0.930920572
  56.9560     -0.898436855
  56.3487     -0.866098324
  55.6738     -0.834810905
  55.0665     -0.803737104
  54.5266     -0.772154115
  53.9867     -0.740870964
  53.4469     -0.709663640
  52.9070     -0.678599391
# T= 4750.000000 K
  60.6676     -1.074185461
  59.8578     -1.041044180
  59.1155     -1.007456234
  58.3732     -0.974481197
  57.6308     -0.941895784
  56.9560     -0.909391945
  56.3487     -0.877034371
  55.6738     -0.845736577
  55.0665     -0.814653362
  54.5266     -0.783054296
  53.9867     -0.751755774
  53.4469     -0.720533428
  52.9070     -0.689454465
# T= 4800.000000 K
  60.6676     -1.085271848
  59.8578     -1.052106584
  59.1155     -1.018495032
  58.3732     -0.985497576
  57.6308     -0.952890996
  56.9560     -0.920367036
  56.3487     -0.887990419
  55.6738     -0.856682251
  55.0665     -0.825589621
  54.5266     -0.793974478
  53.9867     -0.762660586
  53.4469     -0.731423218
  52.9070     -0.700329539
# T= 4850.000000 K
  60.6676     -1.096378027
  59.8578     -1.063188781
  59.1155     -1.029553622
  58.3732     -0.996533748
  57.6308     -0.963906001
  56.9560     -0.931361920
  56.3487     -0.898966260
  55.6738     -0.867647716
  55.0665     -0.836545672
  54.5266     -0.804914453
  53.9867     -0.773585190
  53.4469     -0.742332800
  52.9070     -0.711224407
# T= 4900.000000 K
  60.6676     -1.107503795
  59.8578     -1.074290566
  59.1155     -1.040631801
  58.3732     -1.007589509
  57.6308     -0.974940595
  56.9560     -0.942376393
  56.3487     -0.909961689
  55.6738     -0.878632770
  55.0665     -0.847521312
  54.5266     -0.815874016
  53.9867     -0.784529383
  53.4469     -0.753261970
  52.9070     -0.722138863
# T= 4950.000000 K
  60.6676     -1.118648952
  59.8578     -1.085411741
  59.1155     -1.051729369
  58.3732     -1.018664658
  57.6308     -0.985994577
  56.9560     -0.953410254
  56.3487     -0.920976507
  55.6738     -0.889637213
  55.0665     -0.858516341
  54.5266     -0.826852968
  53.9867     -0.795492965
  53.4469     -0.764210530
  52.9070     -0.733072708
# T= 5000.000000 K
  60.6676     -1.129813302
  59.8578     -1.096552108
  59.1155     -1.062846129
  58.3732     -1.029759001
  57.6308     -0.997067752
  56.9560     -0.964463308
  56.3487     -0.932010517
  55.6738     -0.900660849
  55.0665     -0.869530563
  54.5266     -0.837851113
  53.9867     -0.806475739
  53.4469     -0.775178282
  52.9070     -0.744025746
