# T (K)               Helmholtz Free Energy (Ry.)
# V=  60.6676000000000
    0.00      -0.2016617714343
   50.00      -0.2028949067369
  100.00      -0.2060836438555
  150.00      -0.2102460155159
  200.00      -0.2150488109383
  250.00      -0.2203296064413
  300.00      -0.2259919427783
  350.00      -0.2319718409659
  400.00      -0.2382237341338
  450.00      -0.2447135088559
  500.00      -0.2514146643581
  550.00      -0.2583060178348
  600.00      -0.2653702484800
  650.00      -0.2725929288930
  700.00      -0.2799618555668
  750.00      -0.2874665712423
  800.00      -0.2950980149636
  850.00      -0.3028482598170
  900.00      -0.3107103125002
  950.00      -0.3186779575095
 1000.00      -0.3267456341812
 1050.00      -0.3349083383588
 1100.00      -0.3431615428138
 1150.00      -0.3515011321522
 1200.00      -0.3599233490533
 1250.00      -0.3684247494774
 1300.00      -0.3770021650461
 1350.00      -0.3856526712153
 1400.00      -0.3943735601666
 1450.00      -0.4031623175746
 1500.00      -0.4120166025794
 1550.00      -0.4209342304328
 1600.00      -0.4299131573835
 1650.00      -0.4389514674537
 1700.00      -0.4480473608182
 1750.00      -0.4571991435524
 1800.00      -0.4664052185521
 1850.00      -0.4756640774619
 1900.00      -0.4849742934779
 1950.00      -0.4943345149070
 2000.00      -0.5037434593879
 2050.00      -0.5131999086896
 2100.00      -0.5227027040180
 2150.00      -0.5322507417693
 2200.00      -0.5418429696786
 2250.00      -0.5514783833190
 2300.00      -0.5611560229114
 2350.00      -0.5708749704123
 2400.00      -0.5806343468495
 2450.00      -0.5904333098793
 2500.00      -0.6002710515438
 2550.00      -0.6101467962077
 2600.00      -0.6200597986559
 2650.00      -0.6300093423389
 2700.00      -0.6399947377499
 2750.00      -0.6500153209218
 2800.00      -0.6600704520343
 2850.00      -0.6701595141202
 2900.00      -0.6802819118620
 2950.00      -0.6904370704727
 3000.00      -0.7006244346508
 3050.00      -0.7108434676069
 3100.00      -0.7210936501524
 3150.00      -0.7313744798482
 3200.00      -0.7416854702067
 3250.00      -0.7520261499444
 3300.00      -0.7623960622797
 3350.00      -0.7727947642739
 3400.00      -0.7832218262114
 3450.00      -0.7936768310158
 3500.00      -0.8041593737009
 3550.00      -0.8146690608522
 3600.00      -0.8252055101380
 3650.00      -0.8357683498475
 3700.00      -0.8463572184542
 3750.00      -0.8569717642034
 3800.00      -0.8676116447209
 3850.00      -0.8782765266429
 3900.00      -0.8889660852646
 3950.00      -0.8996800042078
 4000.00      -0.9104179751038
 4050.00      -0.9211796972938
 4100.00      -0.9319648775429
 4150.00      -0.9427732297688
 4200.00      -0.9536044747826
 4250.00      -0.9644583400435
 4300.00      -0.9753345594235
 4350.00      -0.9862328729838
 4400.00      -0.9971530267616
 4450.00      -1.0080947725662
 4500.00      -1.0190578677843
 4550.00      -1.0300420751943
 4600.00      -1.0410471627885
 4650.00      -1.0520729036029
 4700.00      -1.0631190755547
 4750.00      -1.0741854612864
 4800.00      -1.0852718480167
 4850.00      -1.0963780273972
 4900.00      -1.1075037953757
 4950.00      -1.1186489520642
 5000.00      -1.1298133016133
# V=  59.8578000000000
    0.00      -0.1707874715968
   50.00      -0.1720062112735
  100.00      -0.1751718542063
  150.00      -0.1793105463271
  200.00      -0.1840895114420
  250.00      -0.1893464158802
  300.00      -0.1949848306806
  350.00      -0.2009407898919
  400.00      -0.2071687331738
  450.00      -0.2136345507327
  500.00      -0.2203117439756
  550.00      -0.2271791314859
  600.00      -0.2342193933840
  650.00      -0.2414181029104
  700.00      -0.2487630570165
  750.00      -0.2562437987794
  800.00      -0.2638512674954
  850.00      -0.2715775364434
  900.00      -0.2794156124712
  950.00      -0.2873592801936
 1000.00      -0.2954029790416
 1050.00      -0.3035417049354
 1100.00      -0.3117709307092
 1150.00      -0.3200865410208
 1200.00      -0.3284847785929
 1250.00      -0.3369621994220
 1300.00      -0.3455156351603
 1350.00      -0.3541421612899
 1400.00      -0.3628390700150
 1450.00      -0.3716038470293
 1500.00      -0.3804341514898
 1550.00      -0.3893277986628
 1600.00      -0.3982827448098
 1650.00      -0.4072970739642
 1700.00      -0.4163689863107
 1750.00      -0.4254967879336
 1800.00      -0.4346788817363
 1850.00      -0.4439137593704
 1900.00      -0.4531999940383
 1950.00      -0.4625362340524
 2000.00      -0.4719211970564
 2050.00      -0.4813536648239
 2100.00      -0.4908324785649
 2150.00      -0.5003565346793
 2200.00      -0.5099247809056
 2250.00      -0.5195362128200
 2300.00      -0.5291898706460
 2350.00      -0.5388848363430
 2400.00      -0.5486202309409
 2450.00      -0.5583952120983
 2500.00      -0.5682089718594
 2550.00      -0.5780607345904
 2600.00      -0.5879497550782
 2650.00      -0.5978753167748
 2700.00      -0.6078367301747
 2750.00      -0.6178333313123
 2800.00      -0.6278644803685
 2850.00      -0.6379295603772
 2900.00      -0.6480279760222
 2950.00      -0.6581591525171
 3000.00      -0.6683225345618
 3050.00      -0.6785175853675
 3100.00      -0.6887437857465
 3150.00      -0.6990006332605
 3200.00      -0.7092876414225
 3250.00      -0.7196043389498
 3300.00      -0.7299502690614
 3350.00      -0.7403249888193
 3400.00      -0.7507280685082
 3450.00      -0.7611590910524
 3500.00      -0.7716176514663
 3550.00      -0.7821033563357
 3600.00      -0.7926158233294
 3650.00      -0.8031546807369
 3700.00      -0.8137195670324
 3750.00      -0.8243101304614
 3800.00      -0.8349260286500
 3850.00      -0.8455669282348
 3900.00      -0.8562325045114
 3950.00      -0.8669224411016
 4000.00      -0.8776364296374
 4050.00      -0.8883741694601
 4100.00      -0.8991353673350
 4150.00      -0.9099197371800
 4200.00      -0.9207269998067
 4250.00      -0.9315568826743
 4300.00      -0.9424091196550
 4350.00      -0.9532834508104
 4400.00      -0.9641796221778
 4450.00      -0.9750973855665
 4500.00      -0.9860364983637
 4550.00      -0.9969967233477
 4600.00      -1.0079778285112
 4650.00      -1.0189795868901
 4700.00      -1.0300017764020
 4750.00      -1.0410441796894
 4800.00      -1.0521065839712
 4850.00      -1.0631887808990
 4900.00      -1.0742905664209
 4950.00      -1.0854117406490
 5000.00      -1.0965521077338
# V=  59.1155000000000
    0.00      -0.1394308657475
   50.00      -0.1406355074412
  100.00      -0.1437784386802
  150.00      -0.1478938295833
  200.00      -0.1526493415093
  250.00      -0.1578827315030
  300.00      -0.1634976011346
  350.00      -0.1694299975922
  400.00      -0.1756343671196
  450.00      -0.1820766035857
  500.00      -0.1887302105972
  550.00      -0.1955740081378
  600.00      -0.2025906772621
  650.00      -0.2097657918574
  700.00      -0.2170871493373
  750.00      -0.2245442931177
  800.00      -0.2321281627492
  850.00      -0.2398308317052
  900.00      -0.2476453069848
  950.00      -0.2555653733222
 1000.00      -0.2635854702438
 1050.00      -0.2717005937472
 1100.00      -0.2799062167300
 1150.00      -0.2881982239023
 1200.00      -0.2965728580302
 1250.00      -0.3050266751467
 1300.00      -0.3135565069353
 1350.00      -0.3221594289043
 1400.00      -0.3308327332805
 1450.00      -0.3395739057770
 1500.00      -0.3483806055678
 1550.00      -0.3572506479340
 1600.00      -0.3661819891500
 1650.00      -0.3751727132602
 1700.00      -0.3842210204596
 1750.00      -0.3933252168411
 1800.00      -0.4024837053161
 1850.00      -0.4116949775433
 1900.00      -0.4209576067312
 1950.00      -0.4302702411978
 2000.00      -0.4396315985920
 2050.00      -0.4490404606919
 2100.00      -0.4584956687117
 2150.00      -0.4679961190550
 2200.00      -0.4775407594637
 2250.00      -0.4871285855170
 2300.00      -0.4967586374415
 2350.00      -0.5064299971989
 2400.00      -0.5161417858217
 2450.00      -0.5258931609706
 2500.00      -0.5356833146918
 2550.00      -0.5455114713534
 2600.00      -0.5553768857439
 2650.00      -0.5652788413169
 2700.00      -0.5752166485686
 2750.00      -0.5851896435344
 2800.00      -0.5951971863967
 2850.00      -0.6052386601905
 2900.00      -0.6153134696007
 2950.00      -0.6254210398420
 3000.00      -0.6355608156150
 3050.00      -0.6457322601320
 3100.00      -0.6559348542061
 3150.00      -0.6661680953996
 3200.00      -0.6764314972265
 3250.00      -0.6867245884046
 3300.00      -0.6970469121537
 3350.00      -0.7073980255361
 3400.00      -0.7177774988374
 3450.00      -0.7281849149824
 3500.00      -0.7386198689857
 3550.00      -0.7490819674339
 3600.00      -0.7595708279961
 3650.00      -0.7700860789623
 3700.00      -0.7806273588070
 3750.00      -0.7911943157761
 3800.00      -0.8017866074962
 3850.00      -0.8124039006040
 3900.00      -0.8230458703956
 3950.00      -0.8337122004932
 4000.00      -0.8444025825288
 4050.00      -0.8551167158442
 4100.00      -0.8658543072049
 4150.00      -0.8766150705291
 4200.00      -0.8873987266285
 4250.00      -0.8982050029626
 4300.00      -0.9090336334040
 4350.00      -0.9198843580142
 4400.00      -0.9307569228308
 4450.00      -0.9416510796635
 4500.00      -0.9525665858993
 4550.00      -0.9635032043171
 4600.00      -0.9744607029094
 4650.00      -0.9854388547125
 4700.00      -0.9964374376440
 4750.00      -1.0074562343466
 4800.00      -1.0184950320393
 4850.00      -1.0295536223740
 4900.00      -1.0406318012987
 4950.00      -1.0517293689257
 5000.00      -1.0628461294058
# V=  58.3732000000000
    0.00      -0.1085747210940
   50.00      -0.1097660568063
  100.00      -0.1128874421511
  150.00      -0.1169807126514
  200.00      -0.1217139559448
  250.00      -0.1269250175452
  300.00      -0.1325175288062
  350.00      -0.1384275497348
  400.00      -0.1446095329990
  450.00      -0.1510293760415
  500.00      -0.1576605846151
  550.00      -0.1644819800701
  600.00      -0.1714762443723
  650.00      -0.1786289520404
  700.00      -0.1859279009390
  750.00      -0.1933626348146
  800.00      -0.2009240934660
  850.00      -0.2086043505563
  900.00      -0.2163964132322
  950.00      -0.2242940663444
 1000.00      -0.2322917495126
 1050.00      -0.2403844588099
 1100.00      -0.2485676671955
 1150.00      -0.2568372594306
 1200.00      -0.2651894783238
 1250.00      -0.2736208799439
 1300.00      -0.2821282960045
 1350.00      -0.2907088020397
 1400.00      -0.2993596902984
 1450.00      -0.3080784465126
 1500.00      -0.3168627298730
 1550.00      -0.3257103556748
 1600.00      -0.3346192802050
 1650.00      -0.3435875875192
 1700.00      -0.3526134778221
 1750.00      -0.3616952572152
 1800.00      -0.3708313286174
 1850.00      -0.3800201836945
 1900.00      -0.3892603956609
 1950.00      -0.3985506128403
 2000.00      -0.4078895528865
 2050.00      -0.4172759975819
 2100.00      -0.4267087881448
 2150.00      -0.4361868209825
 2200.00      -0.4457090438403
 2250.00      -0.4552744523003
 2300.00      -0.4648820865920
 2350.00      -0.4745310286795
 2400.00      -0.4842203995977
 2450.00      -0.4939493570094
 2500.00      -0.5037170929627
 2550.00      -0.5135228318275
 2600.00      -0.5233658283942
 2650.00      -0.5332453661178
 2700.00      -0.5431607554957
 2750.00      -0.5531113325650
 2800.00      -0.5630964575091
 2850.00      -0.5731155133642
 2900.00      -0.5831679048163
 2950.00      -0.5932530570810
 3000.00      -0.6033704148599
 3050.00      -0.6135194413662
 3100.00      -0.6236996174136
 3150.00      -0.6339104405654
 3200.00      -0.6441514243363
 3250.00      -0.6544220974447
 3300.00      -0.6647220031108
 3350.00      -0.6750506983979
 3400.00      -0.6854077535919
 3450.00      -0.6957927516181
 3500.00      -0.7062052874918
 3550.00      -0.7166449677999
 3600.00      -0.7271114102119
 3650.00      -0.7376042430184
 3700.00      -0.7481231046941
 3750.00      -0.7586676434853
 3800.00      -0.7692375170191
 3850.00      -0.7798323919324
 3900.00      -0.7904519435216
 3950.00      -0.8010958554093
 4000.00      -0.8117638192277
 4050.00      -0.8224555343189
 4100.00      -0.8331707074487
 4150.00      -0.8439090525355
 4200.00      -0.8546702903912
 4250.00      -0.8654541484757
 4300.00      -0.8762603606615
 4350.00      -0.8870886670106
 4400.00      -0.8979388135606
 4450.00      -0.9088105521215
 4500.00      -0.9197036400804
 4550.00      -0.9306178402164
 4600.00      -0.9415529205222
 4650.00      -0.9525086540342
 4700.00      -0.9634848186701
 4750.00      -0.9744811970729
 4800.00      -0.9854975764616
 4850.00      -0.9965337484882
 4900.00      -1.0075895091010
 4950.00      -1.0186646584123
 5000.00      -1.0297590005729
# V=  57.6308000000000
    0.00      -0.0779897451047
   50.00      -0.0791686352364
  100.00      -0.0822697071699
  150.00      -0.0863421024200
  200.00      -0.0910543253674
  250.00      -0.0962443081108
  300.00      -0.1018157111613
  350.00      -0.1077046070773
  400.00      -0.1138654548171
  450.00      -0.1202641553230
  500.00      -0.1268742164493
  550.00      -0.1336744608846
  600.00      -0.1406475714874
  650.00      -0.1477791233942
  700.00      -0.1550569149114
  750.00      -0.1624704901095
  800.00      -0.1700107890301
  850.00      -0.1776698855223
  900.00      -0.1854407868772
  950.00      -0.1933172780597
 1000.00      -0.2012937987808
 1050.00      -0.2093653451875
 1100.00      -0.2175273902995
 1150.00      -0.2257758189280
 1200.00      -0.2341068739231
 1250.00      -0.2425171113888
 1300.00      -0.2510033630681
 1350.00      -0.2595627045203
 1400.00      -0.2681924280160
 1450.00      -0.2768900193059
 1500.00      -0.2856531375967
 1550.00      -0.2944795981978
 1600.00      -0.3033673574084
 1650.00      -0.3123144992949
 1700.00      -0.3213192240715
 1750.00      -0.3303798378483
 1800.00      -0.3394947435518
 1850.00      -0.3486624328541
 1900.00      -0.3578814789760
 1950.00      -0.3671505302463
 2000.00      -0.3764683043238
 2050.00      -0.3858335829952
 2100.00      -0.3952452074828
 2150.00      -0.4047020741975
 2200.00      -0.4142031308877
 2250.00      -0.4237473731387
 2300.00      -0.4333338411825
 2350.00      -0.4429616169859
 2400.00      -0.4526298215858
 2450.00      -0.4623376126473
 2500.00      -0.4720841822204
 2550.00      -0.4818687546768
 2600.00      -0.4916905848083
 2650.00      -0.5015489560716
 2700.00      -0.5114431789656
 2750.00      -0.5213725895285
 2800.00      -0.5313365479449
 2850.00      -0.5413344372523
 2900.00      -0.5513656621375
 2950.00      -0.5614296478173
 3000.00      -0.5715258389942
 3050.00      -0.5816536988819
 3100.00      -0.5918127082954
 3150.00      -0.6020023647984
 3200.00      -0.6122221819064
 3250.00      -0.6224716883384
 3300.00      -0.6327504273154
 3350.00      -0.6430579559010
 3400.00      -0.6533938443818
 3450.00      -0.6637576756836
 3500.00      -0.6741490448221
 3550.00      -0.6845675583848
 3600.00      -0.6950128340415
 3650.00      -0.7054845000833
 3700.00      -0.7159821949852
 3750.00      -0.7265055669940
 3800.00      -0.7370542737370
 3850.00      -0.7476279818515
 3900.00      -0.7582263666342
 3950.00      -0.7688491117079
 4000.00      -0.7794959087052
 4050.00      -0.7901664569685
 4100.00      -0.8008604632637
 4150.00      -0.8115776415095
 4200.00      -0.8223177125181
 4250.00      -0.8330804037495
 4300.00      -0.8438654490765
 4350.00      -0.8546725885613
 4400.00      -0.8655015682417
 4450.00      -0.8763521399278
 4500.00      -0.8872240610069
 4550.00      -0.8981170942583
 4600.00      -0.9090310076748
 4650.00      -0.9199655742930
 4700.00      -0.9309205720308
 4750.00      -0.9418957835313
 4800.00      -0.9528909960135
 4850.00      -0.9639060011297
 4900.00      -0.9749405948282
 4950.00      -0.9859945772215
 5000.00      -0.9970677524605
# V=  56.9560000000000
    0.00      -0.0473873292152
   50.00      -0.0485545115619
  100.00      -0.0516363045384
  150.00      -0.0556888666277
  200.00      -0.0603811131567
  250.00      -0.0655510616978
  300.00      -0.0711024015545
  350.00      -0.0769712176809
  400.00      -0.0831119752478
  450.00      -0.0894905786542
  500.00      -0.0960805378303
  550.00      -0.1028606767864
  600.00      -0.1098136792626
  650.00      -0.1169251210063
  700.00      -0.1241828007598
  750.00      -0.1315762629138
  800.00      -0.1390964477497
  850.00      -0.1467354293004
  900.00      -0.1544862149996
  950.00      -0.1623425899250
 1000.00      -0.1702989938778
 1050.00      -0.1783504230781
 1100.00      -0.1864923506052
 1150.00      -0.1947206613197
 1200.00      -0.2030315981130
 1250.00      -0.2114217171234
 1300.00      -0.2198878501232
 1350.00      -0.2284270726968
 1400.00      -0.2370366771360
 1450.00      -0.2457141492098
 1500.00      -0.2544571481411
 1550.00      -0.2632634892529
 1600.00      -0.2721311288568
 1650.00      -0.2810581510298
 1700.00      -0.2900427559956
 1750.00      -0.2990832498725
 1800.00      -0.3081780355944
 1850.00      -0.3173256048402
 1900.00      -0.3265245308365
 1950.00      -0.3357734619176
 2000.00      -0.3450711157467
 2050.00      -0.3544162741152
 2100.00      -0.3638077782492
 2150.00      -0.3732445245629
 2200.00      -0.3827254608083
 2250.00      -0.3922495825734
 2300.00      -0.4018159300929
 2350.00      -0.4114235853360
 2400.00      -0.4210716693421
 2450.00      -0.4307593397781
 2500.00      -0.4404857886960
 2550.00      -0.4502502404692
 2600.00      -0.4600519498912
 2650.00      -0.4698902004201
 2700.00      -0.4797643025562
 2750.00      -0.4896735923390
 2800.00      -0.4996174299545
 2850.00      -0.5095951984409
 2900.00      -0.5196063024863
 2950.00      -0.5296501673083
 3000.00      -0.5397262376104
 3050.00      -0.5498339766073
 3100.00      -0.5599728651145
 3150.00      -0.5701424006966
 3200.00      -0.5803420968696
 3250.00      -0.5905714823534
 3300.00      -0.6008301003694
 3350.00      -0.6111175079819
 3400.00      -0.6214332754780
 3450.00      -0.6317769857840
 3500.00      -0.6421482339161
 3550.00      -0.6525466264621
 3600.00      -0.6629717810925
 3650.00      -0.6734233260985
 3700.00      -0.6839008999557
 3750.00      -0.6944041509112
 3800.00      -0.7049327365926
 3850.00      -0.7154863236375
 3900.00      -0.7260645873431
 3950.00      -0.7366672113323
 4000.00      -0.7472938872380
 4050.00      -0.7579443144028
 4100.00      -0.7686181995931
 4150.00      -0.7793152567276
 4200.00      -0.7900352066188
 4250.00      -0.8007777767269
 4300.00      -0.8115427009250
 4350.00      -0.8223297192753
 4400.00      -0.8331385778160
 4450.00      -0.8439690283572
 4500.00      -0.8548208282865
 4550.00      -0.8656937403833
 4600.00      -0.8765875326406
 4650.00      -0.8875019780952
 4700.00      -0.8984368546649
 4750.00      -0.9093919449932
 4800.00      -0.9203670362991
 4850.00      -0.9313619202352
 4900.00      -0.9423763927496
 4950.00      -0.9534102539552
 5000.00      -0.9644633080029
# V=  56.3487000000000
    0.00      -0.0168291287032
   50.00      -0.0179853605589
  100.00      -0.0210489398233
  150.00      -0.0250827424934
  200.00      -0.0297560884068
  250.00      -0.0349070793661
  300.00      -0.0404394330565
  350.00      -0.0462892466527
  400.00      -0.0524109914511
  450.00      -0.0587705752587
  500.00      -0.0653415100526
  550.00      -0.0721026211465
  600.00      -0.0790365931500
  650.00      -0.0861290024123
  700.00      -0.0933676481060
  750.00      -0.1007420749373
  800.00      -0.1082432234244
  850.00      -0.1158631677811
  900.00      -0.1235949155820
  950.00      -0.1314322520159
 1000.00      -0.1393696169731
 1050.00      -0.1474020067454
 1100.00      -0.1555248944713
 1150.00      -0.1637341650600
 1200.00      -0.1720260614434
 1250.00      -0.1803971397940
 1300.00      -0.1888442319129
 1350.00      -0.1973644134090
 1400.00      -0.2059549765951
 1450.00      -0.2146134072586
 1500.00      -0.2233373646378
 1550.00      -0.2321246640696
 1600.00      -0.2409732618777
 1650.00      -0.2498812421494
 1700.00      -0.2588468051178
 1750.00      -0.2678682569094
 1800.00      -0.2769440004655
 1850.00      -0.2860725274716
 1900.00      -0.2952524111599
 1950.00      -0.3044822998700
 2000.00      -0.3137609112700
 2050.00      -0.3230870271554
 2100.00      -0.3324594887562
 2150.00      -0.3418771924901
 2200.00      -0.3513390861123
 2250.00      -0.3608441652135
 2300.00      -0.3703914700314
 2350.00      -0.3799800825374
 2400.00      -0.3896091237730
 2450.00      -0.3992777514074
 2500.00      -0.4089851574943
 2550.00      -0.4187305664089
 2600.00      -0.4285132329462
 2650.00      -0.4383324405659
 2700.00      -0.4481874997696
 2750.00      -0.4580777465981
 2800.00      -0.4680025412384
 2850.00      -0.4779612667301
 2900.00      -0.4879533277620
 2950.00      -0.4979781495530
 3000.00      -0.5080351768072
 3050.00      -0.5181238727401
 3100.00      -0.5282437181682
 3150.00      -0.5383942106566
 3200.00      -0.5485748637222
 3250.00      -0.5587852060853
 3300.00      -0.5690247809681
 3350.00      -0.5792931454354
 3400.00      -0.5895898697748
 3450.00      -0.5999145369131
 3500.00      -0.6102667418669
 3550.00      -0.6206460912247
 3600.00      -0.6310522026571
 3650.00      -0.6414847044559
 3700.00      -0.6519432350971
 3750.00      -0.6624274428280
 3800.00      -0.6729369852765
 3850.00      -0.6834715290808
 3900.00      -0.6940307495381
 3950.00      -0.7046143302717
 4000.00      -0.7152219629150
 4050.00      -0.7258533468105
 4100.00      -0.7365081887249
 4150.00      -0.7471862025774
 4200.00      -0.7578871091805
 4250.00      -0.7686106359946
 4300.00      -0.7793565168931
 4350.00      -0.7901244919385
 4400.00      -0.8009143071689
 4450.00      -0.8117257143947
 4500.00      -0.8225584710039
 4550.00      -0.8334123397757
 4600.00      -0.8442870887034
 4650.00      -0.8551824908240
 4700.00      -0.8660983240554
 4750.00      -0.8770343710412
 4800.00      -0.8879904190006
 4850.00      -0.8989662595863
 4900.00      -0.9099616887465
 4950.00      -0.9209765065942
 5000.00      -0.9320105172805
# V=  55.6738000000000
    0.00       0.0134902805117
   50.00       0.0123386720506
  100.00       0.0092847272440
  150.00       0.0052610453259
  200.00       0.0005979463987
  250.00      -0.0045427465971
  300.00      -0.0100647767321
  350.00      -0.0159042521163
  400.00      -0.0220156495293
  450.00      -0.0283648798295
  500.00      -0.0349254568269
  550.00      -0.0416762070028
  600.00      -0.0485998157453
  650.00      -0.0556818599432
  700.00      -0.0629101391548
  750.00      -0.0702741983688
  800.00      -0.0777649783158
  850.00      -0.0853745533718
  900.00      -0.0930959312377
  950.00      -0.1009228972021
 1000.00      -0.1088498912351
 1050.00      -0.1168719096931
 1100.00      -0.1249844257675
 1150.00      -0.1331833244113
 1200.00      -0.1414648485928
 1250.00      -0.1498255545151
 1300.00      -0.1582622740052
 1350.00      -0.1667720826941
 1400.00      -0.1753522729136
 1450.00      -0.1840003304673
 1500.00      -0.1927139146078
 1550.00      -0.2014908406844
 1600.00      -0.2103290650314
 1650.00      -0.2192266717457
 1700.00      -0.2281818610687
 1750.00      -0.2371929391345
 1800.00      -0.2462583088909
 1850.00      -0.2553764620292
 1900.00      -0.2645459717871
 1950.00      -0.2737654865088
 2000.00      -0.2830337238667
 2050.00      -0.2923494656601
 2100.00      -0.3017115531224
 2150.00      -0.3111188826748
 2200.00      -0.3205704020750
 2250.00      -0.3300651069166
 2300.00      -0.3396020374395
 2350.00      -0.3491802756175
 2400.00      -0.3587989424940
 2450.00      -0.3684571957399
 2500.00      -0.3781542274108
 2550.00      -0.3878892618835
 2600.00      -0.3976615539543
 2650.00      -0.4074703870844
 2700.00      -0.4173150717765
 2750.00      -0.4271949440726
 2800.00      -0.4371093641608
 2850.00      -0.4470577150816
 2900.00      -0.4570394015250
 2950.00      -0.4670538487104
 3000.00      -0.4771005013429
 3050.00      -0.4871788226389
 3100.00      -0.4972882934152
 3150.00      -0.5074284112380
 3200.00      -0.5175986896247
 3250.00      -0.5277986572960
 3300.00      -0.5380278574748
 3350.00      -0.5482858472265
 3400.00      -0.5585721968389
 3450.00      -0.5688864892396
 3500.00      -0.5792283194455
 3550.00      -0.5895972940454
 3600.00      -0.5999930307105
 3650.00      -0.6104151577327
 3700.00      -0.6208633135886
 3750.00      -0.6313371465256
 3800.00      -0.6418363141722
 3850.00      -0.6523604831666
 3900.00      -0.6629093288065
 3950.00      -0.6734825347154
 4000.00      -0.6840797925268
 4050.00      -0.6947008015837
 4100.00      -0.7053452686530
 4150.00      -0.7160129076538
 4200.00      -0.7267034393991
 4250.00      -0.7374165913496
 4300.00      -0.7481520973786
 4350.00      -0.7589096975488
 4400.00      -0.7696891378988
 4450.00      -0.7804901702389
 4500.00      -0.7913125519572
 4550.00      -0.8021560458333
 4600.00      -0.8130204198604
 4650.00      -0.8239054470757
 4700.00      -0.8348109053975
 4750.00      -0.8457365774691
 4800.00      -0.8566822505101
 4850.00      -0.8676477161732
 4900.00      -0.8786327704069
 4950.00      -0.8896372133241
 5000.00      -0.9006608490761
# V=  55.0665000000000
    0.00       0.0436867310160
   50.00       0.0425386090342
  100.00       0.0394932481183
  150.00       0.0354786951198
  200.00       0.0308248668334
  250.00       0.0256935017295
  300.00       0.0201808282304
  350.00       0.0143507259427
  400.00       0.0082487119278
  450.00       0.0019088718994
  500.00      -0.0046423100113
  550.00      -0.0113836615969
  600.00      -0.0182978691205
  650.00      -0.0253705100766
  700.00      -0.0325893844562
  750.00      -0.0399440375659
  800.00      -0.0474254103744
  850.00      -0.0550255774400
  900.00      -0.0627375466053
  950.00      -0.0705551032709
 1000.00      -0.0784726874963
 1050.00      -0.0864852957107
 1100.00      -0.0945884011646
 1150.00      -0.1027778888601
 1200.00      -0.1110500018065
 1250.00      -0.1194012962409
 1300.00      -0.1278286040197
 1350.00      -0.1363290007986
 1400.00      -0.1448997789305
 1450.00      -0.1535384242374
 1500.00      -0.1622425959876
 1550.00      -0.1710101095444
 1600.00      -0.1798389212540
 1650.00      -0.1887271152242
 1700.00      -0.1976728917056
 1750.00      -0.2066745568406
 1800.00      -0.2157305135844
 1850.00      -0.2248392536350
 1900.00      -0.2339993502358
 1950.00      -0.2432094517364
 2000.00      -0.2524682758140
 2050.00      -0.2617746042722
 2100.00      -0.2711272783483
 2150.00      -0.2805251944669
 2200.00      -0.2899673003890
 2250.00      -0.2994525917113
 2300.00      -0.3089801086760
 2350.00      -0.3185489332596
 2400.00      -0.3281581865077
 2450.00      -0.3378070260932
 2500.00      -0.3474946440737
 2550.00      -0.3572202648277
 2600.00      -0.3669831431531
 2650.00      -0.3767825625126
 2700.00      -0.3866178334102
 2750.00      -0.3964882918893
 2800.00      -0.4063932981391
 2850.00      -0.4163322352014
 2900.00      -0.4263045077669
 2950.00      -0.4363095410563
 3000.00      -0.4463467797754
 3050.00      -0.4564156871414
 3100.00      -0.4665157439721
 3150.00      -0.4766464478342
 3200.00      -0.4868073122459
 3250.00      -0.4969978659286
 3300.00      -0.5072176521057
 3350.00      -0.5174662278432
 3400.00      -0.5277431634296
 3450.00      -0.5380480417927
 3500.00      -0.5483804579501
 3550.00      -0.5587400184910
 3600.00      -0.5691263410870
 3650.00      -0.5795390540305
 3700.00      -0.5899777957983
 3750.00      -0.6004422146384
 3800.00      -0.6109319681795
 3850.00      -0.6214467230601
 3900.00      -0.6319861545782
 3950.00      -0.6425499463577
 4000.00      -0.6531377900323
 4050.00      -0.6637493849453
 4100.00      -0.6743844378638
 4150.00      -0.6850426627073
 4200.00      -0.6957237802889
 4250.00      -0.7064275180694
 4300.00      -0.7171536099225
 4350.00      -0.7279017959110
 4400.00      -0.7386718220737
 4450.00      -0.7494634402212
 4500.00      -0.7602764077416
 4550.00      -0.7711104874147
 4600.00      -0.7819654472340
 4650.00      -0.7928410602368
 4700.00      -0.8037371043414
 4750.00      -0.8146533621914
 4800.00      -0.8255896210064
 4850.00      -0.8365456724394
 4900.00      -0.8475213124388
 4950.00      -0.8585163411178
 5000.00      -0.8695305626277
# V=  54.5266000000000
    0.00       0.0737673039347
   50.00       0.0726280533003
  100.00       0.0695979748976
  150.00       0.0655992261309
  200.00       0.0609613374649
  250.00       0.0558459666468
  300.00       0.0503493148727
  350.00       0.0445352500215
  400.00       0.0384492832746
  450.00       0.0321254970740
  500.00       0.0255903735854
  550.00       0.0188650837647
  600.00       0.0119669405142
  650.00       0.0049103657609
  700.00      -0.0022924408993
  750.00      -0.0096310250759
  800.00      -0.0170963279651
  850.00      -0.0246804242989
  900.00      -0.0323763220553
  950.00      -0.0401778067416
 1000.00      -0.0480793185029
 1050.00      -0.0560758538373
 1100.00      -0.0641628860524
 1150.00      -0.0723363001966
 1200.00      -0.0805923393183
 1250.00      -0.0889275596876
 1300.00      -0.0973387931883
 1350.00      -0.1058231154998
 1400.00      -0.1143778189953
 1450.00      -0.1230003895142
 1500.00      -0.1316884863400
 1550.00      -0.1404399248491
 1600.00      -0.1492526613992
 1650.00      -0.1581247801083
 1700.00      -0.1670544812359
 1750.00      -0.1760400709324
 1800.00      -0.1850799521600
 1850.00      -0.1941726166228
 1900.00      -0.2033166375700
 1950.00      -0.2125106633564
 2000.00      -0.2217534116634
 2050.00      -0.2310436642989
 2100.00      -0.2403802625038
 2150.00      -0.2497621027062
 2200.00      -0.2591881326701
 2250.00      -0.2686573479949
 2300.00      -0.2781687889255
 2350.00      -0.2877215374406
 2400.00      -0.2973147145879
 2450.00      -0.3069474780425
 2500.00      -0.3166190198636
 2550.00      -0.3263285644313
 2600.00      -0.3360753665453
 2650.00      -0.3458587096694
 2700.00      -0.3556779043091
 2750.00      -0.3655322865091
 2800.00      -0.3754212164596
 2850.00      -0.3853440772034
 2900.00      -0.3953002734324
 2950.00      -0.4052892303679
 3000.00      -0.4153103927168
 3050.00      -0.4253632236971
 3100.00      -0.4354472041272
 3150.00      -0.4455618315746
 3200.00      -0.4557066195580
 3250.00      -0.4658810967997
 3300.00      -0.4760848065235
 3350.00      -0.4863173057959
 3400.00      -0.4965781649059
 3450.00      -0.5068669667820
 3500.00      -0.5171833064421
 3550.00      -0.5275267904758
 3600.00      -0.5378970365551
 3650.00      -0.5482936729729
 3700.00      -0.5587163382063
 3750.00      -0.5691646805036
 3800.00      -0.5796383574938
 3850.00      -0.5901370358158
 3900.00      -0.6006603907679
 3950.00      -0.6112081059742
 4000.00      -0.6217798730688
 4050.00      -0.6323753913950
 4100.00      -0.6429943677204
 4150.00      -0.6536365159645
 4200.00      -0.6643015569408
 4250.00      -0.6749892181103
 4300.00      -0.6856992333468
 4350.00      -0.6964313427134
 4400.00      -0.7071852922489
 4450.00      -0.7179608337642
 4500.00      -0.7287577246476
 4550.00      -0.7395757276790
 4600.00      -0.7504146108520
 4650.00      -0.7612741472040
 4700.00      -0.7721541146536
 4750.00      -0.7830542958445
 4800.00      -0.7939744779964
 4850.00      -0.8049144527623
 4900.00      -0.8158740160910
 4950.00      -0.8268529680955
 5000.00      -0.8378511129274
# V=  53.9867000000000
    0.00       0.1036141629563
   50.00       0.1024833148700
  100.00       0.0994678260212
  150.00       0.0954841796129
  200.00       0.0908615264942
  250.00       0.0857614450122
  300.00       0.0802801095762
  350.00       0.0744813765249
  400.00       0.0684107512536
  450.00       0.0621023129845
  500.00       0.0555825419491
  550.00       0.0488726078717
  600.00       0.0419898228329
  650.00       0.0349486081907
  700.00       0.0277611631343
  750.00       0.0204379417561
  800.00       0.0129880026362
  850.00       0.0054192708713
  900.00      -0.0022612616498
  950.00      -0.0100473805393
 1000.00      -0.0179335260264
 1050.00      -0.0259146946776
 1100.00      -0.0339863598558
 1150.00      -0.0421444066558
 1200.00      -0.0503850781641
 1250.00      -0.0587049306832
 1300.00      -0.0671007961241
 1350.00      -0.0755697501894
 1400.00      -0.0841090852723
 1450.00      -0.0927162872294
 1500.00      -0.1013890153591
 1550.00      -0.1101250850506
 1600.00      -0.1189224526731
 1650.00      -0.1277792023545
 1700.00      -0.1366935343632
 1750.00      -0.1456637548572
 1800.00      -0.1546882668058
 1850.00      -0.1637655619193
 1900.00      -0.1728942134524
 1950.00      -0.1820728697647
 2000.00      -0.1913002485422
 2050.00      -0.2005751315970
 2100.00      -0.2098963601734
 2150.00      -0.2192628307029
 2200.00      -0.2286734909525
 2250.00      -0.2381273365243
 2300.00      -0.2476234076659
 2350.00      -0.2571607863580
 2400.00      -0.2667385936507
 2450.00      -0.2763559872208
 2500.00      -0.2860121591294
 2550.00      -0.2957063337581
 2600.00      -0.3054377659083
 2650.00      -0.3152057390451
 2700.00      -0.3250095636753
 2750.00      -0.3348485758447
 2800.00      -0.3447221357449
 2850.00      -0.3546296264194
 2900.00      -0.3645704525612
 2950.00      -0.3745440393926
 3000.00      -0.3845498316213
 3050.00      -0.3945872924659
 3100.00      -0.4046559027458
 3150.00      -0.4147551600290
 3200.00      -0.4248845778350
 3250.00      -0.4350436848865
 3300.00      -0.4452320244081
 3350.00      -0.4554491534666
 3400.00      -0.4656946423518
 3450.00      -0.4759680739923
 3500.00      -0.4862690434067
 3550.00      -0.4965971571850
 3600.00      -0.5069520329996
 3650.00      -0.5173332991438
 3700.00      -0.5277405940948
 3750.00      -0.5381735661016
 3800.00      -0.5486318727933
 3850.00      -0.5591151808093
 3900.00      -0.5696231654480
 3950.00      -0.5801555103338
 4000.00      -0.5907119071010
 4050.00      -0.6012920550934
 4100.00      -0.6118956610785
 4150.00      -0.6225224389763
 4200.00      -0.6331721096004
 4250.00      -0.6438444004120
 4300.00      -0.6545390452851
 4350.00      -0.6652557842830
 4400.00      -0.6759943634447
 4450.00      -0.6867545345812
 4500.00      -0.6975360550810
 4550.00      -0.7083386877242
 4600.00      -0.7191622005044
 4650.00      -0.7300063664594
 4700.00      -0.7408709635077
 4750.00      -0.7517557742932
 4800.00      -0.7626605860358
 4850.00      -0.7735851903885
 4900.00      -0.7845293833001
 4950.00      -0.7954929648841
 5000.00      -0.8064757392919
# V=  53.4469000000000
    0.00       0.1334177762971
   50.00       0.1322951069241
  100.00       0.1292938654968
  150.00       0.1253249752652
  200.00       0.1207172105627
  250.00       0.1156320709131
  300.00       0.1101657041263
  350.00       0.1043819550807
  400.00       0.0983263234250
  450.00       0.0920328851835
  500.00       0.0855281186669
  550.00       0.0788331923760
  600.00       0.0719654175753
  650.00       0.0649392150578
  700.00       0.0577667836088
  750.00       0.0504585770243
  800.00       0.0430236536623
  850.00       0.0354699384495
  900.00       0.0278044231426
  950.00       0.0200333220248
 1000.00       0.0121621947834
 1050.00       0.0041960447843
 1100.00      -0.0038606013907
 1150.00      -0.0120036288821
 1200.00      -0.0202292808147
 1250.00      -0.0285341135227
 1300.00      -0.0369149589445
 1350.00      -0.0453688928057
 1400.00      -0.0538932075192
 1450.00      -0.0624853889587
 1500.00      -0.0711430964373
 1550.00      -0.0798641453572
 1600.00      -0.0886464920989
 1650.00      -0.0974882208001
 1700.00      -0.1063875317379
 1750.00      -0.1153427310782
 1800.00      -0.1243522217970
 1850.00      -0.1334144956110
 1900.00      -0.1425281257801
 1950.00      -0.1516917606691
 2000.00      -0.1609041179683
 2050.00      -0.1701639794936
 2100.00      -0.1794701864934
 2150.00      -0.1888216354021
 2200.00      -0.1982172739898
 2250.00      -0.2076560978614
 2300.00      -0.2171371472669
 2350.00      -0.2266595041893
 2400.00      -0.2362222896808
 2450.00      -0.2458246614201
 2500.00      -0.2554658114700
 2550.00      -0.2651449642139
 2600.00      -0.2748613744546
 2650.00      -0.2846143256585
 2700.00      -0.2944031283339
 2750.00      -0.3042271185276
 2800.00      -0.3140856564323
 2850.00      -0.3239781250927
 2900.00      -0.3339039292026
 2950.00      -0.3438624939852
 3000.00      -0.3538532641492
 3050.00      -0.3638757029138
 3100.00      -0.3739292910992
 3150.00      -0.3840135262741
 3200.00      -0.3941279219586
 3250.00      -0.4042720068760
 3300.00      -0.4144453242515
 3350.00      -0.4246474311524
 3400.00      -0.4348778978690
 3450.00      -0.4451363073305
 3500.00      -0.4554222545558
 3550.00      -0.4657353461353
 3600.00      -0.4760751997419
 3650.00      -0.4864414436691
 3700.00      -0.4968337163948
 3750.00      -0.5072516661679
 3800.00      -0.5176949506181
 3850.00      -0.5281632363850
 3900.00      -0.5386561987674
 3950.00      -0.5491735213898
 4000.00      -0.5597148958870
 4050.00      -0.5702800216027
 4100.00      -0.5808686053050
 4150.00      -0.5914803609139
 4200.00      -0.6021150092433
 4250.00      -0.6127722777544
 4300.00      -0.6234519003217
 4350.00      -0.6341536170085
 4400.00      -0.6448771738541
 4450.00      -0.6556223226695
 4500.00      -0.6663888208435
 4550.00      -0.6771764311562
 4600.00      -0.6879849216015
 4650.00      -0.6988140652173
 4700.00      -0.7096636399222
 4750.00      -0.7205334283602
 4800.00      -0.7314232177515
 4850.00      -0.7423327997490
 4900.00      -0.7532619703018
 4950.00      -0.7642105295233
 5000.00      -0.7751782815652
# V=  52.9070000000000
    0.00       0.1631071328155
   50.00       0.1619924492225
  100.00       0.1590051533975
  150.00       0.1550507133700
  200.00       0.1504575301295
  250.00       0.1453870249714
  300.00       0.1399353193010
  350.00       0.1341662466188
  400.00       0.1281253008683
  450.00       0.1218465548986
  500.00       0.1153564851129
  550.00       0.1086762587976
  600.00       0.1018231864069
  650.00       0.0948116881724
  700.00       0.0876539624787
  750.00       0.0803604628274
  800.00       0.0729402473559
  850.00       0.0654012408222
  900.00       0.0577504348517
  950.00       0.0499940436238
 1000.00       0.0421376267430
 1050.00       0.0341861875081
 1100.00       0.0261442524458
 1150.00       0.0180159363702
 1200.00       0.0098049961188
 1250.00       0.0015148753254
 1300.00      -0.0068512579751
 1350.00      -0.0152904795313
 1400.00      -0.0238000817757
 1450.00      -0.0323775505990
 1500.00      -0.0410205453289
 1550.00      -0.0497268813805
 1600.00      -0.0584945151454
 1650.00      -0.0673215307712
 1700.00      -0.0762061285436
 1750.00      -0.0851466146363
 1800.00      -0.0941413920321
 1850.00      -0.1031889524536
 1900.00      -0.1122878691664
 1950.00      -0.1214367905400
 2000.00      -0.1306344342694
 2050.00      -0.1398795821742
 2100.00      -0.1491710755065
 2150.00      -0.1585078107039
 2200.00      -0.1678887355397
 2250.00      -0.1773128456212
 2300.00      -0.1867791812009
 2350.00      -0.1962868242644
 2400.00      -0.2058348958656
 2450.00      -0.2154225536852
 2500.00      -0.2250489897878
 2550.00      -0.2347134285585
 2600.00      -0.2444151248013
 2650.00      -0.2541533619843
 2700.00      -0.2639274506169
 2750.00      -0.2737367267472
 2800.00      -0.2835805505689
 2850.00      -0.2934583051276
 2900.00      -0.3033693951184
 2950.00      -0.3133132457652
 3000.00      -0.3232893017773
 3050.00      -0.3332970263750
 3100.00      -0.3433359003791
 3150.00      -0.3534054213591
 3200.00      -0.3635051028355
 3250.00      -0.3736344735324
 3300.00      -0.3837930766754
 3350.00      -0.3939804693325
 3400.00      -0.4041962217943
 3450.00      -0.4144399169906
 3500.00      -0.4247111499408
 3550.00      -0.4350095272356
 3600.00      -0.4453346665482
 3650.00      -0.4556861961728
 3700.00      -0.4660637545873
 3750.00      -0.4764669900412
 3800.00      -0.4868955601644
 3850.00      -0.4973491315967
 3900.00      -0.5078273796373
 3950.00      -0.5183299879110
 4000.00      -0.5288566480527
 4050.00      -0.5394070594066
 4100.00      -0.5499809287408
 4150.00      -0.5605779699756
 4200.00      -0.5711979039251
 4250.00      -0.5818404580509
 4300.00      -0.5925053662273
 4350.00      -0.6031923685181
 4400.00      -0.6139012109625
 4450.00      -0.6246316453720
 4500.00      -0.6353834291353
 4550.00      -0.6461563250328
 4600.00      -0.6569501010586
 4650.00      -0.6677645302504
 4700.00      -0.6785993905273
 4750.00      -0.6894544645333
 4800.00      -0.7003295394885
 4850.00      -0.7112244070463
 4900.00      -0.7221388631557
 4950.00      -0.7330727079303
 5000.00      -0.7440257455218
