#T (K)    alpha (10^(-5) K^(-1))
#P= 0.000000 GPa
    0.0       0.0000000000000
  100.0       0.4776028310359
  200.0       1.0879437054177
  300.0       1.5509388116757
  400.0       1.8110022659127
  500.0       1.9728142122595
  600.0       2.0814322554852
  700.0       2.1621793140687
  800.0       2.2269260026301
  900.0       2.2822689467850
 1000.0       2.3318788319370
 1100.0       2.3779724045164
 1200.0       2.4219377211335
 1300.0       2.4646824760780
 1400.0       2.5068275414812
 1500.0       2.5488128356018
 1600.0       2.5909627242095
 1700.0       2.6335175639237
 1800.0       2.6766774991141
 1900.0       2.7205981715560
 2000.0       2.7654163327125
 2100.0       2.8112477425506
 2200.0       2.8581979350017
 2300.0       2.9063793584718
 2400.0       2.9558685942835
 2500.0       3.0067658860087
 2600.0       3.0591742126771
 2700.0       3.1131780073629
 2800.0       3.1688652886731
 2900.0       3.2263506751147
 3000.0       3.2857272757261
 3100.0       3.3470983566835
 3200.0       3.4105844587531
 3300.0       3.4762990211300
 3400.0       3.5443834889072
 3500.0       3.6149574956957
 3600.0       3.6881596131295
 3700.0       3.7641571146347
 3800.0       3.8431084226234
 3900.0       3.9251966942933
 4000.0       4.0106112334051
 4100.0       4.0995393551016
 4200.0       4.1922375306813
 4300.0       4.2889237845898
 4400.0       4.3898480790903
 4500.0       4.4953296834451
 4600.0       4.6056575570800
 4700.0       4.7210175304037
 4800.0       4.8414507871739
 4900.0       4.9670154042181
 5000.0       5.0978666923468
 5100.0       5.2341192598059
 5200.0       5.3756091779523
 5300.0       5.5226738758709
 5400.0       5.6754107883433
 5500.0       5.8331764523519
 5600.0       5.9972942863194
 5700.0       6.1669991641186
 5800.0       6.3421769713899
 5900.0       6.5235337054815
 6000.0       6.7094911722858

#P= 1.000000 GPa
    0.0       0.0000000000000
  100.0       0.4550193421464
  200.0       1.0450191741727
  300.0       1.4979965782796
  400.0       1.7538909125894
  500.0       1.9130342002967
  600.0       2.0196265785386
  700.0       2.0985621812486
  800.0       2.1615852137045
  900.0       2.2152221644307
 1000.0       2.2631119868652
 1100.0       2.3074512223629
 1200.0       2.3496159895503
 1300.0       2.3905047806312
 1400.0       2.4307316620461
 1500.0       2.4707302092467
 1600.0       2.5108187935330
 1700.0       2.5512340314568
 1800.0       2.5921677298495
 1900.0       2.6337742807633
 2000.0       2.6761794781283
 2100.0       2.7194986786268
 2200.0       2.7638281522673
 2300.0       2.8092718152481
 2400.0       2.8559056613784
 2500.0       2.9038158694436
 2600.0       2.9530993344950
 2700.0       3.0038345669084
 2800.0       3.0560968575616
 2900.0       3.1099908468580
 3000.0       3.1656018919577
 3100.0       3.2230190998617
 3200.0       3.2823498063423
 3300.0       3.3436953713042
 3400.0       3.4071802932207
 3500.0       3.4729091057700
 3600.0       3.5410023228216
 3700.0       3.6116080599535
 3800.0       3.6848628058074
 3900.0       3.7609256014313
 4000.0       3.8399612249289
 4100.0       3.9221295515733
 4200.0       4.0076533412792
 4300.0       4.0967172911833
 4400.0       4.1895381914166
 4500.0       4.2863816217785
 4600.0       4.3874979298964
 4700.0       4.4931882365825
 4800.0       4.6037536827412
 4900.0       4.7194106104368
 5000.0       4.8402505584606
 5100.0       4.9664928441594
 5200.0       5.0979509949153
 5300.0       5.2349147811800
 5400.0       5.3774804110368
 5500.0       5.5253392950685
 5600.0       5.6792667761940
 5700.0       5.8388100534121
 5800.0       6.0040354085557
 5900.0       6.1752893746941
 6000.0       6.3517711851133

#P= 2.000000 GPa
    0.0       0.0000000000000
  100.0       0.4333894654083
  200.0       1.0039665933042
  300.0       1.4473498856261
  400.0       1.6992463754796
  500.0       1.8558503219089
  600.0       1.9605267353708
  700.0       2.0377605827490
  800.0       2.0991682066723
  900.0       2.1512117172620
 1000.0       2.1974965092055
 1100.0       2.2402024931618
 1200.0       2.2806919981077
 1300.0       2.3198564173616
 1400.0       2.3583027517632
 1500.0       2.3964586751600
 1600.0       2.4346381870622
 1700.0       2.4730718692196
 1800.0       2.5119490633445
 1900.0       2.5514159346414
 2000.0       2.5915970321515
 2100.0       2.6325990382741
 2200.0       2.6745154067267
 2300.0       2.7174434108382
 2400.0       2.7614509787678
 2500.0       2.8066228960655
 2600.0       2.8530429324284
 2700.0       2.9007844266418
 2800.0       2.9499178787757
 2900.0       3.0005338290988
 3000.0       3.0527107626274
 3100.0       3.1065304321412
 3200.0       3.1620846425410
 3300.0       3.2194643171958
 3400.0       3.2787822736917
 3500.0       3.3401285018618
 3600.0       3.4036087235373
 3700.0       3.4693538054042
 3800.0       3.5374829931836
 3900.0       3.6081350617814
 4000.0       3.6814528496861
 4100.0       3.7575748826709
 4200.0       3.8366951464016
 4300.0       3.9189717611282
 4400.0       4.0045911900302
 4500.0       4.0937811921473
 4600.0       4.1867554037593
 4700.0       4.2837735823421
 4800.0       4.3850757128303
 4900.0       4.4909393752224
 5000.0       4.6016922052590
 5100.0       4.7177591116377
 5200.0       4.8390018922759
 5300.0       4.9656911047319
 5400.0       5.0978951412806
 5500.0       5.2355225512017
 5600.0       5.3790231058381
 5700.0       5.5281482220499
 5800.0       5.6830510454037
 5900.0       5.8438877138023
 6000.0       6.0103451117397

#P= 3.000000 GPa
    0.0       0.0000000000000
  100.0       0.4126545634408
  200.0       0.9646686868688
  300.0       1.3988549563698
  400.0       1.6469126178288
  500.0       1.8010973511413
  600.0       1.9039594983037
  700.0       1.9795912580552
  800.0       2.0394835425623
  900.0       2.0900358959719
 1000.0       2.1348218965185
 1100.0       2.1760038091549
 1200.0       2.2149329427109
 1300.0       2.2524923636171
 1400.0       2.2892830079150
 1500.0       2.3257275277866
 1600.0       2.3621348543196
 1700.0       2.3987323071268
 1800.0       2.4357033225284
 1900.0       2.4731912058263
 2000.0       2.5113153620447
 2100.0       2.5501776976308
 2200.0       2.5898684995364
 2300.0       2.6304758583747
 2400.0       2.6720687262723
 2500.0       2.7147196533608
 2600.0       2.7585108725795
 2700.0       2.8035068957173
 2800.0       2.8497708097161
 2900.0       2.8973895572739
 3000.0       2.9464277864475
 3100.0       2.9969614936602
 3200.0       3.0490755059245
 3300.0       3.1028469355184
 3400.0       3.1583765683937
 3500.0       3.2157466724300
 3600.0       3.2750484689661
 3700.0       3.3363972979588
 3800.0       3.3998986055489
 3900.0       3.4656741916848
 4000.0       3.5338487058848
 4100.0       3.6045419312193
 4200.0       3.6779241326404
 4300.0       3.7541308230972
 4400.0       3.8333236731682
 4500.0       3.9157001887959
 4600.0       4.0014419282961
 4700.0       4.0907738477095
 4800.0       4.1838969573682
 4900.0       4.2810536711874
 5000.0       4.3825055736749
 5100.0       4.4886643006817
 5200.0       4.5996265546787
 5300.0       4.7158968240027
 5400.0       4.8376005034986
 5500.0       4.9647465715418
 5600.0       5.0976317458110
 5700.0       5.2361258602820
 5800.0       5.3804058462741
 5900.0       5.5305587762129
 6000.0       5.6865340065380

#P= 4.000000 GPa
    0.0       0.0000000000000
  100.0       0.3927600546464
  200.0       0.9270177248017
  300.0       1.3523798970133
  400.0       1.5967470106369
  500.0       1.7486233094680
  600.0       1.8497658616799
  700.0       1.9238866884466
  800.0       1.9823563468553
  900.0       2.0315102473621
 1000.0       2.0748951314222
 1100.0       2.1146529435615
 1200.0       2.1521264801864
 1300.0       2.1881893590260
 1400.0       2.2234388309536
 1500.0       2.2582907912510
 1600.0       2.2930509100405
 1700.0       2.3279425605014
 1800.0       2.3631454237474
 1900.0       2.3987985179813
 2000.0       2.4350171634759
 2100.0       2.4719005738705
 2200.0       2.5095325598017
 2300.0       2.5479992781628
 2400.0       2.5873615576393
 2500.0       2.6276921980708
 2600.0       2.6690620014207
 2700.0       2.7115328876066
 2800.0       2.7551645656233
 2900.0       2.8000297401773
 3000.0       2.8461948057018
 3100.0       2.8937230384023
 3200.0       2.9426903996435
 3300.0       2.9931708483235
 3400.0       3.0452487126261
 3500.0       3.0989987443272
 3600.0       3.1545049097052
 3700.0       3.2118662095005
 3800.0       3.2711753155886
 3900.0       3.3325411933543
 4000.0       3.3960731089876
 4100.0       3.4618749304778
 4200.0       3.5300954043551
 4300.0       3.6008538324491
 4400.0       3.6742894286133
 4500.0       3.7505732412703
 4600.0       3.8298630466327
 4700.0       3.9123525772345
 4800.0       3.9982133433442
 4900.0       4.0876538299734
 5000.0       4.1808946200922
 5100.0       4.2782970557893
 5200.0       4.3799203842674
 5300.0       4.4862150255881
 5400.0       4.5974476099815
 5500.0       4.7139362227741
 5600.0       4.8360645937960
 5700.0       4.9637571385363
 5800.0       5.0971844118737
 5900.0       5.2364347905022
 6000.0       5.3815643129901

#P= 5.000000 GPa
    0.0       0.0000000000000
  100.0       0.3736564719175
  200.0       0.8909148562851
  300.0       1.3078025179306
  400.0       1.5486183470596
  500.0       1.6982891628203
  600.0       1.7977996659942
  700.0       1.8704936506167
  800.0       1.9276254822948
  900.0       1.9754670549319
 1000.0       2.0175396363706
 1100.0       2.0559652412354
 1200.0       2.0920785016346
 1300.0       2.1267451756507
 1400.0       2.1605564866153
 1500.0       2.1939248525302
 1600.0       2.2271511735058
 1700.0       2.2604565880290
 1800.0       2.2940156778512
 1900.0       2.3279648724353
 2000.0       2.3624160299445
 2100.0       2.3974643384103
 2200.0       2.4331911101522
 2300.0       2.4696754255833
 2400.0       2.5069778564781
 2500.0       2.5451642570680
 2600.0       2.5843014433990
 2700.0       2.6244466151036
 2800.0       2.6656524173874
 2900.0       2.7079899560452
 3000.0       2.7515135945082
 3100.0       2.7962858140974
 3200.0       2.8423730001586
 3300.0       2.8898388032445
 3400.0       2.9387648225377
 3500.0       2.9892133370525
 3600.0       3.0412583789763
 3700.0       3.0949925876557
 3800.0       3.1504942652927
 3900.0       3.2078595309935
 4000.0       3.2671866939017
 4100.0       3.3285666903550
 4200.0       3.3921292250208
 4300.0       3.4579783908947
 4400.0       3.5262367362936
 4500.0       3.5970527794510
 4600.0       3.6705634389192
 4700.0       3.7469366735698
 4800.0       3.8263198426172
 4900.0       3.9088928757626
 5000.0       3.9948447105995
 5100.0       4.0844888926987
 5200.0       4.1778676355783
 5300.0       4.2753704974634
 5400.0       4.3772218756521
 5500.0       4.4836787110766
 5600.0       4.5951818785456
 5700.0       4.7119588191674
 5800.0       4.8343695398577
 5900.0       4.9625461083939
 6000.0       5.0965612625125

#P= 6.000000 GPa
    0.0       0.0000000000000
  100.0       0.3552979563543
  200.0       0.8562686054746
  300.0       1.2650106131120
  400.0       1.5024059438864
  500.0       1.6499666930494
  600.0       1.7479264353727
  700.0       1.8192713491711
  800.0       1.8751432473570
  900.0       1.9217520005620
 1000.0       1.9625933855007
 1100.0       1.9997719868151
 1200.0       2.0346117476557
 1300.0       2.0679738073379
 1400.0       2.1004415462637
 1500.0       2.1324261632407
 1600.0       2.1642219418447
 1700.0       2.1960496494831
 1800.0       2.2280784743540
 1900.0       2.2604432494330
 2000.0       2.2932516897466
 2100.0       2.3265960952267
 2200.0       2.3605547194493
 2300.0       2.3952022213011
 2400.0       2.4305970272709
 2500.0       2.4668001409869
 2600.0       2.5038740084392
 2700.0       2.5418704422959
 2800.0       2.5808414886119
 2900.0       2.6208472281575
 3000.0       2.6619425359011
 3100.0       2.7041800817595
 3200.0       2.7476213106637
 3300.0       2.7923259170262
 3400.0       2.8383618749139
 3500.0       2.8857908948209
 3600.0       2.9346759274979
 3700.0       2.9850984878626
 3800.0       3.0371326234268
 3900.0       3.0908594188779
 4000.0       3.1463664551319
 4100.0       3.2037360230388
 4200.0       3.2630816642688
 4300.0       3.3244936619191
 4400.0       3.3880794611311
 4500.0       3.4539704345502
 4600.0       3.5222857037706
 4700.0       3.5931708113335
 4800.0       3.6667528481726
 4900.0       3.7431887134676
 5000.0       3.8226411459920
 5100.0       3.9053827620206
 5200.0       3.9914429860984
 5300.0       4.0811611099087
 5400.0       4.1747273351572
 5500.0       4.2723549680360
 5600.0       4.3744308299358
 5700.0       4.4811226866620
 5800.0       4.5927915075909
 5900.0       4.7098330304019
 6000.0       4.8325129792446

#P= 7.000000 GPa
    0.0       0.0000000000000
  100.0       0.3376420051733
  200.0       0.8229948984811
  300.0       1.2239005977222
  400.0       1.4579983022189
  500.0       1.6035380798838
  600.0       1.7000219896843
  700.0       1.7700902871521
  800.0       1.8247738708875
  900.0       1.8702233547072
 1000.0       1.9099081255849
 1100.0       1.9459176611237
 1200.0       1.9795642123170
 1300.0       2.0117052227071
 1400.0       2.0429167117514
 1500.0       2.0736077683957
 1600.0       2.1040684697417
 1700.0       2.1345168750713
 1800.0       2.1651198054572
 1900.0       2.1960078627753
 2000.0       2.2272879202987
 2100.0       2.2590472422146
 2200.0       2.2913631999897
 2300.0       2.3243054998715
 2400.0       2.3579304016989
 2500.0       2.3922955550102
 2600.0       2.4274582683737
 2700.0       2.4634686105235
 2800.0       2.5003725143626
 2900.0       2.5382276785776
 3000.0       2.5770814612897
 3100.0       2.6169847476602
 3200.0       2.6579924674965
 3300.0       2.7001560998950
 3400.0       2.7435422999456
 3500.0       2.7882001275918
 3600.0       2.8341911809287
 3700.0       2.8815872513822
 3800.0       2.9304509462963
 3900.0       2.9808599016268
 4000.0       3.0328885562385
 4100.0       3.0866091207323
 4200.0       3.1421250648387
 4300.0       3.1995141041896
 4400.0       3.2588703529531
 4500.0       3.3203100590605
 4600.0       3.3839374832065
 4700.0       3.4498807698666
 4800.0       3.5182486988889
 4900.0       3.5891782322080
 5000.0       3.6628117153276
 5100.0       3.7393860566785
 5200.0       3.8189218813635
 5300.0       3.9017155584949
 5400.0       3.9879289176691
 5500.0       4.0777424089811
 5600.0       4.1714916585911
 5700.0       4.2693117830832
 5800.0       4.3715136882249
 5900.0       4.4784257155329
 6000.0       4.5902669647601

#P= 8.000000 GPa
    0.0       0.0000000000000
  100.0       0.3206492452377
  200.0       0.7910157887636
  300.0       1.1843767634272
  400.0       1.4152919486214
  500.0       1.5588943977129
  600.0       1.6539723269237
  700.0       1.7228309563844
  800.0       1.7763925625680
  900.0       1.8207503867553
 1000.0       1.8593477149977
 1100.0       1.8942593847147
 1200.0       1.9267869501439
 1300.0       1.9577834450467
 1400.0       1.9878190575024
 1500.0       2.0172992582846
 1600.0       2.0465122659300
 1700.0       2.0756716177750
 1800.0       2.1049436767084
 1900.0       2.1344539805747
 2000.0       2.1643091825960
 2100.0       2.1945923083559
 2200.0       2.2253795018179
 2300.0       2.2567355900308
 2400.0       2.2887162660839
 2500.0       2.3213750207968
 2600.0       2.3547653551989
 2700.0       2.3889345703494
 2800.0       2.4239255128611
 2900.0       2.4597904707074
 3000.0       2.4965740403851
 3100.0       2.5343226889525
 3200.0       2.5730847197877
 3300.0       2.6129107059684
 3400.0       2.6538553703312
 3500.0       2.6959691479098
 3600.0       2.7393027126593
 3700.0       2.7839224028944
 3800.0       2.8298860973842
 3900.0       2.8772582993369
 4000.0       2.9261104366338
 4100.0       2.9765046121218
 4200.0       3.0285308700077
 4300.0       3.0822620075469
 4400.0       3.1377784241685
 4500.0       3.1951820994598
 4600.0       3.2545667226306
 4700.0       3.3160444148059
 4800.0       3.3797093726657
 4900.0       3.4456813527442
 5000.0       3.5140850116105
 5100.0       3.5851277445228
 5200.0       3.6588236554776
 5300.0       3.7354322085391
 5400.0       3.8150917024328
 5500.0       3.8979566164280
 5600.0       3.9843187322050
 5700.0       4.0742878011703
 5800.0       4.1681321766774
 5900.0       4.2661294138313
 6000.0       4.3684675590160

#P= 9.000000 GPa
    0.0       0.0000000000000
  100.0       0.3042833535286
  200.0       0.7602591476992
  300.0       1.1463505780498
  400.0       1.3741918734553
  500.0       1.5159346113846
  600.0       1.6096716677504
  700.0       1.6773831117660
  800.0       1.7298838553664
  900.0       1.7732125892981
 1000.0       1.8107864067555
 1100.0       1.8446661139287
 1200.0       1.8761431304936
 1300.0       1.9060652900000
 1400.0       1.9349988120036
 1500.0       1.9633445992102
 1600.0       1.9913896131915
 1700.0       2.0193430559639
 1800.0       2.0473706432115
 1900.0       2.0755945016327
 2000.0       2.1041188819204
 2100.0       2.1330257875937
 2200.0       2.1623870508437
 2300.0       2.1922668962947
 2400.0       2.2227166715741
 2500.0       2.2537888868116
 2600.0       2.2855324688025
 2700.0       2.3179927905585
 2800.0       2.3512093119250
 2900.0       2.3852300865379
 3000.0       2.4200972353029
 3100.0       2.4558526042866
 3200.0       2.4925414246673
 3300.0       2.5302073322450
 3400.0       2.5689035647103
 3500.0       2.6086719430099
 3600.0       2.6495614653411
 3700.0       2.6916309043589
 3800.0       2.7349302295065
 3900.0       2.7795215411317
 4000.0       2.8254635272459
 4100.0       2.8728160842241
 4200.0       2.9216577271968
 4300.0       2.9720507036485
 4400.0       3.0240713490803
 4500.0       3.0778066870922
 4600.0       3.1333381181813
 4700.0       3.1907679433171
 4800.0       3.2501775805581
 4900.0       3.3116708848224
 5000.0       3.3753579210166
 5100.0       3.4414210431031
 5200.0       3.5098702023477
 5300.0       3.5809323246531
 5400.0       3.6547263619202
 5500.0       3.7313864147944
 5600.0       3.8111658182733
 5700.0       3.8941554505030
 5800.0       3.9805873054321
 5900.0       4.0706973144202
 6000.0       4.1646491428688

#P= 10.000000 GPa
    0.0       0.0000000000000
  100.0       0.2885107131499
  200.0       0.7306580264152
  300.0       1.1097398428953
  400.0       1.3346094945604
  500.0       1.4745656163427
  600.0       1.5670222826715
  700.0       1.6336444851190
  800.0       1.6851414247903
  900.0       1.7274986643776
 1000.0       1.7641085131495
 1100.0       1.7970167806739
 1200.0       1.8275060120748
 1300.0       1.8564194157801
 1400.0       1.8843185752358
 1500.0       1.9116000018764
 1600.0       1.9385502185960
 1700.0       1.9653745456033
 1800.0       1.9922368050186
 1900.0       2.0192576952364
 2000.0       2.0465377625169
 2100.0       2.0741592647553
 2200.0       2.1021896254867
 2300.0       2.1306922603231
 2400.0       2.1597152804207
 2500.0       2.1893101113402
 2600.0       2.2195214597361
 2700.0       2.2503921502520
 2800.0       2.2819603358468
 2900.0       2.3142699854201
 3000.0       2.3473594565617
 3100.0       2.3812682292831
 3200.0       2.4160371670246
 3300.0       2.4517067032257
 3400.0       2.4883242821437
 3500.0       2.5259294715880
 3600.0       2.5645654272654
 3700.0       2.6042853694507
 3800.0       2.6451363152604
 3900.0       2.6871690901371
 4000.0       2.7304431702730
 4100.0       2.7750065817633
 4200.0       2.8209317639136
 4300.0       2.8682759887774
 4400.0       2.9171021698647
 4500.0       2.9674928748076
 4600.0       3.0195186143272
 4700.0       3.0732667824272
 4800.0       3.1288136033354
 4900.0       3.1862491188890
 5000.0       3.2456683733539
 5100.0       3.3072334154587
 5200.0       3.3709518491691
 5300.0       3.4370224706775
 5400.0       3.5055480591786
 5500.0       3.5766449336747
 5600.0       3.6505344696809
 5700.0       3.7272930863612
 5800.0       3.8071212273671
 5900.0       3.8902215061752
 6000.0       3.9767368854969

#P= 11.000000 GPa
    0.0       0.0000000000000
  100.0       0.2732997516077
  200.0       0.7021505478969
  300.0       1.0744683275116
  400.0       1.2964626807888
  500.0       1.4347007634995
  600.0       1.5259337455088
  700.0       1.5915206202153
  800.0       1.6420665153390
  900.0       1.6835059466979
 1000.0       1.7192065453021
 1100.0       1.7511996061692
 1200.0       1.7807596308893
 1300.0       1.8087241539053
 1400.0       1.8356511319453
 1500.0       1.8619336202234
 1600.0       1.8878562514631
 1700.0       1.9136218547202
 1800.0       1.9393916187499
 1900.0       1.9652859860933
 2000.0       1.9914015418060
 2100.0       2.0178205917990
 2200.0       2.0446073197801
 2300.0       2.0718229534046
 2400.0       2.0995151052454
 2500.0       2.1277309301932
 2600.0       2.1565148802094
 2700.0       2.1859052809763
 2800.0       2.2159402756078
 2900.0       2.2466578471303
 3000.0       2.2780966472507
 3100.0       2.3102914218968
 3200.0       2.3432799760615
 3300.0       2.3771001208973
 3400.0       2.4117940225053
 3500.0       2.4473986258875
 3600.0       2.4839526414478
 3700.0       2.5215057440475
 3800.0       2.5600972373448
 3900.0       2.5997773701341
 4000.0       2.6405949325177
 4100.0       2.6825970705489
 4200.0       2.7258470268269
 4300.0       2.7703943799905
 4400.0       2.8163001668141
 4500.0       2.8636314387902
 4600.0       2.9124557604873
 4700.0       2.9628509476449
 4800.0       3.0148794800447
 4900.0       3.0686262747877
 5000.0       3.1241741073182
 5100.0       3.1816627387764
 5200.0       3.2411012070893
 5300.0       3.3026647771170
 5400.0       3.3664412064997
 5500.0       3.4325316860015
 5600.0       3.5011319292846
 5700.0       3.5723057839035
 5800.0       3.6462268612255
 5900.0       3.7230705453250
 6000.0       3.8029616019146

#P= 12.000000 GPa
    0.0       0.0000000000000
  100.0       0.2586214315887
  200.0       0.6746787478260
  300.0       1.0404650883218
  400.0       1.2596751104183
  500.0       1.3962596017096
  600.0       1.4863221615039
  700.0       1.5509236014620
  800.0       1.6005676077280
  900.0       1.6411392518467
 1000.0       1.6759815728575
 1100.0       1.7071113580623
 1200.0       1.7357959634894
 1300.0       1.7628675158535
 1400.0       1.7888797918205
 1500.0       1.8142233964485
 1600.0       1.8391805130978
 1700.0       1.8639521087141
 1800.0       1.8886970142999
 1900.0       1.9135348154001
 2000.0       1.9385593505585
 2100.0       1.9638519963714
 2200.0       1.9894750070912
 2300.0       2.0154864067154
 2400.0       2.0419351048332
 2500.0       2.0688629964152
 2600.0       2.0963146039741
 2700.0       2.1243246852311
 2800.0       2.1529302320558
 2900.0       2.1821661650827
 3000.0       2.2120685076800
 3100.0       2.2426701682880
 3200.0       2.2740050673415
 3300.0       2.3061085887130
 3400.0       2.3390190365254
 3500.0       2.3727704083307
 3600.0       2.4073979487712
 3700.0       2.4429465667785
 3800.0       2.4794528408483
 3900.0       2.5169603010292
 4000.0       2.5555153268821
 4100.0       2.5951589238284
 4200.0       2.6359474792379
 4300.0       2.6779282347597
 4400.0       2.7211511874962
 4500.0       2.7656823896218
 4600.0       2.8115759562379
 4700.0       2.8589042802817
 4800.0       2.9077250234931
 4900.0       2.9581078892488
 5000.0       3.0101313439293
 5100.0       3.0639176476889
 5200.0       3.1194716167049
 5300.0       3.1769511601219
 5400.0       3.2364335278259
 5500.0       3.2980044906506
 5600.0       3.3618366908517
 5700.0       3.4279862206832
 5800.0       3.4966038708629
 5900.0       3.5678410338937
 6000.0       3.6418074595209

#P= 13.000000 GPa
    0.0       0.0000000000000
  100.0       0.2444483322578
  200.0       0.6481888929342
  300.0       1.0076641354687
  400.0       1.2241756297239
  500.0       1.3591674213753
  600.0       1.4481093326330
  700.0       1.5117719507244
  800.0       1.5605599924968
  900.0       1.6003102346112
 1000.0       1.6343415028712
 1100.0       1.6646562465237
 1200.0       1.6925154790012
 1300.0       1.7187457174982
 1400.0       1.7438965766759
 1500.0       1.7683567893340
 1600.0       1.7924057878485
 1700.0       1.8162431291143
 1800.0       1.8400253945933
 1900.0       1.8638712763300
 2000.0       1.8878720836509
 2100.0       1.9121082953760
 2200.0       1.9366413508531
 2300.0       1.9615248401881
 2400.0       1.9868095908288
 2500.0       2.0125334490520
 2600.0       2.0387392679199
 2700.0       2.0654606507754
 2800.0       2.0927317767056
 2900.0       2.1205865791600
 3000.0       2.1490565195459
 3100.0       2.1781754338968
 3200.0       2.2079713979410
 3300.0       2.2384797602434
 3400.0       2.2697331267704
 3500.0       2.3017650000340
 3600.0       2.3346065435210
 3700.0       2.3682987020901
 3800.0       2.4028750936310
 3900.0       2.4383745983160
 4000.0       2.4748395305922
 4100.0       2.5123066996288
 4200.0       2.5508286050960
 4300.0       2.5904442370526
 4400.0       2.6312032903101
 4500.0       2.6731594062942
 4600.0       2.7163664105947
 4700.0       2.7608859002011
 4800.0       2.8067679787789
 4900.0       2.8540805837245
 5000.0       2.9028862288878
 5100.0       2.9532969805700
 5200.0       3.0053192202870
 5300.0       3.0590870335455
 5400.0       3.1146722796073
 5500.0       3.1721512045239
 5600.0       3.2316721181013
 5700.0       3.2932853061417
 5800.0       3.3571242984737
 5900.0       3.4233197303423
 6000.0       3.4919668826204

#P= 14.000000 GPa
    0.0       0.0000000000000
  100.0       0.2307549804402
  200.0       0.6226307382620
  300.0       0.9760035905682
  400.0       1.1898979433698
  500.0       1.3233549925654
  600.0       1.4112227626887
  700.0       1.4739894786080
  800.0       1.5219647646624
  900.0       1.5609371751653
 1000.0       1.5942007278140
 1100.0       1.6237454618485
 1200.0       1.6508260481409
 1300.0       1.6762626031540
 1400.0       1.7006013738630
 1500.0       1.7242297840576
 1600.0       1.7474237751150
 1700.0       1.7703818240227
 1800.0       1.7932592231874
 1900.0       1.8161725644981
 2000.0       1.8392119963973
 2100.0       1.8624564790376
 2200.0       1.8859666288668
 2300.0       1.9097931088576
 2400.0       1.9339867679704
 2500.0       1.9585833396543
 2600.0       1.9836232779662
 2700.0       2.0091395986723
 2800.0       2.0351632132473
 2900.0       2.0617286857952
 3000.0       2.0888622216073
 3100.0       2.1165976475983
 3200.0       2.1449605021405
 3300.0       2.1739827504253
 3400.0       2.2036957927462
 3500.0       2.2341287031512
 3600.0       2.2653117765339
 3700.0       2.2972813471276
 3800.0       2.3300686038171
 3900.0       2.3637080883651
 4000.0       2.3982394440823
 4100.0       2.4336960062553
 4200.0       2.4701227468516
 4300.0       2.5075587352525
 4400.0       2.5460454529196
 4500.0       2.5856332924989
 4600.0       2.6263689919129
 4700.0       2.6683085785996
 4800.0       2.7114980852407
 4900.0       2.7559938999285
 5000.0       2.8018590456137
 5100.0       2.8491852623755
 5200.0       2.8979824200239
 5300.0       2.9483714731015
 5400.0       3.0004100604055
 5500.0       3.0541699272016
 5600.0       3.1097823529291
 5700.0       3.1672881046449
 5800.0       3.2268054995897
 5900.0       3.2884509391049
 6000.0       3.3523073294956

#P= 15.000000 GPa
    0.0       0.0000000000000
  100.0       0.2175177712639
  200.0       0.5979570825917
  300.0       0.9454256476482
  400.0       1.1567810774301
  500.0       1.2887575946635
  600.0       1.3755941989622
  700.0       1.4375056954226
  800.0       1.4847086335410
  900.0       1.5229436494649
 1000.0       1.5554797375290
 1100.0       1.5842967462279
 1200.0       1.6106420403335
 1300.0       1.6353288748636
 1400.0       1.6589016152002
 1500.0       1.6817458407628
 1600.0       1.7041340668731
 1700.0       1.7262640072284
 1800.0       1.7482896635434
 1900.0       1.7703255408271
 2000.0       1.7924610852797
 2100.0       1.8147736013181
 2200.0       1.8373226886813
 2300.0       1.8601572101511
 2400.0       1.8833273624513
 2500.0       1.9068669069847
 2600.0       1.9308139581696
 2700.0       1.9552022900149
 2800.0       1.9800590655819
 2900.0       2.0054177077937
 3000.0       2.0313033113421
 3100.0       2.0577462962163
 3200.0       2.0847722937417
 3300.0       2.1124086700540
 3400.0       2.1406866222360
 3500.0       2.1696308547338
 3600.0       2.1992716095709
 3700.0       2.2296400333372
 3800.0       2.2607659415774
 3900.0       2.2926801565217
 4000.0       2.3254187254194
 4100.0       2.3590126340201
 4200.0       2.3935026014923
 4300.0       2.4289228479335
 4400.0       2.4653120344560
 4500.0       2.5027152617978
 4600.0       2.5411740761567
 4700.0       2.5807402425417
 4800.0       2.6214522455366
 4900.0       2.6633655652741
 5000.0       2.7065303357395
 5100.0       2.7510331000242
 5200.0       2.7968812507335
 5300.0       2.8441803510990
 5400.0       2.8929868475036
 5500.0       2.9433579629092
 5600.0       2.9954130597122
 5700.0       3.0491900424439
 5800.0       3.1047885655356
 5900.0       3.1623133818202
 6000.0       3.2218391214628

#P= 16.000000 GPa
    0.0       0.0000000000000
  100.0       0.2047143262972
  200.0       0.5741239287410
  300.0       0.9158770786270
  400.0       1.1247678661005
  500.0       1.2553144514903
  600.0       1.3411599570836
  700.0       1.4022549907848
  800.0       1.4487236778785
  900.0       1.4862582774329
 1000.0       1.5181048582457
 1100.0       1.5462334792347
 1200.0       1.5718834671678
 1300.0       1.5958615961010
 1400.0       1.6187113500883
 1500.0       1.6408157162058
 1600.0       1.6624434564726
 1700.0       1.6837929995003
 1800.0       1.7050161982114
 1900.0       1.7262254733080
 2000.0       1.7475103006231
 2100.0       1.7689460653258
 2200.0       1.7905914444774
 2300.0       1.8124936838724
 2400.0       1.8347024264872
 2500.0       1.8572499508801
 2600.0       1.8801720824324
 2700.0       1.9035024713803
 2800.0       1.9272661401621
 2900.0       1.9514946414143
 3000.0       1.9762126454100
 3100.0       2.0014471204674
 3200.0       2.0272239483882
 3300.0       2.0535665148350
 3400.0       2.0805049721210
 3500.0       2.1080619374004
 3600.0       2.1362648018616
 3700.0       2.1651438384314
 3800.0       2.1947236853589
 3900.0       2.2250351716977
 4000.0       2.2561090308072
 4100.0       2.2879754579884
 4200.0       2.3206694246234
 4300.0       2.3542236280949
 4400.0       2.3886728168996
 4500.0       2.4240567510223
 4600.0       2.4604143994743
 4700.0       2.4977902443291
 4800.0       2.5362221928961
 4900.0       2.5757561741041
 5000.0       2.6164415182640
 5100.0       2.6583507498748
 5200.0       2.7014946044463
 5300.0       2.7459666571114
 5400.0       2.7918130320556
 5500.0       2.8390922252924
 5600.0       2.8879024364037
 5700.0       2.9382805003357
 5800.0       2.9903173761736
 5900.0       3.0441008773649
 6000.0       3.0996966392854

#P= 17.000000 GPa
    0.0       0.0000000000000
  100.0       0.1923237895228
  200.0       0.5510908055682
  300.0       0.8873085273333
  400.0       1.0938043757470
  500.0       1.2229683451498
  600.0       1.3078608748131
  700.0       1.3681762915793
  800.0       1.4139461892333
  900.0       1.4508141849403
 1000.0       1.4820072619171
 1100.0       1.5094846737503
 1200.0       1.5344761294547
 1300.0       1.5577838255038
 1400.0       1.5799506992793
 1500.0       1.6013562639552
 1600.0       1.6222657396271
 1700.0       1.6428789133743
 1800.0       1.6633456582024
 1900.0       1.6837753262871
 2000.0       1.7042585769985
 2100.0       1.7248690200630
 2200.0       1.7456634755091
 2300.0       1.7666888714777
 2400.0       1.7879936292887
 2500.0       1.8096086962158
 2600.0       1.8315683836244
 2700.0       1.8539058480409
 2800.0       1.8766440011921
 2900.0       1.8998130651981
 3000.0       1.9234371478029
 3100.0       1.9475401766354
 3200.0       1.9721479140685
 3300.0       1.9972811698872
 3400.0       2.0229676416414
 3500.0       2.0492299562391
 3600.0       2.0760909005867
 3700.0       2.1035815761165
 3800.0       2.1317214803418
 3900.0       2.1605407456304
 4000.0       2.1900667057432
 4100.0       2.2203276252170
 4200.0       2.2513546924990
 4300.0       2.2831778759643
 4400.0       2.3158289439685
 4500.0       2.3493434956750
 4600.0       2.3837570970641
 4700.0       2.4191104797194
 4800.0       2.4554360369599
 4900.0       2.4927775854126
 5000.0       2.5311782564575
 5100.0       2.5707014425540
 5200.0       2.6113610246300
 5300.0       2.6532357379896
 5400.0       2.6963720117897
 5500.0       2.7408162367003
 5600.0       2.7866609119265
 5700.0       2.8339367210159
 5800.0       2.8827223696832
 5900.0       2.9331005948574
 6000.0       2.9851247194412

#P= 18.000000 GPa
    0.0       0.0000000000000
  100.0       0.1803270086339
  200.0       0.5288198046774
  300.0       0.8596729098873
  400.0       1.0638396934591
  500.0       1.1916653933533
  600.0       1.2756423768046
  700.0       1.3352130146674
  800.0       1.3803155232700
  900.0       1.4165494759882
 1000.0       1.4471232794191
 1100.0       1.4739836625059
 1200.0       1.4983503075438
 1300.0       1.5210240404246
 1400.0       1.5425457641782
 1500.0       1.5632897200628
 1600.0       1.5835206507061
 1700.0       1.6034389717506
 1800.0       1.6231910371918
 1900.0       1.6428850970951
 2000.0       1.6626127374211
 2100.0       1.6824450650023
 2200.0       1.7024375895117
 2300.0       1.7226374645584
 2400.0       1.7430912682718
 2500.0       1.7638290564413
 2600.0       1.7848842362384
 2700.0       1.8062881287218
 2800.0       1.8280634644272
 2900.0       1.8502381317111
 3000.0       1.8728358643961
 3100.0       1.8958786830461
 3200.0       1.9193909115291
 3300.0       1.9433921609477
 3400.0       1.9679070374658
 3500.0       1.9929589436309
 3600.0       2.0185667496271
 3700.0       2.0447604780629
 3800.0       2.0715576860034
 3900.0       2.0989855095807
 4000.0       2.1270701910659
 4100.0       2.1558360897068
 4200.0       2.1853138519817
 4300.0       2.2155282868379
 4400.0       2.2465105273434
 4500.0       2.2782909179084
 4600.0       2.3109037980554
 4700.0       2.3443839757743
 4800.0       2.3787623591743
 4900.0       2.4140779570848
 5000.0       2.4503698071371
 5100.0       2.4876940982619
 5200.0       2.5260638466919
 5300.0       2.5655516721519
 5400.0       2.6061947203242
 5500.0       2.6480405253008
 5600.0       2.6911648564526
 5700.0       2.7355999387376
 5800.0       2.7814155285859
 5900.0       2.8286811563364
 6000.0       2.8774511312266

#P= 19.000000 GPa
    0.0       0.0000000000000
  100.0       0.1687055771194
  200.0       0.5072746126138
  300.0       0.8329255401827
  400.0       1.0348253152716
  500.0       1.1613569900484
  600.0       1.2444538947554
  700.0       1.3033104838356
  800.0       1.3477753575238
  900.0       1.3834068880665
 1000.0       1.4133936179713
 1100.0       1.4396673202427
 1200.0       1.4634416519796
 1300.0       1.4855158202055
 1400.0       1.5064267218731
 1500.0       1.5265439844824
 1600.0       1.5461337921704
 1700.0       1.5653957549989
 1800.0       1.5844717553547
 1900.0       1.6034713228763
 2000.0       1.6224861020479
 2100.0       1.6415837521126
 2200.0       1.6608200771743
 2300.0       1.6802419773479
 2400.0       1.6998940991499
 2500.0       1.7198055137143
 2600.0       1.7400093064608
 2700.0       1.7605352181431
 2800.0       1.7814051295141
 2900.0       1.8026457091789
 3000.0       1.8242795875715
 3100.0       1.8463271682186
 3200.0       1.8688117357325
 3300.0       1.8917520241745
 3400.0       1.9151695749005
 3500.0       1.9390880795389
 3600.0       1.9635236956535
 3700.0       1.9885047258572
 3800.0       2.0140479486125
 3900.0       2.0401763396241
 4000.0       2.0669169950307
 4100.0       2.0942897533307
 4200.0       2.1223239961287
 4300.0       2.1510416077413
 4400.0       2.1804719552521
 4500.0       2.2106420033568
 4600.0       2.2415823189073
 4700.0       2.2733261699185
 4800.0       2.3058999789135
 4900.0       2.3393406679287
 5000.0       2.3736827175835
 5100.0       2.4089746640224
 5200.0       2.4452330495519
 5300.0       2.4825186082367
 5400.0       2.5208679351891
 5500.0       2.5603214707891
 5600.0       2.6009478506074
 5700.0       2.6427769184368
 5800.0       2.6858680635593
 5900.0       2.7302887167317
 6000.0       2.7760782826199

#P= 20.000000 GPa
    0.0       0.0000000000000
  100.0       0.1574421708442
  200.0       0.4864210493660
  300.0       0.8070239630693
  400.0       1.0067180159717
  500.0       1.1319979268650
  600.0       1.2142462860713
  700.0       1.2724171692354
  800.0       1.3162739452648
  900.0       1.3513333437240
 1000.0       1.3807614773265
 1100.0       1.4064770423501
 1200.0       1.4296903985737
 1300.0       1.4511972611777
 1400.0       1.4715281629794
 1500.0       1.4910521482319
 1600.0       1.5100359848895
 1700.0       1.5286765733701
 1800.0       1.5471128392184
 1900.0       1.5654566404343
 2000.0       1.5837979841714
 2100.0       1.6022011711208
 2200.0       1.6207241461869
 2300.0       1.6394121777664
 2400.0       1.6583074540224
 2500.0       1.6774403627175
 2600.0       1.6968424569466
 2700.0       1.7165410815173
 2800.0       1.7365589643879
 2900.0       1.7569211114368
 3000.0       1.7776482419853
 3100.0       1.7987610263495
 3200.0       1.8202808350143
 3300.0       1.8422251398870
 3400.0       1.8646136614947
 3500.0       1.8874696076238
 3600.0       1.9108074555324
 3700.0       1.9346530971310
 3800.0       1.9590234813295
 3900.0       1.9839373600782
 4000.0       2.0094221493053
 4100.0       2.0354948386418
 4200.0       2.0621821230558
 4300.0       2.0895055459908
 4400.0       2.1174895146159
 4500.0       2.1461620640605
 4600.0       2.1755473475355
 4700.0       2.2056782025507
 4800.0       2.2365772723735
 4900.0       2.2682792577722
 5000.0       2.3008148693602
 5100.0       2.3342265902516
 5200.0       2.3685320022396
 5300.0       2.4037842737941
 5400.0       2.4400161229161
 5500.0       2.4772656236098
 5600.0       2.5155920848525
 5700.0       2.5550232176545
 5800.0       2.5956143693585
 5900.0       2.6374213331892
 6000.0       2.6804841164515

#P= 21.000000 GPa
    0.0       0.0000000000000
  100.0       0.1465205042247
  200.0       0.4662271721936
  300.0       0.7819310782982
  400.0       0.9794777231791
  500.0       1.1035436463949
  600.0       1.1849726183111
  700.0       1.2424861970067
  800.0       1.2857636372477
  900.0       1.3202779256873
 1000.0       1.3491729392226
 1100.0       1.3743589984937
 1200.0       1.3970412989561
 1300.0       1.4180092689157
 1400.0       1.4377892855909
 1500.0       1.4567519937778
 1600.0       1.4751626252586
 1700.0       1.4932135055252
 1800.0       1.5110448161722
 1900.0       1.5287689935985
 2000.0       1.5464729058573
 2100.0       1.5642195245183
 2200.0       1.5820688911570
 2300.0       1.6000639444669
 2400.0       1.6182445794881
 2500.0       1.6366430287150
 2600.0       1.6552890942971
 2700.0       1.6742078126337
 2800.0       1.6934230494675
 2900.0       1.7129579195068
 3000.0       1.7328319264359
 3100.0       1.7530653311131
 3200.0       1.7736781275059
 3300.0       1.7946865770513
 3400.0       1.8161088666250
 3500.0       1.8379678315253
 3600.0       1.8602759843938
 3700.0       1.8830576731812
 3800.0       1.9063294173246
 3900.0       1.9301066145096
 4000.0       1.9544162583903
 4100.0       1.9792743729189
 4200.0       2.0047032112317
 4300.0       2.0307254507815
 4400.0       2.0573611502809
 4500.0       2.0846371565400
 4600.0       2.1125749913795
 4700.0       2.1412046429408
 4800.0       2.1705475693905
 4900.0       2.2006340164994
 5000.0       2.2314939803948
 5100.0       2.2631616197579
 5200.0       2.2956585783322
 5300.0       2.3290289925772
 5400.0       2.3633038941141
 5500.0       2.3985175529403
 5600.0       2.4347217233232
 5700.0       2.4719444514236
 5800.0       2.5102320686073
 5900.0       2.5496376294703
 6000.0       2.5901958857816

#P= 22.000000 GPa
    0.0       0.0000000000000
  100.0       0.1359257305492
  200.0       0.4466643896280
  300.0       0.7576109015038
  400.0       0.9530641922674
  500.0       1.0759516163545
  600.0       1.1565901596666
  700.0       1.2134749972391
  800.0       1.2561987310930
  900.0       1.2901915131488
 1000.0       1.3185790745886
 1100.0       1.3432633357075
 1200.0       1.3654413374327
 1300.0       1.3858959872562
 1400.0       1.4051541051560
 1500.0       1.4235858249515
 1600.0       1.4414523298257
 1700.0       1.4589438097137
 1800.0       1.4762029427957
 1900.0       1.4933409116409
 2000.0       1.5104403475799
 2100.0       1.5275664392914
 2200.0       1.5447795104071
 2300.0       1.5621186268885
 2400.0       1.5796243208806
 2500.0       1.5973296588616
 2600.0       1.6152617094747
 2700.0       1.6334443800047
 2800.0       1.6519029354450
 2900.0       1.6706584005573
 3000.0       1.6897281791300
 3100.0       1.7091336654505
 3200.0       1.7288930336743
 3300.0       1.7490209115638
 3400.0       1.7695353438794
 3500.0       1.7904573377001
 3600.0       1.8117987696603
 3700.0       1.8335822529316
 3800.0       1.8558231300744
 3900.0       1.8785356162445
 4000.0       1.9017446446497
 4100.0       1.9254658216429
 4200.0       1.9497177568613
 4300.0       1.9745237933995
 4400.0       1.9999005213143
 4500.0       2.0258726297270
 4600.0       2.0524614276488
 4700.0       2.0796917244032
 4800.0       2.1075861574120
 4900.0       2.1361693852981
 5000.0       2.1654718575613
 5100.0       2.1955201344411
 5200.0       2.2263387959083
 5300.0       2.2579647754644
 5400.0       2.2904269112094
 5500.0       2.3237571697867
 5600.0       2.3579997949193
 5700.0       2.3931826353100
 5800.0       2.4293459049944
 5900.0       2.4665396376787
 6000.0       2.5047855415112

#P= 23.000000 GPa
    0.0       0.0000000000000
  100.0       0.1256435565823
  200.0       0.4277040821612
  300.0       0.7340276888503
  400.0       0.9274390062052
  500.0       1.0491836254098
  600.0       1.1290611742809
  700.0       1.1853420448442
  800.0       1.2275341826715
  900.0       1.2610289515611
 1000.0       1.2889353936360
 1100.0       1.3131427563346
 1200.0       1.3348393163219
 1300.0       1.3548065302125
 1400.0       1.3735709249525
 1500.0       1.3914985931794
 1600.0       1.4088471513077
 1700.0       1.4258092864878
 1800.0       1.4425272775123
 1900.0       1.4591085967697
 2000.0       1.4756352226395
 2100.0       1.4921746503392
 2200.0       1.5087857617322
 2300.0       1.5255033977199
 2400.0       1.5423712344126
 2500.0       1.5594220670663
 2600.0       1.5766788275886
 2700.0       1.5941664954967
 2800.0       1.6119113326823
 2900.0       1.6299308814251
 3000.0       1.6482421812092
 3100.0       1.6668679758115
 3200.0       1.6858229508878
 3300.0       1.7051217161969
 3400.0       1.7247820286844
 3500.0       1.7448225843426
 3600.0       1.7652552824920
 3700.0       1.7861011009458
 3800.0       1.8073743292950
 3900.0       1.8290874254973
 4000.0       1.8512646390567
 4100.0       1.8739202861250
 4200.0       1.8970701072290
 4300.0       1.9207379014704
 4400.0       1.9449373231865
 4500.0       1.9696907774161
 4600.0       1.9950199746010
 4700.0       2.0209444347951
 4800.0       2.0474877757400
 4900.0       2.0746713245409
 5000.0       2.1025228089348
 5100.0       2.1310656715612
 5200.0       2.1603236543012
 5300.0       2.1903307774177
 5400.0       2.2211104232916
 5500.0       2.2526952054141
 5600.0       2.2851210862177
 5700.0       2.3184169962687
 5800.0       2.3526174563858
 5900.0       2.3877664478977
 6000.0       2.4238902411378

#P= 24.000000 GPa
    0.0       0.0000000000000
  100.0       0.1156602724669
  200.0       0.4093189462770
  300.0       0.7111482663091
  400.0       0.9025692583601
  500.0       1.0232057741135
  600.0       1.1023472445339
  700.0       1.1580459616990
  800.0       1.1997289486252
  900.0       1.2327506678935
 1000.0       1.2601989922008
 1100.0       1.2839503084497
 1200.0       1.3051886434460
 1300.0       1.3246945927485
 1400.0       1.3429903573712
 1500.0       1.3604374075342
 1600.0       1.3772945810466
 1700.0       1.3937559601370
 1800.0       1.4099603359478
 1900.0       1.4260122913959
 2000.0       1.4419970893112
 2100.0       1.4579818630743
 2200.0       1.4740210974495
 2300.0       1.4901506377106
 2400.0       1.5064157940006
 2500.0       1.5228470544085
 2600.0       1.5394646308772
 2700.0       1.5562959215295
 2800.0       1.5733668321199
 2900.0       1.5906905202728
 3000.0       1.6082864066959
 3100.0       1.6261768462860
 3200.0       1.6443728712211
 3300.0       1.6628903303794
 3400.0       1.6817462091081
 3500.0       1.7009568214322
 3600.0       1.7205341890258
 3700.0       1.7404984453319
 3800.0       1.7608620232777
 3900.0       1.7816364430996
 4000.0       1.8028447434379
 4100.0       1.8245007479355
 4200.0       1.8466176470995
 4300.0       1.8692181040948
 4400.0       1.8923155411580
 4500.0       1.9159287634643
 4600.0       1.9400796258839
 4700.0       1.9647844322424
 4800.0       1.9900656466484
 4900.0       2.0159435964774
 5000.0       2.0424419042899
 5100.0       2.0695826381097
 5200.0       2.0973878875175
 5300.0       2.1258888783599
 5400.0       2.1551055466127
 5500.0       2.1850692745296
 5600.0       2.2158104779447
 5700.0       2.2473569424756
 5800.0       2.2797402461287
 5900.0       2.3129982761788
 6000.0       2.3471583885874

#P= 25.000000 GPa
    0.0       0.0000000000000
  100.0       0.1059631645775
  200.0       0.3914850681479
  300.0       0.6889447813115
  400.0       0.8784232696187
  500.0       0.9979821518106
  600.0       1.0764104094815
  700.0       1.1315498376766
  800.0       1.1727478573728
  900.0       1.2053175755217
 1000.0       1.2323266812145
 1100.0       1.2556432968847
 1200.0       1.2764480089565
 1300.0       1.2955156705319
 1400.0       1.3133637457920
 1500.0       1.3303539531175
 1600.0       1.3467464855330
 1700.0       1.3627325190750
 1800.0       1.3784472956885
 1900.0       1.3939977057217
 2000.0       1.4094700035873
 2100.0       1.4249280425192
 2200.0       1.4404242547716
 2300.0       1.4559974262400
 2400.0       1.4716925963744
 2500.0       1.4875359566811
 2600.0       1.5035487759322
 2700.0       1.5197601769652
 2800.0       1.5361931250538
 2900.0       1.5528588295420
 3000.0       1.5697795238444
 3100.0       1.5869752975450
 3200.0       1.6044546009752
 3300.0       1.6222353201856
 3400.0       1.6403327836275
 3500.0       1.6587609401318
 3600.0       1.6775327633600
 3700.0       1.6966673402934
 3800.0       1.7161744592977
 3900.0       1.7360662509481
 4000.0       1.7563644994383
 4100.0       1.7770808766862
 4200.0       1.7982281670530
 4300.0       1.8198277925147
 4400.0       1.8418916478128
 4500.0       1.8644365774580
 4600.0       1.8874841230351
 4700.0       1.9110478911560
 4800.0       1.9351487924794
 4900.0       1.9598070322554
 5000.0       1.9850419947189
 5100.0       2.0108741538257
 5200.0       2.0373258129042
 5300.0       2.0644229298575
 5400.0       2.0921857827591
 5500.0       2.1206410567941
 5600.0       2.1498175376147
 5700.0       2.1797397883954
 5800.0       2.2104371523984
 5900.0       2.2419448866594
 6000.0       2.2742796549342

#P= 26.000000 GPa
    0.0       0.0000000000000
  100.0       0.0965404662965
  200.0       0.3741790229781
  300.0       0.6673873057412
  400.0       0.8549680462796
  500.0       0.9734784983026
  600.0       1.0512187955539
  700.0       1.1058220700496
  800.0       1.1465542856650
  900.0       1.1786896875695
 1000.0       1.2052799082354
 1100.0       1.2281848202526
 1200.0       1.2485767884908
 1300.0       1.2672251873195
 1400.0       1.2846469935704
 1500.0       1.3012051207374
 1600.0       1.3171564569057
 1700.0       1.3326887496475
 1800.0       1.3479384873913
 1900.0       1.3630146197758
 2000.0       1.3780004027420
 2100.0       1.3929566409645
 2200.0       1.4079386377895
 2300.0       1.4229856857039
 2400.0       1.4381396317706
 2500.0       1.4534250717068
 2600.0       1.4688661388316
 2700.0       1.4844911824430
 2800.0       1.5003189928637
 2900.0       1.5163628331648
 3000.0       1.5326457916861
 3100.0       1.5491842222344
 3200.0       1.5659864658156
 3300.0       1.5830719365599
 3400.0       1.6004534777372
 3500.0       1.6181430803816
 3600.0       1.6361556587785
 3700.0       1.6545084432456
 3800.0       1.6732085884656
 3900.0       1.6922697822102
 4000.0       1.7117115715798
 4100.0       1.7315443919418
 4200.0       1.7517805555433
 4300.0       1.7724400664818
 4400.0       1.7935336519680
 4500.0       1.8150768503902
 4600.0       1.8370898606018
 4700.0       1.8595843968236
 4800.0       1.8825804179487
 4900.0       1.9060973710125
 5000.0       1.9301515892230
 5100.0       1.9547605722077
 5200.0       1.9799490857176
 5300.0       2.0057363195774
 5400.0       2.0321440096801
 5500.0       2.0591948677166
 5600.0       2.0869145449069
 5700.0       2.1153268206625
 5800.0       2.1444573545038
 5900.0       2.1743406652235
 6000.0       2.2049845794598

#P= 27.000000 GPa
    0.0       0.0000000000000
  100.0       0.0873805190932
  200.0       0.3573775634984
  300.0       0.6464469896779
  400.0       0.8321747540000
  500.0       0.9496678660818
  600.0       1.0267425178570
  700.0       1.0808279154447
  800.0       1.1211114477834
  900.0       1.1528327042944
 1000.0       1.1790257200290
 1100.0       1.2015373831199
 1200.0       1.2215337407863
 1300.0       1.2397829147898
 1400.0       1.2568016240737
 1500.0       1.2729489820332
 1600.0       1.2884783857530
 1700.0       1.3035790418493
 1800.0       1.3183891186958
 1900.0       1.3330147765918
 2000.0       1.3475363338257
 2100.0       1.3620163741928
 2200.0       1.3765121866911
 2300.0       1.3910597035574
 2400.0       1.4056983387562
 2500.0       1.4204556864791
 2600.0       1.4353562982901
 2700.0       1.4504244044693
 2800.0       1.4656786180522
 2900.0       1.4811348937695
 3000.0       1.4968142440659
 3100.0       1.5127297838118
 3200.0       1.5288925020124
 3300.0       1.5453215937842
 3400.0       1.5620256248920
 3500.0       1.5790182202133
 3600.0       1.5963149440453
 3700.0       1.6139295115532
 3800.0       1.6318688873859
 3900.0       1.6501476281221
 4000.0       1.6687826947441
 4100.0       1.6877835814434
 4200.0       1.7071627244915
 4300.0       1.7269383443311
 4400.0       1.7471200042818
 4500.0       1.7677223641086
 4600.0       1.7887644552772
 4700.0       1.8102560876283
 4800.0       1.8322164381450
 4900.0       1.8546641174371
 5000.0       1.8776130590035
 5100.0       1.9010778171556
 5200.0       1.9250854076978
 5300.0       1.9496491825507
 5400.0       1.9747916456186
 5500.0       2.0005326029459
 5600.0       2.0268939329938
 5700.0       2.0539009613156
 5800.0       2.0815732294035
 5900.0       2.1099450196702
 6000.0       2.1390226002992

#P= 28.000000 GPa
    0.0       0.0000000000000
  100.0       0.0784726871789
  200.0       0.3410606778902
  300.0       0.6261009240998
  400.0       0.8100182395339
  500.0       0.9265204785998
  600.0       1.0029487370793
  700.0       1.0565344222955
  800.0       1.0963899141082
  900.0       1.1277166411864
 1000.0       1.1535285266179
 1100.0       1.1756629355466
 1200.0       1.1952829621800
 1300.0       1.2131544459641
 1400.0       1.2297889777927
 1500.0       1.2455429598329
 1600.0       1.2606707889388
 1700.0       1.2753632632900
 1800.0       1.2897555277795
 1900.0       1.3039506515963
 2000.0       1.3180308866865
 2100.0       1.3320606046435
 2200.0       1.3460947048176
 2300.0       1.3601657820573
 2400.0       1.3743156669048
 2500.0       1.3885737857970
 2600.0       1.4029610286202
 2700.0       1.4174995434608
 2800.0       1.4322112153807
 2900.0       1.4471118483046
 3000.0       1.4622180427142
 3100.0       1.4775439289917
 3200.0       1.4931023367668
 3300.0       1.5089100907302
 3400.0       1.5249730559900
 3500.0       1.5413074287234
 3600.0       1.5579282441103
 3700.0       1.5748450113019
 3800.0       1.5920667625813
 3900.0       1.6096078774503
 4000.0       1.6274817750697
 4100.0       1.6456988507836
 4200.0       1.6642712997461
 4300.0       1.6832145167754
 4400.0       1.7025382828751
 4500.0       1.7222563716268
 4600.0       1.7423857427602
 4700.0       1.7629357956299
 4800.0       1.7839243595385
 4900.0       1.8053687501965
 5000.0       1.8272818725035
 5100.0       1.8496749384765
 5200.0       1.8725769342894
 5300.0       1.8959964521899
 5400.0       1.9199560300182
 5500.0       1.9444739134132
 5600.0       1.9695669599402
 5700.0       1.9952633608021
 5800.0       2.0215769430094
 5900.0       2.0485406018478
 6000.0       2.0761625053883

#P= 29.000000 GPa
    0.0       0.0000000000000
  100.0       0.0698070380251
  200.0       0.3252085475111
  300.0       0.6063237075326
  400.0       0.7884698694169
  500.0       0.9040064265346
  600.0       0.9798098898842
  700.0       1.0329164883905
  800.0       1.0723607206280
  900.0       1.1033073753356
 1000.0       1.1287535764584
 1100.0       1.1505301444871
 1200.0       1.1697934233010
 1300.0       1.1873035095506
 1400.0       1.2035697221873
 1500.0       1.2189495631978
 1600.0       1.2336978602865
 1700.0       1.2480015545702
 1800.0       1.2619937641401
 1900.0       1.2757793212911
 2000.0       1.2894422986354
 2100.0       1.3030441829530
 2200.0       1.3166369210948
 2300.0       1.3302553761956
 2400.0       1.3439433770700
 2500.0       1.3577272233143
 2600.0       1.3716249771072
 2700.0       1.3856617852807
 2800.0       1.3998604692745
 2900.0       1.4142330863897
 3000.0       1.4287948824324
 3100.0       1.4435633817862
 3200.0       1.4585503430728
 3300.0       1.4737682198115
 3400.0       1.4892248147417
 3500.0       1.5049375383778
 3600.0       1.5209186965757
 3700.0       1.5371756184947
 3800.0       1.5537200749657
 3900.0       1.5705648287647
 4000.0       1.5877199014939
 4100.0       1.6051980110272
 4200.0       1.6230101039876
 4300.0       1.6411687985415
 4400.0       1.6596845085252
 4500.0       1.6785706779767
 4600.0       1.6978414334878
 4700.0       1.7175059535307
 4800.0       1.7375818097536
 4900.0       1.7580838934319
 5000.0       1.7790250549443
 5100.0       1.8004132054001
 5200.0       1.8222787640454
 5300.0       1.8446267766898
 5400.0       1.8674788437899
 5500.0       1.8908529184444
 5600.0       1.9147608955145
 5700.0       1.9392328232934
 5800.0       1.9642788232526
 5900.0       1.9899293592906
 6000.0       2.0161928594043

#P= 30.000000 GPa
    0.0       0.0000000000000
  100.0       0.0613736389533
  200.0       0.3098012041386
  300.0       0.5870908855362
  400.0       0.7675058071606
  500.0       0.8821038341987
  600.0       0.9573017047850
  700.0       1.0099446031117
  800.0       1.0489917775967
  900.0       1.0795747399549
 1000.0       1.1046743405499
 1100.0       1.1261096422779
 1200.0       1.1450302656507
 1300.0       1.1621939827672
 1400.0       1.1781109815597
 1500.0       1.1931367004713
 1600.0       1.2075222502597
 1700.0       1.2214532982169
 1800.0       1.2350651418688
 1900.0       1.2484635957481
 2000.0       1.2617291558626
 2100.0       1.2749216171992
 2200.0       1.2880948315534
 2300.0       1.3012852542160
 2400.0       1.3145342314683
 2500.0       1.3278650606111
 2600.0       1.3412982728257
 2700.0       1.3548606924658
 2800.0       1.3685720306022
 2900.0       1.3824416788785
 3000.0       1.3964881360494
 3100.0       1.4107294618644
 3200.0       1.4251733748846
 3300.0       1.4398318913089
 3400.0       1.4547152700702
 3500.0       1.4698400315734
 3600.0       1.4852142585128
 3700.0       1.5008477218417
 3800.0       1.5167527419749
 3900.0       1.5329385056804
 4000.0       1.5494145242685
 4100.0       1.5661954925609
 4200.0       1.5832902110543
 4300.0       1.6007083837316
 4400.0       1.6184626389722
 4500.0       1.6365653488133
 4600.0       1.6550270238178
 4700.0       1.6738582878883
 4800.0       1.6930759333576
 4900.0       1.7126920109048
 5000.0       1.7327199219492
 5100.0       1.7531647045779
 5200.0       1.7740575931352
 5300.0       1.7954009202405
 5400.0       1.8172153343451
 5500.0       1.8395178864905
 5600.0       1.8623168888222
 5700.0       1.8856436448458
 5800.0       1.9095049174478
 5900.0       1.9339292185197
 6000.0       1.9589250206155

#P= 31.000000 GPa
    0.0       0.0000000000000
  100.0       0.0531635631132
  200.0       0.2948222658855
  300.0       0.5683835296381
  400.0       0.7471044898617
  500.0       0.8607867049740
  600.0       0.9353953201331
  700.0       0.9875904674230
  800.0       1.0262587122651
  900.0       1.0564948603370
 1000.0       1.0812614905684
 1100.0       1.1023681863523
 1200.0       1.1209615349566
 1300.0       1.1377978438159
 1400.0       1.1533827534471
 1500.0       1.1680687681692
 1600.0       1.1821065698369
 1700.0       1.1956842370368
 1800.0       1.2089362707476
 1900.0       1.2219649806613
 2000.0       1.2348496957369
 2100.0       1.2476528631301
 2200.0       1.2604295953793
 2300.0       1.2732126131134
 2400.0       1.2860413780681
 2500.0       1.2989418368749
 2600.0       1.3119359338640
 2700.0       1.3250472238341
 2800.0       1.3382933436599
 2900.0       1.3516861627502
 3000.0       1.3652454087106
 3100.0       1.3789856388946
 3200.0       1.3929126931628
 3300.0       1.4070419766461
 3400.0       1.4213834518958
 3500.0       1.4359496244972
 3600.0       1.4507487649991
 3700.0       1.4657930867797
 3800.0       1.4810931376728
 3900.0       1.4966544603648
 4000.0       1.5124891660747
 4100.0       1.5286120798586
 4200.0       1.5450281345403
 4300.0       1.5617473144576
 4400.0       1.5787840269065
 4500.0       1.5961471815220
 4600.0       1.6138460162325
 4700.0       1.6318929359875
 4800.0       1.6503021897219
 4900.0       1.6690842512906
 5000.0       1.6882533668932
 5100.0       1.7078116659051
 5200.0       1.7277904755134
 5300.0       1.7481906445962
 5400.0       1.7690316265517
 5500.0       1.7903292191736
 5600.0       1.8120893084634
 5700.0       1.8343436757119
 5800.0       1.8570963292063
 5900.0       1.8803739980868
 6000.0       1.9041844636172

#P= 32.000000 GPa
    0.0       0.0000000000000
  100.0       0.0451680964111
  200.0       0.2802541779493
  300.0       0.5501788220360
  400.0       0.7272406426723
  500.0       0.8400301867377
  600.0       0.9140691202916
  700.0       0.9658337366035
  800.0       1.0041366606057
  900.0       1.0340378850226
 1000.0       1.0584846304566
 1100.0       1.0792795292121
 1200.0       1.0975627475843
 1300.0       1.1140854428329
 1400.0       1.1293508979913
 1500.0       1.1437122972044
 1600.0       1.1574214594164
 1700.0       1.1706636176348
 1800.0       1.1835705727082
 1900.0       1.1962447907653
 2000.0       1.2087684609264
 2100.0       1.2212034085008
 2200.0       1.2336013837517
 2300.0       1.2459941548400
 2400.0       1.2584237118234
 2500.0       1.2709173602520
 2600.0       1.2834932594844
 2700.0       1.2961733008252
 2800.0       1.3089776470058
 2900.0       1.3219195146984
 3000.0       1.3350155163220
 3100.0       1.3482777735685
 3200.0       1.3617153093787
 3300.0       1.3753440407268
 3400.0       1.3891704017202
 3500.0       1.4032055755138
 3600.0       1.4174609045573
 3700.0       1.4319481748441
 3800.0       1.4466738047536
 3900.0       1.4616438826068
 4000.0       1.4768728553464
 4100.0       1.4923733195920
 4200.0       1.5081465354943
 4300.0       1.5242062013371
 4400.0       1.5405657310499
 4500.0       1.5572297644924
 4600.0       1.5742092344853
 4700.0       1.5915167557253
 4800.0       1.6091638061000
 4900.0       1.6271600863461
 5000.0       1.6455210247170
 5100.0       1.6642450722885
 5200.0       1.6833640820968
 5300.0       1.7028779273409
 5400.0       1.7228044703639
 5500.0       1.7431585104785
 5600.0       1.7639441304747
 5700.0       1.7851929232126
 5800.0       1.8069067418694
 5900.0       1.8291112254354
 6000.0       1.8518120629220

#P= 33.000000 GPa
    0.0       0.0000000000000
  100.0       0.0373789158878
  200.0       0.2660805751816
  300.0       0.5324577202237
  400.0       0.7078964414425
  500.0       0.8198162260075
  600.0       0.8933009576163
  700.0       0.9446475981353
  800.0       0.9825976765451
  900.0       1.0121793735574
 1000.0       1.0363225781433
 1100.0       1.0568192313353
 1200.0       1.0748037004751
 1300.0       1.0910251023659
 1400.0       1.1059874006616
 1500.0       1.1200418752561
 1600.0       1.1334368764777
 1700.0       1.1463563777834
 1800.0       1.1589333586682
 1900.0       1.1712724390680
 2000.0       1.1834535580419
 2100.0       1.1955355925023
 2200.0       1.2075706103667
 2300.0       1.2195930807253
 2400.0       1.2316451296467
 2500.0       1.2437504177952
 2600.0       1.2559258841741
 2700.0       1.2681962503820
 2800.0       1.2805830084305
 2900.0       1.2930956359526
 3000.0       1.3057488431817
 3100.0       1.3185576622533
 3200.0       1.3315322127013
 3300.0       1.3446850225291
 3400.0       1.3580205397992
 3500.0       1.3715528063494
 3600.0       1.3852939083584
 3700.0       1.3992518991972
 3800.0       1.4134318701106
 3900.0       1.4278431944773
 4000.0       1.4424993605093
 4100.0       1.4574089780972
 4200.0       1.4725744649668
 4300.0       1.4880111837891
 4400.0       1.5037300455103
 4500.0       1.5197329116563
 4600.0       1.5360337869366
 4700.0       1.5526437391475
 4800.0       1.5695707325906
 4900.0       1.5868265377278
 5000.0       1.6044262374531
 5100.0       1.6223636799536
 5200.0       1.6406733690497
 5300.0       1.6593537360295
 5400.0       1.6784200835995
 5500.0       1.6978874744421
 5600.0       1.7177579036099
 5700.0       1.7380625772649
 5800.0       1.7588019592165
 5900.0       1.7800004422047
 6000.0       1.8016615091736

#P= 34.000000 GPa
    0.0       0.0000000000000
  100.0       0.0297884756446
  200.0       0.2522873664040
  300.0       0.5152027110335
  400.0       0.6890507344332
  500.0       0.8001202878511
  600.0       0.8730659366478
  700.0       0.9240104640637
  800.0       0.9616234080225
  900.0       0.9908985467789
 1000.0       1.0147487219132
 1100.0       1.0349578841739
 1200.0       1.0526577628463
 1300.0       1.0685944989725
 1400.0       1.0832678708886
 1500.0       1.0970269375616
 1600.0       1.1101199658353
 1700.0       1.1227328636898
 1800.0       1.1349982029376
 1900.0       1.1470173476184
 2000.0       1.1588689859318
 2100.0       1.1706134068304
 2200.0       1.1823052163152
 2300.0       1.1939766148977
 2400.0       1.2056670124628
 2500.0       1.2174000491679
 2600.0       1.2291956820966
 2700.0       1.2410786735645
 2800.0       1.2530669011050
 2900.0       1.2651687412069
 3000.0       1.2774014916859
 3100.0       1.2897816412556
 3200.0       1.3023154157011
 3300.0       1.3150137949836
 3400.0       1.3278836930020
 3500.0       1.3409405844893
 3600.0       1.3541930100536
 3700.0       1.3676466508326
 3800.0       1.3813101872534
 3900.0       1.3951932631287
 4000.0       1.4093053209340
 4100.0       1.4236543275845
 4200.0       1.4382456582581
 4300.0       1.4530933424212
 4400.0       1.4682043836528
 4500.0       1.4835826021973
 4600.0       1.4992428937668
 4700.0       1.5151930942166
 4800.0       1.5314397753797
 4900.0       1.5479973027819
 5000.0       1.5648789437332
 5100.0       1.5820741294225
 5200.0       1.5996214460197
 5300.0       1.6175171902748
 5400.0       1.6357731296025
 5500.0       1.6544063868187
 5600.0       1.6734168347225
 5700.0       1.6928340077164
 5800.0       1.7126581236141
 5900.0       1.7329124742358
 6000.0       1.7535989402704

#P= 35.000000 GPa
    0.0       0.0000000000000
  100.0       0.0223892079816
  200.0       0.2388587359195
  300.0       0.4983939632413
  400.0       0.6706834802482
  500.0       0.7809248770496
  600.0       0.8533483093365
  700.0       0.9039034468029
  800.0       0.9411895702404
  900.0       0.9701684597865
 1000.0       0.9937387105695
 1100.0       1.0136757094638
 1200.0       1.0311044660933
 1300.0       1.0467671400327
 1400.0       1.0611620600016
 1500.0       1.0746391660103
 1600.0       1.0874469744590
 1700.0       1.0997684081023
 1800.0       1.1117341231897
 1900.0       1.1234455352800
 2000.0       1.1349837619316
 2100.0       1.1464094700993
 2200.0       1.1577738143746
 2300.0       1.1691078178767
 2400.0       1.1804521368476
 2500.0       1.1918330783997
 2600.0       1.2032686710776
 2700.0       1.2147807352152
 2800.0       1.2263871945323
 2900.0       1.2380992850361
 3000.0       1.2499345519156
 3100.0       1.2619056555836
 3200.0       1.2740178542640
 3300.0       1.2862850027269
 3400.0       1.2987146409877
 3500.0       1.3113191178017
 3600.0       1.3241050042976
 3700.0       1.3370807980812
 3800.0       1.3502562516367
 3900.0       1.3636369560404
 4000.0       1.3772312880203
 4100.0       1.3910501188045
 4200.0       1.4050985233771
 4300.0       1.4193869632245
 4400.0       1.4339218312995
 4500.0       1.4487099416085
 4600.0       1.4637646500360
 4700.0       1.4790894058788
 4800.0       1.4946939213750
 4900.0       1.5105925767766
 5000.0       1.5267950973853
 5100.0       1.5432898507307
 5200.0       1.5601186532511
 5300.0       1.5772743642278
 5400.0       1.5947663528338
 5500.0       1.6126142163828
 5600.0       1.6308154179596
 5700.0       1.6493972479297
 5800.0       1.6683609322778
 5900.0       1.6877287501091
 6000.0       1.7074988498888

#P= 36.000000 GPa
    0.0       0.0000000000000
  100.0       0.0151741162405
  200.0       0.2257822394484
  300.0       0.4820174277210
  400.0       0.6527795791607
  500.0       0.7622112452432
  600.0       0.8341249366326
  700.0       0.8843022882985
  800.0       0.9212750074282
  900.0       0.9499720604339
 1000.0       0.9732747180539
 1100.0       0.9929492451202
 1200.0       1.0101161111888
 1300.0       1.0255165885966
 1400.0       1.0396483502209
 1500.0       1.0528579924482
 1600.0       1.0653916565050
 1700.0       1.0774320921137
 1800.0       1.0891112428033
 1900.0       1.1005319330690
 2000.0       1.1117727167388
 2100.0       1.1228922370167
 2200.0       1.1339416359697
 2300.0       1.1449543155021
 2400.0       1.1559717922445
 2500.0       1.1670172721874
 2600.0       1.1781070417811
 2700.0       1.1892640875765
 2800.0       1.2005092140294
 2900.0       1.2118519969285
 3000.0       1.2233070138530
 3100.0       1.2348864193162
 3200.0       1.2465987221568
 3300.0       1.2584579767227
 3400.0       1.2704680365696
 3500.0       1.2826398074934
 3600.0       1.2949830420407
 3700.0       1.3075072209038
 3800.0       1.3202182077277
 3900.0       1.3331201323773
 4000.0       1.3462236823360
 4100.0       1.3595412017031
 4200.0       1.3730739478053
 4300.0       1.3868303718834
 4400.0       1.4008208093326
 4500.0       1.4150512122285
 4600.0       1.4295307876744
 4700.0       1.4442634774752
 4800.0       1.4592615002453
 4900.0       1.4745373475051
 5000.0       1.4900967914972
 5100.0       1.5059304650961
 5200.0       1.5220816474478
 5300.0       1.5385379653097
 5400.0       1.5553094926740
 5500.0       1.5724175897969
 5600.0       1.5898558930064
 5700.0       1.6076508796601
 5800.0       1.6258051000471
 5900.0       1.6443390401853
 6000.0       1.6632471728598

#P= 37.000000 GPa
    0.0       0.0000000000000
  100.0       0.0081364364020
  200.0       0.2130439391665
  300.0       0.4660546750225
  400.0       0.6353185646084
  500.0       0.7439594362554
  600.0       0.8153790364865
  700.0       0.8651928268183
  800.0       0.9018632162420
  900.0       0.9302872254397
 1000.0       0.9533311331791
 1100.0       0.9727546232563
 1200.0       0.9896737924846
 1300.0       1.0048252885702
 1400.0       1.0187039007638
 1500.0       1.0316551912721
 1600.0       1.0439260673926
 1700.0       1.0557006067085
 1800.0       1.0671084634356
 1900.0       1.0782503181419
 2000.0       1.0892042704818
 2100.0       1.1000304572605
 2200.0       1.1107821210472
 2300.0       1.1214902229912
 2400.0       1.1321941142606
 2500.0       1.1429168260995
 2600.0       1.1536769593434
 2700.0       1.1644988141502
 2800.0       1.1753999620642
 2900.0       1.1863881824194
 3000.0       1.1974791773555
 3100.0       1.2086878713238
 3200.0       1.2200214093506
 3300.0       1.2314906182209
 3400.0       1.2430990164843
 3500.0       1.2548604742334
 3600.0       1.2667852157402
 3700.0       1.2788787615744
 3800.0       1.2911460185953
 3900.0       1.3035937991485
 4000.0       1.3162336285858
 4100.0       1.3290744810423
 4200.0       1.3421154161674
 4300.0       1.3553684498659
 4400.0       1.3688442023193
 4500.0       1.3825446410185
 4600.0       1.3964779307653
 4700.0       1.4106511960280
 4800.0       1.4250760652132
 4900.0       1.4397607324301
 5000.0       1.4547120540494
 5100.0       1.4699217829799
 5200.0       1.4854323396751
 5300.0       1.5012270378694
 5400.0       1.5173190394399
 5500.0       1.5337296496923
 5600.0       1.5504473541383
 5700.0       1.5675010406267
 5800.0       1.5848931596049
 5900.0       1.6026411890144
 6000.0       1.6207379694491

#P= 38.000000 GPa
    0.0       0.0000000000000
  100.0       0.0012697555088
  200.0       0.2006318434400
  300.0       0.4504924028749
  400.0       0.6182877512548
  500.0       0.7261560809945
  600.0       0.7970935119248
  700.0       0.8465532325654
  800.0       0.8829309427805
  900.0       0.9110938168154
 1000.0       0.9338923121095
 1100.0       0.9530762540994
 1200.0       0.9697564942016
 1300.0       0.9846672119135
 1400.0       0.9983030901534
 1500.0       1.0110099237559
 1600.0       1.0230321117882
 1700.0       1.0345515122422
 1800.0       1.0456973424870
 1900.0       1.0565713495203
 2000.0       1.0672534958655
 2100.0       1.0778024203516
 2200.0       1.0882689027406
 2300.0       1.0986832970524
 2400.0       1.1090866508661
 2500.0       1.1195038316201
 2600.0       1.1299518007198
 2700.0       1.1404523541364
 2800.0       1.1510226907749
 2900.0       1.1616727585019
 3000.0       1.1724198727530
 3100.0       1.1832760061382
 3200.0       1.1942460521356
 3300.0       1.2053420830272
 3400.0       1.2165701219375
 3500.0       1.2279431375262
 3600.0       1.2394679667676
 3700.0       1.2511494991972
 3800.0       1.2629959462628
 3900.0       1.2750142046539
 4000.0       1.2872124373620
 4100.0       1.2995981882569
 4200.0       1.3121728776552
 4300.0       1.3249501072410
 4400.0       1.3379364082669
 4500.0       1.3511321275639
 4600.0       1.3645486731054
 4700.0       1.3781932233829
 4800.0       1.3920736880984
 4900.0       1.4061973314943
 5000.0       1.4205741588294
 5100.0       1.4351944860472
 5200.0       1.4500973368875
 5300.0       1.4652666242482
 5400.0       1.4807178735368
 5500.0       1.4964690942551
 5600.0       1.5125058424841
 5700.0       1.5288606501322
 5800.0       1.5455342747397
 5900.0       1.5625411435213
 6000.0       1.5798732709800

#P= 39.000000 GPa
    0.0       0.0000000000000
  100.0      -0.0054319474190
  200.0       0.1885341580088
  300.0       0.4353151807452
  400.0       0.6016686629232
  500.0       0.7087809056984
  600.0       0.7792493655304
  700.0       0.8283681932856
  800.0       0.8644654850152
  900.0       0.8923769421503
 1000.0       0.9149375909543
 1100.0       0.9338898305857
 1200.0       0.9503415835222
 1300.0       0.9650246925308
 1400.0       0.9784303036397
 1500.0       0.9909020379108
 1600.0       1.0026836696905
 1700.0       1.0139578320229
 1800.0       1.0248552544104
 1900.0       1.0354761210706
 2000.0       1.0458981566305
 2100.0       1.0561794686500
 2200.0       1.0663715997849
 2300.0       1.0765071826560
 2400.0       1.0866265172933
 2500.0       1.0967516474797
 2600.0       1.1068989357788
 2700.0       1.1170910676253
 2800.0       1.1273479445917
 2900.0       1.1376781375793
 3000.0       1.1480959857818
 3100.0       1.1586130920859
 3200.0       1.1692363837284
 3300.0       1.1799797385867
 3400.0       1.1908462664790
 3500.0       1.2018469168158
 3600.0       1.2129890761913
 3700.0       1.2242804852824
 3800.0       1.2357285752837
 3900.0       1.2473367918070
 4000.0       1.2591126019638
 4100.0       1.2710666812735
 4200.0       1.2832009366840
 4300.0       1.2955249014303
 4400.0       1.3080442121140
 4500.0       1.3207618241554
 4600.0       1.3336899414580
 4700.0       1.3468319820339
 4800.0       1.3601943096333
 4900.0       1.3737874077406
 5000.0       1.3876214485627
 5100.0       1.4016822401851
 5200.0       1.4160088509945
 5300.0       1.4305877018935
 5400.0       1.4454334815037
 5500.0       1.4605599379156
 5600.0       1.4759535168505
 5700.0       1.4916491913014
 5800.0       1.5076442232331
 5900.0       1.5239511533149
 6000.0       1.5405624680268

#P= 40.000000 GPa
    0.0       0.0000000000000
  100.0      -0.0119744727385
  200.0       0.1767391911993
  300.0       0.4205093196865
  400.0       0.5854488063088
  500.0       0.6918226729911
  600.0       0.7618343843749
  700.0       0.8106212334652
  800.0       0.8464457839406
  900.0       0.8741146480758
 1000.0       0.8964485300203
 1100.0       0.9151813522755
 1200.0       0.9314150575369
 1300.0       0.9458783097719
 1400.0       0.9590609578790
 1500.0       0.9713071068479
 1600.0       0.9828610728741
 1700.0       0.9939033333668
 1800.0       1.0045626751098
 1900.0       1.0149387371095
 2000.0       1.0251101646587
 2100.0       1.0351370960330
 2200.0       1.0450701449434
 2300.0       1.0549397660363
 2400.0       1.0647850193491
 2500.0       1.0746289684083
 2600.0       1.0844902120972
 2700.0       1.0943910359135
 2800.0       1.1043489218639
 2900.0       1.1143710839479
 3000.0       1.1244726528255
 3100.0       1.1346682068458
 3200.0       1.1449638230983
 3300.0       1.1553698080234
 3400.0       1.1658889047534
 3500.0       1.1765340168245
 3600.0       1.1873145313359
 3700.0       1.1982355484531
 3800.0       1.2093020493744
 3900.0       1.2205178687373
 4000.0       1.2318937148275
 4100.0       1.2434393572123
 4200.0       1.2551531160730
 4300.0       1.2670440411173
 4400.0       1.2791205980613
 4500.0       1.2913863235007
 4600.0       1.3038496250379
 4700.0       1.3165124222594
 4800.0       1.3293840941302
 4900.0       1.3424759089035
 5000.0       1.3557943023107
 5100.0       1.3693228344142
 5200.0       1.3831049009415
 5300.0       1.3971262139344
 5400.0       1.4113970401510
 5500.0       1.4259317327187
 5600.0       1.4407184569604
 5700.0       1.4557916201868
 5800.0       1.4711439784863
 5900.0       1.4867897679143
 6000.0       1.5027240486169

