# T (K)      B_S (GPa)
# P = 0.000000 (GPa)
    1.0     180.8408874116483
  100.0     180.6510924668101
  200.0     179.7946264601028
  300.0     178.7273883760239
  400.0     177.4740835745792
  500.0     176.1834777920511
  600.0     174.8388949821723
  700.0     173.4771639289692
  800.0     172.0993104085075
  900.0     170.7142031060614
 1000.0     169.3244376928544
 1100.0     167.9329169331168
 1200.0     166.5412862984831
 1300.0     165.1509367437914
 1400.0     163.7627757522523
 1500.0     162.3777049353850
 1600.0     160.9962416021641
 1700.0     159.6191283757119
 1800.0     158.2465019684544
 1900.0     156.8792584807896
 2000.0     155.5172420990837
 2100.0     154.1613765024349
 2200.0     152.8114283196795
 2300.0     151.4681746293465
 2400.0     150.1319243861650
 2500.0     148.8025415118780
 2600.0     147.4808654995289
 2700.0     146.1670770408068
 2800.0     144.8615748324417
 2900.0     143.5641528407255
 3000.0     142.2763529922026
 3100.0     140.9971207115998
 3200.0     139.7281313693163
 3300.0     138.4687411670887
 3400.0     137.2199656756736
 3500.0     135.9825568252017
 3600.0     134.7561836406869
 3700.0     133.5414562808859
 3800.0     132.3398062723411
 3900.0     131.1502711893050
 4000.0     129.9751975290459
 4100.0     128.8137805678338
 4200.0     127.6665790558295
 4300.0     126.5365265250766
 4400.0     125.4206592052065
 4500.0     124.3232878178906
 4600.0     123.2428872834070
 4700.0     122.1804065268608
 4800.0     121.1368597694501
 4900.0     120.1064020879066
 5000.0     119.0925743604457
 5100.0     118.0800848121792
 5200.0     117.1048283193215
 5300.0     116.0996378070935
 5400.0     115.1328803261455
 5500.0     114.1160209818706
 5600.0     113.1736292556964
 5700.0     112.1705781008124
 5800.0     111.1938372240894
 5900.0     110.1450716980958
 6000.0     109.1013971076978
# P = 1.000000 (GPa)
    1.0     184.7806660718784
  100.0     184.5849372390648
  200.0     183.7205472121797
  300.0     182.6430999550706
  400.0     181.3827754654389
  500.0     180.0843846146293
  600.0     178.7322870729158
  700.0     177.3626968971133
  800.0     175.9768466391438
  900.0     174.5835339275642
 1000.0     173.1853863309149
 1100.0     171.7852970868488
 1200.0     170.3849188655417
 1300.0     168.9856322534759
 1400.0     167.5883451370718
 1500.0     166.1939455905529
 1600.0     164.8029372026438
 1700.0     163.4160566389567
 1800.0     162.0334173480527
 1900.0     160.6559086849767
 2000.0     159.2833553243908
 2100.0     157.9166582918564
 2200.0     156.5555931196435
 2300.0     155.2008673797350
 2400.0     153.8528392732539
 2500.0     152.5113043398503
 2600.0     151.1770782914072
 2700.0     149.8503453489105
 2800.0     148.5314591027996
 2900.0     147.2202026037060
 3000.0     145.9180746601452
 3100.0     144.6240279567410
 3200.0     143.3396572173314
 3300.0     142.0643290824312
 3400.0     140.7990088150392
 3500.0     139.5443714042179
 3600.0     138.3001227962761
 3700.0     137.0668109812252
 3800.0     135.8457778571132
 3900.0     134.6360591520146
 4000.0     133.4399013525815
 4100.0     132.2564912608270
 4200.0     131.0863375381626
 4300.0     129.9321822679135
 4400.0     128.7912299898144
 4500.0     127.6674664702549
 4600.0     126.5593839966513
 4700.0     125.4685123139212
 4800.0     124.3978133684932
 4900.0     123.3432430753103
 5000.0     122.3087953315657
 5100.0     121.2826695579250
 5200.0     120.2924553126527
 5300.0     119.2821598510649
 5400.0     118.3171410295124
 5500.0     117.3173772593485
 5600.0     116.3706543614895
 5700.0     115.3916664020493
 5800.0     114.4335442558597
 5900.0     113.4317858054568
 6000.0     112.4417041104727
# P = 2.000000 (GPa)
    1.0     188.7204522113178
  100.0     188.5189153744811
  200.0     187.6468725087520
  300.0     186.5594439115564
  400.0     185.2922031937025
  500.0     183.9861690707083
  600.0     182.6267090404573
  700.0     181.2494360581218
  800.0     179.8557707904704
  900.0     178.4544527875715
 1000.0     177.0481393307157
 1100.0     175.6397159178156
 1200.0     174.2308417359584
 1300.0     172.8228885763270
 1400.0     171.4167595981144
 1500.0     170.0133178955608
 1600.0     168.6130866218726
 1700.0     167.2167527761528
 1800.0     165.8244607893159
 1900.0     164.4370394881612
 2000.0     163.0543428829054
 2100.0     161.6772289334660
 2200.0     160.3054739223565
 2300.0     158.9397631541119
 2400.0     157.5803882706245
 2500.0     156.2272351956566
 2600.0     154.8809887110255
 2700.0     153.5418818792196
 2800.0     152.2102173186989
 2900.0     150.8857741913531
 3000.0     149.5699792620452
 3100.0     148.2618487963024
 3200.0     146.9628349392271
 3300.0     145.6723746025250
 3400.0     144.3913716337608
 3500.0     143.1204316264690
 3600.0     141.8592670172764
 3700.0     140.6083762881479
 3800.0     139.3690522783130
 3900.0     138.1403196099001
 4000.0     136.9243223747459
 4100.0     135.7202309601446
 4200.0     134.5285508594392
 4300.0     133.3518256945541
 4400.0     132.1873891554691
 4500.0     131.0389965545752
 4600.0     129.9051549015809
 4700.0     128.7872959008778
 4800.0     127.6881682153205
 4900.0     126.6041676295264
 5000.0     125.5408391571171
 5100.0     124.4900782404809
 5200.0     123.4766908355287
 5300.0     122.4503891887590
 5400.0     121.4735656769544
 5500.0     120.4740593987902
 5600.0     119.5178430496864
 5700.0     118.5482495974593
 5800.0     117.5986553412266
 5900.0     116.6260720182160
 6000.0     115.6727500879330
# P = 3.000000 (GPa)
    1.0     192.6602369502638
  100.0     192.4530352362573
  200.0     191.5735689917297
  300.0     190.4763933582223
  400.0     189.2023389970864
  500.0     187.8887965364365
  600.0     186.5221129829417
  700.0     185.1373239342958
  800.0     183.7360176044465
  900.0     182.3268943429196
 1000.0     180.9126200057553
 1100.0     179.4960922242096
 1200.0     178.0789586755883
 1300.0     176.6625845219200
 1400.0     175.2478737508971
 1500.0     173.8356847137902
 1600.0     172.4265127851630
 1700.0     171.0210481620669
 1800.0     169.6194266675701
 1900.0     168.2224471744406
 2000.0     166.8299740325788
 2100.0     165.4428147432667
 2200.0     164.0607730260805
 2300.0     162.6844841738602
 2400.0     161.3142633033353
 2500.0     159.9499233500684
 2600.0     158.5922022563632
 2700.0     157.2412293523464
 2800.0     155.8973364002125
 2900.0     154.5603324205114
 3000.0     153.2314888462550
 3100.0     151.9099133958521
 3200.0     150.5970076871752
 3300.0     149.2921498625795
 3400.0     147.9962188366948
 3500.0     146.7098239596944
 3600.0     145.4326349207048
 3700.0     144.1651042218935
 3800.0     142.9084843642849
 3900.0     141.6617986123880
 4000.0     140.4270914078612
 4100.0     139.2035431785985
 4200.0     137.9916238146280
 4300.0     136.7936918127755
 4400.0     135.6072396158900
 4500.0     134.4357956594900
 4600.0     133.2778830029480
 4700.0     132.1348375432621
 4800.0     131.0092599275219
 4900.0     129.8976469758699
 5000.0     128.8052705305194
 5100.0     127.7243652981202
 5200.0     126.6800110911967
 5300.0     125.6273119896817
 5400.0     124.6266664041359
 5500.0     123.6122807374985
 5600.0     122.6389972268384
 5700.0     121.6643757417895
 5800.0     120.7117563304173
 5900.0     119.7508363581652
 6000.0     118.8167423120191
# P = 4.000000 (GPa)
    1.0     196.6000293594852
  100.0     196.3872814867832
  200.0     195.5006344302728
  300.0     194.3939397532397
  400.0     193.1131585897481
  500.0     191.7922407697021
  600.0     190.4184599987290
  700.0     189.0263045456940
  800.0     187.6175384027441
  900.0     186.2007868320930
 1000.0     184.7787581431775
 1100.0     183.3543315013777
 1200.0     181.9291640154281
 1300.0     180.5046074806400
 1400.0     179.0815769934640
 1500.0     177.6608944015229
 1600.0     176.2430720485154
 1700.0     174.8287716231934
 1800.0     173.4181327805355
 1900.0     172.0119256494158
 2000.0     170.6100118618073
 2100.0     169.2131821535126
 2200.0     167.8212457837998
 2300.0     166.4347937319255
 2400.0     165.0541209133307
 2500.0     163.6790781581222
 2600.0     162.3103100083960
 2700.0     160.9479909185073
 2800.0     159.5924181768579
 2900.0     158.2433376901916
 3000.0     156.9020671506162
 3100.0     155.5676756672924
 3200.0     154.2414771722403
 3300.0     152.9229642097813
 3400.0     151.6128435110292
 3500.0     150.3117327602154
 3600.0     149.0193509066884
 3700.0     147.7360679047225
 3800.0     146.4630528545416
 3900.0     145.1993909229422
 4000.0     143.9470120353657
 4100.0     142.7051143741865
 4200.0     141.4741132843392
 4300.0     140.2562507374745
 4400.0     139.0491132418439
 4500.0     137.8560187016438
 4600.0     136.6755526785090
 4700.0     135.5089517566728
 4800.0     134.3586677054514
 4900.0     133.2213223409334
 5000.0     132.1019026094611
 5100.0     130.9929690109577
 5200.0     129.9182435264622
 5300.0     128.8351859362020
 5400.0     127.8018987543439
 5500.0     126.7595842893053
 5600.0     125.7600843215189
 5700.0     124.7667761277908
 5800.0     123.7989787489390
 5900.0     122.8331050644797
 6000.0     121.9009190147964
# P = 5.000000 (GPa)
    1.0     200.5398322296806
  100.0     200.3216623352025
  200.0     199.4280765769241
  300.0     198.3120664230337
  400.0     197.0246456590555
  500.0     195.6964675337555
  600.0     194.3157243376612
  700.0     192.9163505775554
  800.0     191.5002833441832
  900.0     190.0760772526854
 1000.0     188.6464853095761
 1100.0     187.2143604014388
 1200.0     185.7813707318590
 1300.0     184.3488696426839
 1400.0     182.9177491175262
 1500.0     181.4888373777227
 1600.0     180.0626233375564
 1700.0     178.6397752382764
 1800.0     177.2204136948872
 1900.0     175.8052862798250
 2000.0     174.3942696434460
 2100.0     172.9881141651999
 2200.0     171.5866287693055
 2300.0     170.1903874116714
 2400.0     168.7996663838502
 2500.0     167.4143317461113
 2600.0     166.0349836369081
 2700.0     164.6617779879314
 2800.0     163.2949870700662
 2900.0     161.9344111135467
 3000.0     160.5812214636478
 3100.0     159.2345921333236
 3200.0     157.8957479139554
 3300.0     156.5641387152685
 3400.0     155.2405380682422
 3500.0     153.9254498605104
 3600.0     152.6185982702277
 3700.0     151.3203644906451
 3800.0     150.0318460043988
 3900.0     148.7520945618500
 4000.0     147.4829875831118
 4100.0     146.2237528633460
 4200.0     144.9747531340799
 4300.0     143.7380803356301
 4400.0     142.5114759635593
 4500.0     141.2980450170532
 4600.0     140.0964010005464
 4700.0     138.9077119355975
 4800.0     137.7342902775756
 4900.0     136.5728868536615
 5000.0     135.4282342578673
 5100.0     134.2931672227892
 5200.0     133.1901968686990
 5300.0     132.0790256115655
 5400.0     131.0144787529729
 5500.0     129.9409752068690
 5600.0     128.9078859376286
 5700.0     127.8836435044025
 5800.0     126.8885855206326
 5900.0     125.9025341362521
 6000.0     124.9559374151105
# P = 6.000000 (GPa)
    1.0     204.4796336058373
  100.0     204.2561749754325
  200.0     203.3558743535964
  300.0     202.2307612626668
  400.0     200.9367944087913
  500.0     199.6014782391207
  600.0     198.2138805893825
  700.0     196.8074279971006
  800.0     195.3842038371696
  900.0     193.9527115450931
 1000.0     192.5157250257974
 1100.0     191.0760986935177
 1200.0     189.6355021003364
 1300.0     188.1952661523043
 1400.0     186.7562826791612
 1500.0     185.3193806357669
 1600.0     183.8850366645706
 1700.0     182.4538990684241
 1800.0     181.0260938035619
 1900.0     179.6023437143513
 2000.0     178.1825384153673
 2100.0     176.7673782217190
 2200.0     175.3566964348063
 2300.0     173.9510255869203
 2400.0     172.5506485165396
 2500.0     171.1554148962026
 2600.0     169.7658901916877
 2700.0     168.3822295922919
 2800.0     167.0047088420575
 2900.0     165.6330781284359
 3000.0     164.2685124466526
 3100.0     162.9101633887259
 3200.0     161.5592281656593
 3300.0     160.2151795265621
 3400.0     158.8786885962467
 3500.0     157.5502998452804
 3600.0     156.2297055927455
 3700.0     154.9172260357875
 3800.0     153.6139699187257
 3900.0     152.3189749062954
 4000.0     151.0340261064813
 4100.0     149.7583735808633
 4200.0     148.4923704523582
 4300.0     147.2379492130567
 4400.0     145.9929734610404
 4500.0     144.7603708004430
 4600.0     143.5388215293304
 4700.0     142.3293901305672
 4800.0     141.1342542809346
 4900.0     139.9502993202019
 5000.0     138.7820511637239
 5100.0     137.6225768596545
 5200.0     136.4932712377911
 5300.0     135.3559034512157
 5400.0     134.2622941817111
 5500.0     133.1598996202989
 5600.0     132.0952684219581
 5700.0     131.0385599671863
 5800.0     130.0090575650954
 5900.0     128.9902968131381
 6000.0     128.0138849219261
# P = 7.000000 (GPa)
    1.0     208.4194364402092
  100.0     208.1908157665611
  200.0     207.2840228687644
  300.0     206.1500156524765
  400.0     204.8495756178891
  500.0     203.5072261238339
  600.0     202.1129015218680
  700.0     200.6994962903011
  800.0     199.2692684248473
  900.0     197.8306504367783
 1000.0     196.3864494861443
 1100.0     194.9395030615442
 1200.0     193.4914731507694
 1300.0     192.0437109015658
 1400.0     190.5970873800322
 1500.0     189.1524222816727
 1600.0     187.7101833628153
 1700.0     186.2710158277259
 1800.0     184.8350444714074
 1900.0     183.4029513735516
 2000.0     181.9746425301092
 2100.0     180.5507871315853
 2200.0     179.1312333175939
 2300.0     177.7164783763083
 2400.0     176.3067935912437
 2500.0     174.9020383430826
 2600.0     173.5027352632530
 2700.0     172.1090452920770
 2800.0     170.7212078578809
 2900.0     169.3390083131959
 3000.0     167.9635182641034
 3100.0     166.5939752015722
 3200.0     165.2314711824192
 3300.0     163.8755063530263
 3400.0     162.5267457631864
 3500.0     161.1856490543735
 3600.0     159.8519553882700
 3700.0     158.5259698681907
 3800.0     157.2086823297241
 3900.0     155.8992158271571
 4000.0     154.5992429177224
 4100.0     153.3080231486036
 4200.0     152.0259111598000
 4300.0     150.7547184697430
 4400.0     149.4923734107466
 4500.0     148.2417050828809
 4600.0     147.0013846467870
 4700.0     145.7724222990721
 4800.0     144.5568917547783
 4900.0     143.3517738289806
 5000.0     142.1613805730865
 5100.0     140.9790597680291
 5200.0     139.8251313900716
 5300.0     138.6632903227806
 5400.0     137.5426161767344
 5500.0     136.4133308458134
 5600.0     135.3193995413153
 5700.0     134.2326080728730
 5800.0     133.1711451718401
 5900.0     132.1192322939692
 6000.0     131.1072155323404
# P = 8.000000 (GPa)
    1.0     212.3592494228307
  100.0     212.1255872573865
  200.0     211.2125213982780
  300.0     210.0698163997343
  400.0     208.7629889483367
  500.0     207.4137072987733
  600.0     206.0127582579543
  700.0     204.5925406597342
  800.0     203.1554429975177
  900.0     201.7098518352700
 1000.0     200.2585916510558
 1100.0     198.8044984163931
 1200.0     197.3492299563650
 1300.0     195.8941368932333
 1400.0     194.4400677149243
 1500.0     192.9878591924015
 1600.0     191.5379668771920
 1700.0     190.0910045926038
 1800.0     188.6471136007964
 1900.0     187.2069399701087
 2000.0     185.7704121750583
 2100.0     184.3381492150969
 2200.0     182.9100382319677
 2300.0     181.4865162693542
 2400.0     180.0678674815774
 2500.0     178.6539391206871
 2600.0     177.2452285903390
 2700.0     175.8418915323949
 2800.0     174.4441658234329
 2900.0     173.0518033128434
 3000.0     171.6658579004360
 3100.0     170.2855859789725
 3200.0     168.9120115839898
 3300.0     167.5446863634295
 3400.0     166.1841798069057
 3500.0     164.8309710407147
 3600.0     163.4847926653327
 3700.0     162.1458976197011
 3800.0     160.8152888088210
 3900.0     159.4920356467159
 4000.0     158.1777933801629
 4100.0     156.8718256100472
 4200.0     155.5744289141721
 4300.0     154.2873585559861
 4400.0     153.0086232517542
 4500.0     151.7408449368071
 4600.0     150.4828066621707
 4700.0     149.2354278320439
 4800.0     148.0006915367525
 4900.0     146.7756540928111
 5000.0     145.5644799057073
 5100.0     144.3607072470890
 5200.0     143.1837223079740
 5300.0     141.9989827266400
 5400.0     140.8530042489572
 5500.0     139.6986557940721
 5600.0     138.5774036905292
 5700.0     137.4626363580927
 5800.0     136.3715162898973
 5900.0     135.2888333070412
 6000.0     134.2442177649910
# P = 9.000000 (GPa)
    1.0     216.2990592491946
  100.0     216.0604845187524
  200.0     215.1413661918174
  300.0     213.9901477429696
  400.0     212.6770193284414
  500.0     211.3209104340161
  600.0     209.9134392119414
  700.0     208.4865230475574
  800.0     207.0426915115314
  900.0     205.5902687063464
 1000.0     204.1321063337793
 1100.0     202.6710377711115
 1200.0     201.2087059294777
 1300.0     199.7464587062238
 1400.0     198.2851633678231
 1500.0     196.8256116080588
 1600.0     195.3682752199314
 1700.0     193.9137461390360
 1800.0     192.4621726330331
 1900.0     191.0141822138094
 2000.0     189.5696919191155
 2100.0     188.1293227584407
 2200.0     186.6929215607404
 2300.0     185.2609503953648
 2400.0     183.8336485480965
 2500.0     182.4108887229866
 2600.0     180.9931298534610
 2700.0     179.5805298155120
 2800.0     178.1732700306977
 2900.0     176.7711678118561
 3000.0     175.3751845449577
 3100.0     173.9846207909318
 3200.0     172.6004658498153
 3300.0     171.2222325114600
 3400.0     169.8505078973196
 3500.0     168.4857279278004
 3600.0     167.1276272139181
 3700.0     165.7764399259248
 3800.0     164.4331216815947
 3900.0     163.0967778278250
 4000.0     161.7689495416197
 4100.0     160.4489566043789
 4200.0     159.1370776987908
 4300.0     157.8349041035287
 4400.0     156.5406372203799
 4500.0     155.2567112303304
 4600.0     153.9819001363043
 4700.0     152.7171477588051
 4800.0     151.4642939791075
 4900.0     150.2205071910076
 5000.0     148.9897473660267
 5100.0     147.7658272265729
 5200.0     146.5671938449987
 5300.0     145.3609917148533
 5400.0     144.1913327094216
 5500.0     143.0135137795268
 5600.0     141.8667913437970
 5700.0     140.7259293644217
 5800.0     139.6071875271979
 5900.0     138.4959172300124
 6000.0     137.4210374482954
# P = 10.000000 (GPa)
    1.0     220.2388738486983
  100.0     219.9955058342473
  200.0     219.0705412025867
  300.0     217.9110030675495
  400.0     216.5916400465636
  500.0     215.2288010713218
  600.0     213.8149178923154
  700.0     212.3814188922579
  800.0     210.9309849286195
  900.0     209.4718727477678
 1000.0     208.0069583223727
 1100.0     206.5390666946587
 1200.0     205.0698381123686
 1300.0     203.6006251532313
 1400.0     202.1322822392089
 1500.0     200.6655835292551
 1600.0     199.2010110551730
 1700.0     197.7391411980348
 1800.0     196.2801165176411
 1900.0     194.8245436942095
 2000.0     193.3723400013643
 2100.0     191.9241179407804
 2200.0     190.4797115857563
 2300.0     189.0395821373190
 2400.0     187.6039283539760
 2500.0     186.1726592701521
 2600.0     184.7461794907666
 2700.0     183.3246405757985
 2800.0     181.9082435912728
 2900.0     180.4967761668820
 3000.0     179.0911669048530
 3100.0     177.6907449029323
 3200.0     176.2964120078031
 3300.0     174.9077629324087
 3400.0     173.5253025454150
 3500.0     172.1494497028501
 3600.0     170.7799646700595
 3700.0     169.4170493824993
 3800.0     168.0616225081288
 3900.0     166.7127655462995
 4000.0     165.3720334848803
 4100.0     164.0386959459381
 4200.0     162.7130312151061
 4300.0     161.3965884463743
 4400.0     160.0875470084449
 4500.0     158.7883069391669
 4600.0     157.4976636292794
 4700.0     156.2164335854857
 4800.0     154.9464712903631
 4900.0     153.6849931806657
 5000.0     152.4357857225482
 5100.0     151.1928690994592
 5200.0     149.9738839969360
 5300.0     148.7475234971059
 5400.0     147.5556465115461
 5500.0     146.3558560289209
 5600.0     145.1852623955485
 5700.0     144.0200379717352
 5800.0     142.8755280298619
 5900.0     141.7376165003214
 6000.0     140.6345438834563
# P = 11.000000 (GPa)
    1.0     224.1786945553277
  100.0     223.9306518409797
  200.0     223.0000435305714
  300.0     221.8323657567420
  400.0     220.5068452375436
  500.0     219.1373716665189
  600.0     217.7171702519556
  700.0     216.2772101371112
  800.0     214.8202848024176
  900.0     213.3546204278680
 1000.0     211.8830983876106
 1100.0     210.4085352372407
 1200.0     208.9325807593724
 1300.0     207.4565735569196
 1400.0     205.9813524372628
 1500.0     204.5076992037022
 1600.0     203.0360964416201
 1700.0     201.5670885479028
 1800.0     200.1008254514763
 1900.0     198.6379023319554
 2000.0     197.1782254837069
 2100.0     195.7224051464093
 2200.0     194.2702654142070
 2300.0     192.8222317793576
 2400.0     191.3785321835539
 2500.0     189.9390354388175
 2600.0     188.5041546278853
 2700.0     187.0740157762053
 2800.0     185.6488361535960
 2900.0     184.2283505304260
 3000.0     182.8134869147378
 3100.0     181.4035856517094
 3200.0     179.9995303315534
 3300.0     178.6008773499428
 3400.0     177.2081414345556
 3500.0     175.8217119697724
 3600.0     174.4413350533658
 3700.0     173.0672147030832
 3800.0     171.7002011267818
 3900.0     170.3394518668971
 4000.0     168.9863982348015
 4100.0     167.6403663653720
 4200.0     166.3016050625592
 4300.0     164.9715404834411
 4400.0     163.6485270217767
 4500.0     162.3347369003304
 4600.0     161.0290579144014
 4700.0     159.7322874684515
 4800.0     158.4461077142829
 4900.0     157.1679123351750
 5000.0     155.9013103892729
 5100.0     154.6404774481265
 5200.0     153.4023192754212
 5300.0     152.1569853307265
 5400.0     150.9442361823900
 5500.0     149.7237924748088
 5600.0     148.5308545494990
 5700.0     147.3427950723258
 5800.0     146.1741783434502
 5900.0     145.0113999433905
 6000.0     143.8820188431976
# P = 12.000000 (GPa)
    1.0     228.1185166919494
  100.0     227.8659209973669
  200.0     226.9298647921603
  300.0     225.7542280779423
  400.0     224.4226256352813
  500.0     223.0466089848809
  600.0     221.6201785360338
  700.0     220.1738589600009
  800.0     218.7105676563333
  900.0     217.2384774907534
 1000.0     215.7604876776958
 1100.0     214.2794079331708
 1200.0     212.7968739299223
 1300.0     211.3142312356320
 1400.0     209.8323167164978
 1500.0     208.3518947384578
 1600.0     206.8734416247779
 1700.0     205.3974963157852
 1800.0     203.9242069940887
 1900.0     202.4541530378559
 2000.0     200.9872374309450
 2100.0     199.5240450651802
 2200.0     198.0644195902827
 2300.0     196.6087482627028
 2400.0     195.1572688688457
 2500.0     193.7098386698948
 2600.0     192.2668583297962
 2700.0     190.8284312621306
 2800.0     189.3947695692142
 2900.0     187.9656245117013
 3000.0     186.5418688738180
 3100.0     185.1228766363851
 3200.0     183.7094594567603
 3300.0     182.3012392172713
 3400.0     180.8986429546352
 3500.0     179.5020718161635
 3600.0     178.1112875332537
 3700.0     176.7264501237865
 3800.0     175.3484004110090
 3900.0     173.9762806559265
 4000.0     172.6114854658379
 4100.0     171.2533439009549
 4200.0     169.9020995225647
 4300.0     168.5591148850590
 4400.0     167.2227671954342
 4500.0     165.8952017689419
 4600.0     164.5752625691348
 4700.0     163.2637130916156
 4800.0     161.9622297252994
 4900.0     160.6681750151009
 5000.0     159.3851163406175
 5100.0     158.1074041840922
 5200.0     156.8511257981141
 5300.0     155.5878947092638
 5400.0     154.3555164075467
 5500.0     153.1156664293255
 5600.0     151.9016992520662
 5700.0     150.6922419043767
 5800.0     149.5010404753976
 5900.0     148.3149946349308
 6000.0     147.1609913233899
# P = 13.000000 (GPa)
    1.0     232.0583422495941
  100.0     231.8013092517644
  200.0     230.8599963847715
  300.0     229.6765796132298
  400.0     228.3389620961752
  500.0     226.9564858748828
  600.0     225.5239260798339
  700.0     224.0713457609745
  800.0     222.6018072480622
  900.0     221.1234163941905
 1000.0     219.6390906573151
 1100.0     218.1516263439296
 1200.0     216.6626667671149
 1300.0     215.1735520913255
 1400.0     213.6851032392221
 1500.0     212.1980880918573
 1600.0     210.7129729971423
 1700.0     209.2302827376017
 1800.0     207.7501644798189
 1900.0     206.2731878178786
 2000.0     204.7992473480962
 2100.0     203.3289113194014
 2200.0     201.8620378329094
 2300.0     200.3989794414102
 2400.0     198.9399828102612
 2500.0     197.4848844115863
 2600.0     196.0340856195533
 2700.0     194.5876785684763
 2800.0     193.1458376009586
 2900.0     191.7083646473620
 3000.0     190.2760467730078
 3100.0     188.8483158937591
 3200.0     187.4259230647989
 3300.0     186.0085022842249
 3400.0     184.5964616754032
 3500.0     183.1901809427737
 3600.0     181.7894259957787
 3700.0     180.3943363895965
 3800.0     179.0057243770610
 3900.0     177.6227481869100
 4000.0     176.2467375534317
 4100.0     174.8770587962613
 4200.0     173.5139418084332
 4300.0     172.1586309215840
 4400.0     170.8096403714931
 4500.0     169.4689304480791
 4600.0     168.1354432857522
 4700.0     166.8099000434207
 4800.0     165.4938371505281
 4900.0     164.1848323487955
 5000.0     162.8861675994406
 5100.0     161.5924526253628
 5200.0     160.3191281820143
 5300.0     159.0389867670752
 5400.0     157.7880812853665
 5500.0     156.5299685546728
 5600.0     155.2962434761931
 5700.0     154.0666288804615
 5800.0     152.8542408598047
 5900.0     151.6463843064709
 6000.0     150.4692956239398
# P = 14.000000 (GPa)
    1.0     235.9981698560901
  100.0     235.7368137147284
  200.0     234.7904346713024
  300.0     233.5994019304960
  400.0     232.2558418624000
  500.0     230.8669942911165
  600.0     229.4283894840195
  700.0     227.9696547646334
  800.0     226.4939709441689
  900.0     225.0093999866766
 1000.0     223.5188654881531
 1100.0     222.0251494432532
 1200.0     220.5299187189548
 1300.0     219.0344800651185
 1400.0     217.5396594799041
 1500.0     216.0462146161468
 1600.0     214.5546100315986
 1700.0     213.0653597138305
 1800.0     211.5786041472458
 1900.0     210.0949036278411
 2000.0     208.6141445162334
 2100.0     207.1368983969334
 2200.0     205.6629954746777
 2300.0     204.1927837329820
 2400.0     202.7265240619042
 2500.0     201.2640260484832
 2600.0     199.8056658509722
 2700.0     198.3515523024413
 2800.0     196.9018376527378
 2900.0     195.4563302775299
 3000.0     194.0157808897024
 3100.0     192.5796389911429
 3200.0     191.1486171823644
 3300.0     189.7223618293112
 3400.0     188.3012614804190
 3500.0     186.8856746202140
 3600.0     185.4753670291479
 3700.0     184.0704663712423
 3800.0     182.6717567316974
 3900.0     181.2783913628184
 4000.0     179.8916812987666
 4100.0     178.5109907334624
 4200.0     177.1365192562996
 4300.0     175.7694742766332
 4400.0     174.4084218102005
 4500.0     173.0552356694545
 4600.0     171.7088758214054
 4700.0     170.3700114943053
 4800.0     169.0401675041325
 4900.0     167.7169054969698
 5000.0     166.4035095084739
 5100.0     165.0946464798481
 5200.0     163.8051470069733
 5300.0     162.5090779268008
 5400.0     161.2406568711894
 5500.0     159.9652919083830
 5600.0     158.7129765004732
 5700.0     157.4644104031676
 5800.0     156.2320523209368
 5900.0     155.0037354698619
 6000.0     153.8049944482600
# P = 15.000000 (GPa)
    1.0     239.9379964840437
  100.0     239.6724334592622
  200.0     238.7211742735381
  300.0     237.5226868103075
  400.0     236.1732529897913
  500.0     234.7781199891444
  600.0     233.3335492760904
  700.0     231.8687595725064
  800.0     230.3870397975209
  900.0     228.8964046878075
 1000.0     227.3997815280107
 1100.0     225.8999562138970
 1200.0     224.3985848568686
 1300.0     222.8969608889850
 1400.0     221.3959212143826
 1500.0     219.8962124458091
 1600.0     218.3982796246887
 1700.0     216.9026455776613
 1800.0     215.4094459183211
 1900.0     213.9192033768762
 2000.0     212.4318404672219
 2100.0     210.9478784461473
 2200.0     209.4671700935777
 2300.0     207.9900367607411
 2400.0     206.5167369213726
 2500.0     205.0470852128843
 2600.0     203.5814224457151
 2700.0     202.1198720406545
 2800.0     200.6625693867164
 2900.0     199.2093209791025
 3000.0     197.7608312605668
 3100.0     196.3165965067467
 3200.0     194.8772892795322
 3300.0     193.4425422100585
 3400.0     192.0127502566488
 3500.0     190.5882116834339
 3600.0     189.1687557288029
 3700.0     187.7544521802195
 3800.0     186.3460694777334
 3900.0     184.9427841291806
 4000.0     183.5458440105723
 4100.0     182.1546249360980
 4200.0     180.7693434807462
 4300.0     179.3911116019729
 4400.0     178.0185569435755
 4500.0     176.6534799021442
 4600.0     175.2948621703278
 4700.0     173.9433580548862
 4800.0     172.6003731661631
 4900.0     171.2636507343021
 5000.0     169.9362151326350
 5100.0     168.6130199802778
 5200.0     167.3082121678846
 5300.0     165.9970122289677
 5400.0     164.7121033350501
 5500.0     163.4204284200428
 5600.0     162.1505208233716
 5700.0     160.8841260195312
 5800.0     159.6329935158225
 5900.0     158.3853850536119
 6000.0     157.1662938625962
# P = 16.000000 (GPa)
    1.0     243.8778244683919
  100.0     243.6081674673046
  200.0     242.6522051869383
  300.0     241.4464279594803
  400.0     240.0911815271812
  500.0     238.6898441270973
  600.0     237.2393901367057
  700.0     235.7686356061756
  800.0     234.2809859113430
  900.0     232.7844004911819
 1000.0     231.2818062860857
 1100.0     229.7759982607066
 1200.0     228.2686176003403
 1300.0     226.7609542793397
 1400.0     225.2538370738463
 1500.0     223.7480236008905
 1600.0     222.2439276091297
 1700.0     220.7420754877333
 1800.0     219.2426004507005
 1900.0     217.7460135330955
 2000.0     216.2522227431234
 2100.0     214.7617513920638
 2200.0     213.2744427852316
 2300.0     211.7906116943762
 2400.0     210.3104942412032
 2500.0     208.8339219986473
 2600.0     207.3612038479878
 2700.0     205.8924817023141
 2800.0     204.4278515962050
 2900.0     202.9671269653452
 3000.0     201.5110185739026
 3100.0     200.0589726147115
 3200.0     198.6116951745814
 3300.0     197.1687790224923
 3400.0     195.7306265229508
 3500.0     194.2975246601412
 3600.0     192.8692747373791
 3700.0     191.4459616320679
 3800.0     190.0283151526474
 3900.0     188.6155289874342
 4000.0     187.2087966662235
 4100.0     185.8075377491565
 4200.0     184.4119073854508
 4300.0     183.0229824948150
 4400.0     181.6394787313100
 4500.0     180.2630723940776
 4600.0     178.8927925713901
 4700.0     177.5292296032418
 4800.0     176.1737991136144
 4900.0     174.8242153354208
 5000.0     173.4835025125182
 5100.0     172.1466858058344
 5200.0     170.8273704313720
 5300.0     169.5018917092238
 5400.0     168.2012933899011
 5500.0     166.8942470165060
 5600.0     165.6077426911746
 5700.0     164.3244659229542
 5800.0     163.0556470189036
 5900.0     161.7898990023467
 6000.0     160.5515606455359
# P = 17.000000 (GPa)
    1.0     247.8176585462269
  100.0     247.5440138757972
  200.0     246.5835181725473
  300.0     245.3706034167349
  400.0     244.0096229376052
  500.0     242.6021509043527
  600.0     241.1458938699753
  700.0     239.6692670264761
  800.0     238.1757908448675
  900.0     236.6733492566970
 1000.0     235.1649003264540
 1100.0     233.6532297678675
 1200.0     232.1399762249935
 1300.0     230.6264053671574
 1400.0     229.1133642048516
 1500.0     227.6015903193900
 1600.0     226.0914853442546
 1700.0     224.5835776878058
 1800.0     223.0779994077775
 1900.0     221.5752353747749
 2000.0     220.0752035641816
 2100.0     218.5784160087969
 2200.0     217.0847088630871
 2300.0     215.5943813479728
 2400.0     214.1076765875648
 2500.0     212.6243987121502
 2600.0     211.1448688796415
 2700.0     209.6692074481832
 2800.0     208.1975058163777
 2900.0     206.7295766103572
 3000.0     205.2661057259240
 3100.0     203.8065459516138
 3200.0     202.3515928559146
 3300.0     200.9008281709524
 3400.0     199.4546353558358
 3500.0     198.0133014704199
 3600.0     196.5766127265258
 3700.0     195.1446746995140
 3800.0     193.7181337795864
 3900.0     192.2962558906109
 4000.0     190.8801533439938
 4100.0     189.4692695381184
 4200.0     188.0637623826685
 4300.0     186.6646484307981
 4400.0     185.2706884401718
 4500.0     183.8834622520534
 4600.0     182.5020566896650
 4700.0     181.1270431808148
 4800.0     179.7597287965598
 4900.0     178.3979594571528
 5000.0     177.0446009062341
 5100.0     175.6948613840018
 5200.0     174.3617810481151
 5300.0     173.0227216952769
 5400.0     171.7073272289568
 5500.0     170.3856765292039
 5600.0     169.0834878109869
 5700.0     167.7842803975912
 5800.0     166.4987201253138
 5900.0     165.2158720783370
 6000.0     163.9594408378956
# P = 18.000000 (GPa)
    1.0     251.7574953024100
  100.0     251.4799715321455
  200.0     250.5151066032567
  300.0     249.2952138613940
  400.0     247.9285596916230
  500.0     246.5150256698177
  600.0     245.0530492537972
  700.0     243.5706381331194
  800.0     242.0714269989243
  900.0     240.5632324461476
 1000.0     239.0490508394919
 1100.0     237.5316360365675
 1200.0     236.0126192642820
 1300.0     234.4932735505423
 1400.0     232.9744486546722
 1500.0     231.4568510742285
 1600.0     229.9408847030178
 1700.0     228.4270889706588
 1800.0     226.9155710571768
 1900.0     225.4067898924277
 2000.0     223.9007046087641
 2100.0     222.3977797439191
 2200.0     220.8978629600018
 2300.0     219.4012370661884
 2400.0     217.9081466027216
 2500.0     216.4183921778053
 2600.0     214.9322692001561
 2700.0     213.4498979408455
 2800.0     211.9713664065302
 2900.0     210.4964849428670
 3000.0     209.0259152656145
 3100.0     207.5591308278505
 3200.0     206.0967760619404
 3300.0     204.6384668818424
 3400.0     203.1845347569808
 3500.0     201.7352994654008
 3600.0     200.2905040505787
 3700.0     198.8502725403138
 3800.0     197.4152174161678
 3900.0     195.9846116169995
 4000.0     194.5595446776584
 4100.0     193.1394469454590
 4200.0     191.7245022206317
 4300.0     190.3156249344621
 4400.0     188.9116746412835
 4500.0     187.5141425795215
 4600.0     186.1221453904828
 4700.0     184.7361860869156
 4800.0     183.3575706089847
 4900.0     181.9841916552434
 5000.0     180.6188179880401
 5100.0     179.2568081247343
 5200.0     177.9106320946985
 5300.0     176.5587295187913
 5400.0     175.2292480655122
 5500.0     173.8938152160129
 5600.0     172.5767318768117
 5700.0     171.2624586477713
 5800.0     169.9611111517345
 5900.0     168.6620627257152
 6000.0     167.3885892271598
# P = 19.000000 (GPa)
    1.0     255.6973326053296
  100.0     255.4160372861396
  200.0     254.4469691541369
  300.0     253.2202515796647
  400.0     251.8479707043467
  500.0     250.4284566375233
  600.0     248.9608359233564
  700.0     247.4727264159227
  800.0     245.9678645419086
  900.0     244.4540329131166
 1000.0     242.9342177815089
 1100.0     241.4111770521089
 1200.0     239.8865109192419
 1300.0     238.3615272256858
 1400.0     236.8370428493063
 1500.0     235.3137557232038
 1600.0     233.7920780481813
 1700.0     232.2725427585211
 1800.0     230.7552297293639
 1900.0     229.2406087234189
 2000.0     227.7286402831238
 2100.0     226.2197525697423
 2200.0     224.7138056740217
 2300.0     223.2110885466521
 2400.0     221.7117991913837
 2500.0     220.2157665501951
 2600.0     218.7232657291797
 2700.0     217.2344135961783
 2800.0     215.7492863199795
 2900.0     214.2676962795198
 3000.0     212.7902873088707
 3100.0     211.3165170182451
 3200.0     209.8470387355476
 3300.0     208.3814615107334
 3400.0     206.9200957716022
 3500.0     205.4632565619403
 3600.0     204.0106806529769
 3700.0     202.5624784790120
 3800.0     201.1192672681163
 3900.0     199.6802772516756
 4000.0     198.2466302518745
 4100.0     196.8177152143995
 4200.0     195.3937300203254
 4300.0     193.9755330857739
 4400.0     192.5620284136597
 4500.0     191.1546517956799
 4600.0     189.7525223637981
 4700.0     188.3561504493715
 4800.0     186.9667566907216
 4900.0     185.5823288490571
 5000.0     184.2055128135524
 5100.0     182.8318071428041
 5200.0     181.4732267161401
 5300.0     180.1090945099690
 5400.0     178.7662776018848
 5500.0     177.4177289910506
 5600.0     176.0865725442019
 5700.0     174.7580308086834
 5800.0     173.4416944714600
 5900.0     172.1274099920100
 6000.0     170.8377139415457
# P = 20.000000 (GPa)
    1.0     259.6371702797778
  100.0     259.3522088151765
  200.0     258.3790971726608
  300.0     257.1456948975891
  400.0     255.7678553006445
  500.0     254.3424366991650
  600.0     252.8692343490561
  700.0     251.3755088347435
  800.0     249.8650890445349
  900.0     248.3457152627622
 1000.0     246.8203721148450
 1100.0     245.2918007905164
 1200.0     243.7616214801112
 1300.0     242.2311202115987
 1400.0     240.7011051287159
 1500.0     239.1722598296670
 1600.0     237.6450179880451
 1700.0     236.1198786061728
 1800.0     234.5969161884988
 1900.0     233.0766179802778
 2000.0     231.5589298018315
 2100.0     230.0442451524651
 2200.0     228.5324514174963
 2300.0     227.0238207032555
 2400.0     225.5185278563306
 2500.0     224.0164100837108
 2600.0     222.5177515598410
 2700.0     221.0226232704296
 2800.0     219.5311271772916
 2900.0     218.0430577942709
 3000.0     216.5590266916617
 3100.0     215.0785358872803
 3200.0     213.6021939007972
 3300.0     212.1296198186014
 3400.0     210.6610931639175
 3500.0     209.1969357166857
 3600.0     207.7368888700985
 3700.0     206.2810262467755
 3800.0     204.8299903580184
 3900.0     203.3829747903320
 4000.0     201.9410873264042
 4100.0     200.5037295712471
 4200.0     199.0710722235230
 4300.0     197.6439751240667
 4400.0     196.2213185557988
 4500.0     194.8045523276335
 4600.0     193.3927417947983
 4700.0     191.9864291519042
 4800.0     190.5867580461771
 4900.0     189.1917979707601
 5000.0     187.8040839257624
 5100.0     186.4192582749201
 5200.0     185.0488669251450
 5300.0     183.6731022134825
 5400.0     182.3176267779693
 5500.0     180.9566468135871
 5600.0     179.6121216258760
 5700.0     178.2700480978878
 5800.0     176.9395666148194
 5900.0     175.6108028954571
 6000.0     174.3058470801474
# P = 21.000000 (GPa)
    1.0     263.5770090166416
  100.0     263.2884851410411
  200.0     262.3114775826893
  300.0     261.0715333189333
  400.0     259.6882066251462
  500.0     258.2569464182073
  600.0     256.7782303165376
  700.0     255.2789692508642
  800.0     253.7630869014261
  900.0     252.2382608069876
 1000.0     250.7074896176381
 1100.0     249.1734939475883
 1200.0     247.6379201083127
 1300.0     246.1020132667890
 1400.0     244.5665855667241
 1500.0     243.0323149219069
 1600.0     241.4996439550278
 1700.0     239.9690404671110
 1800.0     238.4405852085896
 1900.0     236.9147614667270
 2000.0     235.3915011601872
 2100.0     233.8711824734369
 2200.0     232.3537137776291
 2300.0     230.8393387079409
 2400.0     229.3282245972126
 2500.0     227.8202278598009
 2600.0     226.3155964946984
 2700.0     224.8143968791943
 2800.0     223.3167397265017
 2900.0     221.8224095977578
 3000.0     220.3320067106941
 3100.0     218.8450342843345
 3200.0     217.3620691836960
 3300.0     215.8827504628040
 3400.0     214.4073285823960
 3500.0     212.9361416275697
 3600.0     211.4689011446507
 3700.0     210.0056923242328
 3800.0     208.5471296568302
 3900.0     207.0923984225570
 4000.0     205.6426160783685
 4100.0     204.1971669545897
 4200.0     202.7562128340603
 4300.0     201.3205825643585
 4400.0     199.8891958057912
 4500.0     198.4634321934284
 4600.0     197.0423778414814
 4700.0     195.6265569735465
 4800.0     194.2171034442934
 4900.0     192.8120770417548
 5000.0     191.4140009850870
 5100.0     190.0185556276289
 5200.0     188.6369602325490
 5300.0     187.2501049603363
 5400.0     185.8826131989048
 5500.0     184.5098004582477
 5600.0     183.1526087983124
 5700.0     181.7977002906535
 5800.0     180.4537845234065
 5900.0     179.1113184040511
 6000.0     177.7919184384077
# P = 22.000000 (GPa)
    1.0     267.5168495782555
  100.0     267.2248649577971
  200.0     266.2441149343378
  300.0     264.9977673531467
  400.0     263.6090034246924
  500.0     262.1719689254875
  600.0     260.6878132683464
  700.0     259.1830993202195
  800.0     257.6618391131614
  900.0     256.1316471690319
 1000.0     254.5955410277216
 1100.0     253.0562421550270
 1200.0     251.5153687555221
 1300.0     249.9741657457795
 1400.0     248.4334394220562
 1500.0     246.8938852356951
 1600.0     245.3559038377216
 1700.0     243.8199691222897
 1800.0     242.2861657825380
 1900.0     240.7549666366347
 2000.0     239.2262778139389
 2100.0     237.7004859648818
 2200.0     236.1775089896052
 2300.0     234.6575597148230
 2400.0     233.1407937418826
 2500.0     231.6271000878692
 2600.0     230.1166844207857
 2700.0     228.6096141745685
 2800.0     227.1059938944691
 2900.0     225.6056288194394
 3000.0     224.1090615151278
 3100.0     222.6158230920127
 3200.0     221.1264886029998
 3300.0     219.6406576865650
 3400.0     218.1586149826653
 3500.0     216.6806516735980
 3600.0     215.2064945528290
 3700.0     213.7362264697723
 3800.0     212.2704231154586
 3900.0     210.8083052810967
 4000.0     209.3509345610989
 4100.0     207.8977507964842
 4200.0     206.4488172088953
 4300.0     205.0050321070645
 4400.0     203.5652798218208
 4500.0     202.1308962251146
 4600.0     200.7010320313562
 4700.0     199.2761255589303
 4800.0     197.8573249573051
 4900.0     196.4426952641516
 5000.0     195.0347289948222
 5100.0     193.6291620129515
 5200.0     192.2368961487091
 5300.0     190.8394822879814
 5400.0     189.4605773352955
 5500.0     188.0765099411020
 5600.0     186.7072710313118
 5700.0     185.3401874608538
 5800.0     183.9835182120596
 5900.0     182.6281121400123
 6000.0     181.2948589368510
# P = 23.000000 (GPa)
    1.0     271.4566916048670
  100.0     271.1613467188003
  200.0     270.1770033623831
  300.0     268.9243866187632
  400.0     267.5302330815560
  500.0     266.0874980091932
  600.0     264.5979718120298
  700.0     263.0878810033233
  800.0     261.5613165080928
  900.0     260.0258470100331
 1000.0     258.4845064156837
 1100.0     256.9400038881431
 1200.0     255.3939291353171
 1300.0     253.8475375817406
 1400.0     252.3016436352349
 1500.0     250.7569234360360
 1600.0     249.2137513334301
 1700.0     247.6726106422728
 1800.0     246.1336053542374
 1900.0     244.5971612417279
 2000.0     243.0631854866924
 2100.0     241.5320824776198
 2200.0     240.0037598737308
 2300.0     238.4783858247893
 2400.0     236.9561528761471
 2500.0     235.4369324023566
 2600.0     233.9209169684208
 2700.0     232.4081590889303
 2800.0     230.8987879122129
 2900.0     229.3925767326883
 3000.0     227.8900409638408
 3100.0     226.3907761595981
 3200.0     224.8952845494624
 3300.0     223.4031872447227
 3400.0     221.9147634794908
 3500.0     220.4302723412133
 3600.0     218.9494693829950
 3700.0     217.4724000375231
 3800.0     215.9996545668578
 3900.0     214.5304441287630
 4000.0     213.0657925980242
 4100.0     211.6051629043511
 4200.0     210.1486117477426
 4300.0     208.6970038626496
 4400.0     207.2492343509529
 4500.0     205.8066142746598
 4600.0     204.3683202622295
 4700.0     202.9347248910447
 4800.0     201.5069888201101
 4900.0     200.0832076617538
 5000.0     198.6657868884595
 5100.0     197.2505886215181
 5200.0     195.8481492826976
 5300.0     194.4406752070347
 5400.0     193.0509065662018
 5500.0     191.6561206300221
 5600.0     190.2754576238405
 5700.0     188.8967887562095
 5800.0     187.5280395578881
 5900.0     186.1602856539178
 6000.0     184.8141223472176
# P = 24.000000 (GPa)
    1.0     275.3965352445641
  100.0     275.0979305170193
  200.0     274.1101325048969
  300.0     272.8513755957312
  400.0     271.4519025082470
  500.0     270.0035246176087
  600.0     268.5086908513932
  700.0     266.9932874562388
  800.0     265.4614968217755
  900.0     263.9208493843055
 1000.0     262.3743695828112
 1100.0     260.8247421869877
 1200.0     259.2735748935161
 1300.0     257.7221149731474
 1400.0     256.1711655265967
 1500.0     254.6213771573590
 1600.0     253.0731412651398
 1700.0     251.5269361349301
 1800.0     249.9828510436516
 1900.0     248.4412859583113
 2000.0     246.9021753628299
 2100.0     245.3659162960741
 2200.0     243.8323858863087
 2300.0     242.3017409410088
 2400.0     240.7742100486354
 2500.0     239.2496382401856
 2600.0     237.7281876984648
 2700.0     236.2099201447678
 2800.0     234.6949993307104
 2900.0     233.1831179794742
 3000.0     231.6748384666129
 3100.0     230.1697572594565
 3200.0     228.6683098429467
 3300.0     227.1701744790174
 3400.0     225.6755984151375
 3500.0     224.1848249574322
 3600.0     222.6976226314320
 3700.0     221.2140240497368
 3800.0     219.7346037841466
 3900.0     218.2585616988937
 4000.0     216.7869365386963
 4100.0     215.3191644944695
 4200.0     213.8553096378214
 4300.0     212.3961923696664
 4400.0     210.9407643563219
 4500.0     209.4902544149950
 4600.0     208.0438811838453
 4700.0     206.6019906345270
 4800.0     205.1657150565623
 4900.0     203.7332013017279
 5000.0     202.3067540686901
 5100.0     200.8823597118415
 5200.0     199.4702332298299
 5300.0     198.0531476002859
 5400.0     196.6530587002750
 5500.0     195.2480529272203
 5600.0     193.8565231027158
 5700.0     192.4668384329376
 5800.0     191.0866203659300
 5900.0     189.7071479978147
 6000.0     188.3486723318933
# P = 25.000000 (GPa)
    1.0     279.3363813084090
  100.0     279.0346163933597
  200.0     278.0434963033561
  300.0     276.7787306452037
  400.0     275.3739951728005
  500.0     273.9200340605945
  600.0     272.4199527381663
  700.0     270.8993045520322
  800.0     269.3623786696605
  900.0     267.8166370329221
 1000.0     266.2650974260048
 1100.0     264.7104432999506
 1200.0     263.1542863913941
 1300.0     261.5978672695020
 1400.0     260.0419549261472
 1500.0     258.4872102694014
 1600.0     256.9340343112824
 1700.0     255.3828939057074
 1800.0     253.8338408080921
 1900.0     252.2872903445734
 2000.0     250.7431958504950
 2100.0     249.2019124793185
 2200.0     247.6633085145694
 2300.0     246.1275583271487
 2400.0     244.5948864078486
 2500.0     243.0651198365838
 2600.0     241.5383925056346
 2700.0     240.0148129714585
 2800.0     238.4945035933258
 2900.0     236.9771445531134
 3000.0     235.4633188286033
 3100.0     233.9526144429689
 3200.0     232.4454230975126
 3300.0     230.9414675325408
 3400.0     229.4409643864113
 3500.0     227.9441415430668
 3600.0     226.4507685954077
 3700.0     224.9609032318704
 3800.0     223.4750491243145
 3900.0     221.9924547573055
 4000.0     220.5141317918328
 4100.0     219.0395058154143
 4200.0     217.5686352591389
 4300.0     216.1023291226758
 4400.0     214.6395590944765
 4500.0     213.1814887243529
 4600.0     211.7274001809087
 4700.0     210.2775723837699
 4800.0     208.8331230160292
 4900.0     207.3922664507240
 5000.0     205.9572006898482
 5100.0     204.5240222688270
 5200.0     203.1026689854108
 5300.0     201.6764077313293
 5400.0     200.2665070411826
 5500.0     198.8517439141191
 5600.0     197.4499090974327
 5700.0     196.0497283940958
 5800.0     194.6585892372175
 5900.0     193.2680289539930
 6000.0     191.8976975263564
# P = 26.000000 (GPa)
    1.0     283.2762289128524
  100.0     282.9713964971175
  200.0     281.9770917538126
  300.0     280.7064466336395
  400.0     279.2964949934321
  500.0     277.8370138544183
  600.0     276.3317505888090
  700.0     274.8059408085657
  800.0     273.2639467693905
  900.0     271.7131778927754
 1000.0     270.1566642781692
 1100.0     268.5970914368916
 1200.0     267.0360397726735
 1300.0     265.4747458149309
 1400.0     263.9139745073961
 1500.0     262.3543984258343
 1600.0     260.7964010220102
 1700.0     259.2404192548253
 1800.0     257.6865239364845
 1900.0     256.1351308966558
 2000.0     254.5861817961820
 2100.0     253.0399922829427
 2200.0     251.4964553816350
 2300.0     249.9557705997937
 2400.0     248.4181040954947
 2500.0     246.8832812427980
 2600.0     245.3514451551454
 2700.0     243.8227366409438
 2800.0     242.2971926425819
 2900.0     240.7745467474457
 3000.0     239.2553670036440
 3100.0     237.7392190417412
 3200.0     236.2264867505165
 3300.0     234.7169211601606
 3400.0     233.2107099660258
 3500.0     231.7080440187903
 3600.0     230.2087443540566
 3700.0     228.7128431458813
 3800.0     227.2207990568684
 3900.0     225.7319197376566
 4000.0     224.2471570717949
 4100.0     222.7659439997264
 4200.0     221.2883560622683
 4300.0     219.8151512433953
 4400.0     218.3453387866549
 4500.0     216.8800422935393
 4600.0     215.4185567269450
 4700.0     213.9611386840806
 4800.0     212.5088727744794
 4900.0     211.0600403616666
 5000.0     209.6167493979233
 5100.0     208.1751721359724
 5200.0     206.7450319071504
 5300.0     205.3099972821030
 5400.0     203.8907619932745
 5500.0     202.4667035495903
 5600.0     201.0550298989537
 5700.0     199.6448768452358
 5800.0     198.2433489558084
 5900.0     196.8422694557420
 6000.0     195.4606880985876
# P = 27.000000 (GPa)
    1.0     287.2160754211766
  100.0     286.9082702574304
  200.0     285.9109161169011
  300.0     284.6345161496035
  400.0     283.2193994251436
  500.0     281.7544635719153
  600.0     280.2440789109285
  700.0     278.7131735746261
  800.0     277.1661740051146
  900.0     275.6104563744828
 1000.0     274.0490676477897
 1100.0     272.4846554987342
 1200.0     270.9187963937601
 1300.0     269.3527188920185
 1400.0     267.7872093656850
 1500.0     266.2229082615245
 1600.0     264.6601870052683
 1700.0     263.0994728511672
 1800.0     261.5408685679687
 1900.0     259.9847586047550
 2000.0     258.4310599010466
 2100.0     256.8801001316193
 2200.0     255.3317888848659
 2300.0     253.7863023329008
 2400.0     252.2437703659655
 2500.0     250.7040362369292
 2600.0     249.1672823514497
 2700.0     247.6335811661209
 2800.0     246.1029684391505
 2900.0     244.5752134881489
 3000.0     243.0508687065521
 3100.0     241.5294481667980
 3200.0     240.0113811485635
 3300.0     238.4964040022921
 3400.0     236.9846738741424
 3500.0     235.4763805478231
 3600.0     233.9713900541586
 3700.0     232.4696668442473
 3800.0     230.9716748908881
 3900.0     229.4767525943672
 4000.0     227.9858033022137
 4100.0     226.4982683191420
 4200.0     225.0142306821032
 4300.0     223.5344190681614
 4400.0     222.0578515633776
 4500.0     220.5856357617563
 4600.0     219.1170534313791
 4700.0     217.6523718366022
 4800.0     216.1926420673498
 4900.0     214.7361807422539
 5000.0     213.2850289909602
 5100.0     211.8354281231371
 5200.0     210.3969110825614
 5300.0     208.9535037164096
 5400.0     207.5253656926130
 5500.0     206.0924486138680
 5600.0     204.6714009736440
 5700.0     203.2517629014530
 5800.0     201.8403518132301
 5900.0     200.4292148036183
 6000.0     199.0370475861697
# P = 28.000000 (GPa)
    1.0     291.1559187767006
  100.0     290.8452437496532
  200.0     289.8449668215935
  300.0     288.5629324155562
  400.0     287.1427072615867
  500.0     285.6723718627253
  600.0     284.1569163779237
  700.0     282.6209744122688
  800.0     281.0690514284033
  900.0     279.5084765674030
 1000.0     277.9422818977987
 1100.0     276.3731007587783
 1200.0     274.8025328799876
 1300.0     273.2317817236249
 1400.0     271.6616290311921
 1500.0     270.0926890634503
 1600.0     268.5253447615417
 1700.0     266.9600346062344
 1800.0     265.3968347075871
 1900.0     263.8361080131522
 2000.0     262.2777812852658
 2100.0     260.7221974812904
 2200.0     259.1692517921665
 2300.0     257.6190683248239
 2400.0     256.0718090215896
 2500.0     254.5273457748171
 2600.0     252.9858147594766
 2700.0     251.4472526012938
 2800.0     249.9117498406994
 2900.0     248.3790674147185
 3000.0     246.8497006697988
 3100.0     245.3231871509189
 3200.0     243.7999792592808
 3300.0     242.2797841511019
 3400.0     240.7627203960235
 3500.0     239.2490215725169
 3600.0     237.7385427222679
 3700.0     236.2312098756587
 3800.0     234.7274976628763
 3900.0     233.2267760938073
 4000.0     231.7298693140861
 4100.0     230.2362682976223
 4200.0     228.7460465848060
 4300.0     227.2598882015759
 4400.0     225.7768464548260
 4500.0     224.2979951373451
 4600.0     222.8226272527880
 4700.0     221.3509911998443
 4800.0     219.8841205493806
 4900.0     218.4203563852158
 5000.0     216.9616951172254
 5100.0     215.5044375402811
 5200.0     214.0579079909135
 5300.0     212.6065172586965
 5400.0     211.1698767014190
 5500.0     209.7285164634546
 5600.0     208.2985351154940
 5700.0     206.8698666005646
 5800.0     205.4490411738759
 5900.0     204.0283448860743
 6000.0     202.6261411322342
# P = 29.000000 (GPa)
    1.0     295.0957637202101
  100.0     294.7823144341769
  200.0     293.7792384320148
  300.0     292.4916848759006
  400.0     291.0664045259851
  500.0     289.5907218065921
  600.0     288.0702519035331
  700.0     286.5293430766995
  800.0     284.9725726646053
  900.0     283.4072071638196
 1000.0     281.8362757725804
 1100.0     280.2624251852054
 1200.0     278.6872382331559
 1300.0     277.1119027602896
 1400.0     275.5371848359461
 1500.0     273.9637111712418
 1600.0     272.3918626937870
 1700.0     270.8220633704669
 1800.0     269.2543587095821
 1900.0     267.6891298361258
 2000.0     266.1263158579428
 2100.0     264.5662296739742
 2200.0     263.0087532294349
 2300.0     261.4540050195126
 2400.0     259.9021816748246
 2500.0     258.3531308196290
 2600.0     256.8069367324653
 2700.0     255.2636789567428
 2800.0     253.7234521053976
 2900.0     252.1859972872825
 3000.0     250.6517533005507
 3100.0     249.1203438915923
 3200.0     247.5921726676424
 3300.0     246.0669242314998
 3400.0     244.5447216313908
 3500.0     243.0258237312092
 3600.0     241.5100536175077
 3700.0     239.9973086049200
 3800.0     238.4881084916265
 3900.0     236.9818052992402
 4000.0     235.4791702855293
 4100.0     233.9797425674750
 4200.0     232.4835920174290
 4300.0     230.9913427064341
 4400.0     229.5020908082100
 4500.0     228.0168837579803
 4600.0     226.5350202760341
 4700.0     225.0567167108946
 4800.0     223.5830133705690
 4900.0     222.1122638944866
 5000.0     220.6464304567641
 5100.0     219.1818524856417
 5200.0     217.7276696791605
 5300.0     216.2686645351305
 5400.0     214.8239123453356
 5500.0     213.3745031910823
 5600.0     211.9360075902246
 5700.0     210.4987272008967
 5800.0     209.0689540164315
 5900.0     207.6391471960374
 6000.0     206.2273512498799
# P = 30.000000 (GPa)
    1.0     299.0356130516877
  100.0     298.7194782624028
  200.0     297.7137243121230
  300.0     296.4207653745328
  400.0     294.9904810211177
  500.0     293.5095097762788
  600.0     291.9840899474248
  700.0     290.4382680172702
  800.0     288.8767104512933
  900.0     287.3066222179420
 1000.0     285.7310494141219
 1100.0     284.1526175893829
 1200.0     282.5728798669564
 1300.0     280.9930390716112
 1400.0     279.4138584249170
 1500.0     277.8359631319198
 1600.0     276.2597047263326
 1700.0     274.6854967028339
 1800.0     273.1134012271276
 1900.0     271.5438016876819
 2000.0     269.9766144466011
 2100.0     268.4121211581904
 2200.0     266.8502303854878
 2300.0     265.2910772856594
 2400.0     263.7348234523206
 2500.0     262.1812854130924
 2600.0     260.6305748139005
 2700.0     259.0827902399487
 2800.0     257.5379873438966
 2900.0     255.9958836476478
 3000.0     254.4569482578457
 3100.0     252.9208223934337
 3200.0     251.3878372657885
 3300.0     249.8576971227641
 3400.0     248.3305558477750
 3500.0     246.8066529999385
 3600.0     245.2857679436806
 3700.0     243.7678223692848
 3800.0     242.2533531169044
 3900.0     240.7416680900088
 4000.0     239.2335316841063
 4100.0     237.7285134188576
 4200.0     236.2266718957170
 4300.0     234.7285668266846
 4400.0     233.2333558712859
 4500.0     231.7420836423430
 4600.0     230.2539666548939
 4700.0     228.7692917080241
 4800.0     227.2890601953581
 4900.0     225.8116205221444
 5000.0     224.3389273657753
 5100.0     222.8673503606363
 5200.0     221.4058582177553
 5300.0     219.9395746660098
 5400.0     218.4870912450989
 5500.0     217.0300027821048
 5600.0     215.5833915554799
 5700.0     214.1379009819119
 5800.0     212.6996095297223
 5900.0     211.2611253692152
 6000.0     209.8401889068650
# P = 31.000000 (GPa)
    1.0     302.9754653445789
  100.0     302.6567325397567
  200.0     301.6484195995560
  300.0     300.3501744764147
  400.0     298.9149342932953
  500.0     297.4287297170638
  600.0     295.8984113196773
  700.0     294.3477360812166
  800.0     292.7814570645473
  900.0     291.2067259405825
 1000.0     289.6265819945909
 1100.0     288.0436333727992
 1200.0     286.4594325258585
 1300.0     284.8751877542744
 1400.0     283.2916404111447
 1500.0     281.7093992352331
 1600.0     280.1288167010621
 1700.0     278.5503108591142
 1800.0     276.9739530045179
 1900.0     275.4000765231554
 2000.0     273.8286052532127
 2100.0     272.2598306757604
 2200.0     270.6936700188047
 2300.0     269.1302293170138
 2400.0     267.5696407047340
 2500.0     266.0117490173320
 2600.0     264.4566931466881
 2700.0     262.9045119543095
 2800.0     261.3552526605798
 2900.0     259.8086537397257
 3000.0     258.2652069482579
 3100.0     256.7245056759182
 3200.0     255.1868554046710
 3300.0     253.6520144868651
 3400.0     252.1201230924889
 3500.0     250.5913755461702
 3600.0     249.0655490919767
 3700.0     247.5426179430948
 3800.0     246.0230783857158
 3900.0     244.5062090864048
 4000.0     242.9927847036412
 4100.0     241.4824181172353
 4200.0     239.9750900956437
 4300.0     238.4713525533245
 4400.0     236.9704609034998
 4500.0     235.4733508562548
 4600.0     233.9792452443955
 4700.0     232.4884795912781
 4800.0     231.0019896973941
 4900.0     229.5181492029928
 5000.0     228.0388888938224
 5100.0     226.5606430051250
 5200.0     225.0921579980560
 5300.0     223.6189373088713
 5400.0     222.1590644910079
 5500.0     220.6946387215843
 5600.0     219.2402930515970
 5700.0     217.7869804997527
 5800.0     216.3405641162312
 5900.0     214.8938309380915
 6000.0     213.4641668907192
# P = 32.000000 (GPa)
    1.0     306.9153179242722
  100.0     306.5940774229445
  200.0     305.5833232511060
  300.0     304.2799049121988
  400.0     302.8397543241876
  500.0     301.3483739784719
  600.0     299.8132057235556
  700.0     298.2577474757408
  800.0     296.6868072309574
  900.0     295.1074918453788
 1000.0     293.5228423140778
 1100.0     291.9354582936201
 1200.0     290.3468926849746
 1300.0     288.7583222046098
 1400.0     287.1704817146519
 1500.0     285.5839798316854
 1600.0     283.9991877250754
 1700.0     282.4164952145937
 1800.0     280.8359553346710
 1900.0     279.2578899054535
 2000.0     277.6822569315041
 2100.0     276.1093382238635
 2200.0     274.5390109585061
 2300.0     272.9713737945507
 2400.0     271.4065782495566
 2500.0     269.8444991107395
 2600.0     268.2852103610389
 2700.0     266.7287447575187
 2800.0     265.1751713767629
 2900.0     263.6242561237463
 3000.0     262.0764305634094
 3100.0     260.5312766719288
 3200.0     258.9891409928961
 3300.0     257.4497844066547
 3400.0     255.9132961603949
 3500.0     254.3798589970294
 3600.0     252.8492901742426
 3700.0     251.3215762855667
 3800.0     249.7971324380319
 3900.0     248.2752708785864
 4000.0     246.7567862910686
 4100.0     245.2412719761353
 4200.0     243.7286595079762
 4300.0     242.2195444190143
 4400.0     240.7132013975658
 4500.0     239.2104687043304
 4600.0     237.7106402966350
 4700.0     236.2140459923234
 4800.0     234.7215538439101
 4900.0     233.2315913799970
 5000.0     231.7460649133898
 5100.0     230.2614421878231
 5200.0     228.7862588473309
 5300.0     227.3064227442060
 5400.0     225.8394920865733
 5500.0     224.3680745312307
 5600.0     222.9063588664955
 5700.0     221.4455804680617
 5800.0     219.9914136014436
 5900.0     218.5368336691501
 6000.0     217.0988415878639
# P = 33.000000 (GPa)
    1.0     310.8551688421928
  100.0     310.5315135366131
  200.0     309.5184345666996
  300.0     308.2099502730254
  400.0     306.7649398714581
  500.0     305.2684357998466
  600.0     303.7284665675412
  700.0     302.1682790363008
  800.0     300.5927371694522
  900.0     299.0089096999137
 1000.0     297.4198388391652
 1100.0     295.8280937600385
 1200.0     294.2352242000640
 1300.0     292.6423977646274
 1400.0     291.0503624674199
 1500.0     289.4597121360444
 1600.0     287.8707930266661
 1700.0     286.2839882156761
 1800.0     284.6993514238424
 1900.0     283.1172311677648
 2000.0     281.5375521290275
 2100.0     279.9605725016897
 2200.0     278.3861704239251
 2300.0     276.8144680532088
 2400.0     275.2456153363510
 2500.0     273.6794561621793
 2600.0     272.1160266377790
 2700.0     270.5554172931118
 2800.0     268.9976939208422
 2900.0     267.4425985566587
 3000.0     265.8905061718087
 3100.0     264.3410650919203
 3200.0     262.7946179917857
 3300.0     261.2508869889588
 3400.0     259.7099434233066
 3500.0     258.1719894704918
 3600.0     256.6368887588870
 3700.0     255.1045482845745
 3800.0     253.5753667825784
 3900.0     252.0487144686049
 4000.0     250.5253791811093
 4100.0     249.0048935932397
 4200.0     247.4872184388130
 4300.0     245.9729637720344
 4400.0     244.4613789020063
 4500.0     242.9532506479423
 4600.0     241.4479462111508
 4700.0     239.9457741979191
 4800.0     238.4475266444070
 4900.0     236.9517064335195
 5000.0     235.4602015752136
 5100.0     233.9694604111822
 5200.0     232.4878802760367
 5300.0     231.0017313978194
 5400.0     229.5280616008069
 5500.0     228.0499613119994
 5600.0     226.5812253414550
 5700.0     225.1133220910163
 5800.0     223.6517856004121
 5900.0     222.1897236679547
 6000.0     220.7437978973385
# P = 34.000000 (GPa)
    1.0     314.7950185883032
  100.0     314.4690401441719
  200.0     313.4537486000673
  300.0     312.1403049629951
  400.0     310.6904833900644
  500.0     309.1888982135839
  600.0     307.6441794524313
  700.0     306.0793225684096
  800.0     304.4992486469112
  900.0     302.9109782247264
 1000.0     301.3175440105128
 1100.0     299.7215037670370
 1200.0     298.1244079112505
 1300.0     296.5274251732337
 1400.0     294.9312776864928
 1500.0     293.3365503228785
 1600.0     291.7435755844968
 1700.0     290.1527581809601
 1800.0     288.5641495242867
 1900.0     286.9780674319430
 2000.0     285.3944180512418
 2100.0     283.8134662441901
 2200.0     282.2351304979813
 2300.0     280.6594922021861
 2400.0     279.0866782050368
 2500.0     277.5165211268682
 2600.0     275.9491035024338
 2700.0     274.3845052309787
 2800.0     272.8227503010170
 2900.0     271.2635655729727
 3000.0     269.7073619895171
 3100.0     268.1538095214699
 3200.0     266.6031847064529
 3300.0     265.0552005061023
 3400.0     263.5099688690198
 3500.0     261.9676943145398
 3600.0     260.4282120346462
 3700.0     258.8913815370282
 3800.0     257.3576611345642
 3900.0     255.8264330500774
 4000.0     254.2984109948678
 4100.0     252.7731376097815
 4200.0     251.2506163442548
 4300.0     249.7314359009633
 4400.0     248.2148028839990
 4500.0     246.7015090325713
 4600.0     245.1909769423276
 4700.0     243.6834456034468
 4800.0     242.1796801241905
 4900.0     240.6782746124207
 5000.0     239.1810439768841
 5100.0     237.6844426512853
 5200.0     236.1967651638413
 5300.0     234.7045990258931
 5400.0     233.2244782265640
 5500.0     231.7400058823109
 5600.0     230.2645684373032
 5700.0     228.7898764853807
 5800.0     227.3212981294770
 5900.0     225.8521172196252
 6000.0     224.3986514786203
# P = 35.000000 (GPa)
    1.0     318.7348680073007
  100.0     318.4066560946560
  200.0     317.3892589898243
  300.0     316.0709610427655
  400.0     314.6163767917433
  500.0     313.1097628342277
  600.0     311.5603516038331
  700.0     309.9908761008787
  800.0     308.4063229317055
  900.0     306.8136646645362
 1000.0     305.2159349153595
 1100.0     303.6156885687396
 1200.0     302.0144493328957
 1300.0     300.4133738951726
 1400.0     298.8131755951077
 1500.0     297.2144534606788
 1600.0     295.6175367014441
 1700.0     294.0228049812583
 1800.0     292.4303008169020
 1900.0     290.8403238771047
 2000.0     289.2528143970735
 2100.0     287.6680292982996
 2200.0     286.0858602805044
 2300.0     284.5063639180588
 2400.0     282.9296845620166
 2500.0     281.3556767043306
 2600.0     279.7844156492581
 2700.0     278.2159225627177
 2800.0     276.6502384868978
 2900.0     275.0871071801479
 3000.0     273.5269604903393
 3100.0     271.9694138367194
 3200.0     270.4147199353827
 3300.0     268.8626521006391
 3400.0     267.3133092771548
 3500.0     265.7668683537894
 3600.0     264.2231134374380
 3700.0     262.6819785824104
 3800.0     261.1439204831979
 3900.0     259.6082824290791
 4000.0     258.0757349404613
 4100.0     256.5458715177904
 4200.0     255.0187189018698
 4300.0     253.4947840654533
 4400.0     251.9732937950031
 4500.0     250.4550767710057
 4600.0     248.9395407299672
 4700.0     247.4268514636505
 4800.0     245.9178161297069
 4900.0     244.4110828505367
 5000.0     242.9083546324137
 5100.0     241.4061596933401
 5200.0     239.9126588811343
 5300.0     238.4147459546956
 5400.0     236.9284459704094
 5500.0     235.4379113782961
 5600.0     233.9560852008948
 5700.0     232.4749059152083
 5800.0     230.9996136306565
 5900.0     229.5236746915761
 6000.0     228.0629895633591
# P = 36.000000 (GPa)
    1.0     322.6747181514125
  100.0     322.3443600047274
  200.0     321.3249611123196
  300.0     320.0019164992544
  400.0     318.5426157908372
  500.0     317.0310264318987
  600.0     315.4769642512252
  700.0     313.9029175655423
  800.0     312.3139501955654
  900.0     310.7169740038186
 1000.0     309.1150185821598
 1100.0     307.5106237694440
 1200.0     305.9053012411935
 1300.0     304.3002047484146
 1400.0     302.6960557126444
 1500.0     301.0934314699937
 1600.0     299.4926474148564
 1700.0     297.8940668436392
 1800.0     296.2977507407116
 1900.0     294.7039986044791
 2000.0     293.1127430298308
 2100.0     291.5242044252716
 2200.0     289.9382751294349
 2300.0     288.3550319515530
 2400.0     286.7746274764237
 2500.0     285.1968919408811
 2600.0     283.6218612093908
 2700.0     282.0495753301258
 2800.0     280.4801096041839
 2900.0     278.9131944591868
 3000.0     277.3492034746835
 3100.0     275.7877647991038
 3200.0     274.2291615549389
 3300.0     272.6731786979607
 3400.0     271.1198610712151
 3500.0     269.5693657101900
 3600.0     268.0215131875873
 3700.0     266.4762734379825
 3800.0     264.9340210118930
 3900.0     263.3941077084025
 4000.0     261.8572150553010
 4100.0     260.3229811078749
 4200.0     258.7913713440827
 4300.0     257.2628394892342
 4400.0     255.7367181351146
 4500.0     254.2138014504787
 4600.0     252.6934387375759
 4700.0     251.1758086519638
 4800.0     249.6617522883371
 4900.0     248.1499156382418
 5000.0     246.6419114917423
 5100.0     245.1343826057029
 5200.0     243.6353293961683
 5300.0     242.1319059535066
 5400.0     240.6397145718595
 5500.0     239.1434037055388
 5600.0     237.6554764949276
 5700.0     236.1681020339013
 5800.0     234.6864378732855
 5900.0     233.2040474322991
 6000.0     231.7364681997659
# P = 37.000000 (GPa)
    1.0     326.6145714074219
  100.0     326.2821500826126
  200.0     325.2608532853457
  300.0     323.9331642223390
  400.0     322.4691900324161
  500.0     320.9526789083973
  600.0     319.3940118365499
  700.0     317.8154549016697
  800.0     316.2221289924062
  900.0     314.6208856327750
 1000.0     313.0147600458332
 1100.0     311.4062805263389
 1200.0     309.7969598198929
 1300.0     308.1879308026008
 1400.0     306.5799023561668
 1500.0     304.9734319511196
 1600.0     303.3688548798272
 1700.0     301.7665325482752
 1800.0     300.1665097237475
 1900.0     298.5690652461810
 2000.0     296.9741283647162
 2100.0     295.3819194798582
 2200.0     293.7923596414226
 2300.0     292.2054959093828
 2400.0     290.6214515895197
 2500.0     289.0400649173231
 2600.0     287.4613695688615
 2700.0     285.8854558534686
 2800.0     284.3123289843953
 2900.0     282.7417202471659
 3000.0     281.1739851766948
 3100.0     279.6088201841405
 3200.0     278.0464689929700
 3300.0     276.4866785143258
 3400.0     274.9294922030177
 3500.0     273.3750964522009
 3600.0     271.8233503010364
 3700.0     270.2741379766023
 3800.0     268.7278168138062
 3900.0     267.1837968179180
 4000.0     265.6427630585890
 4100.0     264.1043276663160
 4200.0     262.5683987307566
 4300.0     261.0354814535232
 4400.0     259.5049515352177
 4500.0     257.9774989945378
 4600.0     256.4524910565942
 4700.0     254.9301496885088
 4800.0     253.4113100277725
 4900.0     251.8945589142125
 5000.0     250.3815084390581
 5100.0     248.8689025046657
 5200.0     247.3645456694900
 5300.0     245.8558369355739
 5400.0     244.3580317363096
 5500.0     242.8562304180051
 5600.0     241.3624537261051
 5700.0     239.8691923397253
 5800.0     238.3814485121001
 5900.0     236.8928997235210
 6000.0     235.4187532479957
# P = 38.000000 (GPa)
    1.0     330.5544289235935
  100.0     330.2200249704413
  200.0     329.1969353098463
  300.0     327.8647014201013
  400.0     326.3961039929547
  500.0     324.8747175800762
  600.0     323.3114887204043
  700.0     321.7284679550818
  800.0     320.1308300978803
  900.0     318.5253844931798
 1000.0     316.9151669563342
 1100.0     315.3026745943807
 1200.0     313.6894135621099
 1300.0     312.0765068835085
 1400.0     310.4646698091801
 1500.0     308.8544478692743
 1600.0     307.2461726645396
 1700.0     305.6401845182382
 1800.0     304.0365169558904
 1900.0     302.4354564545981
 2000.0     300.8369449192840
 2100.0     299.2411883870747
 2200.0     297.6480870663482
 2300.0     296.0576688606703
 2400.0     294.4700768888386
 2500.0     292.8851640973901
 2600.0     291.3029552884609
 2700.0     289.7234988378421
 2800.0     288.1467904791236
 2900.0     286.5726005763588
 3000.0     285.0012955399786
 3100.0     283.4325295474814
 3200.0     281.8665235391110
 3300.0     280.3030392805140
 3400.0     278.7421502867538
 3500.0     277.1840287618111
 3600.0     275.6284996590954
 3700.0     274.0754223702722
 3800.0     272.5252125835468
 3900.0     270.9772804302573
 4000.0     269.4322598698984
 4100.0     267.8897429715909
 4200.0     266.3496817224516
 4300.0     264.8126012734709
 4400.0     263.2778190634649
 4500.0     261.7459885741200
 4600.0     260.2165503369351
 4700.0     258.6897386416904
 4800.0     257.1662877324009
 4900.0     255.6448198379629
 5000.0     254.1269600312220
 5100.0     252.6095268346159
 5200.0     251.1000639216102
 5300.0     249.5863109363856
 5400.0     248.0831733095033
 5500.0     246.5761222450792
 5600.0     245.0767584328631
 5700.0     243.5778906489003
 5800.0     242.0843561344879
 5900.0     240.5899395138709
 6000.0     239.1095269042108
# P = 39.000000 (GPa)
    1.0     334.4942845166283
  100.0     334.1579856701100
  200.0     333.1332029309226
  300.0     331.7965236483494
  400.0     330.3233486121583
  500.0     328.7971252826788
  600.0     327.2293827811279
  700.0     325.6419544908368
  800.0     324.0400635481140
  900.0     322.4304767663651
 1000.0     320.8162168139652
 1100.0     319.1997660660100
 1200.0     317.5826342933424
 1300.0     315.9659345637583
 1400.0     314.3503676775019
 1500.0     312.7364667084551
 1600.0     311.1245473787618
 1700.0     309.5149608851088
 1800.0     307.9077524621381
 1900.0     306.3031889301666
 2000.0     304.7011865487569
 2100.0     303.1019465006964
 2200.0     301.5053742396829
 2300.0     299.9115144841173
 2400.0     298.3205121685276
 2500.0     296.7321697837762
 2600.0     295.1465238960840
 2700.0     293.5636031635208
 2800.0     291.9834574832182
 2900.0     290.4058352711719
 3000.0     288.8310584284235
 3100.0     287.2587711093813
 3200.0     285.6892324836145
 3300.0     284.1222304927268
 3400.0     282.5577811334759
 3500.0     280.9960380669713
 3600.0     279.4368268843673
 3700.0     277.8800647805377
 3800.0     276.3261469162704
 3900.0     274.7744365339825
 4000.0     273.2255474234892
 4100.0     271.6791234073258
 4200.0     270.1351384459870
 4300.0     268.5940408029767
 4400.0     267.0551408985316
 4500.0     265.5191421961695
 4600.0     263.9854985534729
 4700.0     262.4543860607499
 4800.0     260.9264874505076
 4900.0     259.4005285313636
 5000.0     257.8781109290360
 5100.0     256.3560389333312
 5200.0     254.8416660871496
 5300.0     253.3231401195206
 5400.0     251.8149250825857
 5500.0     250.3028217751252
 5600.0     248.7981398629639
 5700.0     247.2939417868471
 5800.0     245.7948975953585
 5900.0     244.2948715440577
 6000.0     242.8084882294884
# P = 40.000000 (GPa)
    1.0     338.4341341317821
  100.0     338.0960326936563
  200.0     337.0696518498604
  300.0     335.7286272065928
  400.0     334.2509205449462
  500.0     332.7199053616312
  600.0     331.1476978434517
  700.0     329.5559048982952
  800.0     327.9498070970370
  900.0     326.3361329525425
 1000.0     324.7178932925939
 1100.0     323.0975611506604
 1200.0     321.4766294152219
 1300.0     319.8561958328422
 1400.0     318.2369468581295
 1500.0     316.6194370861420
 1600.0     315.0039692719701
 1700.0     313.3908841353766
 1800.0     311.7802099454358
 1900.0     310.1722006614204
 2000.0     308.5667766007410
 2100.0     306.9641575551536
 2200.0     305.3642334244005
 2300.0     303.7670348431969
 2400.0     302.1726836982374
 2500.0     300.5809876026029
 2600.0     298.9920109549548
 2700.0     297.4057735912953
 2800.0     295.8223057614815
 2900.0     294.2413244408713
 3000.0     292.6631547683131
 3100.0     291.0875025935792
 3200.0     289.5145922780367
 3300.0     287.9441720495506
 3400.0     286.3762501902082
 3500.0     284.8110081680888
 3600.0     283.2483017082808
 3700.0     281.6880114488425
 3800.0     280.1304877469723
 3900.0     278.5751131094851
 4000.0     277.0225352992998
 4100.0     275.4724061310819
 4200.0     273.9246272981022
 4300.0     272.3796329113356
 4400.0     270.8368170697115
 4500.0     269.2968614937923
 4600.0     267.7591745822398
 4700.0     266.2238944647778
 4800.0     264.6917624581569
 4900.0     263.1615550370453
 5000.0     261.6347653635166
 5100.0     260.1082184521570
 5200.0     258.5891839989234
 5300.0     257.0661377376255
 5400.0     255.5530402356346
 5500.0     254.0361091312539
 5600.0     252.5263694376717
 5700.0     251.0171252269810
 5800.0     249.5127838698863
 5900.0     248.0074134511637
 6000.0     246.5154302674215
