# T (K)      B_T_P (GPa)
# P = 0.000000 (GPa)
    1.0     180.8399485484271
  100.0     180.5784928214921
  200.0     179.4628418493951
  300.0     177.8716112767734
  400.0     176.1036496864408
  500.0     174.2668429333161
  600.0     172.3980510385715
  700.0     170.5118080611790
  800.0     168.6147296643431
  900.0     166.7101847371067
 1000.0     164.8000605276832
 1100.0     162.8854779242326
 1200.0     160.9671276739416
 1300.0     159.0454612932750
 1400.0     157.1207832747394
 1500.0     155.1932853554286
 1600.0     153.2631090009665
 1700.0     151.3303297401260
 1800.0     149.3950277979278
 1900.0     147.4572116999891
 2000.0     145.5169150045982
 2100.0     143.5741272984234
 2200.0     141.6288537841656
 2300.0     139.6810801141698
 2400.0     137.7307689118677
 2500.0     135.7779276338256
 2600.0     133.8225144788565
 2700.0     131.8644937566484
 2800.0     129.9038339585845
 2900.0     127.9405211099781
 3000.0     125.9744869399230
 3100.0     124.0057276714578
 3200.0     122.0341901672769
 3300.0     120.0598480984131
 3400.0     118.0826470450786
 3500.0     116.1025542352163
 3600.0     114.1195237236385
 3700.0     112.1335263722205
 3800.0     110.1445188498705
 3900.0     108.1524695117713
 4000.0     106.1573138270353
 4100.0     104.1590329469498
 4200.0     102.1575933492345
 4300.0     100.1529132583473
 4400.0      98.1450074727826
 4500.0      96.1337679075984
 4600.0      94.1192272506809
 4700.0      92.1022361142073
 4800.0      90.0837151134034
 4900.0      88.0649877968799
 5000.0      86.0464382655641
 5100.0      84.0281741637127
 5200.0      82.0158783247309
 5300.0      80.0050499764609
 5400.0      77.9955612123431
 5500.0      75.9883021860046
 5600.0      74.0084165253247
 5700.0      72.0177400443845
 5800.0      70.0503283670059
 5900.0      68.0709087600499
 6000.0      66.1106317372742
# P = 1.000000 (GPa)
    1.0     184.7798034315596
  100.0     184.5164268966036
  200.0     183.4023393442642
  300.0     181.8132399322381
  400.0     180.0463437474637
  500.0     178.2099554670778
  600.0     176.3413109441041
  700.0     174.4551446634415
  800.0     172.5581731128664
  900.0     170.6538052546529
 1000.0     168.7439479246545
 1100.0     166.8297303043068
 1200.0     164.9118501778254
 1300.0     162.9907578397905
 1400.0     161.0667577212176
 1500.0     159.1400413324762
 1600.0     157.2107407533816
 1700.0     155.2789361116305
 1800.0     153.3446963079795
 1900.0     151.4080305196501
 2000.0     149.4689755743131
 2100.0     147.5275021550763
 2200.0     145.5836332042293
 2300.0     143.6373327380365
 2400.0     141.6885842802085
 2500.0     139.7373742648945
 2600.0     137.7836621477821
 2700.0     135.8274066208183
 2800.0     133.8685912305533
 2900.0     131.9071800775058
 3000.0     129.9431191307452
 3100.0     127.9763936050741
 3200.0     126.0069605972878
 3300.0     124.0347745093717
 3400.0     122.0597970413181
 3500.0     120.0819726729643
 3600.0     118.1012859279280
 3700.0     116.1176908085130
 3800.0     114.1311384966441
 3900.0     112.1415951525804
 4000.0     110.1490026190234
 4100.0     108.1533399302484
 4200.0     106.1545623023558
 4300.0     104.1526075375814
 4400.0     102.1474704134296
 4500.0     100.1390787489559
 4600.0      98.1274037412071
 4700.0      96.1124204842467
 4800.0      94.0939459796897
 4900.0      92.0727253704027
 5000.0      90.0497354803907
 5100.0      88.0255731394276
 5200.0      86.0023578145883
 5300.0      83.9799468058253
 5400.0      81.9584147515050
 5500.0      79.9383256429414
 5600.0      77.9320478357790
 5700.0      75.9222197074996
 5800.0      73.9265311184354
 5900.0      71.9262047053835
 6000.0      69.9388040682179
# P = 2.000000 (GPa)
    1.0     188.7196604207605
  100.0     188.4543583746438
  200.0     187.3418499220778
  300.0     185.7548690802192
  400.0     183.9890363556750
  500.0     182.1530645271997
  600.0     180.2845737968817
  700.0     178.3984856973145
  800.0     176.5016181631374
  900.0     174.5974218291540
 1000.0     172.6878314989208
 1100.0     170.7739762269530
 1200.0     168.8565696026915
 1300.0     166.9360556622726
 1400.0     165.0127375140328
 1500.0     163.0867960842054
 1600.0     161.1583780351715
 1700.0     159.2275423039254
 1800.0     157.2943649787391
 1900.0     155.3588507541506
 2000.0     153.4210278975828
 2100.0     151.4808845841907
 2200.0     149.5384178232543
 2300.0     147.5936009100984
 2400.0     145.6463958643649
 2500.0     143.6968203253618
 2600.0     141.7447996309105
 2700.0     139.7903280355638
 2800.0     137.8333452455112
 2900.0     135.8738423820035
 3000.0     133.9117561303106
 3100.0     131.9470657798464
 3200.0     129.9797182887438
 3300.0     128.0096992221131
 3400.0     126.0369485361491
 3500.0     124.0614049569819
 3600.0     122.0830551041913
 3700.0     120.1018517814699
 3800.0     118.1177546955975
 3900.0     116.1307180115564
 4000.0     114.1406947877469
 4100.0     112.1476406675594
 4200.0     110.1515337828805
 4300.0     108.1523050697577
 4400.0     106.1499376641236
 4500.0     104.1443775622091
 4600.0     102.1355800363241
 4700.0     100.1235060706042
 4800.0      98.1080832624288
 4900.0      96.0893533589409
 5000.0      94.0671101387063
 5100.0      92.0417644031970
 5200.0      90.0142291394724
 5300.0      87.9856518900889
 5400.0      85.9565198074455
 5500.0      83.9275500169345
 5600.0      81.9037787300646
 5700.0      79.8795745447508
 5800.0      77.8628491852442
 5900.0      75.8453910313151
 6000.0      73.8360165156146
# P = 3.000000 (GPa)
    1.0     192.6595109819547
  100.0     192.3922979619146
  200.0     191.2813530165571
  300.0     189.6964957742743
  400.0     187.9317309230834
  500.0     186.0961730643993
  600.0     184.2278348791827
  700.0     182.3418278063994
  800.0     180.4450597900289
  900.0     178.5410409669031
 1000.0     176.6317124959322
 1100.0     174.7182286809974
 1200.0     172.8012931609401
 1300.0     170.8813524979654
 1400.0     168.9587114073264
 1500.0     167.0335559961712
 1600.0     165.1060100422301
 1700.0     163.1761463785641
 1800.0     161.2440348172735
 1900.0     159.3096724442844
 2000.0     157.3730888579269
 2100.0     155.4342608154417
 2200.0     153.4931885765457
 2300.0     151.5498529259023
 2400.0     149.6042098232192
 2500.0     147.6562532892490
 2600.0     145.7059502569146
 2700.0     143.7532341009493
 2800.0     141.7980961118457
 2900.0     139.8405071761216
 3000.0     137.8803880560495
 3100.0     135.9177358104731
 3200.0     133.9524969434866
 3300.0     131.9846276424412
 3400.0     130.0140921138479
 3500.0     128.0408347025418
 3600.0     126.0648214166523
 3700.0     124.0860105879409
 3800.0     122.1043668000412
 3900.0     120.1198358380378
 4000.0     118.1323746548429
 4100.0     116.1419412754212
 4200.0     114.1485057363700
 4300.0     112.1519955579597
 4400.0     110.1524042618221
 4500.0     108.1496724227530
 4600.0     106.1437556370625
 4700.0     104.1346027348597
 4800.0     102.1221719685609
 4900.0     100.1064341805438
 5000.0      98.0873497149649
 5100.0      96.0648988563112
 5200.0      94.0388657304375
 5300.0      92.0095462752080
 5400.0      89.9776329718286
 5500.0      87.9441505600539
 5600.0      85.9107765350996
 5700.0      83.8771347298832
 5800.0      81.8462263214208
 5900.0      79.8157874772775
 6000.0      77.7896635225102
# P = 4.000000 (GPa)
    1.0     196.5993645200094
  100.0     196.3302310538230
  200.0     195.2208526493788
  300.0     193.6381257760262
  400.0     191.8744244851810
  500.0     190.0392865634633
  600.0     188.1710939431091
  700.0     186.2851636768528
  800.0     184.3885033669145
  900.0     182.4846579740415
 1000.0     180.5755956979502
 1100.0     178.6624786974561
 1200.0     176.7460128999991
 1300.0     174.8266474803146
 1400.0     172.9046888716088
 1500.0     170.9803086097020
 1600.0     169.0536417876999
 1700.0     167.1247507922112
 1800.0     165.1937009060356
 1900.0     163.2604927930501
 2000.0     161.3251429236020
 2100.0     159.3876339494300
 2200.0     157.4479762487581
 2300.0     155.5061141160179
 2400.0     153.5620298972601
 2500.0     151.6157015434506
 2600.0     149.6670912618352
 2700.0     147.7161560731323
 2800.0     145.7628559389950
 2900.0     143.8071609409632
 3000.0     141.8490178143473
 3100.0     139.8884026712882
 3200.0     137.9252561376353
 3300.0     135.9595633452354
 3400.0     133.9912446253322
 3500.0     132.0202644847950
 3600.0     130.0465902973622
 3700.0     128.0701806097128
 3800.0     126.0909798315115
 3900.0     124.1089573120222
 4000.0     122.1240563871985
 4100.0     120.1362431819087
 4200.0     118.1454767196796
 4300.0     116.1516941184917
 4400.0     114.1548754987396
 4500.0     112.1549661269901
 4600.0     110.1519249602804
 4700.0     108.1457018165916
 4800.0     106.1362501352065
 4900.0     104.1235390709166
 5000.0     102.1075382524609
 5100.0     100.0881906869700
 5200.0      98.0653756862081
 5300.0      96.0392167280765
 5400.0      94.0095108363152
 5500.0      91.9763025243636
 5600.0      89.9402085778070
 5700.0      87.9022304366603
 5800.0      85.8636062809418
 5900.0      83.8247137827180
 6000.0      81.7871395319608
# P = 5.000000 (GPa)
    1.0     200.5392241104700
  100.0     200.2681664320381
  200.0     199.1603618928633
  300.0     197.5797544611652
  400.0     195.8171153877865
  500.0     193.9823923220588
  600.0     192.1143544252278
  700.0     190.2285044283452
  800.0     188.3319496755346
  900.0     186.4282764950937
 1000.0     184.5194821442542
 1100.0     182.6067306656923
 1200.0     180.6907328059754
 1300.0     178.7719485959419
 1400.0     176.8506670025195
 1500.0     174.9270699158131
 1600.0     173.0012757377029
 1700.0     171.0733599855718
 1800.0     169.1433730099668
 1900.0     167.2113152698818
 2000.0     165.2772048679073
 2100.0     163.3410198578870
 2200.0     161.4027515434980
 2300.0     159.4623718978605
 2400.0     157.5198349748429
 2500.0     155.5751415633597
 2600.0     153.6282372647390
 2700.0     151.6790686809501
 2800.0     149.7276089716232
 2900.0     147.7738267386442
 3000.0     145.8176546876018
 3100.0     143.8590746736049
 3200.0     141.8980303186748
 3300.0     139.9344838970835
 3400.0     137.9683896380807
 3500.0     135.9996881928081
 3600.0     134.0283531560127
 3700.0     132.0543373392164
 3800.0     130.0776021014218
 3900.0     128.0980868235386
 4000.0     126.1157427251431
 4100.0     124.1305465466500
 4200.0     122.1424503499391
 4300.0     120.1513861261044
 4400.0     118.1573459237737
 4500.0     116.1602672304518
 4600.0     114.1600997971394
 4700.0     112.1568054148242
 4800.0     110.1503286658843
 4900.0     108.1406473604991
 5000.0     106.1277232031444
 5100.0     104.1114968744949
 5200.0     102.0918494422914
 5300.0     100.0689229833448
 5400.0      98.0424767821328
 5500.0      96.0126311617755
 5600.0      93.9792451326186
 5700.0      91.9421918388306
 5800.0      89.9019328177763
 5900.0      87.8594896870824
 6000.0      85.8158389870077
# P = 6.000000 (GPa)
    1.0     204.4790780831799
  100.0     204.2061022759515
  200.0     203.0998658584215
  300.0     201.5213815804664
  400.0     199.7598119577290
  500.0     197.9255116545977
  600.0     196.0576163670243
  700.0     194.1718479488637
  800.0     192.2753910715907
  900.0     190.3718920286344
 1000.0     188.4633581256972
 1100.0     186.5509742838877
 1200.0     184.6354587909242
 1300.0     182.7172471917601
 1400.0     180.7966434055592
 1500.0     178.8738236737513
 1600.0     176.9489119959913
 1700.0     175.0219625265853
 1800.0     173.0930376373799
 1900.0     171.1621292581420
 2000.0     169.2292629190871
 2100.0     167.2943964287435
 2200.0     165.3575314241302
 2300.0     163.4186287273805
 2400.0     161.4776526929764
 2500.0     159.5345877492926
 2600.0     157.5893770952756
 2700.0     155.6419823116509
 2800.0     153.6923625784000
 2900.0     151.7404837596967
 3000.0     149.7862853881820
 3100.0     147.8297357134869
 3200.0     145.8707973530588
 3300.0     143.9094122700199
 3400.0     141.9455408237773
 3500.0     139.9791213566816
 3600.0     138.0101255892637
 3700.0     136.0385012021224
 3800.0     134.0642064785558
 3900.0     132.0872026366204
 4000.0     130.1074292449336
 4100.0     128.1248448590205
 4200.0     126.1394212749576
 4300.0     124.1510795846094
 4400.0     122.1598168463549
 4500.0     120.1655573116747
 4600.0     118.1682717545513
 4700.0     116.1679105943756
 4800.0     114.1644075170009
 4900.0     112.1577483968391
 5000.0     110.1479055080074
 5100.0     108.1348037836553
 5200.0     106.1183326219845
 5300.0     104.0986298097804
 5400.0     102.0754379226354
 5500.0     100.0489202526766
 5600.0      98.0188702761633
 5700.0      95.9853026496248
 5800.0      93.9481930678750
 5900.0      91.9074349298170
 6000.0      89.8631563306969
# P = 7.000000 (GPa)
    1.0     208.4189296556083
  100.0     208.1440362301829
  200.0     207.0393659795212
  300.0     205.4630105660275
  400.0     203.7024996518084
  500.0     201.8686173242310
  600.0     200.0008779472587
  700.0     198.1151840414400
  800.0     196.2188334119453
  900.0     194.3155089570272
 1000.0     192.4072469011252
 1100.0     190.4952287496548
 1200.0     188.5801778759192
 1300.0     186.6625426753921
 1400.0     184.7426212879450
 1500.0     182.8205802993038
 1600.0     180.8965413992015
 1700.0     178.9705670723794
 1800.0     177.0427098287460
 1900.0     175.1129551590355
 2000.0     173.1813204397873
 2100.0     171.2477754816533
 2200.0     169.3123111559531
 2300.0     167.3748879936308
 2400.0     165.4354670255929
 2500.0     163.4940313895022
 2600.0     161.5505236057088
 2700.0     159.6048989649028
 2800.0     157.6571193281774
 2900.0     155.7071505516888
 3000.0     153.7549219028557
 3100.0     151.8004142745585
 3200.0     149.8435621307761
 3300.0     147.8843400708433
 3400.0     145.9226829378499
 3500.0     143.9585478289882
 3600.0     141.9918841803397
 3700.0     140.0226660323552
 3800.0     138.0508270515932
 3900.0     136.0763273637376
 4000.0     134.0991145492086
 4100.0     132.1191496108545
 4200.0     130.1363903745718
 4300.0     128.1507755897123
 4400.0     126.1622746592114
 4500.0     124.1708531430802
 4600.0     122.1764468492970
 4700.0     120.1790075545143
 4800.0     118.1784865689612
 4900.0     116.1748608402406
 5000.0     114.1680827003136
 5100.0     112.1581111386076
 5200.0     110.1448128728084
 5300.0     108.1283242440447
 5400.0     106.1084071742852
 5500.0     104.0852003813988
 5600.0     102.0585153055275
 5700.0     100.0283617584669
 5800.0      97.9946866966583
 5900.0      95.9574780561627
 6000.0      93.9166494791706
# P = 8.000000 (GPa)
    1.0     212.3587877667309
  100.0     212.0819723376502
  200.0     210.9788682833729
  300.0     209.4046403416171
  400.0     207.6451930884192
  500.0     205.8117240622741
  600.0     203.9441334512102
  700.0     202.0585266885141
  800.0     200.1622774081425
  900.0     198.2591278650209
 1000.0     196.3511304195618
 1100.0     194.4394784126214
 1200.0     192.5249009757775
 1300.0     190.6078438339850
 1400.0     188.6885917639412
 1500.0     186.7673350904118
 1600.0     184.8441780081009
 1700.0     182.9191757687406
 1800.0     180.9923781872843
 1900.0     179.0637741995654
 2000.0     177.1333774703713
 2100.0     175.2011469165761
 2200.0     173.2670898830334
 2300.0     171.3311452129409
 2400.0     169.3932813295385
 2500.0     167.4534707748642
 2600.0     165.5116618241999
 2700.0     163.5678056279252
 2800.0     161.6218737109951
 2900.0     159.6738047035676
 3000.0     157.7235508333071
 3100.0     155.7710783543324
 3200.0     153.8163304049584
 3300.0     151.8592699488245
 3400.0     149.8998416811513
 3500.0     147.9379757123377
 3600.0     145.9736585349104
 3700.0     144.0068279300369
 3800.0     142.0374377851889
 3900.0     140.0654482345453
 4000.0     138.0907949514573
 4100.0     136.1134505975302
 4200.0     134.1333651504100
 4300.0     132.1504742454255
 4400.0     130.1647587931990
 4500.0     128.1761524554727
 4600.0     126.1846232840137
 4700.0     124.1901069806264
 4800.0     122.1925660953892
 4900.0     120.1919615188999
 5000.0     118.1882684990355
 5100.0     116.1814151307971
 5200.0     114.1712952085317
 5300.0     112.1580221412068
 5400.0     110.1413702162053
 5500.0     108.1214891444906
 5600.0     106.0981513572054
 5700.0     104.0714118464895
 5800.0     102.0411937952071
 5900.0     100.0074829379988
 6000.0      97.9702005917397
# P = 9.000000 (GPa)
    1.0     216.2986393388952
  100.0     216.0199072720335
  200.0     214.9183759511887
  300.0     213.3462671907587
  400.0     211.5878909615035
  500.0     209.7548394245204
  600.0     207.8873943693103
  700.0     206.0018656988795
  800.0     204.1057213973015
  900.0     202.2027424458533
 1000.0     200.2950105218067
 1100.0     198.3837293773994
 1200.0     196.4696228112196
 1300.0     194.5531368280097
 1400.0     192.6345740670539
 1500.0     190.7140953780700
 1600.0     188.7918124109137
 1700.0     186.8677813939700
 1800.0     184.9420436684738
 1900.0     183.0145962098131
 2000.0     181.0854354755944
 2100.0     179.1545340153013
 2200.0     177.2218699924593
 2300.0     175.2874057421010
 2400.0     173.3510962760685
 2500.0     171.4129150403846
 2600.0     169.4728116551497
 2700.0     167.5307353041116
 2800.0     165.5866246097659
 2900.0     163.6404711623742
 3000.0     161.6921838246101
 3100.0     159.7417446751131
 3200.0     157.7891022198167
 3300.0     155.8341971464460
 3400.0     153.8769801658002
 3500.0     151.9174069618209
 3600.0     149.9554224577432
 3700.0     147.9909831222230
 3800.0     146.0240560576887
 3900.0     144.0545701017016
 4000.0     142.0824836462686
 4100.0     140.1077499475645
 4200.0     138.1303359142007
 4300.0     136.1501605169653
 4400.0     134.1672184699386
 4500.0     132.1814444979759
 4600.0     130.1927896741006
 4700.0     128.2012105842982
 4800.0     126.2066419350916
 4900.0     124.2090713343107
 5000.0     122.2084454994806
 5100.0     120.2047235280567
 5200.0     118.1977741494900
 5300.0     116.1877234802600
 5400.0     114.1743465995410
 5500.0     112.1577658991786
 5600.0     110.1378029110289
 5700.0     108.1144662144009
 5800.0     106.0876979144518
 5900.0     104.0574914380065
 6000.0     102.0237585870619
# P = 10.000000 (GPa)
    1.0     220.2384925219461
  100.0     219.9578410093328
  200.0     218.8578800505709
  300.0     217.2878965497344
  400.0     215.5305810878950
  500.0     213.6979466665597
  600.0     211.8306563257860
  700.0     209.9452037935347
  800.0     208.0491677015118
  900.0     206.1463626450830
 1000.0     204.2388949501045
 1100.0     202.3279790457591
 1200.0     200.4143417254767
 1300.0     198.4984341836654
 1400.0     196.5805513254513
 1500.0     194.6608508627037
 1600.0     192.7394426153514
 1700.0     190.8163871102587
 1800.0     188.8917151419606
 1900.0     186.9654164093907
 2000.0     185.0374924822938
 2100.0     183.1079100580555
 2200.0     181.1766464733714
 2300.0     179.2436662792186
 2400.0     177.3089075978992
 2500.0     175.3723586776827
 2600.0     173.4339543531559
 2700.0     171.4936428999241
 2800.0     169.5513796156092
 2900.0     167.6071289741540
 3000.0     165.6608208412927
 3100.0     163.7124242405138
 3200.0     161.7618628735274
 3300.0     159.8091260386867
 3400.0     157.8541339016204
 3500.0     155.8968302438394
 3600.0     153.9371866368827
 3700.0     151.9751529028051
 3800.0     150.0106705748210
 3900.0     148.0436940856868
 4000.0     146.0741669117359
 4100.0     144.1020537015306
 4200.0     142.1273056098017
 4300.0     140.1498634581611
 4400.0     138.1696934871516
 4500.0     136.1867422060127
 4600.0     134.2009676379447
 4700.0     132.2123099305758
 4800.0     130.2207214825407
 4900.0     128.2261738420036
 5000.0     126.2286292506110
 5100.0     124.2280243712138
 5200.0     122.2242498469313
 5300.0     120.2174223148862
 5400.0     118.2073123248633
 5500.0     116.1940512627237
 5600.0     114.1774405367021
 5700.0     112.1575188150688
 5800.0     110.1342089008243
 5900.0     108.1074980183110
 6000.0     106.0773058118323
# P = 11.000000 (GPa)
    1.0     224.1783488507633
  100.0     223.8957760479162
  200.0     222.7973846499598
  300.0     221.2295236821283
  400.0     219.4732715099993
  500.0     217.6410556460509
  600.0     215.7739161324184
  700.0     213.8885481395701
  800.0     211.9926092394206
  900.0     210.0899808433227
 1000.0     208.1827782131445
 1100.0     206.2722264169300
 1200.0     204.3590645723018
 1300.0     202.4437372270861
 1400.0     200.5265253791200
 1500.0     198.6076027297613
 1600.0     196.6870772875975
 1700.0     194.7649906873991
 1800.0     192.8413819225502
 1900.0     190.9162338665137
 2000.0     188.9895467841191
 2100.0     187.0612884266790
 2200.0     185.1314314759146
 2300.0     183.1999226578890
 2400.0     181.2667242601938
 2500.0     179.3318005817098
 2600.0     177.3950941157458
 2700.0     175.4565547293517
 2800.0     173.5161410947618
 2900.0     171.5737930888105
 3000.0     169.6294505716750
 3100.0     167.6830835217660
 3200.0     165.7346378727844
 3300.0     163.7840485528659
 3400.0     161.8312818487970
 3500.0     159.8762660594841
 3600.0     157.9189583961891
 3700.0     155.9593141295129
 3800.0     153.9972814372829
 3900.0     152.0328110543277
 4000.0     150.0658535426960
 4100.0     148.0963568508990
 4200.0     146.1242777574635
 4300.0     144.1495543754667
 4400.0     142.1721598645581
 4500.0     140.1920393122219
 4600.0     138.2091365739717
 4700.0     136.2234090377824
 4800.0     134.2347996944442
 4900.0     132.2432815870923
 5000.0     130.2488125830932
 5100.0     128.2513330992079
 5200.0     126.2507369822451
 5300.0     124.2471251029582
 5400.0     122.2402850911325
 5500.0     120.2303344097418
 5600.0     118.2170955460168
 5700.0     116.2005720242924
 5800.0     114.1807162894466
 5900.0     112.1575062936274
 6000.0     110.1308670854740
# P = 12.000000 (GPa)
    1.0     228.1182038429327
  100.0     227.8337126656192
  200.0     226.7368886044164
  300.0     225.1711525923105
  400.0     223.4159665995507
  500.0     221.5841700170396
  600.0     219.7171759119405
  700.0     217.8318864132324
  800.0     215.9360520398997
  900.0     214.0335970617368
 1000.0     212.1266603776209
 1100.0     210.2164813095466
 1200.0     208.3037861676013
 1300.0     206.3890324993524
 1400.0     204.4725042269945
 1500.0     202.5543623286715
 1600.0     200.6347108646516
 1700.0     198.7135941524908
 1800.0     196.7910502551847
 1900.0     194.8670552056034
 2000.0     192.9416084610936
 2100.0     191.0146645949328
 2200.0     189.0862109823519
 2300.0     187.1561829303514
 2400.0     185.2245349459319
 2500.0     183.2912446522678
 2600.0     181.3562405936007
 2700.0     179.4194706741738
 2800.0     177.4808899900757
 2900.0     175.5404513456308
 3000.0     173.5980839297677
 3100.0     171.6537559357810
 3200.0     169.7073979540671
 3300.0     167.7589825041707
 3400.0     165.8084269928814
 3500.0     163.8556858816671
 3600.0     161.9007216669758
 3700.0     159.9434746817388
 3800.0     157.9838978226071
 3900.0     156.0219393673170
 4000.0     154.0575400568464
 4100.0     152.0906547576618
 4200.0     150.1212482620952
 4300.0     148.1492446691906
 4400.0     146.1746259390203
 4500.0     144.1973287107873
 4600.0     142.2173142516748
 4700.0     140.2345105723628
 4800.0     138.2488811427429
 4900.0     136.2603850175259
 5000.0     134.2689930948246
 5100.0     132.2746427328631
 5200.0     130.2772121175078
 5300.0     128.2768200846276
 5400.0     126.2732478254710
 5500.0     124.2666134934696
 5600.0     122.2567287469504
 5700.0     120.2436243766949
 5800.0     118.2272203322926
 5900.0     116.2075116243025
 6000.0     114.1844190437584
# P = 13.000000 (GPa)
    1.0     232.0580596699488
  100.0     231.7716487532717
  200.0     230.6763903610582
  300.0     229.1127843437266
  400.0     227.3586608226456
  500.0     225.5272789139086
  600.0     223.6604386815531
  700.0     221.7752225056031
  800.0     219.8794973138060
  900.0     217.9772164561473
 1000.0     216.0705445016887
 1100.0     214.1607299851794
 1200.0     212.2485050296425
 1300.0     210.3343299978752
 1400.0     208.4184794291831
 1500.0     206.5011189071206
 1600.0     204.5823475962961
 1700.0     202.6622018727230
 1800.0     200.7407200997531
 1900.0     198.8178773246512
 2000.0     196.8936677117090
 2100.0     194.9680404199846
 2200.0     193.0409856263336
 2300.0     191.1124412393857
 2400.0     189.1823483717791
 2500.0     187.2506818480198
 2600.0     185.3173840119347
 2700.0     183.3823906233431
 2800.0     181.4456408001762
 2900.0     179.5071141512424
 3000.0     177.5667203522768
 3100.0     175.6244247049788
 3200.0     173.6801724009138
 3300.0     171.7339076658885
 3400.0     169.7855799685635
 3500.0     167.8351173108520
 3600.0     165.8824899185912
 3700.0     163.9276379838907
 3800.0     161.9705094868637
 3900.0     160.0110592100035
 4000.0     158.0492174861803
 4100.0     156.0849591910388
 4200.0     154.1182224817174
 4300.0     152.1489496417422
 4400.0     150.1771041999702
 4500.0     148.2026343499778
 4600.0     146.2254821775262
 4700.0     144.2456144154958
 4800.0     142.2629568003435
 4900.0     140.2774919130388
 5000.0     138.2891747668772
 5100.0     136.2979445991494
 5200.0     134.3036927953489
 5300.0     132.3065213757960
 5400.0     130.3062194835137
 5500.0     128.3028962750403
 5600.0     126.2963811999962
 5700.0     124.2866760339690
 5800.0     122.2737322046257
 5900.0     120.2575172817933
 6000.0     118.2379703457667
# P = 14.000000 (GPa)
    1.0     235.9979151305892
  100.0     235.7095833367250
  200.0     234.6158933338028
  300.0     233.0544121978558
  400.0     231.3013546091138
  500.0     229.4703890776821
  600.0     227.6036993711785
  700.0     225.7185643051155
  800.0     223.8229393966193
  900.0     221.9208320251594
 1000.0     220.0144262392089
 1100.0     218.1049730913329
 1200.0     216.1932264810559
 1300.0     214.2796275439788
 1400.0     212.3644586925806
 1500.0     210.4478740767400
 1600.0     208.5299810119944
 1700.0     206.6108096161171
 1800.0     204.6903876584417
 1900.0     202.7686982138197
 2000.0     200.8457217985875
 2100.0     198.9214252115617
 2200.0     196.9957640658330
 2300.0     195.0686950052983
 2400.0     193.1401669602095
 2500.0     191.2101317178184
 2600.0     189.2785290890278
 2700.0     187.3453042447531
 2800.0     185.4103998855201
 2900.0     183.4737701047449
 3000.0     181.5353550830042
 3100.0     179.5950961579912
 3200.0     177.6529375948661
 3300.0     175.7088353785896
 3400.0     173.7627238410317
 3500.0     171.8145500829019
 3600.0     169.8642575605654
 3700.0     167.9118042807553
 3800.0     165.9571305031301
 3900.0     164.0001828491731
 4000.0     162.0409054977522
 4100.0     160.0792586344917
 4200.0     158.1151922077921
 4300.0     156.1486336067738
 4400.0     154.1795676925163
 4500.0     152.2079251915663
 4600.0     150.2336588283918
 4700.0     148.2567126537465
 4800.0     146.2770362844261
 4900.0     144.2945977536311
 5000.0     142.3093548843551
 5100.0     140.3212516486405
 5200.0     138.3301755656105
 5300.0     136.3362243692986
 5400.0     134.3391876730673
 5500.0     132.3391809758764
 5600.0     130.3360281113480
 5700.0     128.3297320676234
 5800.0     126.3202334153030
 5900.0     124.3075271566955
 6000.0     122.2915208652024
# P = 15.000000 (GPa)
    1.0     239.9377673544523
  100.0     239.6475173498694
  200.0     238.5553992557621
  300.0     236.9960393540823
  400.0     235.2440474364637
  500.0     233.4135010040083
  600.0     231.5469578566880
  700.0     229.6619069008732
  800.0     227.7663842950595
  900.0     225.8644501970456
 1000.0     223.9583100699471
 1100.0     222.0492275108580
 1200.0     220.1379499765607
 1300.0     218.2249225791393
 1400.0     216.3104342330277
 1500.0     214.3946299672179
 1600.0     212.4776089724226
 1700.0     210.5594120670368
 1800.0     208.6400588659273
 1900.0     206.7195141868397
 2000.0     204.7977840905836
 2100.0     202.8748042221048
 2200.0     200.9505453774150
 2300.0     199.0249536967982
 2400.0     197.0979769343662
 2500.0     195.1695737453683
 2600.0     193.2396723301499
 2700.0     191.3082136314698
 2800.0     189.3751542604510
 2900.0     187.4404358565315
 3000.0     185.5039778799983
 3100.0     183.5657629455438
 3200.0     181.6257044731947
 3300.0     179.6837649989252
 3400.0     177.7398763331562
 3500.0     175.7939725455708
 3600.0     173.8460191270701
 3700.0     171.8959629176515
 3800.0     169.9437373453171
 3900.0     167.9893025810333
 4000.0     166.0325930258442
 4100.0     164.0735578553367
 4200.0     162.1121640397133
 4300.0     160.1483379051819
 4400.0     158.1820388078228
 4500.0     156.2132186836100
 4600.0     154.2418302617320
 4700.0     152.2678141536680
 4800.0     150.2911132227725
 4900.0     148.3117079852536
 5000.0     146.3295394874166
 5100.0     144.3445583331428
 5200.0     142.3566519118394
 5300.0     140.3659203240624
 5400.0     138.3721556003782
 5500.0     136.3754647054284
 5600.0     134.3756639056238
 5700.0     132.3727785525236
 5800.0     130.3667452144083
 5900.0     128.3575313177018
 6000.0     126.3450762736358
# P = 16.000000 (GPa)
    1.0     243.8776188277042
  100.0     243.5854517503722
  200.0     242.4949052644859
  300.0     240.9376700184866
  400.0     239.1867369807888
  500.0     237.3566109315309
  600.0     235.4902173638989
  700.0     233.6052459102882
  800.0     231.7098268738500
  900.0     229.8080705976412
 1000.0     227.9021956427022
 1100.0     225.9934824102306
 1200.0     224.0826722990320
 1300.0     222.1702233926793
 1400.0     220.2564078943484
 1500.0     218.3413873206183
 1600.0     216.4252446470216
 1700.0     214.5080171477376
 1800.0     212.5897250098936
 1900.0     210.6703395481476
 2000.0     208.7498404038300
 2100.0     206.8281831046644
 2200.0     204.9053242090828
 2300.0     202.9812169353635
 2400.0     201.0557891514244
 2500.0     199.1290144532055
 2600.0     197.2008123845181
 2700.0     195.2711327636175
 2800.0     193.3399113706709
 2900.0     191.4070949910355
 3000.0     189.4726212938925
 3100.0     187.5364329063288
 3200.0     185.5984752503306
 3300.0     183.6586914532490
 3400.0     181.7170225544285
 3500.0     179.7734071371145
 3600.0     177.8277904830161
 3700.0     175.8801223148234
 3800.0     173.9303570898619
 3900.0     171.9784235051668
 4000.0     170.0242764236483
 4100.0     168.0678662824409
 4200.0     166.1091381105200
 4300.0     164.1480246150422
 4400.0     162.1845055305824
 4500.0     160.2185157084879
 4600.0     158.2500030270736
 4700.0     156.2789127007807
 4800.0     154.3051956763335
 4900.0     152.3288076313976
 5000.0     150.3497198587699
 5100.0     148.3678609563156
 5200.0     146.3831344916847
 5300.0     144.3956234037087
 5400.0     142.4051255506084
 5500.0     140.4117426321965
 5600.0     138.4153142915410
 5700.0     136.4158381722596
 5800.0     134.4132500202234
 5900.0     132.4075441527332
 6000.0     130.3986284031865
# P = 17.000000 (GPa)
    1.0     247.8174744325184
  100.0     247.5233866460162
  200.0     246.4344090834724
  300.0     244.8792928209889
  400.0     243.1294316161272
  500.0     241.2997191522412
  600.0     239.4334771282202
  700.0     237.5485843048164
  800.0     235.6532714717055
  900.0     233.7516848277738
 1000.0     231.8460751236435
 1100.0     229.9377258961692
 1200.0     228.0273934582279
 1300.0     226.1155208362377
 1400.0     224.2023870253651
 1500.0     222.2881457907533
 1600.0     220.3728820927784
 1700.0     218.4566241279373
 1800.0     216.5393930829998
 1900.0     214.6211608229457
 2000.0     212.7018956642387
 2100.0     210.7815593425901
 2200.0     208.8601050954487
 2300.0     206.9374744177301
 2400.0     205.0136085414880
 2500.0     203.0884554087130
 2600.0     201.1619595827573
 2700.0     199.2340477009575
 2800.0     197.3046669073330
 2900.0     195.3737585915168
 3000.0     193.4412519141607
 3100.0     191.5070988811478
 3200.0     189.5712417806641
 3300.0     187.6336170910571
 3400.0     185.6941695241081
 3500.0     183.7528290193657
 3600.0     181.8095560348465
 3700.0     179.8642892791187
 3800.0     177.9169681938382
 3900.0     175.9675493845982
 4000.0     174.0159627848040
 4100.0     172.0621625376252
 4200.0     170.1061061175146
 4300.0     168.1477253470098
 4400.0     166.1869852931220
 4500.0     164.2238111827647
 4600.0     162.2581733712470
 4700.0     160.2900162348365
 4800.0     158.3192749694620
 4900.0     156.3459183834425
 5000.0     154.3699009498275
 5100.0     152.3911700726291
 5200.0     150.4096120991471
 5300.0     148.4253193206313
 5400.0     146.4380911975871
 5500.0     144.4480293050949
 5600.0     142.4549605076887
 5700.0     140.4588867322119
 5800.0     138.4597591479250
 5900.0     136.4575443854306
 6000.0     134.4521802818591
# P = 18.000000 (GPa)
    1.0     251.7573308818488
  100.0     251.4613226693437
  200.0     250.3739107554668
  300.0     248.8209195661312
  400.0     247.0721272907149
  500.0     245.2428277485402
  600.0     243.3767414121151
  700.0     241.4919237015870
  800.0     239.5967170730719
  900.0     237.6953005009893
 1000.0     235.7899628425505
 1100.0     233.8819769420769
 1200.0     231.9721138293562
 1300.0     230.0608165478650
 1400.0     228.1483632659526
 1500.0     226.2349013984889
 1600.0     224.3205137168388
 1700.0     222.4052318115985
 1800.0     220.4890671117302
 1900.0     218.5719787579776
 2000.0     216.6539549904082
 2100.0     214.7349359634291
 2200.0     212.8148857705564
 2300.0     210.8937287607415
 2400.0     208.9714205370767
 2500.0     207.0479024313079
 2600.0     205.1231036632104
 2700.0     203.1969616252610
 2800.0     201.2694173446530
 2900.0     199.3404174266376
 3000.0     197.4098810320936
 3100.0     195.4777725017003
 3200.0     193.5440094778054
 3300.0     191.6085490110531
 3400.0     189.6713191366815
 3500.0     187.7322615086930
 3600.0     185.7913223508939
 3700.0     183.8484526209391
 3800.0     181.9035815133778
 3900.0     179.9566707110705
 4000.0     178.0076463306233
 4100.0     176.0564647960874
 4200.0     174.1030783628972
 4300.0     172.1474135090832
 4400.0     170.1894447934645
 4500.0     168.2291081301448
 4600.0     166.2663517760216
 4700.0     164.3011147083160
 4800.0     162.3333498956409
 4900.0     160.3630199769743
 5000.0     158.3900843323260
 5100.0     156.4144774345972
 5200.0     154.4360949143079
 5300.0     152.4550188555757
 5400.0     150.4710620953346
 5500.0     148.4843115377475
 5600.0     146.4945998343754
 5700.0     144.5019418600403
 5800.0     142.5062677323424
 5900.0     140.5075555373912
 6000.0     138.5057358618135
# P = 19.000000 (GPa)
    1.0     255.6971861725058
  100.0     255.3992584559167
  200.0     254.3134156995319
  300.0     252.7625537423041
  400.0     251.0148169906924
  500.0     249.1859368609892
  600.0     247.3200034199394
  700.0     245.4352637761822
  800.0     243.5401583515467
  900.0     241.6389237315919
 1000.0     239.7338452570142
 1100.0     237.8262332266979
 1200.0     235.9168339256603
 1300.0     234.0061174111049
 1400.0     232.0943379919840
 1500.0     230.1816562578906
 1600.0     228.2681464490743
 1700.0     226.3538358496697
 1800.0     224.4387321014531
 1900.0     222.5227991732017
 2000.0     220.6060141647223
 2100.0     218.6883145604981
 2200.0     216.7696636531755
 2300.0     214.8499936133725
 2400.0     212.9292313993629
 2500.0     211.0073433385755
 2600.0     209.0842430080352
 2700.0     207.1598736955708
 2800.0     205.2341700410080
 2900.0     203.3070777348718
 3000.0     201.3785192357074
 3100.0     199.4484379653075
 3200.0     197.5167762588875
 3300.0     195.5834735003011
 3400.0     193.6484693501560
 3500.0     191.7116909485877
 3600.0     189.7730907928043
 3700.0     187.8326139302979
 3800.0     185.8901994084603
 3900.0     183.9457901019966
 4000.0     181.9993307145859
 4100.0     180.0507677580102
 4200.0     178.1000524890929
 4300.0     176.1471135460688
 4400.0     174.1919142593232
 4500.0     172.2344026919426
 4600.0     170.2745243605825
 4700.0     168.3122178936047
 4800.0     166.3474297327589
 4900.0     164.3801282205851
 5000.0     162.4102642635047
 5100.0     160.4377800816633
 5200.0     158.4625740124309
 5300.0     156.4847241172895
 5400.0     154.5040295858885
 5500.0     152.5205907262409
 5600.0     150.5342484771764
 5700.0     148.5449935338627
 5800.0     146.5527724115514
 5900.0     144.5575607206700
 6000.0     142.5592856663972
# P = 20.000000 (GPa)
    1.0     259.6370402475623
  100.0     259.3371933787389
  200.0     258.2529217199783
  300.0     256.7041849283329
  400.0     254.9575096083118
  500.0     253.1290498909810
  600.0     251.2632610641571
  700.0     249.3786035569783
  800.0     247.4836004009381
  900.0     245.5825397074788
 1000.0     243.6777244475210
 1100.0     241.7704774882610
 1200.0     239.8615571942395
 1300.0     237.9514144084578
 1400.0     236.0403180010017
 1500.0     234.1284136249612
 1600.0     232.2157839186982
 1700.0     230.3024390286882
 1800.0     228.3883945198906
 1900.0     226.4736170152274
 2000.0     224.5580705362370
 2100.0     222.6416920792265
 2200.0     220.7244426276841
 2300.0     218.8062527967855
 2400.0     216.8870486165991
 2500.0     214.9667817438589
 2600.0     213.0453887522473
 2700.0     211.1227893296215
 2800.0     209.1989293383691
 2900.0     207.2737410574079
 3000.0     205.3471466843517
 3100.0     203.4191036699320
 3200.0     201.4895407591862
 3300.0     199.5584013206683
 3400.0     197.6256145127713
 3500.0     195.6911131792045
 3600.0     193.7548552190111
 3700.0     191.8167697863516
 3800.0     189.8768127579902
 3900.0     187.9349174316798
 4000.0     185.9910150557984
 4100.0     184.0450698742378
 4200.0     182.0970202090165
 4300.0     180.1468088003540
 4400.0     178.1943830947401
 4500.0     176.2396985231297
 4600.0     174.2826947435995
 4700.0     172.3233181292634
 4800.0     170.3615062907769
 4900.0     168.3972347175809
 5000.0     166.4304439210488
 5100.0     164.4610862810968
 5200.0     162.4890494721512
 5300.0     160.5144162515265
 5400.0     158.5369977502835
 5500.0     156.5568756495679
 5600.0     154.5738851311227
 5700.0     152.5880474705164
 5800.0     150.5992774173176
 5900.0     148.6075729379727
 6000.0     146.6128415705524
# P = 21.000000 (GPa)
    1.0     263.5768939079719
  100.0     263.2751280644643
  200.0     262.1924217877886
  300.0     260.6458102449218
  400.0     258.9002066225964
  500.0     257.0721620475467
  600.0     255.2065188229554
  700.0     253.3219433112189
  800.0     251.4270451405577
  900.0     249.5261537342593
 1000.0     247.6216090097698
 1100.0     245.7147234974960
 1200.0     243.8062810334453
 1300.0     241.8967106998915
 1400.0     239.9862984420961
 1500.0     238.0751695352883
 1600.0     236.1634156365417
 1700.0     234.2510467539268
 1800.0     232.3380682205419
 1900.0     230.4244407884860
 2000.0     228.5101292359083
 2100.0     226.5950726369807
 2200.0     224.6792236573076
 2300.0     222.7625070731428
 2400.0     220.8448620045826
 2500.0     218.9262307360430
 2600.0     217.0065336964240
 2700.0     215.0857050922784
 2800.0     213.1636836095541
 2900.0     211.2403989657277
 3000.0     209.3157845537372
 3100.0     207.3897817871170
 3200.0     205.4623121566877
 3300.0     203.5333330019856
 3400.0     201.6027620611368
 3500.0     199.6705456840182
 3600.0     197.7366224092089
 3700.0     195.8009384659075
 3800.0     193.8634287480263
 3900.0     191.9240335629798
 4000.0     189.9827014132645
 4100.0     188.0393658459794
 4200.0     186.0939955957305
 4300.0     184.1464986675681
 4400.0     182.1968584864960
 4500.0     180.2449987612955
 4600.0     178.2908673056540
 4700.0     176.3344150466185
 4800.0     174.3755889909160
 4900.0     172.4143392643504
 5000.0     170.4506300849922
 5100.0     168.4843950204833
 5200.0     166.5155374126941
 5300.0     164.5441180018729
 5400.0     162.5699663759298
 5500.0     160.5931565130315
 5600.0     158.6135385848846
 5700.0     156.6310975426709
 5800.0     154.6457913412607
 5900.0     152.6575731577049
 6000.0     150.6663921852208
# P = 22.000000 (GPa)
    1.0     267.5167480233503
  100.0     267.2130626461071
  200.0     266.1319254640835
  300.0     264.5874386740132
  400.0     262.8428989588633
  500.0     261.0152717944423
  600.0     259.1497803602568
  700.0     257.2652857445050
  800.0     255.3704920128590
  900.0     253.4697719313955
 1000.0     251.5654938988487
 1100.0     249.6589798930995
 1200.0     247.7510013620304
 1300.0     245.8420093363601
 1400.0     243.9322719120698
 1500.0     242.0219271618478
 1600.0     240.1110442292969
 1700.0     238.1996540169328
 1800.0     236.2877396802260
 1900.0     234.3752631862688
 2000.0     232.4621893697043
 2100.0     230.5484527299118
 2200.0     228.6340015642450
 2300.0     226.7187678013994
 2400.0     224.8026732288683
 2500.0     222.8856724813400
 2600.0     220.9676747001047
 2700.0     219.0486228591198
 2800.0     217.1284318953442
 2900.0     215.2070600119928
 3000.0     213.2844201561382
 3100.0     211.3604456709041
 3200.0     209.4350829864887
 3300.0     207.5082566536335
 3400.0     205.5799133755943
 3500.0     203.6499756664261
 3600.0     201.7183876646617
 3700.0     199.7851041477602
 3800.0     197.8500404722769
 3900.0     195.9131556533158
 4000.0     193.9743814172258
 4100.0     192.0336782379271
 4200.0     190.0909609398922
 4300.0     188.1461939896793
 4400.0     186.1993273900183
 4500.0     184.2502893376809
 4600.0     182.2990414326070
 4700.0     180.3455202203935
 4800.0     178.3896679189957
 4900.0     176.4314467145735
 5000.0     174.4708107787093
 5100.0     172.5076979866436
 5200.0     170.5420130085847
 5300.0     168.5738191853104
 5400.0     166.6029381651948
 5500.0     164.6294424885645
 5600.0     162.6531760589442
 5700.0     160.6741519559378
 5800.0     158.6922929061567
 5900.0     156.7075847156038
 6000.0     154.7199456480304
# P = 23.000000 (GPa)
    1.0     271.4566023295386
  100.0     271.1509970122553
  200.0     270.0714325676008
  300.0     268.5290699956697
  400.0     266.7855864124454
  500.0     264.9583836021332
  600.0     263.0930414298684
  700.0     261.2086282566617
  800.0     259.3139372388800
  900.0     257.4133903783485
 1000.0     255.5093756495841
 1100.0     253.6032304882357
 1200.0     251.6957204036637
 1300.0     249.7873035932752
 1400.0     247.8782456780589
 1500.0     245.9686837173874
 1600.0     244.0586791732067
 1700.0     242.1482550329386
 1800.0     240.2374060886316
 1900.0     238.3260809203595
 2000.0     236.4142430067662
 2100.0     234.5018289224817
 2200.0     232.5887789796001
 2300.0     230.6750241709468
 2400.0     228.7604910318884
 2500.0     226.8451098975967
 2600.0     224.9288211953453
 2700.0     223.0115397560925
 2800.0     221.0931889070027
 2900.0     219.1737237719698
 3000.0     217.2530459988359
 3100.0     215.3311116872565
 3200.0     213.4078484305315
 3300.0     211.4831848189953
 3400.0     209.5570632091741
 3500.0     207.6294026783218
 3600.0     205.7001578594313
 3700.0     203.7692610021195
 3800.0     201.8366541090776
 3900.0     199.9022852927446
 4000.0     197.9660672194307
 4100.0     196.0279736831383
 4200.0     194.0879365104461
 4300.0     192.1458908893999
 4400.0     190.2017903714431
 4500.0     188.2555858294425
 4600.0     186.3072143795004
 4700.0     184.3566203379185
 4800.0     182.4037428783873
 4900.0     180.4485502039438
 5000.0     178.4909882269674
 5100.0     176.5310045140817
 5200.0     174.5684929656755
 5300.0     172.6035177497024
 5400.0     170.6359047451503
 5500.0     168.6657211996813
 5600.0     166.6928262092560
 5700.0     164.7172032717540
 5800.0     162.7388016201006
 5900.0     160.7575919707026
 6000.0     158.7734986813400
# P = 24.000000 (GPa)
    1.0     275.3964570673975
  100.0     275.0889326643450
  200.0     274.0109383163548
  300.0     272.4706978322999
  400.0     270.7282823744434
  500.0     268.9014942152791
  600.0     267.0363014994005
  700.0     265.1519661424259
  800.0     263.2573779672433
  900.0     261.3570085022756
 1000.0     259.4532587359303
 1100.0     257.5474750594224
 1200.0     255.6404423662551
 1300.0     253.7326023991115
 1400.0     251.8242221440764
 1500.0     249.9154383500069
 1600.0     248.0063162084930
 1700.0     246.0968621140595
 1800.0     244.1870731696902
 1900.0     242.2769008853357
 2000.0     240.3663001872641
 2100.0     238.4552065727577
 2200.0     236.5435613327679
 2300.0     234.6312793378769
 2400.0     232.7183036965880
 2500.0     230.8045530098394
 2600.0     228.8899703017188
 2700.0     226.9744502293573
 2800.0     225.0579481117299
 2900.0     223.1403829654996
 3000.0     221.2216819199284
 3100.0     219.3017861581218
 3200.0     217.3806133808752
 3300.0     215.4581140377137
 3400.0     213.5342084899910
 3500.0     211.6088290614197
 3600.0     209.6819266664154
 3700.0     207.7534232724134
 3800.0     205.8232726605977
 3900.0     203.8914013564279
 4000.0     201.9577569517188
 4100.0     200.0222735757430
 4200.0     198.0849101137856
 4300.0     196.1455862583887
 4400.0     194.2042627937858
 4500.0     192.2608844054739
 4600.0     190.3153843637636
 4700.0     188.3677192994672
 4800.0     186.4178241225881
 4900.0     184.4656602867383
 5000.0     182.5111759394415
 5100.0     180.5543127600739
 5200.0     178.5949773470272
 5300.0     176.6332175573909
 5400.0     174.6688740713066
 5500.0     172.7020049177532
 5600.0     170.7324652938999
 5700.0     168.7602561377557
 5800.0     166.7853115574595
 5900.0     164.8075977673374
 6000.0     162.8270525702180
# P = 25.000000 (GPa)
    1.0     279.3363131391986
  100.0     279.0268709504284
  200.0     277.9504410809512
  300.0     276.4123235866494
  400.0     274.6709777320029
  500.0     272.8446030621899
  600.0     270.9795615621025
  700.0     269.0952998031962
  800.0     267.2008184972844
  900.0     265.3006266967521
 1000.0     263.3971431754858
 1100.0     261.4917272989680
 1200.0     259.5851633009808
 1300.0     257.6779033790910
 1400.0     255.7701998161551
 1500.0     253.8621949870252
 1600.0     251.9539471296501
 1700.0     250.0454694736657
 1800.0     248.1367432031759
 1900.0     246.2277220142161
 2000.0     244.3183605985321
 2100.0     242.4085863618946
 2200.0     240.4983436605526
 2300.0     238.5875396336894
 2400.0     236.6761134808656
 2500.0     234.7640015502664
 2600.0     232.8511136075840
 2700.0     230.9373651330255
 2800.0     229.0227021423970
 2900.0     227.1070448048720
 3000.0     225.1903156778669
 3100.0     223.2724554262347
 3200.0     221.3533811426927
 3300.0     219.4330439645852
 3400.0     217.5113550914434
 3500.0     215.5882615543163
 3600.0     213.6636897503744
 3700.0     211.7375886415242
 3800.0     209.8098867910829
 3900.0     207.8805220640008
 4000.0     205.9494411743118
 4100.0     204.0165781872285
 4200.0     202.0818789548384
 4300.0     200.1452776390874
 4400.0     198.2067334420135
 4500.0     196.2661757562541
 4600.0     194.3235616576350
 4700.0     192.3788202893996
 4800.0     190.4319013358934
 4900.0     188.4827639110484
 5000.0     186.5313563661021
 5100.0     184.5776172845953
 5200.0     182.6214520272594
 5300.0     180.6629195711804
 5400.0     178.7018397508280
 5500.0     176.7382873154188
 5600.0     174.7721177576249
 5700.0     172.8033120245477
 5800.0     170.8318162643971
 5900.0     168.8576009032095
 6000.0     166.8806079365812
# P = 26.000000 (GPa)
    1.0     283.2761697405826
  100.0     282.9648052408090
  200.0     281.8899425406636
  300.0     280.3539509088346
  400.0     278.6136684648148
  500.0     276.7877119517081
  600.0     274.9228220316604
  700.0     273.0386413225261
  800.0     271.1442619363815
  900.0     269.2442431698341
 1000.0     267.3410252744665
 1100.0     265.4359813562833
 1200.0     263.5298841968474
 1300.0     261.6232016967851
 1400.0     259.7161774025680
 1500.0     257.8089520252505
 1600.0     255.9015807068651
 1700.0     253.9940726249103
 1800.0     252.0864128903810
 1900.0     250.1785423022474
 2000.0     248.2704190179166
 2100.0     246.3619653982194
 2200.0     244.4531168777152
 2300.0     242.5438002958126
 2400.0     240.6339292077449
 2500.0     238.7234483585984
 2600.0     236.8122494919863
 2700.0     234.9002812872078
 2800.0     232.9874550834753
 2900.0     231.0737087334342
 3000.0     229.1589487833021
 3100.0     227.2431219243464
 3200.0     225.3261483253131
 3300.0     223.4079711023137
 3400.0     221.4885052336305
 3500.0     219.5676890087936
 3600.0     217.6454566919342
 3700.0     215.7217507447997
 3800.0     213.7964987263164
 3900.0     211.8696467880584
 4000.0     209.9411266915009
 4100.0     208.0108768901007
 4200.0     206.0788521775296
 4300.0     204.1449699516651
 4400.0     202.2092006905504
 4500.0     200.2714705896142
 4600.0     198.3317355967908
 4700.0     196.3899250909525
 4800.0     194.4459792733426
 4900.0     192.4998685714540
 5000.0     190.5515372537706
 5100.0     188.6009238843345
 5200.0     186.6479308967204
 5300.0     184.6926164367399
 5400.0     182.7348095194197
 5500.0     180.7745699166075
 5600.0     178.8117557520850
 5700.0     176.8463630227258
 5800.0     174.8783220579939
 5900.0     172.9076171638820
 6000.0     170.9341582600682
# P = 27.000000 (GPa)
    1.0     287.2160243124408
  100.0     286.9027362147083
  200.0     285.8294449659526
  300.0     284.2955813799404
  400.0     282.5563597604221
  500.0     280.7308224593735
  600.0     278.8660839064295
  700.0     276.9819875233208
  800.0     275.0877072069604
  900.0     273.1878570485214
 1000.0     271.2849076549844
 1100.0     269.3802298681271
 1200.0     267.4746071276874
 1300.0     265.5684970334767
 1400.0     263.6621548230585
 1500.0     261.7557077398611
 1600.0     259.8492181966866
 1700.0     257.9426772791578
 1800.0     256.0360804170683
 1900.0     254.1293623693797
 2000.0     252.2224751925204
 2100.0     250.3153440520751
 2200.0     248.4078931186314
 2300.0     246.5000596423455
 2400.0     244.5917477619212
 2500.0     242.6828826512250
 2600.0     240.7733894344976
 2700.0     238.8631936727857
 2800.0     236.9522080527417
 2900.0     235.0403631777520
 3000.0     233.1275830583193
 3100.0     231.2137898973600
 3200.0     229.2989215887314
 3300.0     227.3828954416857
 3400.0     225.4656538566578
 3500.0     223.5471124219748
 3600.0     221.6272242943779
 3700.0     219.7059117876743
 3800.0     217.7831135825313
 3900.0     215.8587688768170
 4000.0     213.9328104945644
 4100.0     212.0051793548745
 4200.0     210.0758230119813
 4300.0     208.1446671444687
 4400.0     206.2116709507302
 4500.0     204.2767722889988
 4600.0     202.3399030034387
 4700.0     200.4010230971436
 4800.0     198.4600607920450
 4900.0     196.5169757971267
 5000.0     194.5717181590355
 5100.0     192.6242283147347
 5200.0     190.6744156068982
 5300.0     188.7223170707608
 5400.0     186.7677814302554
 5500.0     184.8108571873415
 5600.0     182.8514042436671
 5700.0     180.8894160451471
 5800.0     178.9248354839885
 5900.0     176.9576199986697
 6000.0     174.9877082119258
# P = 28.000000 (GPa)
    1.0     291.1558748726156
  100.0     290.8406710915951
  200.0     289.7689496755496
  300.0     288.2372122455331
  400.0     286.4990545081043
  500.0     284.6739345719040
  600.0     282.8093445631437
  700.0     280.9253291575081
  800.0     279.0311506622539
  900.0     277.1314763731577
 1000.0     275.2287909062358
 1100.0     273.3244747023267
 1200.0     271.4193311220318
 1300.0     269.5137932723350
 1400.0     267.6081319118358
 1500.0     265.7024636948138
 1600.0     263.7968516797361
 1700.0     261.8912849046869
 1800.0     259.9857476398045
 1900.0     258.0801837666326
 2000.0     256.1745328759300
 2100.0     254.2687230440884
 2200.0     252.3626771944373
 2300.0     250.4563185783680
 2400.0     248.5495594161645
 2500.0     246.6423247208404
 2600.0     244.7345362024959
 2700.0     242.8261074526868
 2800.0     240.9169653765472
 2900.0     239.0070235301081
 3000.0     237.0962146217784
 3100.0     235.1844555406702
 3200.0     233.2716899298553
 3300.0     231.3578242120253
 3400.0     229.4428021770776
 3500.0     227.5265445521574
 3600.0     225.6089889484899
 3700.0     223.6900754729710
 3800.0     221.7697271971645
 3900.0     219.8478924235635
 4000.0     217.9244931290737
 4100.0     215.9994832354890
 4200.0     214.0727938987469
 4300.0     212.1443628478868
 4400.0     210.2141416043375
 4500.0     208.2820647836145
 4600.0     206.3480776272698
 4700.0     204.4121229979528
 4800.0     202.4741408513221
 4900.0     200.5340816680523
 5000.0     198.5918979979561
 5100.0     196.6475373033480
 5200.0     194.7008947768298
 5300.0     192.7520167805171
 5400.0     190.8007451585799
 5500.0     188.8471325242401
 5600.0     186.8910460239325
 5700.0     184.9324662597998
 5800.0     182.9713346685751
 5900.0     181.0076278687523
 6000.0     179.0412619822451
# P = 29.000000 (GPa)
    1.0     295.0957262295570
  100.0     294.7786084238752
  200.0     293.7084554059007
  300.0     292.1788407907873
  400.0     290.4417504499829
  500.0     288.6170460143178
  600.0     286.7526014274862
  700.0     284.8686648354945
  800.0     282.9745952983195
  900.0     281.0750984432098
 1000.0     279.1726744419603
 1100.0     277.2687250151288
 1200.0     275.3640507103569
 1300.0     273.4590909201370
 1400.0     271.5541083457882
 1500.0     269.6492219174076
 1600.0     267.7444827251574
 1700.0     265.8398919742560
 1800.0     263.9354154541776
 1900.0     262.0310060370300
 2000.0     260.1265911411783
 2100.0     258.2220987242044
 2200.0     256.3174603374788
 2300.0     254.4125767556010
 2400.0     252.5073718158129
 2500.0     250.6017713282702
 2600.0     248.6956826541887
 2700.0     246.7890256959737
 2800.0     244.8817180405928
 2900.0     242.9736887900096
 3000.0     241.0648454673719
 3100.0     239.1551277159037
 3200.0     237.2444538647768
 3300.0     235.3327538894874
 3400.0     233.4199522395385
 3500.0     231.5059747953167
 3600.0     229.5907559173083
 3700.0     227.6742359153604
 3800.0     225.7563430928999
 3900.0     223.8370120015273
 4000.0     221.9161767997960
 4100.0     219.9937822802519
 4200.0     218.0697642808585
 4300.0     216.1440597428204
 4400.0     214.2166140654908
 4500.0     212.2873566942100
 4600.0     210.3562558255223
 4700.0     208.4232238870533
 4800.0     206.4882164930120
 4900.0     204.5511861813339
 5000.0     202.6120810319253
 5100.0     200.6708428866920
 5200.0     198.7273740274658
 5300.0     196.7817186177280
 5400.0     194.8337174265309
 5500.0     192.8834172932800
 5600.0     190.9306912718511
 5700.0     188.9755206288264
 5800.0     187.0178437728915
 5900.0     185.0576343285675
 6000.0     183.0948196302328
# P = 30.000000 (GPa)
    1.0     299.0355812481146
  100.0     298.7165452762472
  200.0     297.6479600515803
  300.0     296.1204667570415
  400.0     294.3844433855834
  500.0     292.5601532947389
  600.0     290.6958621932223
  700.0     288.8120005117698
  800.0     286.9180405288596
  900.0     285.0187160024349
 1000.0     283.1165579962339
 1100.0     281.2129794783539
 1200.0     279.3087701936473
 1300.0     277.4043896151877
 1400.0     275.5000841461262
 1500.0     273.5959784708175
 1600.0     271.6921151779649
 1700.0     269.7884967867731
 1800.0     267.8850837453328
 1900.0     265.9818252874857
 2000.0     264.0786487827635
 2100.0     262.1754740031808
 2200.0     260.2722350044298
 2300.0     258.3688345199427
 2400.0     256.4651862751272
 2500.0     254.5612127037335
 2600.0     252.6568253173508
 2700.0     250.7519396362348
 2800.0     248.8464700437149
 2900.0     246.9403482578163
 3000.0     245.0334813153259
 3100.0     243.1258014321116
 3200.0     241.2172189802710
 3300.0     239.3076776081306
 3400.0     237.3970982532217
 3500.0     235.4853993179585
 3600.0     233.5725243473889
 3700.0     231.6583973414392
 3800.0     229.7429566252874
 3900.0     227.8261301457222
 4000.0     225.9078637973999
 4100.0     223.9880822393673
 4200.0     222.0667341147034
 4300.0     220.1437554503941
 4400.0     218.2190777299680
 4500.0     216.2926579788502
 4600.0     214.3644256889208
 4700.0     212.4343254529051
 4800.0     210.5022980193283
 4900.0     208.5682926439708
 5000.0     206.6322659956612
 5100.0     204.6941443332888
 5200.0     202.7538534049330
 5300.0     200.8114108401642
 5400.0     198.8666843866824
 5500.0     196.9197015582352
 5600.0     194.9703358089310
 5700.0     193.0185722004799
 5800.0     191.0643559431982
 5900.0     189.1076396661217
 6000.0     187.1483718849527
# P = 31.000000 (GPa)
    1.0     302.9754385618895
  100.0     302.6544799746857
  200.0     301.5874620074893
  300.0     300.0620939251701
  400.0     298.3271350245915
  500.0     296.5032619202656
  600.0     294.6391267738233
  700.0     292.7553410261939
  800.0     290.8614818325927
  900.0     288.9623312596358
 1000.0     287.0604405983615
 1100.0     285.1572318678519
 1200.0     283.2534941729468
 1300.0     281.3496895811844
 1400.0     279.4460607016971
 1500.0     277.5427328068249
 1600.0     275.6397498116515
 1700.0     273.7371013370479
 1800.0     271.8347548127284
 1900.0     269.9326430659875
 2000.0     268.0307060874535
 2100.0     266.1288556422951
 2200.0     264.2270138582394
 2300.0     262.3250931974504
 2400.0     260.4230003150232
 2500.0     258.5206523550781
 2600.0     256.6179728229793
 2700.0     254.7148538664608
 2800.0     252.8112268695907
 2900.0     250.9070073237600
 3000.0     249.0021162379950
 3100.0     247.0964693302317
 3200.0     245.1899872761367
 3300.0     243.2826085878419
 3400.0     241.3742447324693
 3500.0     239.4648275717671
 3600.0     237.5542882267890
 3700.0     235.6425586018640
 3800.0     233.7295686055671
 3900.0     231.8152565671224
 4000.0     229.8995485943911
 4100.0     227.9823886988355
 4200.0     226.0637076974232
 4300.0     224.1434417127647
 4400.0     222.2215470894722
 4500.0     220.2979549700373
 4600.0     218.3725974774679
 4700.0     216.4454268079577
 4800.0     214.5163764460955
 4900.0     212.5853998457728
 5000.0     210.6524431082844
 5100.0     208.7174506716546
 5200.0     206.7803367742351
 5300.0     204.8411154698238
 5400.0     202.8996536038171
 5500.0     200.9559825503832
 5600.0     199.0099769785539
 5700.0     197.0616241619374
 5800.0     195.1108606646096
 5900.0     193.1576480342870
 6000.0     191.2019232815755
# P = 32.000000 (GPa)
    1.0     306.9152955527117
  100.0     306.5924136894337
  200.0     305.5269642526316
  300.0     304.0037231660082
  400.0     302.2698270114147
  500.0     300.4463757784801
  600.0     298.5823877547961
  700.0     296.6986830537764
  800.0     294.8049236559168
  900.0     292.9059467973159
 1000.0     291.0043227250778
 1100.0     289.1014774703045
 1200.0     287.1982152145185
 1300.0     285.2949870756978
 1400.0     283.3920381900976
 1500.0     281.4894875182173
 1600.0     279.5873834113931
 1700.0     277.6857071017880
 1800.0     275.7844247852781
 1900.0     273.8834631200817
 2000.0     271.9827642005963
 2100.0     270.0822386998323
 2200.0     268.1817950335749
 2300.0     266.2813528890969
 2400.0     264.3808131364777
 2500.0     262.4800994534973
 2600.0     260.5791168234166
 2700.0     258.6777702806740
 2800.0     256.7759835520728
 2900.0     254.8736727783793
 3000.0     252.9707487870260
 3100.0     251.0671348766201
 3200.0     249.1627582581387
 3300.0     247.2575403302248
 3400.0     245.3513938868234
 3500.0     243.4442605231095
 3600.0     241.5360559614305
 3700.0     239.6267234496488
 3800.0     237.7161841090418
 3900.0     235.8043829125224
 4000.0     233.8912372696494
 4100.0     231.9766913430506
 4200.0     230.0606831782700
 4300.0     228.1431393869035
 4400.0     226.2240167107027
 4500.0     224.3032458007139
 4600.0     222.3807702304627
 4700.0     220.4565283801727
 4800.0     218.5304500349601
 4900.0     216.6025060493162
 5000.0     214.6726251946066
 5100.0     212.7407604861849
 5200.0     210.8068141180257
 5300.0     208.8708175066251
 5400.0     206.9326204774895
 5500.0     204.9922703572851
 5600.0     203.0496277488693
 5700.0     201.1046806605249
 5800.0     199.1573660040158
 5900.0     197.2076563654954
 6000.0     195.2554736043093
# P = 33.000000 (GPa)
    1.0     310.8551503259458
  100.0     310.5303480266310
  200.0     309.4664698081837
  300.0     307.9453531831043
  400.0     306.2125195528864
  500.0     304.3894873537819
  600.0     302.5256457655155
  700.0     300.6420244867410
  800.0     298.7483681095362
  900.0     296.8495639334681
 1000.0     294.9482069560972
 1100.0     293.0457245112779
 1200.0     291.1429338364253
 1300.0     289.2402820419491
 1400.0     287.3380154992518
 1500.0     285.4362457311664
 1600.0     283.5350161867087
 1700.0     281.6343131836367
 1800.0     279.7340909469490
 1900.0     277.8342870608217
 2000.0     275.9348224568924
 2100.0     274.0356172681294
 2200.0     272.1365741760504
 2300.0     270.2376120571588
 2400.0     268.3386269928546
 2500.0     266.4395454832185
 2600.0     264.5402552924197
 2700.0     262.6406836676183
 2800.0     260.7407335850767
 2900.0     258.8403352025944
 3000.0     256.9393807935413
 3100.0     255.0378065596396
 3200.0     253.1355284176226
 3300.0     251.2324653918080
 3400.0     249.3285439585294
 3500.0     247.4236853349697
 3600.0     245.5178269242685
 3700.0     243.6108886053427
 3800.0     241.7028027227540
 3900.0     239.7935009699636
 4000.0     237.8829171163734
 4100.0     235.9709885378321
 4200.0     234.0576554642302
 4300.0     232.1428402395167
 4400.0     230.2264868647269
 4500.0     228.3085432606493
 4600.0     226.3889431359384
 4700.0     224.4676276732901
 4800.0     222.5445303695679
 4900.0     220.6196100706947
 5000.0     218.6928100472807
 5100.0     216.7640664998452
 5200.0     214.8332912547927
 5300.0     212.9005125025142
 5400.0     210.9655878357646
 5500.0     209.0285452864591
 5600.0     207.0892736701764
 5700.0     205.1477308041746
 5800.0     203.2038787501184
 5900.0     201.2576637271491
 6000.0     199.3090280879245
# P = 34.000000 (GPa)
    1.0     314.7950034212328
  100.0     314.4682831782873
  200.0     313.4059767515091
  300.0     311.8869827492583
  400.0     310.1552131607930
  500.0     308.3325948534560
  600.0     306.4689037594553
  700.0     304.5853648030664
  800.0     302.6918111897339
  900.0     300.7931823193375
 1000.0     298.8920915303260
 1100.0     296.9899767618535
 1200.0     295.0876546861804
 1300.0     293.1855800271283
 1400.0     291.2839914603919
 1500.0     289.3830050242132
 1600.0     287.4826493582597
 1700.0     285.5829178984483
 1800.0     283.6837586872859
 1900.0     281.7851094934346
 2000.0     279.8868802538239
 2100.0     277.9889914370171
 2200.0     276.0913536160955
 2300.0     274.1938696189179
 2400.0     272.2964422478026
 2500.0     270.3989845841737
 2600.0     268.5013988932147
 2700.0     266.6035981404013
 2800.0     264.7054873553361
 2900.0     262.8069910347051
 3000.0     260.9080132500998
 3100.0     259.0084770127535
 3200.0     257.1082945931028
 3300.0     255.2073891182505
 3400.0     253.3056936411649
 3500.0     251.4031104498819
 3600.0     249.4995923877182
 3700.0     247.5950486554854
 3800.0     245.6894182928333
 3900.0     243.7826218017279
 4000.0     241.8745976916320
 4100.0     239.9652902330221
 4200.0     238.0546241316149
 4300.0     236.1425332988868
 4400.0     234.2289597541296
 4500.0     232.3138398103316
 4600.0     230.3971178728267
 4700.0     228.4787258223617
 4800.0     226.5586086812652
 4900.0     224.6367181483377
 5000.0     222.7129906661058
 5100.0     220.7873683948876
 5200.0     218.8597737921274
 5300.0     216.9302129200397
 5400.0     214.9985613794665
 5500.0     213.0648279615584
 5600.0     211.1289139247764
 5700.0     209.1907847261886
 5800.0     207.2503833952078
 5900.0     205.3076684987580
 6000.0     203.3625828473745
# P = 35.000000 (GPa)
    1.0     318.7348557303972
  100.0     318.4062189226715
  200.0     317.3454826022863
  300.0     315.8286113207310
  400.0     314.0979073887397
  500.0     312.2757019145038
  600.0     310.4121642895922
  700.0     308.5287041956283
  800.0     306.6352544916211
  900.0     304.7368011281619
 1000.0     302.8359740708379
 1100.0     300.9342299426698
 1200.0     299.0323786742388
 1300.0     297.1308793179009
 1400.0     295.2299663553644
 1500.0     293.3297618314983
 1600.0     291.4302837538513
 1700.0     289.5315222978935
 1800.0     287.6334284994388
 1900.0     285.7359281869968
 2000.0     283.8389378138119
 2100.0     281.9423693502660
 2200.0     280.0461338398867
 2300.0     278.1501267594152
 2400.0     276.2542570930347
 2500.0     274.3584244735706
 2600.0     272.4625466284989
 2700.0     270.5665134794508
 2800.0     268.6702478968452
 2900.0     266.7736494911561
 3000.0     264.8766457764186
 3100.0     262.9791445407167
 3200.0     261.0810588136528
 3300.0     259.1823204181614
 3400.0     257.2828416814390
 3500.0     255.3825435110695
 3600.0     253.4813540112227
 3700.0     251.5792071863242
 3800.0     249.6760276153622
 3900.0     247.7717462112337
 4000.0     245.8662903703255
 4100.0     243.9595913708920
 4200.0     242.0515921951439
 4300.0     240.1422222908758
 4400.0     238.2314257695551
 4500.0     236.3191366981720
 4600.0     234.4052897391063
 4700.0     232.4898269759693
 4800.0     230.5726860434617
 4900.0     228.6538248181897
 5000.0     226.7331714558231
 5100.0     224.8106753457273
 5200.0     222.8862538160952
 5300.0     220.9599140832516
 5400.0     219.0315265476801
 5500.0     217.1011126065012
 5600.0     215.1685566332029
 5700.0     213.2338369893853
 5800.0     211.2968840472057
 5900.0     209.3576767815275
 6000.0     207.4161355830388
# P = 36.000000 (GPa)
    1.0     322.6747083497908
  100.0     322.3441547666953
  200.0     321.2849855070708
  300.0     319.7702392945691
  400.0     318.0405992030807
  500.0     316.2188118941486
  600.0     314.3554263102992
  700.0     312.4720432367523
  800.0     310.5787005273186
  900.0     308.6804193996500
 1000.0     306.7798559088192
 1100.0     304.8784802726573
 1200.0     302.9771023842065
 1300.0     301.0761768085276
 1400.0     299.1759419748078
 1500.0     297.2765165302069
 1600.0     295.3779190890792
 1700.0     293.4801279053011
 1800.0     291.5830982590455
 1900.0     289.6867463827815
 2000.0     287.7909964918954
 2100.0     285.8957495023217
 2200.0     284.0009141567833
 2300.0     282.1063851751694
 2400.0     280.2120690701026
 2500.0     278.3178695284926
 2600.0     276.4236908853980
 2700.0     274.5294283855052
 2800.0     272.6350026018167
 2900.0     270.7403124719485
 3000.0     268.8452769652157
 3100.0     266.9498125859323
 3200.0     265.0538262574159
 3300.0     263.1572466706037
 3400.0     261.2599883717506
 3500.0     259.3619775073589
 3600.0     257.4631231425147
 3700.0     255.5633728420506
 3800.0     253.6626388485652
 3900.0     251.7608694473489
 4000.0     249.8579764541450
 4100.0     247.9538935815270
 4200.0     246.0485641327073
 4300.0     244.1419153633636
 4400.0     242.2338938004476
 4500.0     240.3244310443420
 4600.0     238.4134612591224
 4700.0     236.5009293309370
 4800.0     234.5867677983975
 4900.0     232.6709269129973
 5000.0     230.7533549364066
 5100.0     228.8339847517779
 5200.0     226.9127333313720
 5300.0     224.9896129598155
 5400.0     223.0644966931341
 5500.0     221.1373948937408
 5600.0     219.2082005543357
 5700.0     217.2768857131604
 5800.0     215.3433982854503
 5900.0     213.4076855353619
 6000.0     211.4696867403549
# P = 37.000000 (GPa)
    1.0     326.6145637070312
  100.0     326.2820897878359
  200.0     325.2244872574207
  300.0     323.7118668718733
  400.0     321.9832889505633
  500.0     320.1619256084900
  600.0     318.2986872095493
  700.0     316.4153827462445
  800.0     314.5221462274021
  900.0     312.6240363918956
 1000.0     310.7237385007712
 1100.0     308.8227272090660
 1200.0     306.9218212318156
 1300.0     305.0214727424283
 1400.0     303.1219207602995
 1500.0     301.2232710786328
 1600.0     299.3255540009686
 1700.0     297.4287352625686
 1800.0     295.5327663435950
 1900.0     293.6375656434017
 2000.0     291.7430550697516
 2100.0     289.8491277635840
 2200.0     287.9556936013707
 2300.0     286.0626439466425
 2400.0     284.1698810678121
 2500.0     282.2773158820914
 2600.0     280.3848287330814
 2700.0     278.4923445839285
 2800.0     276.5997547167440
 2900.0     274.7069766877825
 3000.0     272.8139087412485
 3100.0     270.9204835246336
 3200.0     269.0265949390693
 3300.0     267.1321716960273
 3400.0     265.2371359446151
 3500.0     263.3414002280403
 3600.0     261.4448933027112
 3700.0     259.5475393566599
 3800.0     257.6492566511945
 3900.0     255.7499916018180
 4000.0     253.8496541246156
 4100.0     251.9481955416908
 4200.0     250.0455397987856
 4300.0     248.1416127006553
 4400.0     246.2363671519995
 4500.0     244.3297249784371
 4600.0     242.4216369513430
 4700.0     240.5120290071026
 4800.0     238.6008475151440
 4900.0     236.6880317218573
 5000.0     234.7735370228071
 5100.0     232.8572899253066
 5200.0     230.9392161618168
 5300.0     229.0193126143893
 5400.0     227.0974656621221
 5500.0     225.1736811131866
 5600.0     223.2478451717653
 5700.0     221.3199435464474
 5800.0     219.3899054955073
 5900.0     217.4576907113971
 6000.0     215.5232398459497
# P = 38.000000 (GPa)
    1.0     330.5544229887996
  100.0     330.2200234704162
  200.0     329.1639905571213
  300.0     327.6534942184035
  400.0     325.9259809251715
  500.0     324.1050389157938
  600.0     322.2419472856175
  700.0     320.3587229865350
  800.0     318.4655894723390
  900.0     316.5676523330660
 1000.0     314.6676226380010
 1100.0     312.7669759294531
 1200.0     310.8665407277962
 1300.0     308.9667688996619
 1400.0     307.0679014847318
 1500.0     305.1700274651214
 1600.0     303.2731862978349
 1700.0     301.3773411070891
 1800.0     299.4824340017636
 1900.0     297.5883869131227
 2000.0     295.6951116841390
 2100.0     293.8025039083848
 2200.0     291.9104724072085
 2300.0     290.0189011874916
 2400.0     288.1276958430904
 2500.0     286.2367560664322
 2600.0     284.3459733183960
 2700.0     282.4552610947508
 2800.0     280.5645085005657
 2900.0     278.6736387381708
 3000.0     276.7825465070489
 3100.0     274.8911506614634
 3200.0     272.9993631225594
 3300.0     271.1071028525114
 3400.0     269.2142863509739
 3500.0     267.3208252230181
 3600.0     265.4266599670045
 3700.0     263.5317008218329
 3800.0     261.6358748542896
 3900.0     259.7391114622051
 4000.0     257.8413367803590
 4100.0     255.9424969477211
 4200.0     254.0425131134711
 4300.0     252.1413112992862
 4400.0     250.2388360059518
 4500.0     248.3350217419493
 4600.0     246.4298096761964
 4700.0     244.5231331906970
 4800.0     242.6149261421677
 4900.0     240.7051422906696
 5000.0     238.7937159296085
 5100.0     236.8805933681162
 5200.0     234.9656981010757
 5300.0     233.0490104058155
 5400.0     231.1304302119554
 5500.0     229.2099634315100
 5600.0     227.2874940130744
 5700.0     225.3629984293007
 5800.0     223.4364089481557
 5900.0     221.5076981040323
 6000.0     219.5767947223384
# P = 39.000000 (GPa)
    1.0     334.4942800471563
  100.0     334.1579576347485
  200.0     333.1034941113202
  300.0     331.5951224272849
  400.0     329.8686757771507
  500.0     328.0481493812465
  600.0     326.1852074874762
  700.0     324.3020636181390
  800.0     322.4090306872472
  900.0     320.5112697577134
 1000.0     318.6115073017623
 1100.0     316.7112271864558
 1200.0     314.8112647321298
 1300.0     312.9120673359475
 1400.0     311.0138772191216
 1500.0     309.1167847263832
 1600.0     307.2208172114462
 1700.0     305.3259444449795
 1800.0     303.4321030312451
 1900.0     301.5392106349349
 2000.0     299.6471694143447
 2100.0     297.7558816299307
 2200.0     295.8652507851596
 2300.0     293.9751564267847
 2400.0     292.0855122484391
 2500.0     290.1961959493019
 2600.0     288.3071220262438
 2700.0     286.4181755664546
 2800.0     284.5292642635926
 2900.0     282.6403000711717
 3000.0     280.7511819929680
 3100.0     278.8618158193402
 3200.0     276.9721307495329
 3300.0     275.0820355857369
 3400.0     273.1914349644689
 3500.0     271.3002550790744
 3600.0     269.4084243990402
 3700.0     267.5158608643598
 3800.0     265.6224879444705
 3900.0     263.7282329693508
 4000.0     261.8330266803253
 4100.0     259.9368003403962
 4200.0     258.0394809340385
 4300.0     256.1410034355995
 4400.0     254.2412993691756
 4500.0     252.3403188569287
 4600.0     250.4379809801670
 4700.0     248.5342337222332
 4800.0     246.6290053498427
 4900.0     244.7222481839341
 5000.0     242.8138965847136
 5100.0     240.9039004404806
 5200.0     238.9921748343501
 5300.0     237.0787128968797
 5400.0     235.1634004079635
 5500.0     233.2462397756649
 5600.0     231.3271412126714
 5700.0     229.4060446383183
 5800.0     227.4829191169427
 5900.0     225.5577077510434
 6000.0     223.6303466237180
# P = 40.000000 (GPa)
    1.0     338.4341308608941
  100.0     338.0958935905280
  200.0     337.0429966341588
  300.0     335.5367521817689
  400.0     333.8113717180716
  500.0     331.9912573397827
  600.0     330.1284684142952
  700.0     328.2454030855558
  800.0     326.3524724101845
  900.0     324.4548893385813
 1000.0     322.5553909781294
 1100.0     320.6554776455489
 1200.0     318.7559876983743
 1300.0     316.8573673428074
 1400.0     314.9598495716578
 1500.0     313.0635414465239
 1600.0     311.1684494675463
 1700.0     309.2745485541742
 1800.0     307.3817712424116
 1900.0     305.4900329502885
 2000.0     303.5992286425353
 2100.0     301.7092635404257
 2200.0     299.8200286890885
 2300.0     297.9314145337131
 2400.0     296.0433280932901
 2500.0     294.1556388691342
 2600.0     292.2682654129806
 2700.0     290.3810863570285
 2800.0     288.4940196558600
 2900.0     286.6069608499377
 3000.0     284.7198118752631
 3100.0     282.8324868397767
 3200.0     280.9448988076784
 3300.0     279.0569611864945
 3400.0     277.1685810355864
 3500.0     275.2796845276462
 3600.0     273.3901908220214
 3700.0     271.5000203790722
 3800.0     269.6090997533804
 3900.0     267.7173570270323
 4000.0     265.8247111728135
 4100.0     263.9311027912130
 4200.0     262.0364491634641
 4300.0     260.1406929356746
 4400.0     258.2437700331147
 4500.0     256.3456139131052
 4600.0     254.4461527090301
 4700.0     252.5453291972592
 4800.0     250.6430798609883
 4900.0     248.7393523319296
 5000.0     246.8340800303467
 5100.0     244.9272090521102
 5200.0     243.0186513941748
 5300.0     241.1084126421430
 5400.0     239.1963730929384
 5500.0     237.2825229599410
 5600.0     235.3667781015663
 5700.0     233.4490983456288
 5800.0     231.5294275123626
 5900.0     229.6077161990893
 6000.0     227.6839020501241
