# T (K)      C_P (J K^-1 mol^-1)
# P = 0.000000 (GPa)
    1.0       1.0000051916804
  100.0      15.0320267602626
  200.0      33.7901371051038
  300.0      39.3987954189129
  400.0      44.0466660721280
  500.0      45.9808512308475
  600.0      47.4440681990543
  700.0      48.3503198858833
  800.0      49.0430098979220
  900.0      49.5727193379551
 1000.0      50.0107236915063
 1100.0      50.3859236434609
 1200.0      50.7206860206536
 1300.0      51.0278688334807
 1400.0      51.3175898458197
 1500.0      51.5954564944813
 1600.0      51.8672201516028
 1700.0      52.1348220244922
 1800.0      52.4034086675759
 1900.0      52.6721381089217
 2000.0      52.9459023049077
 2100.0      53.2231499261833
 2200.0      53.5079767029610
 2300.0      53.7999454902986
 2400.0      54.0995272465608
 2500.0      54.4100007113039
 2600.0      54.7306157393124
 2700.0      55.0626163493167
 2800.0      55.4065413328650
 2900.0      55.7658332709683
 3000.0      56.1372608822679
 3100.0      56.5263321532470
 3200.0      56.9304851597675
 3300.0      57.3537645616488
 3400.0      57.7961537281493
 3500.0      58.2577659785312
 3600.0      58.7418699761095
 3700.0      59.2500707900689
 3800.0      59.7816668391319
 3900.0      60.3420487321508
 4000.0      60.9290997966166
 4100.0      61.5474478339246
 4200.0      62.2004461915149
 4300.0      62.8853688441723
 4400.0      63.6117730485909
 4500.0      64.3767861037536
 4600.0      65.1875061894327
 4700.0      66.0455362085958
 4800.0      66.9483126339682
 4900.0      67.9054901628595
 5000.0      68.9111106593306
 5100.0      69.9852099919325
 5200.0      71.0810025499191
 5300.0      72.2835734891135
 5400.0      73.4915289898826
 5500.0      74.8022315107295
 5600.0      76.1521866447339
 5700.0      77.5753821443139
 5800.0      79.0513731728701
 5900.0      80.6004924133582
 6000.0      82.1748548476974
# P = 1.000000 (GPa)
    1.0       1.0000046684773
  100.0      15.0129950431011
  200.0      33.7589174424910
  300.0      39.3719698976149
  400.0      44.0179332107405
  500.0      45.9498588729953
  600.0      47.4089352582400
  700.0      48.3103524891895
  800.0      48.9974624864313
  900.0      49.5210551761072
 1000.0      49.9524304616832
 1100.0      50.3205247687373
 1200.0      50.6477063623017
 1300.0      50.9468380113206
 1400.0      51.2279989892799
 1500.0      51.4968028129897
 1600.0      51.7589458133125
 1700.0      52.0163906911208
 1800.0      52.2741794394776
 1900.0      52.5315257113974
 2000.0      52.7931855809410
 2100.0      53.0576594257457
 2200.0      53.3289165495748
 2300.0      53.6064996211709
 2400.0      53.8908669501471
 2500.0      54.1851461308368
 2600.0      54.4885865231554
 2700.0      54.8023469579808
 2800.0      55.1269001273315
 2900.0      55.4655246723531
 3000.0      55.8150365579645
 3100.0      56.1806931041300
 3200.0      56.5599304848781
 3300.0      56.9565938681458
 3400.0      57.3705583592411
 3500.0      57.8018271584516
 3600.0      58.2534478190586
 3700.0      58.7268651378542
 3800.0      59.2211972022719
 3900.0      59.7415597557141
 4000.0      60.2856709970550
 4100.0      60.8578529765731
 4200.0      61.4610644753125
 4300.0      62.0924631446334
 4400.0      62.7610054098977
 4500.0      63.4635143686045
 4600.0      64.2065688719182
 4700.0      64.9922519115447
 4800.0      65.8196299857520
 4900.0      66.6992393958584
 5000.0      67.6250755210098
 5100.0      68.6176809186956
 5200.0      69.6310472876462
 5300.0      70.7483040312746
 5400.0      71.8720501696827
 5500.0      73.0992747110953
 5600.0      74.3602201160920
 5700.0      75.6977506930268
 5800.0      77.0879434092493
 5900.0      78.5552268032270
 6000.0      80.0536359274783
# P = 2.000000 (GPa)
    1.0       1.0000041955913
  100.0      14.9960894898272
  200.0      33.7309095120789
  300.0      39.3474392924810
  400.0      43.9912797210208
  500.0      45.9208195328342
  600.0      47.3758445370482
  700.0      48.2726069992066
  800.0      48.9543947124987
  900.0      49.4721854563411
 1000.0      49.8972941827751
 1100.0      50.2586909297071
 1200.0      50.5787412677105
 1300.0      50.8703170146923
 1400.0      51.1434626504580
 1500.0      51.4037994894638
 1600.0      51.6569697177262
 1700.0      51.9049507171573
 1800.0      52.1526940201219
 1900.0      52.3994560219864
 2000.0      52.6498832516386
 2100.0      52.9025111041912
 2200.0      53.1612025826792
 2300.0      53.4254901929725
 2400.0      53.6957999319808
 2500.0      53.9751535887291
 2600.0      54.2627809727796
 2700.0      54.5597651889685
 2800.0      54.8665431782475
 2900.0      55.1862281062637
 3000.0      55.5156858077931
 3100.0      55.8599628681517
 3200.0      56.2164874794525
 3300.0      56.5889265140181
 3400.0      56.9770756972530
 3500.0      57.3808413044645
 3600.0      57.8030768282817
 3700.0      58.2450884499762
 3800.0      58.7058510600864
 3900.0      59.1902420243926
 4000.0      59.6958418837499
 4100.0      60.2267175966619
 4200.0      60.7854890288818
 4300.0      61.3692455723626
 4400.0      61.9863970502590
 4500.0      62.6335766335668
 4600.0      63.3168984664019
 4700.0      64.0380275725227
 4800.0      64.7955720020728
 4900.0      65.6000401585892
 5000.0      66.4469607078722
 5100.0      67.3578301459353
 5200.0      68.2884235831219
 5300.0      69.3194427454862
 5400.0      70.3569759257669
 5500.0      71.4967737796496
 5600.0      72.6670413017039
 5700.0      73.9146091889828
 5800.0      75.2143072706637
 5900.0      76.5927522273332
 6000.0      78.0058373803267
# P = 3.000000 (GPa)
    1.0       1.0000037681416
  100.0      14.9814288403008
  200.0      33.7063612540154
  300.0      39.3253988836593
  400.0      43.9668586886574
  500.0      45.8938135221480
  600.0      47.3448221245753
  700.0      48.2370589966392
  800.0      48.9137391851258
  900.0      49.4259998443190
 1000.0      49.8451639256843
 1100.0      50.2002268452893
 1200.0      50.5135515821440
 1300.0      50.7980154214243
 1400.0      51.0636300333437
 1500.0      51.3160265331742
 1600.0      51.5607959391473
 1700.0      51.7999391297306
 1800.0      52.0383114974938
 1900.0      52.2752216274339
 2000.0      52.5151992668207
 2100.0      52.7568250452233
 2200.0      53.0038599944095
 2300.0      53.2558225305951
 2400.0      53.5131352553485
 2500.0      53.7786873407668
 2600.0      54.0517285907461
 2700.0      54.3332577836601
 2800.0      54.6236732882722
 2900.0      54.9259665531822
 3000.0      55.2370300415774
 3100.0      55.5617177833897
 3200.0      55.8974867999710
 3300.0      56.2478211754049
 3400.0      56.6124440938792
 3500.0      56.9912025079849
 3600.0      57.3867689259408
 3700.0      57.8003292045813
 3800.0      58.2307420646160
 3900.0      58.6826779698135
 4000.0      59.1536098167447
 4100.0      59.6473823784796
 4200.0      60.1663222546002
 4300.0      60.7074819804652
 4400.0      61.2787909181308
 4500.0      61.8767499342420
 4600.0      62.5070684298382
 4700.0      63.1710622795417
 4800.0      63.8670424849512
 4900.0      64.6049570984146
 5000.0      65.3798936593018
 5100.0      66.2124903965733
 5200.0      67.0613832721784
 5300.0      68.0062966140733
 5400.0      68.9571137370791
 5500.0      70.0074604641392
 5600.0      71.0862068524233
 5700.0      72.2411471421310
 5800.0      73.4470960262988
 5900.0      74.7317537427667
 6000.0      76.0524176539232
# P = 4.000000 (GPa)
    1.0       1.0000033816970
  100.0      14.9687126431479
  200.0      33.6848699690118
  300.0      39.3056516973560
  400.0      43.9445879653370
  500.0      45.8688206464137
  600.0      47.3158582878134
  700.0      48.2036739963164
  800.0      48.8754271314579
  900.0      49.3823914372969
 1000.0      49.7958961723185
 1100.0      50.1449511554408
 1200.0      50.4519161000914
 1300.0      50.7296694422685
 1400.0      50.9881941317013
 1500.0      51.2331268148820
 1600.0      51.4700128813874
 1700.0      51.7008747272159
 1800.0      51.9304807805719
 1900.0      52.1581916833181
 2000.0      52.3884266326862
 2100.0      52.6198163721909
 2200.0      52.8560126532504
 2300.0      53.0965395922713
 2400.0      53.3417947052357
 2500.0      53.5945752648813
 2600.0      53.8541234472805
 2700.0      54.1213795171029
 2800.0      54.3967185159877
 2900.0      54.6829810132207
 3000.0      54.9771427728242
 3100.0      55.2838500230137
 3200.0      55.6005818027152
 3300.0      55.9306948376771
 3400.0      56.2738256863395
 3500.0      56.6297684020484
 3600.0      57.0010585859385
 3700.0      57.3887670683706
 3800.0      57.7916485547154
 3900.0      58.2142012500795
 4000.0      58.6538128572893
 4100.0      59.1141353635828
 4200.0      59.5972314284724
 4300.0      60.1001598611795
 4400.0      60.6304085850161
 4500.0      61.1843802307975
 4600.0      61.7674545512920
 4700.0      62.3806450472709
 4800.0      63.0220423769238
 4900.0      63.7010861556264
 5000.0      64.4125950160986
 5100.0      65.1762099330659
 5200.0      65.9515336926725
 5300.0      66.8152440294055
 5400.0      67.6810009177101
 5500.0      68.6415743852723
 5600.0      69.6288713535526
 5700.0      70.6900304363297
 5800.0      71.8004759071901
 5900.0      72.9883225883695
 6000.0      74.2117544474271
# P = 5.000000 (GPa)
    1.0       1.0000030324203
  100.0      14.9576166329367
  200.0      33.6659432373274
  300.0      39.2878636644050
  400.0      43.9241937008836
  500.0      45.8456348425100
  600.0      47.2887964096568
  700.0      48.1723347859944
  800.0      48.8393569663246
  900.0      49.3412504789392
 1000.0      49.7493544990604
 1100.0      50.0926949638199
 1200.0      50.3936299248157
 1300.0      50.6650385320063
 1400.0      50.9168721684363
 1500.0      51.1547758680965
 1600.0      51.3842493271642
 1700.0      51.6073379097774
 1800.0      51.8287251924150
 1900.0      52.0478249676548
 2000.0      52.2689529242587
 2100.0      52.4907883006468
 2200.0      52.7168881630867
 2300.0      52.9467720924762
 2400.0      53.1808329069334
 2500.0      53.4217586192489
 2600.0      53.6688078417600
 2700.0      53.9228592059989
 2800.0      54.1842562727040
 2900.0      54.4557379342291
 3000.0      54.7343150288556
 3100.0      55.0244779132594
 3200.0      55.3237282707049
 3300.0      55.6352719098937
 3400.0      55.9587231200752
 3500.0      56.2938072680552
 3600.0      56.6429199217872
 3700.0      57.0070684458478
 3800.0      57.3849072732908
 3900.0      57.7807695015115
 4000.0      58.1919879211318
 4100.0      58.6220495525865
 4200.0      59.0727825428165
 4300.0      59.5412602140322
 4400.0      60.0345877037281
 4500.0      60.5491004195623
 4600.0      61.0898851315984
 4700.0      61.6577060019280
 4800.0      62.2504828745117
 4900.0      62.8772121641919
 5000.0      63.5325227605605
 5100.0      64.2351345090820
 5200.0      64.9457033833141
 5300.0      65.7380066717872
 5400.0      66.5280828188612
 5500.0      67.4051836223076
 5600.0      68.3037064778801
 5700.0      69.2713997377805
 5800.0      70.2860100978307
 5900.0      71.3757714142756
 6000.0      72.4993468875470
# P = 6.000000 (GPa)
    1.0       1.0000027167702
  100.0      14.9478548473799
  200.0      33.6491466147169
  300.0      39.2717387680600
  400.0      43.9054249002981
  500.0      45.8240464710848
  600.0      47.2634396517731
  700.0      48.1428525059943
  800.0      48.8053465508548
  900.0      49.3024057418884
 1000.0      49.7053735088351
 1100.0      50.0432877586058
 1200.0      50.3385008316236
 1300.0      50.6038989560117
 1400.0      50.8494057833717
 1500.0      51.0806772593077
 1600.0      51.3031677278090
 1700.0      51.5189452286365
 1800.0      51.7326142597191
 1900.0      51.9436394843052
 2000.0      52.1562382833848
 2100.0      52.3691382548615
 2200.0      52.5858059080016
 2300.0      52.8057639938449
 2400.0      53.0294004939285
 2500.0      53.2593035979123
 2600.0      53.4947485541209
 2700.0      53.7365521721160
 2800.0      53.9850488969156
 2900.0      54.2428490165694
 3000.0      54.5070443153518
 3100.0      54.7819432808678
 3200.0      55.0650894243431
 3300.0      55.3595704204530
 3400.0      55.6649371500742
 3500.0      55.9808999697604
 3600.0      56.3097184263104
 3700.0      56.6523205516602
 3800.0      57.0073124388919
 3900.0      57.3788655084958
 4000.0      57.7642631486622
 4100.0      58.1668572181302
 4200.0      58.5882718781791
 4300.0      59.0256054534599
 4400.0      59.4856091020901
 4500.0      59.9645877659571
 4600.0      60.4673737968208
 4700.0      60.9945158760494
 4800.0      61.5437997995463
 4900.0      62.1238385860800
 5000.0      62.7291238119136
 5100.0      63.3775469800489
 5200.0      64.0308031048292
 5300.0      64.7599874097026
 5400.0      65.4834645557815
 5500.0      66.2872775026682
 5600.0      67.1074709270620
 5700.0      67.9897182575951
 5800.0      68.9123093714030
 5900.0      69.9047603463201
 6000.0      70.9274563060064
# P = 7.000000 (GPa)
    1.0       1.0000024315670
  100.0      14.9391750192198
  200.0      33.6340967243357
  300.0      39.2570151600225
  400.0      43.8880588128568
  500.0      45.8038688471496
  600.0      47.2396116277777
  700.0      48.1150538054916
  800.0      48.7732167397809
  900.0      49.2656680392130
 1000.0      49.6637528934431
 1100.0      49.9965202957310
 1200.0      50.2863146693940
 1300.0      50.5460264616676
 1400.0      50.7855526383306
 1500.0      51.0105571494496
 1600.0      51.2264601190350
 1700.0      51.4353475918033
 1800.0      51.6417580343300
 1900.0      51.8451959416139
 2000.0      52.0497949150976
 2100.0      52.2543224397198
 2200.0      52.4621654562284
 2300.0      52.6728484780798
 2400.0      52.8867555643323
 2500.0      53.1063843531107
 2600.0      53.3310264661989
 2700.0      53.5614523423059
 2800.0      53.7979728015565
 2900.0      54.0431002731830
 3000.0      54.2939805201274
 3100.0      54.5547737697501
 3200.0      54.8230613361269
 3300.0      55.1018028128162
 3400.0      55.3905380711654
 3500.0      55.6889177008102
 3600.0      55.9991114009291
 3700.0      56.3219817761185
 3800.0      56.6560573700591
 3900.0      57.0054089004061
 4000.0      57.3672660909027
 4100.0      57.7448483842390
 4200.0      58.1396163397734
 4300.0      58.5487039244656
 4400.0      58.9785349799047
 4500.0      59.4254038658239
 4600.0      59.8939160177862
 4700.0      60.3844487062218
 4800.0      60.8946792102206
 4900.0      61.4328761220422
 5000.0      61.9934388519258
 5100.0      62.5935125093514
 5200.0      63.1958120891075
 5300.0      63.8689344483865
 5400.0      64.5335084427306
 5500.0      65.2726014594769
 5600.0      66.0238606086093
 5700.0      66.8311771362444
 5800.0      67.6730502507524
 5900.0      68.5777481298260
 6000.0      69.5052617104513
# P = 8.000000 (GPa)
    1.0       1.0000021739439
  100.0      14.9313545709789
  200.0      33.6204551096535
  300.0      39.2434611067927
  400.0      43.8718975617500
  500.0      45.7849354845591
  600.0      47.2171546989476
  700.0      48.0887828321484
  800.0      48.7428062155607
  900.0      49.2308658482569
 1000.0      49.6243077214783
 1100.0      49.9521900318259
 1200.0      50.2368502554907
 1300.0      50.4911808753683
 1400.0      50.7250564089253
 1500.0      50.9441439485627
 1600.0      51.1538346893580
 1700.0      51.3562247067419
 1800.0      51.5557991571604
 1900.0      51.7520966690067
 2000.0      51.9491789392127
 2100.0      52.1458492701628
 2200.0      52.3454219587553
 2300.0      52.5474216768172
 2400.0      52.7522334599471
 2500.0      52.9622680329076
 2600.0      53.1768362183634
 2700.0      53.3966623663225
 2800.0      53.6220460268444
 2900.0      53.8553964064935
 3000.0      54.0939326395588
 3100.0      54.3416603012855
 3200.0      54.5962000401539
 3300.0      54.8604135007674
 3400.0      55.1337926304905
 3500.0      55.4159869391709
 3600.0      55.7090444527045
 3700.0      56.0137818106206
 3800.0      56.3286880421225
 3900.0      56.6576948500234
 4000.0      56.9980288308834
 4100.0      57.3527859829862
 4200.0      57.7232566066403
 4300.0      58.1066493724488
 4400.0      58.5090796581428
 4500.0      58.9268335710613
 4600.0      59.3643319681396
 4700.0      59.8217984989664
 4800.0      60.2968321901723
 4900.0      60.7973923623252
 5000.0      61.3178161890167
 5100.0      61.8745728001941
 5200.0      62.4313766271807
 5300.0      63.0544850252548
 5400.0      63.6667208366774
 5500.0      64.3483785861967
 5600.0      65.0386786841795
 5700.0      65.7798864746535
 5800.0      66.5507632012136
 5900.0      67.3785086926359
 6000.0      68.2229222232286
# P = 9.000000 (GPa)
    1.0       1.0000019413451
  100.0      14.9241971236817
  200.0      33.6079229622982
  300.0      39.2308714576557
  400.0      43.8567655782921
  500.0      45.7670975980280
  600.0      47.1959273059171
  700.0      48.0638992712045
  800.0      48.7139690222053
  900.0      49.1978439043330
 1000.0      49.5868700875234
 1100.0      49.9101138334290
 1200.0      50.1899062636817
 1300.0      50.4391400204949
 1400.0      50.6676718214098
 1500.0      50.8811688499586
 1600.0      51.0849976352183
 1700.0      51.2812616605750
 1800.0      51.4743980404226
 1900.0      51.6639747134287
 2000.0      51.8539857575749
 2100.0      52.0432727229540
 2200.0      52.2350795819673
 2300.0      52.4289408820662
 2400.0      52.6252327724470
 2500.0      52.8262944539421
 2600.0      53.0314514718391
 2700.0      53.2413880631173
 2800.0      53.4563917828796
 2900.0      53.6787793721066
 3000.0      53.9058412777807
 3100.0      54.1414355992918
 3200.0      54.3832375371465
 3300.0      54.6339917985846
 3400.0      54.8931849647101
 3500.0      55.1604295558914
 3600.0      55.4376910331714
 3700.0      55.7257380663372
 3800.0      56.0230093117265
 3900.0      56.3333513814565
 4000.0      56.6539476280143
 4100.0      56.9878127633497
 4200.0      57.3360873729755
 4300.0      57.6960241221135
 4400.0      58.0734960636293
 4500.0      58.4647835443271
 4600.0      58.8741208364226
 4700.0      59.3016251392942
 4800.0      59.7448321142592
 4900.0      60.2114198416893
 5000.0      60.6956843619882
 5100.0      61.2134860732967
 5200.0      61.7295095061988
 5300.0      62.3078151435366
 5400.0      62.8733502933616
 5500.0      63.5038057366007
 5600.0      64.1399537624698
 5700.0      64.8225537433238
 5800.0      65.5306722866409
 5900.0      66.2905701464132
 6000.0      67.0619209365071
# P = 10.000000 (GPa)
    1.0       1.0000017314265
  100.0      14.9175294442279
  200.0      33.5962364859510
  300.0      39.2190645229688
  400.0      43.8425066153267
  500.0      45.7502224045071
  600.0      47.1758024245562
  700.0      48.0402764434977
  800.0      48.6865734639913
  900.0      49.1664614868202
 1000.0      49.5512878816155
 1100.0      49.8701248779355
 1200.0      50.1452987190612
 1300.0      50.3897025485825
 1400.0      50.6131759437859
 1500.0      50.8213855244065
 1600.0      51.0196770432193
 1700.0      51.2101600212658
 1800.0      51.3972272069982
 1900.0      51.5804739347173
 2000.0      51.7638323187931
 2100.0      51.9461769326906
 2200.0      52.1306887034692
 2300.0      52.3169091260371
 2400.0      52.5052093320221
 2500.0      52.6978660002074
 2600.0      52.8942169184259
 2700.0      53.0949077987133
 2800.0      53.3002220313229
 2900.0      53.5123892350356
 3000.0      53.7287638325018
 3100.0      53.9530721709091
 3200.0      54.1830366024761
 3300.0      54.4213065942739
 3400.0      54.6673487752929
 3500.0      54.9207665826157
 3600.0      55.1834316966691
 3700.0      55.4560743825504
 3800.0      55.7371069138813
 3900.0      56.0302570919767
 4000.0      56.3327302900425
 4100.0      56.6474207316019
 4200.0      56.9753509623870
 4300.0      57.3138502517081
 4400.0      57.6685094079144
 4500.0      58.0356611646032
 4600.0      58.4193738643367
 4700.0      58.8196341197845
 4800.0      59.2339665632610
 4900.0      59.6697928676965
 5000.0      60.1213739524738
 5100.0      60.6040158875568
 5200.0      61.0833496741589
 5300.0      61.6213683327643
 5400.0      62.1450714600213
 5500.0      62.7296918818198
 5600.0      63.3175220319805
 5700.0      63.9479330190910
 5800.0      64.6003166473410
 5900.0      65.3001046935124
 6000.0      66.0068879413995
# P = 11.000000 (GPa)
    1.0       1.0000015420961
  100.0      14.9111987676068
  200.0      33.5851628876776
  300.0      39.2078794082895
  400.0      43.8289817726620
  500.0      45.7341910634968
  600.0      47.1566659803506
  700.0      48.0178001752046
  800.0      48.6604999424312
  900.0      49.1365909848381
 1000.0      49.5174220918624
 1100.0      49.8320712855996
 1200.0      50.1028612610581
 1300.0      50.3426840707910
 1400.0      50.5613647876290
 1500.0      50.7645703994900
 1600.0      50.9576259852720
 1700.0      51.1426473489017
 1800.0      51.3239867403349
 1900.0      51.5012646312408
 2000.0      51.6783577462707
 2100.0      51.8541681069026
 2200.0      52.0318232179141
 2300.0      52.2108653871396
 2400.0      52.3916659807810
 2500.0      52.5764374189419
 2600.0      52.7645376269098
 2700.0      52.9565735322481
 2800.0      53.1528285306728
 2900.0      53.3554466235862
 3000.0      53.5618519864520
 3100.0      53.7756427877481
 3200.0      53.9945899891639
 3300.0      54.2212536979174
 3400.0      54.4550855301204
 3500.0      54.6956804527251
 3600.0      54.9448258170924
 3700.0      55.2032260779474
 3800.0      55.4692511738844
 3900.0      55.7465599948743
 4000.0      56.0323307422385
 4100.0      56.3293915528842
 4200.0      56.6386394735261
 4300.0      56.9574662123349
 4400.0      57.2912520975617
 4500.0      57.6363255657206
 4600.0      57.9966378478303
 4700.0      58.3720852614098
 4800.0      58.7601336567481
 4900.0      59.1680129358692
 5000.0      59.5899692277397
 5100.0      60.0407711949776
 5200.0      60.4869787289228
 5300.0      60.9886435682432
 5400.0      61.4747360923533
 5500.0      62.0181632262513
 5600.0      62.5627184106591
 5700.0      63.1464597963340
 5800.0      63.7491319904640
 5900.0      64.3954259270971
 6000.0      65.0448771485182
# P = 12.000000 (GPa)
    1.0       1.0000013714338
  100.0      14.9050704699857
  200.0      33.5744967664481
  300.0      39.1971736256889
  400.0      43.8160674907949
  500.0      45.7188972166834
  600.0      47.1384153700027
  700.0      47.9963670114311
  800.0      48.6356400240231
  900.0      49.1081162844015
 1000.0      49.4851466550668
 1100.0      49.7958147394894
 1200.0      50.0624409228376
 1300.0      50.2979166479349
 1400.0      50.5120531694311
 1500.0      50.7105186555259
 1600.0      50.8986186213854
 1700.0      51.0784749742596
 1800.0      51.2544041267449
 1900.0      51.4260469926481
 2000.0      51.5972331697784
 2100.0      51.7668858002886
 2200.0      51.9380878843397
 2300.0      52.1103789546937
 2400.0      52.2841336600828
 2500.0      52.4615052824758
 2600.0      52.6418677511144
 2700.0      52.8257940878826
 2800.0      53.0135632348727
 2900.0      53.2072527620513
 3000.0      53.4043389406446
 3100.0      53.6083143544623
 3200.0      53.8169886774561
 3300.0      54.0328431238873
 3400.0      54.2553170501211
 3500.0      54.4839978336546
 3600.0      54.7205983424206
 3700.0      54.9657930493668
 3800.0      55.2179341167312
 3900.0      55.4805890230396
 4000.0      55.7509495143116
 4100.0      56.0317577009544
 4200.0      56.3237997602457
 4300.0      56.6245585696996
 4400.0      56.9391633016537
 4500.0      57.2640175865397
 4600.0      57.6029077129076
 4700.0      57.9556643754760
 4800.0      58.3197525753560
 4900.0      58.7021604848009
 5000.0      59.0971700695500
 5100.0      59.5190674526735
 5200.0      59.9352658445198
 5300.0      60.4040082598466
 5400.0      60.8561752552410
 5500.0      61.3624583291105
 5600.0      61.8680979417454
 5700.0      62.4099447043878
 5800.0      62.9681046379790
 5900.0      63.5665920792819
 6000.0      64.1649166865007
# P = 13.000000 (GPa)
    1.0       1.0000012177110
  100.0      14.8990260004641
  200.0      33.5640570647294
  300.0      39.1868210384854
  400.0      43.8036537907857
  500.0      45.7042456432448
  600.0      47.1209580712226
  700.0      47.9758834824915
  800.0      48.6118953830472
  900.0      49.0809315962207
 1000.0      49.4543461590105
 1100.0      49.7612285821313
 1200.0      50.0238984426052
 1300.0      50.2552465505356
 1400.0      50.4650714175591
 1500.0      50.6590431157415
 1600.0      50.8424488369329
 1700.0      51.0174162817811
 1800.0      51.1882296500870
 1900.0      51.3545475811930
 2000.0      51.5201576649155
 2100.0      51.6840011033572
 2200.0      51.8491235563354
 2300.0      52.0150582567638
 2400.0      52.1821836934583
 2500.0      52.3526029555629
 2600.0      52.5256988025655
 2700.0      52.7020197423504
 2800.0      52.8818343866247
 2900.0      53.0671672466569
 3000.0      53.2555302635319
 3100.0      53.4503330992203
 3200.0      53.6494117653531
 3300.0      53.8551844845726
 3400.0      54.0670730358478
 3500.0      54.2846651980909
 3600.0      54.5096029960165
 3700.0      54.7425357528228
 3800.0      54.9817981490343
 3900.0      55.2308802257897
 4000.0      55.4869807820504
 4100.0      55.7527702742419
 4200.0      56.0289421702805
 4300.0      56.3130449691352
 4400.0      56.6100147845723
 4500.0      56.9162743006325
 4600.0      57.2355179212836
 4700.0      57.5674910909792
 4800.0      57.9096417477910
 4900.0      58.2688051534104
 5000.0      58.6392322114313
 5100.0      59.0347894651180
 5200.0      59.4237505386372
 5300.0      59.8625856349708
 5400.0      60.2840353344794
 5500.0      60.7567192080413
 5600.0      61.2272529198686
 5700.0      61.7313472215311
 5800.0      62.2495002107730
 5900.0      62.8051030696858
 6000.0      63.3576503579374
# P = 14.000000 (GPa)
    1.0       1.0000010793549
  100.0      14.8929610825888
  200.0      33.5536842995546
  300.0      39.1767099536945
  400.0      43.7916428282483
  500.0      45.6901511863535
  600.0      47.1042108212281
  700.0      47.9562646433505
  800.0      48.5891764400338
  900.0      49.0549406864511
 1000.0      49.4249149933145
 1100.0      49.7281970430651
 1200.0      49.9871064898204
 1300.0      50.2145328658632
 1400.0      50.4202639590133
 1500.0      50.6099725307085
 1600.0      50.7889278599023
 1700.0      50.9592633035514
 1800.0      51.1252352067485
 1900.0      51.2865158619184
 2000.0      51.4468572126801
 2100.0      51.6052151577334
 2200.0      51.7646013802308
 2300.0      51.9245459265342
 2400.0      52.0854263276517
 2500.0      52.2493049664032
 2600.0      52.4155691570022
 2700.0      52.5847470406835
 2800.0      52.7570956191053
 2900.0      52.9345968633000
 3000.0      53.1147894293951
 3100.0      53.3010075684004
 3200.0      53.4911164480092
 3300.0      53.6874683082409
 3400.0      53.8894821113522
 3500.0      54.0967327798586
 3600.0      54.3108096814428
 3700.0      54.5323356966209
 3800.0      54.7596310359792
 3900.0      54.9961143089614
 4000.0      55.2389975489078
 4100.0      55.4908867825647
 4200.0      55.7523712937402
 4300.0      56.0211032295522
 4400.0      56.3017967058811
 4500.0      56.5909414470547
 4600.0      56.8921102036667
 4700.0      57.2049913610090
 4800.0      57.5270427130299
 4900.0      57.8648934616646
 5000.0      58.2128652081638
 5100.0      58.5843600525868
 5200.0      58.9484992776269
 5300.0      59.3601090089735
 5400.0      59.7536687376995
 5500.0      60.1958448882297
 5600.0      60.6346176239499
 5700.0      61.1045909207765
 5800.0      61.5866478484899
 5900.0      62.1036397547851
 6000.0      62.6150606211996
# P = 15.000000 (GPa)
    1.0       1.0000009549543
  100.0      14.8867848802789
  200.0      33.5432385514811
  300.0      39.1667415932382
  400.0      43.7799478185011
  500.0      45.6765374262810
  600.0      47.0880981464160
  700.0      47.9374337165584
  800.0      48.5674017566850
  900.0      49.0300553410267
 1000.0      49.3967566097953
 1100.0      49.6966143562395
 1200.0      49.9519481320990
 1300.0      50.1756461897918
 1400.0      50.3774882949504
 1500.0      50.5631494973566
 1600.0      50.7378823132359
 1700.0      50.9038260799960
 1800.0      51.0652114499149
 1900.0      51.2217228863439
 2000.0      51.3770808742332
 2100.0      51.5302536352536
 2200.0      51.6842219902067
 2300.0      51.8385147247603
 2400.0      51.9935064914694
 2500.0      52.1512236011347
 2600.0      52.3110563135899
 2700.0      52.4735178593223
 2800.0      52.6388525140316
 2900.0      52.8089998608625
 3000.0      52.9815308566463
 3100.0      53.1597046454419
 3200.0      53.3414176380800
 3300.0      53.5289590388146
 3400.0      53.7217470318257
 3500.0      53.9193414239184
 3600.0      54.1232895217759
 3700.0      54.3341860285525
 3800.0      54.5503419213506
 3900.0      54.7751136678884
 4000.0      55.0057193821275
 4100.0      55.2447107233663
 4200.0      55.4925942543038
 4300.0      55.7470971068647
 4400.0      56.0127480283782
 4500.0      56.2860926236952
 4600.0      56.5705976598015
 4700.0      56.8659067356469
 4800.0      57.1694704216845
 4900.0      57.4877781849953
 5000.0      57.8151465380159
 5100.0      58.1646126792049
 5200.0      58.5060988012616
 5300.0      58.8928107079500
 5400.0      59.2610110095339
 5500.0      59.6754072235035
 5600.0      60.0853347263180
 5700.0      60.5243817468397
 5800.0      60.9737797842566
 5900.0      61.4558795773417
 6000.0      61.9302125427162
# P = 16.000000 (GPa)
    1.0       1.0000008432126
  100.0      14.8804599413496
  200.0      33.5326481416940
  300.0      39.1568487740787
  400.0      43.7684981549677
  500.0      45.6633369104518
  600.0      47.0725519771288
  700.0      47.9193210625721
  800.0      48.5464973274477
  900.0      49.0061946946625
 1000.0      49.3697828342105
 1100.0      49.6663832391941
 1200.0      49.9183155120024
 1300.0      50.1384677039040
 1400.0      50.3366135015028
 1500.0      50.5184298417430
 1600.0      50.6891528168856
 1700.0      50.8509299489453
 1800.0      51.0079665200310
 1900.0      51.1599585772254
 2000.0      51.3105983419500
 2100.0      51.4588652492384
 2200.0      51.6077116038542
 2300.0      51.7566653571871
 2400.0      51.9060982238722
 2500.0      52.0580049604006
 2600.0      52.2117779435982
 2700.0      52.3679147775021
 2800.0      52.5266510374274
 2900.0      52.6898866403568
 3000.0      52.8552224348262
 3100.0      53.0258492298667
 3200.0      53.1996913352074
 3300.0      53.3789828192532
 3400.0      53.5631375339816
 3500.0      53.7517082329561
 3600.0      53.9461935917845
 3700.0      54.1471771456265
 3800.0      54.3529453997521
 3900.0      54.5668130416251
 4000.0      54.7859954023961
 4100.0      55.0130028063245
 4200.0      55.2482572570335
 4300.0      55.4895678781839
 4400.0      55.7412902224783
 4500.0      56.0000182547042
 4600.0      56.2691328160118
 4700.0      56.5482193410387
 4800.0      56.8347619293590
 4900.0      57.1350671634904
 5000.0      57.4435211044632
 5100.0      57.7727506287905
 5200.0      58.0935086800854
 5300.0      58.4574240573844
 5400.0      58.8024629678713
 5500.0      59.1915142587383
 5600.0      59.5751868309703
 5700.0      59.9860890771772
 5800.0      60.4058627423868
 5900.0      60.8563472022008
 6000.0      61.2971010616345
# P = 17.000000 (GPa)
    1.0       1.0000007429408
  100.0      14.8740161581550
  200.0      33.5219487417247
  300.0      39.1470377029262
  400.0      43.7572775953906
  500.0      45.6505140522531
  600.0      47.0575223023217
  700.0      47.9018670438404
  800.0      48.5263960708710
  900.0      48.9832844615469
 1000.0      49.3439125713649
 1100.0      49.6374146901079
 1200.0      49.8861097520297
 1300.0      50.1028882651168
 1400.0      50.2975191394542
 1500.0      50.4756805118806
 1600.0      50.6425931290208
 1700.0      50.8004138536569
 1800.0      50.9533241575263
 1900.0      51.1010296281613
 2000.0      51.2471980264139
 2100.0      51.3908197507691
 2200.0      51.5348185574184
 2300.0      51.6787242615277
 2400.0      51.8229045547826
 2500.0      51.9693250095437
 2600.0      52.1173818100145
 2700.0      52.2675569600097
 2800.0      52.4200779195430
 2900.0      52.5768100978825
 3000.0      52.7353793879722
 3100.0      52.8989171222526
 3200.0      53.0653697940723
 3300.0      53.2369264793648
 3400.0      53.4129912759605
 3500.0      53.5931164767102
 3600.0      53.7787511821998
 3700.0      53.9704742861403
 3800.0      54.1665473240965
 3900.0      54.3702463169792
 4000.0      54.5787866999376
 4100.0      54.7946370677131
 4200.0      55.0181525587063
 4300.0      55.2472076812686
 4400.0      55.4860063118632
 4500.0      55.7311886233838
 4600.0      55.9860537464395
 4700.0      56.2501495881123
 4800.0      56.5209653980770
 4900.0      56.8046766882546
 5000.0      57.0957053980922
 5100.0      57.4063099928176
 5200.0      57.7080608066989
 5300.0      58.0510174849782
 5400.0      58.3749027597168
 5500.0      58.7407224675589
 5600.0      59.1004467988945
 5700.0      59.4856922097788
 5800.0      59.8784829997362
 5900.0      60.3002416061542
 6000.0      60.7105404814492
# P = 18.000000 (GPa)
    1.0       1.0000006530915
  100.0      14.8674855474681
  200.0      33.5111836115098
  300.0      39.1373270529744
  400.0      43.7462911095903
  500.0      45.6380594795841
  600.0      47.0429877830807
  700.0      47.8850367912942
  800.0      48.5070479957244
  900.0      48.9612627967970
 1000.0      49.3190737509839
 1100.0      49.6096267810683
 1200.0      49.8552391622812
 1300.0      50.0688075305614
 1400.0      50.2600947465166
 1500.0      50.4347782615977
 1600.0      50.5980682862167
 1700.0      50.7521306519248
 1800.0      50.9011211216732
 1900.0      51.0447582716147
 2000.0      51.1866863289722
 2100.0      51.3259049308147
 2200.0      51.4653117941421
 2300.0      51.6044399904320
 2400.0      51.7436519812333
 2500.0      51.8848873155790
 2600.0      52.0275467886007
 2700.0      52.1720947560937
 2800.0      52.3187557975204
 2900.0      52.4693611784888
 3000.0      52.6215593422810
 3100.0      52.7784311164191
 3200.0      52.9379377530514
 3300.0      53.1022323899767
 3400.0      53.2707067770922
 3500.0      53.4429152406994
 3600.0      53.6202635012016
 3700.0      53.8033191944716
 3800.0      53.9903319183437
 3900.0      54.1845336192016
 4000.0      54.3831472126477
 4100.0      54.5885949367593
 4200.0      54.8011852672404
 4300.0      55.0188340227259
 4400.0      55.2456244436940
 4500.0      55.4782290827217
 4600.0      55.7198832954249
 4700.0      55.9700877462511
 4800.0      56.2263569018301
 4900.0      56.4947310791149
 5000.0      56.7696763530867
 5100.0      57.0631121116250
 5200.0      57.3473673907042
 5300.0      57.6710453596090
 5400.0      57.9755184884749
 5500.0      58.3200328300215
 5600.0      58.6578364852706
 5700.0      59.0196169121807
 5800.0      59.3878021311195
 5900.0      59.7833540859294
 6000.0      60.1659541061347
# P = 19.000000 (GPa)
    1.0       1.0000005726806
  100.0      14.8608968472331
  200.0      33.5003913910563
  300.0      39.1277331095764
  400.0      43.7355424141508
  500.0      45.6259655822978
  600.0      47.0289315231700
  700.0      47.8688032691156
  800.0      48.4884173473856
  900.0      48.9400849635284
 1000.0      49.2952104714863
 1100.0      49.5829498782342
 1200.0      49.8256232828263
 1300.0      50.0361343073672
 1400.0      50.2242373209371
 1500.0      50.3956098861222
 1600.0      50.5554543271877
 1700.0      50.7059438658943
 1800.0      50.8512073200752
 1900.0      50.9909809640421
 2000.0      51.1288844479224
 2100.0      51.2639252072153
 2200.0      51.3989789223849
 2300.0      51.5335815765322
 2400.0      51.6680901284343
 2500.0      51.8044194991844
 2600.0      51.9419764790658
 2700.0      52.0812094613297
 2800.0      52.2223385414981
 2900.0      52.3671662750858
 3000.0      52.5133596950295
 3100.0      52.6639535386514
 3200.0      52.8169238445019
 3300.0      52.9743915307179
 3400.0      53.1357368069374
 3500.0      53.3005133647454
 3600.0      53.4700916745279
 3700.0      53.6450258582616
 3800.0      53.8235587032836
 3900.0      54.0088767585791
 4000.0      54.1982166156884
 4100.0      54.3939551228343
 4200.0      54.5963565593579
 4300.0      54.8033781110277
 4400.0      55.0189930367422
 4500.0      55.2399054322970
 4600.0      55.4692821380398
 4700.0      55.7066009486023
 4800.0      55.9493816243148
 4900.0      56.2035573832619
 5000.0      56.4636286866490
 5100.0      56.7412002626070
 5200.0      57.0093265841923
 5300.0      57.3152213666702
 5400.0      57.6018568722101
 5500.0      57.9267600543418
 5600.0      58.2444663995444
 5700.0      58.5847390969319
 5800.0      58.9303974598364
 5900.0      59.3020271554148
 6000.0      59.6593106388961
# P = 20.000000 (GPa)
    1.0       1.0000005008231
  100.0      14.8542758445920
  200.0      33.4896066123761
  300.0      39.1182700301657
  400.0      43.7250348980793
  500.0      45.6142248700025
  600.0      47.0153364844874
  700.0      47.8531408047263
  800.0      48.4704716285146
  900.0      48.9197109675259
 1000.0      49.2722731459296
 1100.0      49.5573258873783
 1200.0      49.7971954150781
 1300.0      50.0047908999948
 1400.0      50.1898556862598
 1500.0      50.3580732495614
 1600.0      50.5146375315763
 1700.0      50.6617266025008
 1800.0      50.8034443578264
 1900.0      50.9395471729689
 2000.0      51.0736272189281
 2100.0      51.2047004484811
 2200.0      51.3356246999864
 2300.0      51.4659364995930
 2400.0      51.5959866086086
 2500.0      51.7276713143072
 2600.0      51.8604012350296
 2700.0      51.9946070621365
 2800.0      52.1305093957480
 2900.0      52.2698825919066
 3000.0      52.4104085316397
 3100.0      52.5550850960867
 3200.0      52.7018987189592
 3300.0      52.8529395778127
 3400.0      53.0075804405634
 3500.0      53.1653718697904
 3600.0      53.3276554718639
 3700.0      53.4949697424393
 3800.0      53.6655545474022
 3900.0      53.8425544904900
 4000.0      54.0232149141378
 4100.0      54.2098780943540
 4200.0      54.4027625312549
 4300.0      54.5998702938411
 4400.0      54.8050638843882
 4500.0      55.0150921119998
 4600.0      55.2330474455677
 4700.0      55.4583911694280
 4800.0      55.6886465917789
 4900.0      55.9296523846480
 5000.0      56.1759395720136
 5100.0      56.4388398018700
 5200.0      56.6920412219548
 5300.0      56.9815275632114
 5400.0      57.2517062168707
 5500.0      57.5585493824229
 5600.0      57.8577722769963
 5700.0      58.1782755413907
 5800.0      58.5032896851476
 5900.0      58.8529769416693
 6000.0      59.1871276510901
# P = 21.000000 (GPa)
    1.0       1.0000004367176
  100.0      14.8476456652926
  200.0      33.4788601261412
  300.0      39.1089506187566
  400.0      43.7147711658170
  500.0      45.6028290282393
  600.0      47.0021860063448
  700.0      47.8380260355754
  800.0      48.4531808641821
  900.0      48.9001023922269
 1000.0      49.2502147925417
 1100.0      49.5327019279721
 1200.0      49.7698951068650
 1300.0      49.9747061862720
 1400.0      50.1568699581385
 1500.0      50.3220792344570
 1600.0      50.4755170581276
 1700.0      50.6193641885430
 1800.0      50.7577063021045
 1900.0      50.8903181850541
 2000.0      51.0207614319732
 2100.0      51.1480649050225
 2200.0      51.2750684194691
 2300.0      51.4013082150431
 2400.0      51.5271297715568
 2500.0      51.6544124911288
 2600.0      51.7825704463440
 2700.0      51.9120178892912
 2800.0      52.0429768212452
 2900.0      52.1771941799994
 3000.0      52.3123683900832
 3100.0      52.4514601469041
 3200.0      52.5924673570365
 3300.0      52.7374516786192
 3400.0      52.8857797811288
 3500.0      53.0369996934823
 3600.0      53.1924247931958
 3700.0      53.3525824175430
 3800.0      53.5157067199179
 3900.0      53.6849068368878
 4000.0      53.8574331949892
 4100.0      54.0356028354161
 4200.0      54.2195862027401
 4300.0      54.4074286172267
 4400.0      54.6028978456924
 4500.0      54.8027693160513
 4600.0      55.0100855025775
 4700.0      55.2242805355235
 4800.0      55.4428908655683
 4900.0      55.6716594526982
 5000.0      55.9051563346997
 5100.0      56.1544610026665
 5200.0      56.3938236647377
 5300.0      56.6681477582672
 5400.0      56.9231084285503
 5500.0      57.2132888272855
 5600.0      57.4954693388683
 5700.0      57.7977801325791
 5800.0      58.1038002448483
 5900.0      58.4333489520777
 6000.0      58.7462823605084
# P = 22.000000 (GPa)
    1.0       1.0000003796207
  100.0      14.8410270431073
  200.0      33.4681795564963
  300.0      39.0997858295249
  400.0      43.7047522997998
  500.0      45.5917696030807
  600.0      46.9894648437852
  700.0      47.8234376962874
  800.0      48.4365161225759
  900.0      48.8812221290895
 1000.0      49.2289928801841
 1100.0      49.5090291064598
 1200.0      49.7436644739969
 1300.0      49.9458132225528
 1400.0      50.1252070707913
 1500.0      50.2875464215706
 1600.0      50.4379998190718
 1700.0      50.5787546648594
 1800.0      50.7138804496993
 1900.0      50.8431683002995
 2000.0      50.9701470815425
 2100.0      51.0938662764824
 2200.0      51.2171443304806
 2300.0      51.3395144102669
 2400.0      51.4613231245677
 2500.0      51.5844310158883
 2600.0      51.7082539350604
 2700.0      51.8331930138241
 2800.0      51.9594726396436
 2900.0      52.0888130720066
 3000.0      52.2189263848675
 3100.0      52.3527419697319
 3200.0      52.4882683049679
 3300.0      52.6275378963055
 3400.0      52.7699169536339
 3500.0      52.9149456720094
 3600.0      53.0639158580167
 3700.0      53.2173435728046
 3800.0      53.3734547344752
 3900.0      53.5353338987243
 4000.0      53.7002286971524
 4100.0      53.8704361805151
 4200.0      54.0460838841660
 4300.0      54.2252551105115
 4400.0      54.4116345435011
 4500.0      54.6020159523917
 4600.0      54.7994080787565
 4700.0      55.0032075528551
 4800.0      55.2109716826375
 4900.0      55.4283531582699
 5000.0      55.6499587696296
 5100.0      55.8866521274320
 5200.0      56.1131534594415
 5300.0      56.3734545464205
 5400.0      56.6143007609504
 5500.0      56.8890922382657
 5600.0      57.1555232767507
 5700.0      57.4410499213073
 5800.0      57.7295695608901
 5900.0      58.0405929097750
 6000.0      58.3339751641214
# P = 23.000000 (GPa)
    1.0       1.0000003288751
  100.0      14.8344385457405
  200.0      33.4575894127764
  300.0      39.0907848370464
  400.0      43.6949785934332
  500.0      45.5810389548423
  600.0      46.9771595562203
  700.0      47.8093547197570
  800.0      48.4204487052213
  900.0      48.8630361122944
 1000.0      49.2085687965845
 1100.0      49.4862610316797
 1200.0      49.7184478277205
 1300.0      49.9180512368750
 1400.0      50.0947998313567
 1500.0      50.2543974106095
 1600.0      50.4019984226625
 1700.0      50.5398040736160
 1800.0      50.6718637803703
 1900.0      50.7979812094997
 2000.0      50.9216585504671
 2100.0      51.0419670838687
 2200.0      51.1617005282293
 2300.0      51.2803887990993
 2400.0      51.3983858893265
 2500.0      51.5175308845524
 2600.0      51.6372390056163
 2700.0      51.7579034681247
 2800.0      51.8797508158730
 2900.0      52.0044709341191
 3000.0      52.1297950438034
 3100.0      52.2586229652085
 3200.0      52.3889685420514
 3300.0      52.5228415182803
 3400.0      52.6596072874365
 3500.0      52.7987972771754
 3600.0      52.9416852193137
 3700.0      53.0887764791659
 3800.0      53.2382904890519
 3900.0      53.3932860702925
 4000.0      53.5510131905072
 4100.0      53.7137465763509
 4200.0      53.8815785168557
 4300.0      54.0526236031673
 4400.0      54.2304939577490
 4500.0      54.4119982154355
 4600.0      54.6001168026001
 4700.0      54.7942105020742
 4800.0      54.9918535737521
 4900.0      55.1986280536012
 5000.0      55.4091553530840
 5100.0      55.6341328266849
 5200.0      55.8486605407492
 5300.0      56.0959741296080
 5400.0      56.3237038797347
 5500.0      56.5842634724080
 5600.0      56.8361081983554
 5700.0      57.1061266314238
 5800.0      57.3784887007578
 5900.0      57.6724121009755
 6000.0      57.9478593695324
# P = 24.000000 (GPa)
    1.0       1.0000002838714
  100.0      14.8278967775189
  200.0      33.4471114782696
  300.0      39.0819555998978
  400.0      43.6854506405376
  500.0      45.5706302795383
  600.0      46.9652558490405
  700.0      47.7957558202315
  800.0      48.4049524947464
  900.0      48.8455145492168
 1000.0      49.1889053067055
 1100.0      49.4643518042404
 1200.0      49.6941946898349
 1300.0      49.8913651248009
 1400.0      50.0655842418874
 1500.0      50.2225582093847
 1600.0      50.3674339675753
 1700.0      50.5024257108023
 1800.0      50.6315580187489
 1900.0      50.7546486362929
 2000.0      50.8751800675076
 2100.0      50.9922414263432
 2200.0      51.1085956866503
 2300.0      51.2237805141965
 2400.0      51.3381549122262
 2500.0      51.4535319564091
 2600.0      51.5693301020613
 2700.0      51.6859385203882
 2800.0      51.8035832869814
 2900.0      51.9239210745004
 3000.0      52.0447110689000
 3100.0      52.1688181585792
 3200.0      52.2942619282847
 3300.0      52.4230338863590
 3400.0      52.5544975281518
 3500.0      52.6881760244235
 3600.0      52.8253258989749
 3700.0      52.9664455775909
 3800.0      53.1097453362371
 3900.0      53.2582624491051
 4000.0      53.4092480868122
 4100.0      53.5649581521789
 4200.0      53.7254535265656
 4300.0      53.8888708485832
 4400.0      54.0587671112428
 4500.0      54.2319571498524
 4600.0      54.4113949591933
 4700.0      54.5964169446409
 4800.0      54.7846018642319
 4900.0      54.9814787530350
 5000.0      55.1816729534126
 5100.0      55.3957444844746
 5200.0      55.5991145416892
 5300.0      55.8343685473092
 5400.0      56.0498986472070
 5500.0      56.2972681553210
 5600.0      56.5355853284055
 5700.0      56.7912464674914
 5800.0      57.0486603700993
 5900.0      57.3267905242886
 6000.0      57.5856694297081
# P = 25.000000 (GPa)
    1.0       1.0000002440399
  100.0      14.8214165722417
  200.0      33.4367652067009
  300.0      39.0733054332241
  400.0      43.6761682806834
  500.0      45.5605353678907
  600.0      46.9537392323227
  700.0      47.7826220404038
  800.0      48.3900051622572
  900.0      48.8286279141698
 1000.0      49.1699649651816
 1100.0      49.4432598645655
 1200.0      49.6708603615955
 1300.0      49.8657020290415
 1400.0      50.0374975534695
 1500.0      50.1919615436353
 1600.0      50.3342343451464
 1700.0      50.4665374240148
 1800.0      50.5928699497579
 1900.0      50.7130726118240
 2000.0      50.8306048805692
 2100.0      50.9445686064250
 2200.0      51.0577003694399
 2300.0      51.1695501458700
 2400.0      51.2804783929927
 2500.0      51.3922677753523
 2600.0      51.5043490581655
 2700.0      51.6171065364361
 2800.0      51.7307593430794
 2900.0      51.8469378050341
 3000.0      51.9634313139080
 3100.0      52.0830642624231
 3200.0      52.2038661736023
 3300.0      52.3278125008987
 3400.0      52.4542629263052
 3500.0      52.5827329700381
 3600.0      52.7144649791524
 3700.0      52.8499509867796
 3800.0      52.9873892430305
 3900.0      53.1298026683684
 4000.0      53.2744433312521
 4100.0      53.4235432754715
 4200.0      53.5771415985585
 4300.0      53.7333958494255
 4400.0      53.8958058852980
 4500.0      54.0611985212280
 4600.0      54.2325020901499
 4700.0      54.4090313259671
 4800.0      54.5883667263246
 4900.0      54.7759936362933
 5000.0      54.9665379734557
 5100.0      55.1704372216758
 5200.0      55.3633999773183
 5300.0      55.5874330432167
 5400.0      55.7916029208290
 5500.0      56.0267218448305
 5600.0      56.2524746934794
 5700.0      56.4948225845937
 5800.0      56.7383786067629
 5900.0      57.0019072068391
 6000.0      57.2454226231840
# P = 26.000000 (GPa)
    1.0       1.0000002088854
  100.0      14.8150111727182
  200.0      33.4265678005520
  300.0      39.0648400073563
  400.0      43.6671300877755
  500.0      45.5507460626175
  600.0      46.9425976755516
  700.0      47.7699371766620
  800.0      48.3755832379166
  900.0      48.8123459846795
 1000.0      49.1517144308072
 1100.0      49.4229492684286
 1200.0      49.6484009953927
 1300.0      49.8410092693169
 1400.0      50.0104831340817
 1500.0      50.1625475063544
 1600.0      50.3023303809689
 1700.0      50.4320593051665
 1800.0      50.5557154732077
 1900.0      50.6731628517170
 2000.0      50.7878312688817
 2100.0      50.8988355864012
 2200.0      51.0088955566191
 2300.0      51.1175695324521
 2400.0      51.2252132714931
 2500.0      51.3335847736981
 2600.0      51.4421321097745
 2700.0      51.5512291883631
 2800.0      51.6610851201647
 2900.0      51.7733145356336
 3000.0      51.8857327890505
 3100.0      52.0011193554112
 3200.0      52.1175221214110
 3300.0      52.2368989806019
 3400.0      52.3586040354411
 3500.0      52.4821466434551
 3600.0      52.6087588459358
 3700.0      52.7389237296390
 3800.0      52.8708285637454
 3900.0      53.0074859126141
 4000.0      53.1461453533756
 4100.0      53.2890194754442
 4200.0      53.4361269525425
 4300.0      53.5856443383214
 4400.0      53.7410187385777
 4500.0      53.8990916160798
 4600.0      54.0627620937136
 4700.0      54.2313285501232
 4800.0      54.4023749163823
 4900.0      54.5813437123522
 5000.0      54.7628655809506
 5100.0      54.9572607986547
 5200.0      55.1405038196583
 5300.0      55.3540801048953
 5400.0      55.5476535728124
 5500.0      55.7713819136859
 5600.0      55.9854392374992
 5700.0      56.2154236966755
 5800.0      56.4461114277674
 5900.0      56.6961059208957
 6000.0      56.9254072126901
# P = 27.000000 (GPa)
    1.0       1.0000001779453
  100.0      14.8086923642293
  200.0      33.4165344009277
  300.0      39.0565639770893
  400.0      43.6583348687775
  500.0      45.5412562958491
  600.0      46.9318196884728
  700.0      47.7576830221716
  800.0      48.3616630884940
  900.0      48.7966428839810
 1000.0      49.1341251821538
 1100.0      49.4033835633551
 1200.0      49.6267723189676
 1300.0      49.8172394879927
 1400.0      49.9844916134256
 1500.0      50.1342580510440
 1600.0      50.2716537521102
 1700.0      50.3989191367897
 1800.0      50.5200189601257
 1900.0      50.6348330290549
 2000.0      50.7467612250213
 2100.0      50.8549403356271
 2200.0      50.9620723331602
 2300.0      51.0677164252649
 2400.0      51.1722251809225
 2500.0      51.2773421019523
 2600.0      51.3825281518744
 2700.0      51.4881384418206
 2800.0      51.5943824885837
 2900.0      51.7028610214995
 3000.0      51.8114085795664
 3100.0      51.9227605217435
 3200.0      52.0349921197197
 3300.0      52.1500385070474
 3400.0      52.2672433798868
 3500.0      52.3861220996616
 3600.0      52.5078926173042
 3700.0      52.6330236701851
 3800.0      52.7597008803096
 3900.0      52.8909240138345
 4000.0      53.0239398982260
 4100.0      53.1609432428539
 4200.0      53.3019352344447
 4300.0      53.4451106438383
 4400.0      53.5938648995489
 4500.0      53.7450562643542
 4600.0      53.9015563129923
 4700.0      54.0626485692727
 4800.0      54.2259209282794
 4900.0      54.3967748681391
 5000.0      54.5698481847608
 5100.0      54.7553535793947
 5200.0      54.9295058269744
 5300.0      55.1333229116928
 5400.0      55.3169993481311
 5500.0      55.5301157339901
 5600.0      55.7332715917052
 5700.0      55.9517589989080
 5800.0      56.1704794670704
 5900.0      56.4078971981015
 6000.0      56.6240414193332
# P = 28.000000 (GPa)
    1.0       1.0000001507924
  100.0      14.8024706168579
  200.0      33.4066784540279
  300.0      39.0484817963513
  400.0      43.6497815846391
  500.0      45.5320585203135
  600.0      46.9213921488716
  700.0      47.7458422413338
  800.0      48.3482258194654
  900.0      48.7814959345931
 1000.0      49.1171664856412
 1100.0      49.3845259771167
 1200.0      49.6059358531740
 1300.0      49.7943521496572
 1400.0      49.9594736095121
 1500.0      50.1070346697016
 1600.0      50.2421431964076
 1700.0      50.3670534445816
 1800.0      50.4857070568736
 1900.0      50.5979987112931
 2000.0      50.7073066630427
 2100.0      50.8127903671964
 2200.0      50.9171261908966
 2300.0      51.0198737860286
 2400.0      51.1213929263986
 2500.0      51.2234109388681
 2600.0      51.3253923709013
 2700.0      51.4276783047581
 2800.0      51.5304877987619
 2900.0      51.6354007701554
 3000.0      51.7402649470185
 3100.0      51.8477834495585
 3200.0      51.9560573732134
 3300.0      52.0669928895775
 3400.0      52.1799283596578
 3500.0      52.2943890169240
 3600.0      52.4115746652290
 3700.0      52.5319384253773
 3800.0      52.6536725178725
 3900.0      52.7797607107779
 4000.0      52.9074441623286
 4100.0      53.0389070615635
 4200.0      53.1741320915149
 4300.0      53.3113288812314
 4400.0      53.4538474868272
 4500.0      53.5985633991380
 4600.0      53.7483182143613
 4700.0      53.9023872484794
 4800.0      54.0583604385552
 4900.0      54.2215978502297
 5000.0      54.3867506746499
 5100.0      54.5639289450319
 5200.0      54.7295687549287
 5300.0      54.9242622476356
 5400.0      55.0986846057144
 5500.0      55.3018995445069
 5600.0      55.4948809289840
 5700.0      55.7026547241539
 5800.0      55.9102319149115
 5900.0      56.1359481110517
 6000.0      56.3398766536301
# P = 29.000000 (GPa)
    1.0       1.0000001270457
  100.0      14.7963552231557
  200.0      33.3970117394672
  300.0      39.0405965956749
  400.0      43.6414676706669
  500.0      45.5231447698638
  600.0      46.9113040733914
  700.0      47.7344016491472
  800.0      48.3352527373513
  900.0      48.7668793757051
 1000.0      49.1008084598935
 1100.0      49.3663461938012
 1200.0      49.5858582491688
 1300.0      49.7723047874674
 1400.0      49.9353792697414
 1500.0      50.0808259770376
 1600.0      50.2137458388815
 1700.0      50.3363995006470
 1800.0      50.4527064987459
 1900.0      50.5625839494352
 2000.0      50.6693892914644
 2100.0      50.7722965783666
 2200.0      50.8739552160047
 2300.0      50.9739362829756
 2400.0      51.0726067768666
 2500.0      51.1716674623127
 2600.0      51.2705879252161
 2700.0      51.3697076217889
 2800.0      51.4692500366156
 2900.0      51.5707653397371
 3000.0      51.6721224258578
 3100.0      51.7759992963341
 3200.0      51.8805150684493
 3300.0      51.9875412255322
 3400.0      52.0964251307838
 3500.0      52.2066983295665
 3600.0      52.3195355448875
 3700.0      52.4353813499647
 3800.0      52.5524376865776
 3900.0      52.6736671524808
 4000.0      52.7963070572099
 4100.0      52.9225364279128
 4200.0      53.0523161580414
 4300.0      53.1838721042835
 4400.0      53.3205101579374
 4500.0      53.4591265305831
 4600.0      53.6025302943817
 4700.0      53.7499897798141
 4800.0      53.8991025668319
 4900.0      54.0551834488592
 5000.0      54.2129016528286
 5100.0      54.3822688619069
 5200.0      54.5399299493976
 5300.0      54.7260799854033
 5400.0      54.8918402130970
 5500.0      55.0857998850955
 5600.0      55.2692771980749
 5700.0      55.4670499607200
 5800.0      55.6642375317060
 5900.0      55.8790523797484
 6000.0      56.0715989939292
# P = 30.000000 (GPa)
    1.0       1.0000001063538
  100.0      14.7903543874370
  200.0      33.3875444932575
  300.0      39.0329107810228
  400.0      43.6333911311445
  500.0      45.5145094710472
  600.0      46.9015456945170
  700.0      47.7233455346622
  800.0      48.3227231406162
  900.0      48.7527704387664
 1000.0      49.0850281230149
 1100.0      49.3488157603667
 1200.0      49.5665024392533
 1300.0      49.7510554184988
 1400.0      49.9121668836792
 1500.0      50.0555878646117
 1600.0      50.1864069543391
 1700.0      50.3068939551386
 1800.0      50.4209529678050
 1900.0      50.5285229178961
 2000.0      50.6329319336783
 2100.0      50.7333699763475
 2200.0      50.8324687470007
 2300.0      50.9298103140744
 2400.0      51.0257598763811
 2500.0      51.1219915733110
 2600.0      51.2179920913650
 2700.0      51.3140969424071
 2800.0      51.4105244493095
 2900.0      51.5087974402906
 3000.0      51.6068186960890
 3100.0      51.7072336781202
 3200.0      51.8081713936390
 3300.0      51.9114801014490
 3400.0      52.0165184919454
 3500.0      52.1228182266413
 3600.0      52.2315242450318
 3700.0      52.3430882421671
 3800.0      52.4557150910653
 3900.0      52.5723394426063
 4000.0      52.6902059942084
 4100.0      52.8114874954574
 4200.0      52.9361199341193
 4300.0      53.0623463718030
 4400.0      53.1934342392285
 4500.0      53.3262993792410
 4600.0      53.4637141128273
 4700.0      53.6049487489671
 4800.0      53.7476064175886
 4900.0      53.8969551621016
 5000.0      54.0476859047099
 5100.0      54.2097162302665
 5200.0      54.3598925716480
 5300.0      54.5380286621751
 5400.0      54.6956763703419
 5500.0      54.8809684313510
 5600.0      55.0555561210339
 5700.0      55.2439813442802
 5800.0      55.4314655798736
 5900.0      55.6361095437798
 6000.0      55.8180456283865
# P = 31.000000 (GPa)
    1.0       1.0000000883989
  100.0      14.7844753366614
  200.0      33.3782857460776
  300.0      39.0254267399954
  400.0      43.6255499664723
  500.0      45.5061453286222
  600.0      46.8921050487186
  700.0      47.7126587899281
  800.0      48.3106211927470
  900.0      48.7391509364038
 1000.0      49.0698002280161
 1100.0      49.3319028378906
 1200.0      49.5478345617870
 1300.0      49.7305712315245
 1400.0      49.8897983712033
 1500.0      50.0312719804023
 1600.0      50.1600722223408
 1700.0      50.2784833700051
 1800.0      50.3903908646321
 1900.0      50.4957480603450
 2000.0      50.5978574591975
 2100.0      50.6959324700788
 2200.0      50.7925869235557
 2300.0      50.8874037864287
 2400.0      50.9807470890425
 2500.0      51.0742765841597
 2600.0      51.1674945463230
 2700.0      51.2607212624154
 2800.0      51.3541720838737
 2900.0      51.4493556313044
 3000.0      51.5442041189523
 3100.0      51.6413196526989
 3200.0      51.7388471373306
 3300.0      51.8386230009168
 3400.0      51.9400096515336
 3500.0      52.0425294188495
 3600.0      52.1473114872151
 3700.0      52.2548155007476
 3800.0      52.3632415973456
 3900.0      52.4754965597896
 4000.0      52.5888439360675
 4100.0      52.7054442766378
 4200.0      52.8252017220084
 4300.0      52.9463902896908
 4400.0      53.0722374515045
 4500.0      53.1996690879222
 4600.0      53.3314317414257
 4700.0      53.4667994267108
 4800.0      53.6033740338034
 4900.0      53.7463826872465
 5000.0      53.8905400070583
 5100.0      54.0456705417744
 5200.0      54.1888184570880
 5300.0      54.3594256523929
 5400.0      54.5094682580722
 5500.0      54.6866306124073
 5600.0      54.8528947701887
 5700.0      55.0325710944333
 5800.0      55.2109814881406
 5900.0      55.4061228964284
 6000.0      55.5781490467324
# P = 32.000000 (GPa)
    1.0       1.0000000728916
  100.0      14.7787239480851
  200.0      33.3692426921277
  300.0      39.0181454861624
  400.0      43.6179408217032
  500.0      45.4980451790571
  600.0      46.8829731490501
  700.0      47.7023304090830
  800.0      48.2989307105315
  900.0      48.7259984256015
 1000.0      49.0550988279310
 1100.0      49.3155821149737
 1200.0      49.5298283301578
 1300.0      49.7108177794958
 1400.0      49.8682310366236
 1500.0      50.0078331347543
 1600.0      50.1346986947133
 1700.0      50.2511197310154
 1800.0      50.3609599915668
 1900.0      50.4641921306204
 2000.0      50.5641003877745
 2100.0      50.6599166026597
 2200.0      50.7542284561923
 2300.0      50.8466244095895
 2400.0      50.9374764350577
 2500.0      51.0284283017800
 2600.0      51.1189863077351
 2700.0      51.2094589732533
 2800.0      51.3000697022846
 2900.0      51.3923111230103
 3000.0      51.4841335263811
 3100.0      51.5780985581772
 3200.0      51.6723813023353
 3300.0      51.7687987937250
 3400.0      51.8667076445828
 3500.0      51.9656290454330
 3600.0      52.0666860835899
 3700.0      52.1703375680122
 3800.0      52.2747710245988
 3900.0      52.3828800642675
 4000.0      52.4919469529940
 4100.0      52.6041114207367
 4200.0      52.7192469332645
 4300.0      52.8356726507747
 4400.0      52.9565645642709
 4500.0      53.0788565170585
 4600.0      53.2052821363673
 4700.0      53.3351125244976
 4800.0      53.4659484751347
 4900.0      53.6029799661704
 5000.0      53.7409481276450
 5100.0      53.8895796071634
 5200.0      54.0261230733694
 5300.0      54.1896463392540
 5400.0      54.3325529498529
 5500.0      54.5020794064857
 5600.0      54.6605416035204
 5700.0      54.8320174502522
 5800.0      55.0019314599231
 5900.0      55.1881844404264
 6000.0      55.3509431167997
# P = 33.000000 (GPa)
    1.0       1.0000000595655
  100.0      14.7730985209346
  200.0      33.3604120445458
  300.0      39.0110630328670
  400.0      43.6105590818890
  500.0      45.4902028875957
  600.0      46.8741403367617
  700.0      47.6923458871317
  800.0      48.2876336496430
  900.0      48.7132944128100
 1000.0      49.0409054712995
 1100.0      49.2998300015502
 1200.0      49.5124519746754
 1300.0      49.6917587363209
 1400.0      49.8474297031345
 1500.0      49.9852365895050
 1600.0      50.1102427480937
 1700.0      50.2247491638622
 1800.0      50.3326036393021
 1900.0      50.4338016383055
 2000.0      50.5316017983153
 2100.0      50.6252496752699
 2200.0      50.7173132730205
 2300.0      50.8073937690355
 2400.0      50.8958671178844
 2500.0      50.9843508714073
 2600.0      51.0723602011906
 2700.0      51.1602024535234
 2800.0      51.2481069963183
 2900.0      51.3375383785318
 3000.0      51.4264673018437
 3100.0      51.5174296898923
 3200.0      51.6086255581720
 3300.0      51.7018418015207
 3400.0      51.7964336055814
 3500.0      51.8919338800292
 3600.0      51.9894533436710
 3700.0      52.0894389804166
 3800.0      52.1900752898869
 3900.0      52.2942524582556
 4000.0      52.3992606456922
 4100.0      52.5072122874354
 4200.0      52.6179685625320
 4300.0      52.7298867200690
 4400.0      52.8460850053102
 4500.0      52.9635123152085
 4600.0      53.0848950398877
 4700.0      53.2094946591159
 4800.0      53.3349084910523
 4900.0      53.4663015780063
 5000.0      53.5984362947828
 5100.0      53.7409351852206
 5200.0      53.8712686577342
 5300.0      54.0281181207811
 5400.0      54.1643228145240
 5500.0      54.3266674348679
 5600.0      54.4778085744256
 5700.0      54.6415876214664
 5800.0      54.8035379985455
 5900.0      54.9814638684496
 6000.0      55.1355461308858
# P = 34.000000 (GPa)
    1.0       1.0000000481808
  100.0      14.7675922516312
  200.0      33.3517825976973
  300.0      39.0041697199920
  400.0      43.6033941301988
  500.0      45.4826063108193
  600.0      46.8655931209713
  700.0      47.6826919195593
  800.0      48.2767171278879
  900.0      48.7010227569467
 1000.0      49.0271973992374
 1100.0      49.2846186764278
 1200.0      49.4956774905780
 1300.0      49.6733680078568
 1400.0      49.8273635757616
 1500.0      49.9634413812927
 1600.0      50.0866574001064
 1700.0      50.1993260409807
 1800.0      50.3052781209341
 1900.0      50.4045234112449
 2000.0      50.5002962418485
 2100.0      50.5918627179060
 2200.0      50.6817762774856
 2300.0      50.7696419806009
 2400.0      50.8558337047151
 2500.0      50.9419499361842
 2600.0      51.0275242797291
 2700.0      51.1128574220828
 2800.0      51.1981731358307
 2900.0      51.2849138712408
 3000.0      51.3710823018536
 3100.0      51.4591858054662
 3200.0      51.5474356825895
 3300.0      51.6375936887825
 3400.0      51.7290267728033
 3500.0      51.8212760259062
 3600.0      51.9154266069969
 3700.0      52.0119178983887
 3800.0      52.1089480149000
 3900.0      52.2093941911106
 4000.0      52.3105435515469
 4100.0      52.4144935695313
 4200.0      52.5211001408846
 4300.0      52.6287479415278
 4400.0      52.7404920147769
 4500.0      52.8533156039951
 4600.0      52.9699295776670
 4700.0      53.0895787800312
 4800.0      53.2098670834591
 4900.0      53.3359370508262
 5000.0      53.4625662076718
 5100.0      53.5992733721550
 5200.0      53.7237626104285
 5300.0      53.8743169500589
 5400.0      54.0042192904671
 5500.0      54.1597996741958
 5600.0      54.3040662228392
 5700.0      54.4606119912306
 5800.0      54.6150880314153
 5900.0      54.7852030655608
 6000.0      54.9311568832344
# P = 35.000000 (GPa)
    1.0       1.0000000385176
  100.0      14.7621986391844
  200.0      33.3433434851625
  300.0      38.9974557222512
  400.0      43.5964353577404
  500.0      45.4752448762011
  600.0      46.8573205838432
  700.0      47.6733550064851
  800.0      48.2661630699263
  900.0      48.6891617509741
 1000.0      49.0139528714143
 1100.0      49.2699284205552
 1200.0      49.4794827665847
 1300.0      49.6556151782053
 1400.0      49.8079954089909
 1500.0      49.9424097254433
 1600.0      50.0639081202987
 1700.0      50.1748120980907
 1800.0      50.2789331602253
 1900.0      50.3762993609153
 2000.0      50.4701274059008
 2100.0      50.5597027087297
 2200.0      50.6475540581363
 2300.0      50.7332915609815
 2400.0      50.8172944991696
 2500.0      50.9011488261879
 2600.0      50.9843965064551
 2700.0      51.0673245954880
 2800.0      51.1501592922393
 2900.0      51.2343311336382
 3000.0      51.3178694335418
 3100.0      51.4032396473859
 3200.0      51.4886714672320
 3300.0      51.5759144801850
 3400.0      51.6643426258597
 3500.0      51.7534918652092
 3600.0      51.8444260843239
 3700.0      51.9375942422464
 3800.0      52.0312003908804
 3900.0      52.1280944916584
 4000.0      52.2255706218359
 4100.0      52.3257243791900
 4200.0      52.4283953617394
 4300.0      52.5319870381253
 4400.0      52.6395043285293
 4500.0      52.7479695871857
 4600.0      52.8600683901587
 4700.0      52.9750245631754
 4800.0      53.0904683280242
 4900.0      53.2115089206265
 5000.0      53.3329317555281
 5100.0      53.4641670098897
 5200.0      53.5831517921300
 5300.0      53.7277590097442
 5400.0      53.8517298425131
 5500.0      54.0009330999869
 5600.0      54.1387357592880
 5700.0      54.2884743929251
 5800.0      54.4359287219770
 5900.0      54.5987112174634
 6000.0      54.7370297105916
# P = 36.000000 (GPa)
    1.0       1.0000000303762
  100.0      14.7569115906268
  200.0      33.3350846226487
  300.0      38.9909123964525
  400.0      43.5896736306623
  500.0      45.4681079372499
  600.0      46.8493090544647
  700.0      47.6643191529353
  800.0      48.2559553057847
  900.0      48.6776962094970
 1000.0      49.0011546133066
 1100.0      49.2557355404851
 1200.0      49.4638380975981
 1300.0      49.6384695502045
 1400.0      49.7892976893854
 1500.0      49.9221134155211
 1600.0      50.0419572732644
 1700.0      50.1511606317586
 1800.0      50.2535206500064
 1900.0      50.3490860445360
 2000.0      50.4410491002736
 2100.0      50.5287096130060
 2200.0      50.6145775371629
 2300.0      50.6982747196168
 2400.0      50.7801858578578
 2500.0      50.8618733903782
 2600.0      50.9428869894773
 2700.0      51.0235091619258
 2800.0      51.1039755640650
 2900.0      51.1856951720239
 3000.0      51.2667150041074
 3100.0      51.3494673307072
 3200.0      51.4322115590732
 3300.0      51.5166787064539
 3400.0      51.6022374342516
 3500.0      51.6884229232911
 3600.0      51.7762940414310
 3700.0      51.8663042438484
 3800.0      51.9566474761065
 3900.0      52.0501549577372
 4000.0      52.1441396134142
 4100.0      52.2406909390968
 4200.0      52.3396194560142
 4300.0      52.4393530360238
 4400.0      52.5428646794973
 4500.0      52.6472011751006
 4600.0      52.7550123486228
 4700.0      52.8655214746441
 4800.0      52.9763830233018
 4900.0      53.0926647054468
 5000.0      53.2091588792542
 5100.0      53.3352217629973
 5200.0      53.4490178236154
 5300.0      53.5879976820446
 5400.0      53.7063824595975
 5500.0      53.8495696047244
 5600.0      53.9812848054273
 5700.0      54.1246116078520
 5800.0      54.2654638829487
 5900.0      54.4213511556084
 6000.0      54.5524923131179
# P = 37.000000 (GPa)
    1.0       1.0000000235764
  100.0      14.7517254066138
  200.0      33.3269964854016
  300.0      38.9845310144596
  400.0      43.5830990414755
  500.0      45.4611847968724
  600.0      46.8415477375125
  700.0      47.6555736509276
  800.0      48.2460806366239
  900.0      48.6666077394732
 1000.0      48.9887796250968
 1100.0      49.2420162374332
 1200.0      49.4487221675176
 1300.0      49.6219094251142
 1400.0      49.7712411496525
 1500.0      49.9025146269177
 1600.0      50.0207649304682
 1700.0      50.1283356517850
 1800.0      50.2290056757131
 1900.0      50.3228384517029
 2000.0      50.4130049010595
 2100.0      50.4988245538586
 2200.0      50.5827933759581
 2300.0      50.6645366744031
 2400.0      50.7444382486499
 2500.0      50.8240426237282
 2600.0      50.9029155747193
 2700.0      50.9813365160768
 2800.0      51.0595368000716
 2900.0      51.1389032731973
 3000.0      51.2175099113214
 3100.0      51.2977654454801
 3200.0      51.3779471079415
 3300.0      51.4597579628482
 3400.0      51.5425703529252
 3500.0      51.6259318618581
 3600.0      51.7108894459679
 3700.0      51.7978852447752
 3800.0      51.8851122038809
 3900.0      51.9753968853042
 4000.0      52.0660668423871
 4100.0      52.1591887819105
 4200.0      52.2545496001598
 4300.0      52.3506224521318
 4400.0      52.4503355538405
 4500.0      52.5507476304678
 4600.0      52.6544855415323
 4700.0      52.7607833611524
 4800.0      52.8673075094336
 4900.0      52.9790737865204
 5000.0      53.0909039964399
 5100.0      53.2120757227126
 5200.0      53.3209712984161
 5300.0      53.4546215507121
 5400.0      53.5677428453036
 5500.0      53.7052489929720
 5600.0      53.8312216820953
 5700.0      53.9685062042270
 5800.0      54.1031447031217
 5900.0      54.2525371845547
 6000.0      54.3769258636144
# P = 38.000000 (GPa)
    1.0       1.0000000179541
  100.0      14.7466347277498
  200.0      33.3190701624829
  300.0      38.9783038526139
  400.0      43.5767036722737
  500.0      45.4544670571397
  600.0      46.8340259681479
  700.0      47.6471042686237
  800.0      48.2365222062824
  900.0      48.6558795781673
 1000.0      48.9768127639808
 1100.0      49.2287539901267
 1200.0      49.4341119369738
 1300.0      49.6059047085537
 1400.0      49.7537937628184
 1500.0      49.8835846692082
 1600.0      50.0003038909137
 1700.0      50.1063022229693
 1800.0      50.2053424392867
 1900.0      50.2975068457163
 2000.0      50.3859496206161
 2100.0      50.4700055224774
 2200.0      50.5521489269642
 2300.0      50.6320109705963
 2400.0      50.7099817176487
 2500.0      50.7875928240073
 2600.0      50.8644185493141
 2700.0      50.9407265783809
 2800.0      51.0167498054756
 2900.0      51.0938627057635
 3000.0      51.1701678343308
 3100.0      51.2480367441658
 3200.0      51.3257613043170
 3300.0      51.4050287659734
 3400.0      51.4852236104764
 3500.0      51.5658953329737
 3600.0      51.6480673050434
 3700.0      51.7321802310809
 3800.0      51.8164400510404
 3900.0      51.9036609768209
 4000.0      51.9911709669062
 4100.0      52.0810202394024
 4200.0      52.1729890819470
 4300.0      52.2655890006869
 4400.0      52.3616873070192
 4500.0      52.4583635652175
 4600.0      52.5582390564287
 4700.0      52.6605468549348
 4800.0      52.7629518578922
 4900.0      52.8704329280273
 5000.0      52.9778504337732
 5100.0      53.0943928893248
 5200.0      53.1986486255584
 5300.0      53.3272519388717
 5400.0      53.4354123848307
 5500.0      53.5675431042997
 5600.0      53.6880952890722
 5700.0      53.8196807615457
 5800.0      53.9484636175557
 5900.0      54.0917338467430
 6000.0      54.2097620268292
# P = 39.000000 (GPa)
    1.0       1.0000000133619
  100.0      14.7416345423834
  200.0      33.3112972973473
  300.0      38.9722233359030
  400.0      43.5704787381153
  500.0      45.4479445209712
  600.0      46.8267326006426
  700.0      47.6389001965265
  800.0      48.2272694653057
  900.0      48.6454986608575
 1000.0      48.9652353290416
 1100.0      49.2159252181535
 1200.0      49.4199831973133
 1300.0      49.5904341265669
 1400.0      49.7369348015251
 1500.0      49.8652959289869
 1600.0      49.9805370413282
 1700.0      50.0850196526018
 1800.0      50.1824939989748
 1900.0      50.2730577727052
 2000.0      50.3598425009003
 2100.0      50.4421986317307
 2200.0      50.5225845677370
 2300.0      50.6006427813753
 2400.0      50.6767657360634
 2500.0      50.7524633945439
 2600.0      50.8273196831658
 2700.0      50.9015977136041
 2800.0      50.9755394133444
 2900.0      51.0504997777959
 3000.0      51.1245981127692
 3100.0      51.2001752168609
 3200.0      51.2755483781591
 3300.0      51.3523917603078
 3400.0      51.4300871875876
 3500.0      51.5081822998366
 3600.0      51.5876883585778
 3700.0      51.6690560386603
 3800.0      51.7504919686194
 3900.0      51.8347866021062
 4000.0      51.9192765018819
 4100.0      52.0060115734962
 4200.0      52.0947599825106
 4300.0      52.1840506113625
 4400.0      52.2767019511979
 4500.0      52.3698307651136
 4600.0      52.4660438941199
 4700.0      52.5645581075184
 4800.0      52.6630455837498
 4900.0      52.7664663670672
 5000.0      52.8697071795066
 5100.0      52.9818540701376
 5200.0      53.0817160849405
 5300.0      53.2055422309765
 5400.0      53.3090188863761
 5500.0      53.4360545717811
 5600.0      53.5514898602117
 5700.0      53.6776967037907
 5800.0      53.8009532115008
 5900.0      53.9384447998611
 6000.0      54.0504784968438
# P = 40.000000 (GPa)
    1.0       1.0000000096648
  100.0      14.7367201294255
  200.0      33.3036700010269
  300.0      38.9662824306438
  400.0      43.5644169751716
  500.0      45.4416099334541
  600.0      46.8196593582726
  700.0      47.6309502810731
  800.0      48.2183073346460
  900.0      48.6354475330688
 1000.0      48.9540305506559
 1100.0      49.2035151625153
 1200.0      49.4063198756435
 1300.0      49.5754748726761
 1400.0      49.7206340638654
 1500.0      49.8476161449806
 1600.0      49.9614358403765
 1700.0      50.0644621170694
 1800.0      50.1604281705557
 1900.0      50.2494474696020
 2000.0      50.3346338386898
 2100.0      50.4153576001633
 2200.0      50.4940594943264
 2300.0      50.5703854272126
 2400.0      50.6447285241912
 2500.0      50.7185845476393
 2600.0      50.7915529504006
 2700.0      50.8638906007939
 2800.0      50.9358371326626
 2900.0      51.0087277932779
 3000.0      51.0807067375621
 3100.0      51.1540936746196
 3200.0      51.2272241121065
 3300.0      51.3017451590244
 3400.0      51.3770422234071
 3500.0      51.4526722696895
 3600.0      51.5296398270410
 3700.0      51.6083893071243
 3800.0      51.6871222817727
 3900.0      51.7686177030551
 4000.0      51.8502340582115
 4100.0      51.9340083136855
 4200.0      52.0196820785240
 4300.0      52.1058135840547
 4400.0      52.1951875971644
 4500.0      52.2849503716412
 4600.0      52.3776769770550
 4700.0      52.4725763801530
 4800.0      52.5673471459578
 4900.0      52.6669212787304
 5000.0      52.7661948500462
 5100.0      52.8741618839191
 5200.0      52.9698702465488
 5300.0      53.0891722683857
 5400.0      53.1882114303463
 5500.0      53.3104175608270
 5600.0      53.4210234699605
 5700.0      53.5421481676791
 5800.0      53.6601775838749
 5900.0      53.7922123115370
 6000.0      53.8986080051660
