# T (K)      C_V_P (J K^-1 mol^-1)
# P = 0.000000 (GPa)
    1.0       1.0000000000000
  100.0      15.0259857239405
  200.0      33.7277823634416
  300.0      39.2101472930497
  400.0      43.7065429249678
  500.0      45.4806425653825
  600.0      46.7817237788654
  700.0      47.5238370132336
  800.0      48.0500115673621
  900.0      48.4100153847000
 1000.0      48.6744288284223
 1100.0      48.8715101434682
 1200.0      49.0230580287695
 1300.0      49.1414163155739
 1400.0      49.2362191304400
 1500.0      49.3126097944171
 1600.0      49.3758819247204
 1700.0      49.4275334553806
 1800.0      49.4722385469178
 1900.0      49.5086902821473
 2000.0      49.5412872653457
 2100.0      49.5679753002480
 2200.0      49.5923210199734
 2300.0      49.6132901486250
 2400.0      49.6308131391940
 2500.0      49.6475198882682
 2600.0      49.6619584676512
 2700.0      49.6746885606267
 2800.0      49.6855163548315
 2900.0      49.6970143844704
 3000.0      49.7051160584913
 3100.0      49.7144120098704
 3200.0      49.7213094043283
 3300.0      49.7287994612054
 3400.0      49.7356400552871
 3500.0      49.7407578741114
 3600.0      49.7460973084837
 3700.0      49.7517367304993
 3800.0      49.7554221629204
 3900.0      49.7607936804171
 4000.0      49.7638756568363
 4100.0      49.7673666472239
 4200.0      49.7722108257868
 4300.0      49.7733979589001
 4400.0      49.7779072504806
 4500.0      49.7797566534816
 4600.0      49.7829760742260
 4700.0      49.7865553331271
 4800.0      49.7862726020773
 4900.0      49.7899866999305
 5000.0      49.7894655565439
 5100.0      49.8028894833547
 5200.0      49.7824977842710
 5300.0      49.8111020732260
 5400.0      49.7860648641950
 5500.0      49.8097858943733
 5600.0      49.7987277211406
 5700.0      49.8063199789511
 5800.0      49.8010931798529
 5900.0      49.8120222766140
 6000.0      49.7943354615096
# P = 1.000000 (GPa)
    1.0       1.0000000000000
  100.0      15.0074228363590
  200.0      33.7004462844985
  300.0      39.1930788042956
  400.0      43.6936082468535
  500.0      45.4715844519136
  600.0      46.7747262165989
  700.0      47.5183884756354
  800.0      48.0455967662743
  900.0      48.4063778290492
 1000.0      48.6713717774669
 1100.0      48.8689062352957
 1200.0      49.0208113434127
 1300.0      49.1394660378612
 1400.0      49.2344959609242
 1500.0      49.3110822962217
 1600.0      49.3744975061917
 1700.0      49.4262924525782
 1800.0      49.4710801147703
 1900.0      49.5076397330092
 2000.0      49.5402884376552
 2100.0      49.5670567623622
 2200.0      49.5914407874202
 2300.0      49.6124458129990
 2400.0      49.6300274981460
 2500.0      49.6467463658319
 2600.0      49.6612124090994
 2700.0      49.6739640252751
 2800.0      49.6848311026534
 2900.0      49.6963108435856
 3000.0      49.7044657533400
 3100.0      49.7137480906740
 3200.0      49.7206779362357
 3300.0      49.7281641555367
 3400.0      49.7350000430407
 3500.0      49.7401461588352
 3600.0      49.7454879870253
 3700.0      49.7511244291272
 3800.0      49.7548232006068
 3900.0      49.7601745780802
 4000.0      49.7632751915679
 4100.0      49.7667826936363
 4200.0      49.7715667440495
 4300.0      49.7728263472858
 4400.0      49.7772864171856
 4500.0      49.7791492128017
 4600.0      49.7823528178602
 4700.0      49.7858986987239
 4800.0      49.7856717942207
 4900.0      49.7893569051039
 5000.0      49.7888982227327
 5100.0      49.8019272859241
 5200.0      49.7822928983543
 5300.0      49.8099532785728
 5400.0      49.7858488262367
 5500.0      49.8087645890731
 5600.0      49.7981579889104
 5700.0      49.8055140260757
 5800.0      49.8004696468906
 5900.0      49.8112524951090
 6000.0      49.7934071915127
# P = 2.000000 (GPa)
    1.0       1.0000000000000
  100.0      14.9909541826098
  200.0      33.6760794521227
  300.0      39.1777456084276
  400.0      43.6818874427343
  500.0      45.4632978432831
  600.0      46.7682628981555
  700.0      47.5133063948320
  800.0      48.0414381199870
  900.0      48.4029168115692
 1000.0      48.6684331315775
 1100.0      48.8663765206933
 1200.0      49.0186046293149
 1300.0      49.1375311608196
 1400.0      49.2327751247002
 1500.0      49.3095545046736
 1600.0      49.3731158162714
 1700.0      49.4250581887748
 1800.0      49.4699325345498
 1900.0      49.5066032145669
 2000.0      49.5393073519968
 2100.0      49.5661586461609
 2200.0      49.5905843342925
 2300.0      49.6116284653213
 2400.0      49.6292706153009
 2500.0      49.6460040245853
 2600.0      49.6604979114205
 2700.0      49.6732707712206
 2800.0      49.6841757507043
 2900.0      49.6956383035710
 3000.0      49.7038444210484
 3100.0      49.7131140267260
 3200.0      49.7200752066573
 3300.0      49.7275580364993
 3400.0      49.7343897778715
 3500.0      49.7395634497857
 3600.0      49.7449081896039
 3700.0      49.7505423551875
 3800.0      49.7542546308222
 3900.0      49.7595873889805
 4000.0      49.7627065109902
 4100.0      49.7662303978872
 4200.0      49.7709579527816
 4300.0      49.7722872144681
 4400.0      49.7767012794985
 4500.0      49.7785775571096
 4600.0      49.7817669811985
 4700.0      49.7852819841937
 4800.0      49.7851090031796
 4900.0      49.7887672829604
 5000.0      49.7883685759588
 5100.0      49.8010252754966
 5200.0      49.7821067797501
 5300.0      49.8088768768013
 5400.0      49.7856530435452
 5500.0      49.8078099749103
 5600.0      49.7976295411301
 5700.0      49.8047635009873
 5800.0      49.7998913898739
 5900.0      49.8105367206346
 6000.0      49.7925422603832
# P = 3.000000 (GPa)
    1.0       1.0000000000000
  100.0      14.9767007716974
  200.0      33.6549473910530
  300.0      39.1643826913825
  400.0      43.6715946557999
  500.0      45.4559463961794
  600.0      46.7624665690347
  700.0      47.5086995887109
  800.0      48.0376286962709
  900.0      48.3997135740024
 1000.0      48.6656854759718
 1100.0      48.8639869821647
 1200.0      49.0164986389428
 1300.0      49.1356650471081
 1400.0      49.2310973340413
 1500.0      49.3080486066046
 1600.0      49.3717419357724
 1700.0      49.4238255505466
 1800.0      49.4687871300197
 1900.0      49.5055717848587
 2000.0      49.5383348737752
 2100.0      49.5652719436557
 2200.0      49.5897424310770
 2300.0      49.6108286721079
 2400.0      49.6285334669098
 2500.0      49.6452846818335
 2600.0      49.6598090277638
 2700.0      49.6726053199429
 2800.0      49.6835485054633
 2900.0      49.6949954729547
 3000.0      49.7032509084212
 3100.0      49.7125086180519
 3200.0      49.7195000399689
 3300.0      49.7269798872074
 3400.0      49.7338079247380
 3500.0      49.7390082195773
 3600.0      49.7443560743564
 3700.0      49.7499883926623
 3800.0      49.7537142019639
 3900.0      49.7590296983143
 4000.0      49.7621671644685
 4100.0      49.7657072747487
 4200.0      49.7703816446247
 4300.0      49.7717779174097
 4400.0      49.7761488915278
 4500.0      49.7780386774576
 4600.0      49.7812153638360
 4700.0      49.7847017268657
 4800.0      49.7845808714580
 4900.0      49.7882143062275
 5000.0      49.7878733321527
 5100.0      49.8001785182087
 5200.0      49.7819376783117
 5300.0      49.8078673834240
 5400.0      49.7854756903426
 5500.0      49.8069172953751
 5600.0      49.7971393253526
 5700.0      49.8040646239929
 5800.0      49.7993553135372
 5900.0      49.8098715293874
 6000.0      49.7917369577103
# P = 4.000000 (GPa)
    1.0       1.0000000000000
  100.0      14.9643642376367
  200.0      33.6366634098025
  300.0      39.1528292329620
  400.0      43.6627031874102
  500.0      45.4495860529565
  600.0      46.7574247524867
  700.0      47.5046545601741
  800.0      48.0342452891729
  900.0      48.3968352910427
 1000.0      48.6631889129930
 1100.0      48.8617923243695
 1200.0      49.0145439963668
 1300.0      49.1339149740407
 1400.0      49.2295075265546
 1500.0      49.3066066303302
 1600.0      49.3704122342077
 1700.0      49.4226191965019
 1800.0      49.4676546934617
 1900.0      49.5045447881817
 2000.0      49.5373649050939
 2100.0      49.5643892732200
 2200.0      49.5889074471188
 2300.0      49.6100386214951
 2400.0      49.6278083090098
 2500.0      49.6445802307020
 2600.0      49.6591375396506
 2700.0      49.6719598549664
 2800.0      49.6829431822579
 2900.0      49.6943780767289
 3000.0      49.7026829931962
 3100.0      49.7119304512718
 3200.0      49.7189512648238
 3300.0      49.7264285126890
 3400.0      49.7332532582775
 3500.0      49.7384792581537
 3600.0      49.7438303639046
 3700.0      49.7494611008259
 3800.0      49.7532002120660
 3900.0      49.7584994811298
 4000.0      49.7616549827928
 4100.0      49.7652110975237
 4200.0      49.7698353064665
 4300.0      49.7712960952764
 4400.0      49.7756266264158
 4500.0      49.7775298961550
 4600.0      49.7806951234760
 4700.0      49.7841548543793
 4800.0      49.7840844061703
 4900.0      49.7876947671403
 5000.0      49.7874094137045
 5100.0      49.7993821904212
 5200.0      49.7817839365739
 5300.0      49.8069192468661
 5400.0      49.7853150164552
 5500.0      49.8060817002938
 5600.0      49.7966842687958
 5700.0      49.8034135195123
 5800.0      49.7988582489180
 5900.0      49.8092533542898
 6000.0      49.7909873441283
# P = 5.000000 (GPa)
    1.0       1.0000000000000
  100.0      14.9536222011731
  200.0      33.6207496642253
  300.0      39.1427843808463
  400.0      43.6549898489620
  500.0      45.4440799895360
  600.0      46.7530696486536
  700.0      47.5011639693924
  800.0      48.0313196290981
  900.0      48.3943293646196
 1000.0      48.6609920885262
 1100.0      48.8598376639629
 1200.0      49.0127825195693
 1300.0      49.1323200495399
 1400.0      49.2280429215450
 1500.0      49.3052640817934
 1600.0      49.3691612487436
 1700.0      49.4214722581263
 1800.0      49.4665666052704
 1900.0      49.5035470999764
 2000.0      49.5364122821014
 2100.0      49.5635144388256
 2200.0      49.5880760835552
 2300.0      49.6092522651059
 2400.0      49.6270887424355
 2500.0      49.6438839678152
 2600.0      49.6584765705774
 2700.0      49.6713272802105
 2800.0      49.6823526624035
 2900.0      49.6937786544654
 3000.0      49.7021343821753
 3100.0      49.7113747141827
 3200.0      49.7184260831179
 3300.0      49.7259022728277
 3400.0      49.7327245264129
 3500.0      49.7379753808059
 3600.0      49.7433298504224
 3700.0      49.7489592534862
 3800.0      49.7527113990403
 3900.0      49.7579953420956
 4000.0      49.7611683733376
 4100.0      49.7647400518294
 4200.0      49.7693167450725
 4300.0      49.7708396390605
 4400.0      49.7751321340210
 4500.0      49.7770488222322
 4600.0      49.7802037269455
 4700.0      49.7836386333169
 4800.0      49.7836169512963
 4900.0      49.7872058232535
 5000.0      49.7869740891091
 5100.0      49.7986319332275
 5200.0      49.7816440519973
 5300.0      49.8060270830893
 5400.0      49.7851693737323
 5500.0      49.8052983150019
 5600.0      49.7962613214911
 5700.0      49.8028062784751
 5800.0      49.7983970104013
 5900.0      49.8086785583963
 6000.0      49.7902893441268
# P = 6.000000 (GPa)
    1.0       1.0000000000000
  100.0      14.9441904321241
  200.0      33.6067850777506
  300.0      39.1339824079850
  400.0      43.6482499276102
  500.0      45.4392819326120
  600.0      46.7492856296447
  700.0      47.4981393322015
  800.0      48.0287910186981
  900.0      48.3921683170929
 1000.0      48.6590984041011
 1100.0      48.8581468408093
 1200.0      49.0112457475211
 1300.0      49.1309122883547
 1400.0      49.2267341848663
 1500.0      49.3040502610753
 1600.0      49.3680175181581
 1700.0      49.4204122096293
 1800.0      49.4655502916310
 1900.0      49.5026053206262
 2000.0      49.5355035337641
 2100.0      49.5626708048556
 2200.0      49.5872654405779
 2300.0      49.6084775106074
 2400.0      49.6263745694038
 2500.0      49.6431915312770
 2600.0      49.6578205020662
 2700.0      49.6707017297059
 2800.0      49.6817710494874
 2900.0      49.6931907761567
 3000.0      49.7015987658439
 3100.0      49.7108346626479
 3200.0      49.7179182634506
 3300.0      49.7253959722796
 3400.0      49.7322182005694
 3500.0      49.7374946173934
 3600.0      49.7428532072459
 3700.0      49.7484816549044
 3800.0      49.7522465543904
 3900.0      49.7575160293888
 4000.0      49.7607060756078
 4100.0      49.7642928325849
 4200.0      49.7688243894285
 4300.0      49.7704068777699
 4400.0      49.7746634007999
 4500.0      49.7765933315709
 4600.0      49.7797389094956
 4700.0      49.7831506236069
 4800.0      49.7831761414512
 4900.0      49.7867449475160
 5000.0      49.7865649361494
 5100.0      49.7979238825465
 5200.0      49.7815167027059
 5300.0      49.8051860610452
 5400.0      49.7850372806551
 5500.0      49.8045624812150
 5600.0      49.7958675275887
 5700.0      49.8022390176768
 5800.0      49.7979684402841
 5900.0      49.8081434925382
 6000.0      49.7896388196687
# P = 7.000000 (GPa)
    1.0       1.0000000000000
  100.0      14.9358182540393
  200.0      33.5943984718453
  300.0      39.1261892223752
  400.0      43.6423031782145
  500.0      45.4350631591239
  600.0      46.7459708326479
  700.0      47.4954990721589
  800.0      48.0265911852690
  900.0      48.3902941127262
 1000.0      48.6574607871780
 1100.0      48.8566884640882
 1200.0      49.0099228180953
 1300.0      49.1296995729715
 1400.0      49.2256007000505
 1500.0      49.3029882829936
 1600.0      49.3670044834300
 1700.0      49.4194616653816
 1800.0      49.4646283601945
 1900.0      49.5017414067879
 2000.0      49.5346609103809
 2100.0      49.5618801738119
 2200.0      49.5864976594655
 2300.0      49.6077358434725
 2400.0      49.6256833218718
 2500.0      49.6425139047206
 2600.0      49.6571724761109
 2700.0      49.6700808199807
 2800.0      49.6811938247864
 2900.0      49.6926091296873
 3000.0      49.7010709286354
 3100.0      49.7103046426659
 3200.0      49.7174221032618
 3300.0      49.7249035382558
 3400.0      49.7317280719613
 3500.0      49.7370316117429
 3600.0      49.7423964625843
 3700.0      49.7480258349789
 3800.0      49.7518041720800
 3900.0      49.7570603025710
 4000.0      49.7602668791402
 4100.0      49.7638682323774
 4200.0      49.7683569234958
 4300.0      49.7699965470639
 4400.0      49.7742189742888
 4500.0      49.7761617910827
 4600.0      49.7792987768517
 4700.0      49.7826886786007
 4800.0      49.7827598657425
 4900.0      49.7863098855576
 5000.0      49.7861797992655
 5100.0      49.7972546003015
 5200.0      49.7814007231762
 5300.0      49.8043918983956
 5400.0      49.7849174355366
 5500.0      49.8038700484773
 5600.0      49.7955002113090
 5700.0      49.8017080894326
 5800.0      49.7975695003033
 5900.0      49.8076445575079
 6000.0      49.7890316296762
# P = 8.000000 (GPa)
    1.0       1.0000000000000
  100.0      14.9282845508102
  200.0      33.5832625984857
  300.0      39.1191985582112
  400.0      43.6369908586592
  500.0      45.4313103549296
  600.0      46.7430356281675
  700.0      47.4931714420034
  800.0      48.0246601095970
  900.0      48.3886554786938
 1000.0      48.6560343657000
 1100.0      48.8554225519249
 1200.0      49.0087781082896
 1300.0      49.1286532201369
 1400.0      49.2246252196298
 1500.0      49.3020754961046
 1600.0      49.3661318394343
 1700.0      49.4186366897499
 1800.0      49.4638190889397
 1900.0      49.5009733815036
 2000.0      49.5339027059062
 2100.0      49.5611604975537
 2200.0      49.5857910214346
 2300.0      49.6070458508033
 2400.0      49.6250333178213
 2500.0      49.6418698958991
 2600.0      49.6565498719121
 2700.0      49.6694775914962
 2800.0      49.6806270944468
 2900.0      49.6920337345335
 3000.0      49.7005475567386
 3100.0      49.7097800499763
 3200.0      49.7169328899727
 3300.0      49.7244199392027
 3400.0      49.7312487638401
 3500.0      49.7365809236013
 3600.0      49.7419539742283
 3700.0      49.7475863239638
 3800.0      49.7513798754278
 3900.0      49.7566251062395
 4000.0      49.7598489884476
 4100.0      49.7634649891263
 4200.0      49.7679130826878
 4300.0      49.7696074600652
 4400.0      49.7737975746861
 4500.0      49.7757529073210
 4600.0      49.7788819338251
 4700.0      49.7822511938743
 4800.0      49.7823663946232
 4900.0      49.7858986793638
 5000.0      49.7858167611800
 5100.0      49.7966210170742
 5200.0      49.7812950821709
 5300.0      49.8036407850840
 5400.0      49.7848086912650
 5500.0      49.8032173411097
 5600.0      49.7951570121552
 5700.0      49.8012102625876
 5800.0      49.7971974631264
 5900.0      49.8071784178502
 6000.0      49.7884637896665
# P = 9.000000 (GPa)
    1.0       1.0000000000000
  100.0      14.9213942843281
  200.0      33.5730889414818
  300.0      39.1128286624883
  400.0      43.6321731534768
  500.0      45.4279237576833
  600.0      46.7404011353664
  700.0      47.4910933229607
  800.0      48.0229450110739
  900.0      48.3872073443721
 1000.0      48.6547797125260
 1100.0      48.8543139898872
 1200.0      49.0077797926504
 1300.0      49.1277441084803
 1400.0      49.2237806122736
 1500.0      49.3012876206471
 1600.0      49.3653807390330
 1700.0      49.4179282510712
 1800.0      49.4631243114540
 1900.0      49.5003112396571
 2000.0      49.5332428775703
 2100.0      49.5605264325746
 2200.0      49.5851605156296
 2300.0      49.6064227966592
 2400.0      49.6244396221087
 2500.0      49.6412751811282
 2600.0      49.6559686788263
 2700.0      49.6689084278173
 2800.0      49.6800865675261
 2900.0      49.6914788571279
 3000.0      49.7000372072183
 3100.0      49.7092636264603
 3200.0      49.7164488203643
 3300.0      49.7239413594734
 3400.0      49.7307758370595
 3500.0      49.7361380580683
 3600.0      49.7415210013150
 3700.0      49.7471580722433
 3800.0      49.7509684703118
 3900.0      49.7562050196392
 4000.0      49.7594477194953
 4100.0      49.7630797337832
 4200.0      49.7674905393543
 4300.0      49.7692382431703
 4400.0      49.7733979625560
 4500.0      49.7753654570582
 4600.0      49.7784871112704
 4700.0      49.7818368404895
 4800.0      49.7819943963595
 4900.0      49.7855098621595
 5000.0      49.7854742728230
 5100.0      49.7960205531604
 5200.0      49.7811988587885
 5300.0      49.8029293220393
 5400.0      49.7847100334039
 5500.0      49.8026010918990
 5600.0      49.7948358407154
 5700.0      49.8007426795192
 5800.0      49.7968499245193
 5900.0      49.8067421292628
 6000.0      49.7879317392368
# P = 10.000000 (GPa)
    1.0       1.0000000000000
  100.0      14.9149754550792
  200.0      33.5636231810526
  300.0      39.1069194069220
  400.0      43.6277269294410
  500.0      45.4248155391704
  600.0      46.7379979320354
  700.0      47.4892091823930
  800.0      48.0213994679335
  900.0      48.3859100827443
 1000.0      48.6536621751424
 1100.0      48.8533319278975
 1200.0      49.0068999220705
 1300.0      49.1269466748764
 1400.0      49.2230430544830
 1500.0      49.3006023963255
 1600.0      49.3647299460831
 1700.0      49.4173164675060
 1800.0      49.4625261739049
 1900.0      49.4997427168863
 2000.0      49.5326773905504
 2100.0      49.5599823289842
 2200.0      49.5846160150743
 2300.0      49.6058788012754
 2400.0      49.6239145498818
 2500.0      49.6407425986556
 2600.0      49.6554420116422
 2700.0      49.6683867986210
 2800.0      49.6795857120938
 2900.0      49.6909591113096
 3000.0      49.6995539931289
 3100.0      49.7087692729750
 3200.0      49.7159802467966
 3300.0      49.7234730975045
 3400.0      49.7303094536496
 3500.0      49.7357002277413
 3600.0      49.7410936977614
 3700.0      49.7467369098687
 3800.0      49.7505656512831
 3900.0      49.7557953242838
 4000.0      49.7590582493128
 4100.0      49.7627076175293
 4200.0      49.7670841602827
 4300.0      49.7688852308503
 4400.0      49.7730174373409
 4500.0      49.7749977824708
 4600.0      49.7781130255406
 4700.0      49.7814443574045
 4800.0      49.7816426402237
 4900.0      49.7851421600750
 5000.0      49.7851510832052
 5100.0      49.7954513828309
 5200.0      49.7811111714250
 5300.0      49.8022547624144
 5400.0      49.7846205495827
 5500.0      49.8020183952921
 5600.0      49.7945348408823
 5700.0      49.8003028035658
 5800.0      49.7965247569243
 5900.0      49.8063330896593
 6000.0      49.7874323370337
# P = 11.000000 (GPa)
    1.0       1.0000000000000
  100.0      14.9088764420195
  200.0      33.5546412276447
  300.0      39.1013297653505
  400.0      43.6235437781342
  500.0      45.4219083969164
  600.0      46.7357649309575
  700.0      47.4874701676586
  800.0      48.0199826528419
  900.0      48.3847288519393
 1000.0      48.6526512944348
 1100.0      48.8524492576217
 1200.0      49.0061139459043
 1300.0      49.1262384729264
 1400.0      49.2223916355608
 1500.0      49.3000002929298
 1600.0      49.3641608374773
 1700.0      49.4167837934047
 1800.0      49.4620074977197
 1900.0      49.4992514889109
 2000.0      49.5321904082269
 2100.0      49.5595151158848
 2200.0      49.5841496592186
 2300.0      49.6054132999067
 2400.0      49.6234638363817
 2500.0      49.6402815183693
 2600.0      49.6549804792197
 2700.0      49.6679237022166
 2800.0      49.6791355442885
 2900.0      49.6904864685545
 3000.0      49.6991096083666
 3100.0      49.7083096159276
 3200.0      49.7155398264662
 3300.0      49.7230281285615
 3400.0      49.7298612986120
 3500.0      49.7352747985288
 3600.0      49.7406744774157
 3700.0      49.7463213447078
 3800.0      49.7501681889854
 3900.0      49.7553921287245
 4000.0      49.7586765955994
 4100.0      49.7623445562519
 4200.0      49.7666891616651
 4300.0      49.7685440094917
 4400.0      49.7726511829303
 4500.0      49.7746457339105
 4600.0      49.7777565425667
 4700.0      49.7810716479212
 4800.0      49.7813097791946
 4900.0      49.7847943601889
 5000.0      49.7848460310967
 5100.0      49.7949118699755
 5200.0      49.7810312023062
 5300.0      49.8016151595835
 5400.0      49.7845393496920
 5500.0      49.8014669607351
 5600.0      49.7942523955968
 5700.0      49.7998883897999
 5800.0      49.7962200710931
 5900.0      49.8059489910358
 6000.0      49.7869628006899
# P = 12.000000 (GPa)
    1.0       1.0000000000000
  100.0      14.9029636720392
  200.0      33.5459457496071
  300.0      39.0959356057334
  400.0      43.6195283044052
  500.0      45.4191343233550
  600.0      46.7336484000576
  700.0      47.4858333158491
  800.0      48.0186586673018
  900.0      48.3836330224875
 1000.0      48.6517202997648
 1100.0      48.8516421593914
 1200.0      49.0054002976243
 1300.0      49.1255997904126
 1400.0      49.2218079980271
 1500.0      49.2994641710369
 1600.0      49.3636570760695
 1700.0      49.4163148432843
 1800.0      49.4615532259894
 1900.0      49.4988232543122
 2000.0      49.5317677240057
 2100.0      49.5591111589384
 2200.0      49.5837478737146
 2300.0      49.6050135225072
 2400.0      49.6230778303628
 2500.0      49.6398875017541
 2600.0      49.6545859026401
 2700.0      49.6675256957461
 2800.0      49.6787445918980
 2900.0      49.6900706657142
 3000.0      49.6987135896171
 3100.0      49.7078949696965
 3200.0      49.7151379203978
 3300.0      49.7226174829646
 3400.0      49.7294431243279
 3500.0      49.7348734991306
 3600.0      49.7402746585197
 3700.0      49.7459204482137
 3800.0      49.7497806710840
 3900.0      49.7549957038976
 4000.0      49.7583003519666
 4100.0      49.7619872514109
 4200.0      49.7663015974056
 4300.0      49.7682109184528
 4400.0      49.7722949840485
 4500.0      49.7743049779542
 4600.0      49.7774130822088
 4700.0      49.7807141261716
 4800.0      49.7809924927524
 4900.0      49.7844640873513
 5000.0      49.7845576937974
 5100.0      49.7944003553989
 5200.0      49.7809582303911
 5300.0      49.8010087122630
 5400.0      49.7844656191350
 5500.0      49.8009450633999
 5600.0      49.7939871995925
 5700.0      49.7994976620408
 5800.0      49.7959342441252
 5900.0      49.8055878042064
 6000.0      49.7865206598044
# P = 13.000000 (GPa)
    1.0       1.0000000000000
  100.0      14.8971195723267
  200.0      33.5373631240127
  300.0      39.0906277550188
  400.0      43.6155966269878
  500.0      45.4164335290962
  600.0      46.7316011054808
  700.0      47.4842608638697
  800.0      48.0173959611408
  900.0      48.3825956783646
 1000.0      48.6508456694729
 1100.0      48.8508897078189
 1200.0      49.0047400349322
 1300.0      49.1250133176152
 1400.0      49.2212760257694
 1500.0      49.2989789881435
 1600.0      49.3632043279336
 1700.0      49.4158961228844
 1800.0      49.4611501575402
 1900.0      49.4984454793772
 2000.0      49.5313968927290
 2100.0      49.5587585198680
 2200.0      49.5833987540612
 2300.0      49.6046676104223
 2400.0      49.6227450854430
 2500.0      49.6395490174166
 2600.0      49.6542479575773
 2700.0      49.6671857238371
 2800.0      49.6784111226546
 2900.0      49.6897152409139
 3000.0      49.6983724956085
 3100.0      49.7075335642444
 3200.0      49.7147829513032
 3300.0      49.7222501446234
 3400.0      49.7290645187772
 3500.0      49.7345059916068
 3600.0      49.7399043972067
 3700.0      49.7455450254726
 3800.0      49.7494138229033
 3900.0      49.7546160964124
 4000.0      49.7579360333699
 4100.0      49.7616378783039
 4200.0      49.7659201607446
 4300.0      49.7678832441734
 4400.0      49.7719453689770
 4500.0      49.7739719394995
 4600.0      49.7770787774724
 4700.0      49.7803674758835
 4800.0      49.7806867260922
 4900.0      49.7841470905514
 5000.0      49.7842827969511
 5100.0      49.7939126067586
 5200.0      49.7808915728867
 5300.0      49.8004333838183
 5400.0      49.7843986418706
 5500.0      49.8004510863895
 5600.0      49.7937380937469
 5700.0      49.7991291755712
 5800.0      49.7956659614369
 5900.0      49.8052479281253
 6000.0      49.7861038900709
# P = 14.000000 (GPa)
    1.0       1.0000000000000
  100.0      14.8912407702053
  200.0      33.5287407581199
  300.0      39.0853102989568
  400.0      43.6116750627667
  500.0      45.4137534988217
  600.0      46.7295815613009
  700.0      47.4827196448979
  800.0      48.0161668248119
  900.0      48.3815931811145
 1000.0      48.6500067474265
 1100.0      48.8501735283386
 1200.0      49.0041165265144
 1300.0      49.1244638588095
 1400.0      49.2207815733113
 1500.0      49.2985315437866
 1600.0      49.3627900173535
 1700.0      49.4155157963211
 1800.0      49.4607867169569
 1900.0      49.4981071776247
 2000.0      49.5310670094354
 2100.0      49.5584467420875
 2200.0      49.5830918776897
 2300.0      49.6043651859752
 2400.0      49.6224555897013
 2500.0      49.6392558617691
 2600.0      49.6539564538746
 2700.0      49.6668935464086
 2800.0      49.6781254667022
 2900.0      49.6894116537140
 3000.0      49.6980818519387
 3100.0      49.7072256948459
 3200.0      49.7144793004270
 3300.0      49.7219328281023
 3400.0      49.7287332247896
 3500.0      49.7341801206258
 3600.0      49.7395719540571
 3700.0      49.7452038829299
 3800.0      49.7490766867100
 3900.0      49.7542632348934
 4000.0      49.7575936640851
 4100.0      49.7613059040535
 4200.0      49.7655533718320
 4300.0      49.7675649224008
 4400.0      49.7716026917055
 4500.0      49.7736445185979
 4600.0      49.7767505231052
 4700.0      49.7800281410009
 4800.0      49.7803891141074
 4900.0      49.7838396276544
 5000.0      49.7840178864848
 5100.0      49.7934421551157
 5200.0      49.7808304769340
 5300.0      49.7998834506879
 5400.0      49.7843377376021
 5500.0      49.7999829564387
 5600.0      49.7935039806427
 5700.0      49.7987815842813
 5800.0      49.7954140390227
 5900.0      49.8049280034842
 6000.0      49.7857109250718
# P = 15.000000 (GPa)
    1.0       1.0000000000000
  100.0      14.8852372648305
  200.0      33.5199451382175
  300.0      39.0798990894517
  400.0      43.6076989710032
  500.0      45.4110481628434
  600.0      46.7275533710703
  700.0      47.4811805591099
  800.0      48.0149469451393
  900.0      48.3806047885976
 1000.0      48.6491854078740
 1100.0      48.8494774972831
 1200.0      49.0035151788043
 1300.0      49.1239380808745
 1400.0      49.2203122301336
 1500.0      49.2981102579672
 1600.0      49.3624031140118
 1700.0      49.4151634841587
 1800.0      49.4604527554059
 1900.0      49.4977987190023
 2000.0      49.5307685182401
 2100.0      49.5581666654985
 2200.0      49.5828181175101
 2300.0      49.6040971648773
 2400.0      49.6222005826778
 2500.0      49.6389991106944
 2600.0      49.6537024834748
 2700.0      49.6666402134215
 2800.0      49.6778788660211
 2900.0      49.6891506000663
 3000.0      49.6978328086120
 3100.0      49.7069627063596
 3200.0      49.7142206356249
 3300.0      49.7216630151758
 3400.0      49.7284511631392
 3500.0      49.7339008652625
 3600.0      49.7392837901400
 3700.0      49.7449041461868
 3800.0      49.7487765937933
 3900.0      49.7539451846802
 4000.0      49.7572814546567
 4100.0      49.7609997234570
 4200.0      49.7652111222118
 4300.0      49.7672647489463
 4400.0      49.7712757281031
 4500.0      49.7733285567986
 4600.0      49.7764304898425
 4700.0      49.7796950417106
 4800.0      49.7800971945739
 4900.0      49.7835386221063
 5000.0      49.7837601108292
 5100.0      49.7929835357921
 5200.0      49.7807742599835
 5300.0      49.7993515936887
 5400.0      49.7842822137164
 5500.0      49.7995352862069
 5600.0      49.7932828327793
 5700.0      49.7984529625389
 5800.0      49.7951772927552
 5900.0      49.8046267642398
 6000.0      49.7853403236235
# P = 16.000000 (GPa)
    1.0       1.0000000000000
  100.0      14.8790723839480
  200.0      33.5109105154142
  300.0      39.0743403769719
  400.0      43.6036183821737
  500.0      45.4082783979625
  600.0      46.7254847122135
  700.0      47.4796181090637
  800.0      48.0137150154024
  900.0      48.3796123208839
 1000.0      48.6483657620797
 1100.0      48.8487874795842
 1200.0      49.0029231971791
 1300.0      49.1234242938529
 1400.0      49.2198571151197
 1500.0      49.2977049780814
 1600.0      49.3620339478471
 1700.0      49.4148300878548
 1800.0      49.4601393776371
 1900.0      49.4975116644103
 2000.0      49.5304930466787
 2100.0      49.5579102663298
 2200.0      49.5825694807951
 2300.0      49.6038555943090
 2400.0      49.6219723976446
 2500.0      49.6387709571044
 2600.0      49.6534782565477
 2700.0      49.6664179018271
 2800.0      49.6776636690091
 2900.0      49.6889239554523
 3000.0      49.6976176026101
 3100.0      49.7067364009183
 3200.0      49.7139989008380
 3300.0      49.7214324919624
 3400.0      49.7282108796969
 3500.0      49.7336635934042
 3600.0      49.7390391728211
 3700.0      49.7446488721337
 3800.0      49.7485187650623
 3900.0      49.7536683908198
 4000.0      49.7570060398894
 4100.0      49.7607261333555
 4200.0      49.7649014382363
 4300.0      49.7669900784412
 4400.0      49.7709730038496
 4500.0      49.7730327418502
 4600.0      49.7761274250954
 4700.0      49.7793757880500
 4800.0      49.7798146197203
 4900.0      49.7832444907930
 5000.0      49.7835078302860
 5100.0      49.7925324105529
 5200.0      49.7807223323568
 5300.0      49.7988317665581
 5400.0      49.7842314578033
 5500.0      49.7991022140263
 5600.0      49.7930717198615
 5700.0      49.7981391521802
 5800.0      49.7949533176146
 5900.0      49.8043421056378
 6000.0      49.7849903880762
# P = 17.000000 (GPa)
    1.0       1.0000000000000
  100.0      14.8727767432152
  200.0      33.5016780144760
  300.0      39.0686527857940
  400.0      43.5994363777891
  500.0      45.4054351080630
  600.0      46.7233590797066
  700.0      47.4780135267188
  800.0      48.0124530972199
  900.0      48.3785999025436
 1000.0      48.6475339008244
 1100.0      48.8480910987096
 1200.0      49.0023293769153
 1300.0      49.1229122590316
 1400.0      49.2194066970137
 1500.0      49.2973068104108
 1600.0      49.3616740475709
 1700.0      49.4145076368803
 1800.0      49.4598387914690
 1900.0      49.4972386218766
 2000.0      49.5302332619219
 2100.0      49.5576705182324
 2200.0      49.5823389696496
 2300.0      49.6036335128331
 2400.0      49.6217643253532
 2500.0      49.6385645708990
 2600.0      49.6532769602915
 2700.0      49.6662197721935
 2800.0      49.6774731888180
 2900.0      49.6887246227789
 3000.0      49.6974294557838
 3100.0      49.7065396243062
 3200.0      49.7138070693393
 3300.0      49.7212339494884
 3400.0      49.7280047620498
 3500.0      49.7334608101113
 3600.0      49.7388307842424
 3700.0      49.7444319937559
 3800.0      49.7483002205489
 3900.0      49.7534336252407
 4000.0      49.7567711929698
 4100.0      49.7604903017702
 4200.0      49.7646307771805
 4300.0      49.7667468450681
 4400.0      49.7707014129295
 4500.0      49.7727641484814
 4600.0      49.7758489955481
 4700.0      49.7790789953420
 4800.0      49.7795491921595
 4900.0      49.7829648518640
 5000.0      49.7832655830719
 5100.0      49.7920922697749
 5200.0      49.7806743470599
 5300.0      49.7983196812159
 5400.0      49.7841849380094
 5500.0      49.7986789338015
 5600.0      49.7928681488685
 5700.0      49.7978361529540
 5800.0      49.7947391310073
 5900.0      49.8040702259071
 6000.0      49.7846570597373
# P = 18.000000 (GPa)
    1.0       1.0000000000000
  100.0      14.8663830274683
  200.0      33.4922959681871
  300.0      39.0628666946484
  400.0      43.5951760417158
  500.0      45.4025336967507
  600.0      46.7211859138240
  700.0      47.4763696473583
  800.0      48.0111576932751
  900.0      48.3775594260766
 1000.0      48.6466795259592
 1100.0      48.8473778925542
 1200.0      49.0017239332114
 1300.0      49.1223930206940
 1400.0      49.2189526371887
 1500.0      49.2969079727433
 1600.0      49.3613159995589
 1700.0      49.4141891552264
 1800.0      49.4595441765914
 1900.0      49.4969731212355
 2000.0      49.5299827457140
 2100.0      49.5574412715553
 2200.0      49.5821204598960
 2300.0      49.6034248289537
 2400.0      49.6215704959761
 2500.0      49.6383739777045
 2600.0      49.6530926369288
 2700.0      49.6660398451042
 2800.0      49.6773015812371
 2900.0      49.6885464014653
 3000.0      49.6972624484511
 3100.0      49.7063661310519
 3200.0      49.7136390097279
 3300.0      49.7210610132556
 3400.0      49.7278261745622
 3500.0      49.7332859759361
 3600.0      49.7386519042156
 3700.0      49.7442465298543
 3800.0      49.7481140085528
 3900.0      49.7532341630940
 4000.0      49.7565722175894
 4100.0      49.7602907885794
 4200.0      49.7644012239103
 4300.0      49.7665390036126
 4400.0      49.7704663790315
 4500.0      49.7725284655163
 4600.0      49.7756013798330
 4700.0      49.7788116222382
 4800.0      49.7793073827665
 4900.0      49.7827069825758
 5000.0      49.7830399138126
 5100.0      49.7916757254817
 5200.0      49.7806306973398
 5300.0      49.7978226943697
 5400.0      49.7841424236841
 5500.0      49.7982628816758
 5600.0      49.7926701335022
 5700.0      49.7975406810311
 5800.0      49.7945322502460
 5900.0      49.8038077365429
 6000.0      49.7843358724369
# P = 19.000000 (GPa)
    1.0       1.0000000000000
  100.0      14.8599206028759
  200.0      33.4828077939092
  300.0      39.0570093869935
  400.0      43.5908581846963
  500.0      45.3995888944379
  600.0      46.7189767499303
  700.0      47.4746956044755
  800.0      48.0098360043539
  900.0      48.3764956421185
 1000.0      48.6458040658230
 1100.0      48.8466455687893
 1200.0      49.0011015968059
 1300.0      49.1218597892330
 1400.0      49.2184878341523
 1500.0      49.2965016688579
 1600.0      49.3609533244309
 1700.0      49.4138685447449
 1800.0      49.4592495699069
 1900.0      49.4967095048851
 2000.0      49.5297358853141
 2100.0      49.5572171482466
 2200.0      49.5819085957035
 2300.0      49.6032242156199
 2400.0      49.6213857766939
 2500.0      49.6381939538757
 2600.0      49.6529200780755
 2700.0      49.6658728942357
 2800.0      49.6771437392810
 2900.0      49.6883838745106
 3000.0      49.6971114105746
 3100.0      49.7062104684163
 3200.0      49.7134893708175
 3300.0      49.7209081221895
 3400.0      49.7276693309376
 3500.0      49.7331333911894
 3600.0      49.7384966785644
 3700.0      49.7440864022590
 3800.0      49.7479540181902
 3900.0      49.7530634703424
 4000.0      49.7564026054167
 4100.0      49.7601212908733
 4200.0      49.7642067016347
 4300.0      49.7663633823482
 4400.0      49.7702677762748
 4500.0      49.7723284655430
 4600.0      49.7753890963804
 4700.0      49.7785792213536
 4800.0      49.7790943859481
 4900.0      49.7824767390860
 5000.0      49.7828361171631
 5100.0      49.7912937117739
 5200.0      49.7805918631575
 5300.0      49.7973554732869
 5400.0      49.7841042380816
 5500.0      49.7978624379251
 5600.0      49.7924790671284
 5700.0      49.7972519492613
 5800.0      49.7943309039500
 5900.0      49.8035518676289
 6000.0      49.7840231632976
# P = 20.000000 (GPa)
    1.0       1.0000000000000
  100.0      14.8534158425285
  200.0      33.4732524787766
  300.0      39.0511053583821
  400.0      43.5865014860713
  500.0      45.3966139221753
  600.0      46.7167419379068
  700.0      47.4729995973606
  800.0      48.0084948146488
  900.0      48.3754142826648
 1000.0      48.6449124749321
 1100.0      48.8458982494292
 1200.0      49.0004651414786
 1300.0      49.1213131964998
 1400.0      49.2180104045389
 1500.0      49.2960839669540
 1600.0      49.3605809752510
 1700.0      49.4135405745354
 1800.0      49.4589497657403
 1900.0      49.4964428321859
 2000.0      49.5294877782719
 2100.0      49.5569934501254
 2200.0      49.5816986977849
 2300.0      49.6030270183527
 2400.0      49.6212056826291
 2500.0      49.6380199351713
 2600.0      49.6527547331123
 2700.0      49.6657143537059
 2800.0      49.6769952019012
 2900.0      49.6882323108781
 3000.0      49.6969718277174
 3100.0      49.7060678762748
 3200.0      49.7133534824644
 3300.0      49.7207704245426
 3400.0      49.7275291847569
 3500.0      49.7329980869113
 3600.0      49.7383600058696
 3700.0      49.7439463168936
 3800.0      49.7478149295431
 3900.0      49.7529158618737
 4000.0      49.7562566958818
 4100.0      49.7599761514862
 4200.0      49.7640407389620
 4300.0      49.7662141645065
 4400.0      49.7700995040927
 4500.0      49.7721594910884
 4600.0      49.7752100641325
 4700.0      49.7783829130180
 4800.0      49.7789133617119
 4900.0      49.7822786257674
 5000.0      49.7826584237007
 5100.0      49.7909550126619
 5200.0      49.7805582052970
 5300.0      49.7969301095507
 5400.0      49.7840706908581
 5500.0      49.7974891605744
 5600.0      49.7923000125547
 5700.0      49.7969769166606
 5800.0      49.7941377481667
 5900.0      49.8033032095556
 6000.0      49.7837170392529
# P = 21.000000 (GPa)
    1.0       1.0000000000000
  100.0      14.8468924187538
  200.0      33.4636650140500
  300.0      39.0451765930437
  400.0      43.5821227092783
  500.0      45.3936206416309
  600.0      46.7144907610017
  700.0      47.4712889787478
  800.0      48.0071402074116
  900.0      48.3743204861402
 1000.0      48.6440091981518
 1100.0      48.8451398481237
 1200.0      48.9998180735895
 1300.0      49.1207564057911
 1400.0      49.2175230512479
 1500.0      49.2956566247629
 1600.0      49.3601991259572
 1700.0      49.4132035703563
 1800.0      49.4586415279094
 1900.0      49.4961691569654
 2000.0      49.5292341952512
 2100.0      49.5567660787406
 2200.0      49.5814866832175
 2300.0      49.6028291750969
 2400.0      49.6210262992198
 2500.0      49.6378479373956
 2600.0      49.6525926294931
 2700.0      49.6655602375903
 2800.0      49.6768520748145
 2900.0      49.6880875808804
 3000.0      49.6968397596995
 3100.0      49.7059342006773
 3200.0      49.7132272699783
 3300.0      49.7206436881576
 3400.0      49.7274013352358
 3500.0      49.7328757311793
 3600.0      49.7382374402548
 3700.0      49.7438216617767
 3800.0      49.7476921100232
 3900.0      49.7527863894111
 4000.0      49.7561295644535
 4100.0      49.7598504514828
 4200.0      49.7638977123372
 4300.0      49.7660862776665
 4400.0      49.7699558579943
 4500.0      49.7720158233478
 4600.0      49.7750583516760
 4700.0      49.7782170031174
 4800.0      49.7787608742479
 4900.0      49.7821118238783
 5000.0      49.7825084539765
 5100.0      49.7906657509606
 5200.0      49.7805299805196
 5300.0      49.7965562884945
 5400.0      49.7840420036518
 5500.0      49.7971523704763
 5600.0      49.7921373016264
 5700.0      49.7967230785772
 5800.0      49.7939580072016
 5900.0      49.8030684045243
 6000.0      49.7834237646654
# P = 22.000000 (GPa)
    1.0       1.0000000000000
  100.0      14.8403715710688
  200.0      33.4540767946916
  300.0      39.0392428157702
  400.0      43.5777368887939
  500.0      45.3906196887123
  600.0      46.7122315417863
  700.0      47.4695703403841
  800.0      48.0057776354634
  900.0      48.3732188572995
 1000.0      48.6430982178825
 1100.0      48.8443738710240
 1200.0      48.9991635335366
 1300.0      49.1201922564202
 1400.0      49.2170283891160
 1500.0      49.2952220569204
 1600.0      49.3598100390707
 1700.0      49.4128594353736
 1800.0      49.4583260384250
 1900.0      49.4958883635059
 2000.0      49.5289735364550
 2100.0      49.5565323150932
 2200.0      49.5812692202061
 2300.0      49.6026271677052
 2400.0      49.6208442144423
 2500.0      49.6376744870610
 2600.0      49.6524303033143
 2700.0      49.6654070698842
 2800.0      49.6767109616546
 2900.0      49.6879460827304
 3000.0      49.6967117700447
 3100.0      49.7058058188560
 3200.0      49.7131071800455
 3300.0      49.7205242228856
 3400.0      49.7272819458786
 3500.0      49.7327625483047
 3600.0      49.7381251076732
 3700.0      49.7437084193285
 3800.0      49.7475815253704
 3900.0      49.7526707454324
 4000.0      49.7560169259892
 4100.0      49.7597399124953
 4200.0      49.7637727329952
 4300.0      49.7659753143717
 4400.0      49.7698318841962
 4500.0      49.7718924990293
 4600.0      49.7749287221942
 4700.0      49.7780757834761
 4800.0      49.7786316785395
 4900.0      49.7819708875908
 5000.0      49.7823822268945
 5100.0      49.7904220958143
 5200.0      49.7805069627735
 5300.0      49.7962393296540
 5400.0      49.7840182986987
 5500.0      49.7968594897850
 5600.0      49.7919943820257
 5700.0      49.7964964318065
 5800.0      49.7937959396117
 5900.0      49.8028535901386
 6000.0      49.7831517107177
# P = 23.000000 (GPa)
    1.0       1.0000000000000
  100.0      14.8338723437815
  200.0      33.4445159673615
  300.0      39.0333217067957
  400.0      43.5733574970372
  500.0      45.3876205937478
  600.0      46.7099717384163
  700.0      47.4678495891118
  800.0      48.0044119835881
  900.0      48.3721135205457
 1000.0      48.6421831009289
 1100.0      48.8436034580336
 1200.0      48.9985043329661
 1300.0      49.1196232899241
 1400.0      49.2165287584994
 1500.0      49.2947824240282
 1600.0      49.3594157501651
 1700.0      49.4125100647843
 1800.0      49.4580051299893
 1900.0      49.4956021519876
 2000.0      49.5287072567261
 2100.0      49.5562929370983
 2200.0      49.5810459912852
 2300.0      49.6024194595927
 2400.0      49.6206570353734
 2500.0      49.6374966999110
 2600.0      49.6522647475923
 2700.0      49.6652518234394
 2800.0      49.6765689040472
 2900.0      49.6878046786326
 3000.0      49.6965848646203
 3100.0      49.7056795742006
 3200.0      49.7129901164960
 3300.0      49.7204088134229
 3400.0      49.7271676741033
 3500.0      49.7326552490226
 3600.0      49.7380196336888
 3700.0      49.7436030907821
 3800.0      49.7474796630814
 3900.0      49.7525651806065
 4000.0      49.7559150517476
 4100.0      49.7596408129755
 4200.0      49.7636615502146
 4300.0      49.7658774439107
 4400.0      49.7697232792897
 4500.0      49.7717852086478
 4600.0      49.7748166312438
 4700.0      49.7779543036336
 4800.0      49.7785212235356
 4900.0      49.7818508705518
 5000.0      49.7822753011129
 5100.0      49.7902156936486
 5200.0      49.7804883041164
 5300.0      49.7959722473559
 5400.0      49.7839991588989
 5500.0      49.7966126818883
 5600.0      49.7918734482752
 5700.0      49.7963016224200
 5800.0      49.7936549219422
 5900.0      49.8026636558275
 6000.0      49.7829075848945
# P = 24.000000 (GPa)
    1.0       1.0000000000000
  100.0      14.8274117893897
  200.0      33.4350077335016
  300.0      39.0274290965375
  400.0      43.5689965971300
  500.0      45.3846318926931
  600.0      46.7077180300356
  700.0      47.4661320130562
  800.0      48.0030476244592
  900.0      48.3710081682423
 1000.0      48.6412670405666
 1100.0      48.8428314193447
 1200.0      48.9978429879006
 1300.0      49.1190517805544
 1400.0      49.2160262533257
 1500.0      49.2943396586855
 1600.0      49.3590180796224
 1700.0      49.4121571532588
 1800.0      49.4576804408905
 1900.0      49.4953120601242
 2000.0      49.5284368645892
 2100.0      49.5560493750662
 2200.0      49.5808183744456
 2300.0      49.6022071813947
 2400.0      49.6204652635871
 2500.0      49.6373141097681
 2600.0      49.6520944773793
 2700.0      49.6650922749712
 2800.0      49.6764234118795
 2900.0      49.6876606421151
 3000.0      49.6964564382679
 3100.0      49.7055527196748
 3200.0      49.7128733845028
 3300.0      49.7202946610111
 3400.0      49.7270556102372
 3500.0      49.7325509700633
 3600.0      49.7379180810123
 3700.0      49.7435026309290
 3800.0      49.7473834663446
 3900.0      49.7524664326215
 4000.0      49.7558206980110
 4100.0      49.7595499162526
 4200.0      49.7635604683157
 4300.0      49.7657893367561
 4400.0      49.7696263044058
 4500.0      49.7716902095855
 4600.0      49.7747181339911
 4700.0      49.7778482685448
 4800.0      49.7784255626570
 4900.0      49.7817474860140
 5000.0      49.7821838296781
 5100.0      49.7900392526969
 5200.0      49.7804732129968
 5300.0      49.7957456687357
 5400.0      49.7839837998147
 5500.0      49.7964048094272
 5600.0      49.7917723141970
 5700.0      49.7961382764424
 5800.0      49.7935364367309
 5900.0      49.8025020866804
 6000.0      49.7826966733258
# P = 25.000000 (GPa)
    1.0       1.0000000000000
  100.0      14.8210051593578
  200.0      33.4255746352106
  300.0      39.0215791503612
  400.0      43.5646649848502
  500.0      45.3816612223519
  600.0      46.7054763903625
  700.0      47.4644223417547
  800.0      48.0016884700138
  900.0      48.3699061040010
 1000.0      48.6403528929161
 1100.0      48.8420602681957
 1200.0      48.9971817486863
 1300.0      49.1184797624224
 1400.0      49.2155227458814
 1500.0      49.2938954886463
 1600.0      49.3586186547943
 1700.0      49.4118022155285
 1800.0      49.4573534351002
 1900.0      49.4950194617267
 2000.0      49.5281637076091
 2100.0      49.5558029063076
 2200.0      49.5805876276773
 2300.0      49.6019915707228
 2400.0      49.6202700789724
 2500.0      49.6371278602048
 2600.0      49.6519203817579
 2700.0      49.6649287255980
 2800.0      49.6762739187992
 2900.0      49.6875124784205
 3000.0      49.6963245039533
 3100.0      49.7054229194277
 3200.0      49.7127546426238
 3300.0      49.7201793327235
 3400.0      49.7269432245257
 3500.0      49.7324472216959
 3600.0      49.7378178953595
 3700.0      49.7434043916041
 3800.0      49.7472902769157
 3900.0      49.7523716647595
 4000.0      49.7557310444912
 4100.0      49.7594644085980
 4200.0      49.7634662752307
 4300.0      49.7657080996531
 4400.0      49.7695377115815
 4500.0      49.7716042516265
 4600.0      49.7746298058655
 4700.0      49.7777539512171
 4800.0      49.7783412726013
 4900.0      49.7816570175513
 5000.0      49.7821044789668
 5100.0      49.7898864591144
 5200.0      49.7804610029525
 5300.0      49.7955514877756
 5400.0      49.7839715282475
 5500.0      49.7962284254809
 5600.0      49.7916873004751
 5700.0      49.7960009168318
 5800.0      49.7934373575390
 5900.0      49.8023669509532
 6000.0      49.7825198117938
# P = 26.000000 (GPa)
    1.0       1.0000000000000
  100.0      14.8146660864761
  200.0      33.4162368227269
  300.0      39.0157845287311
  400.0      43.5603723038898
  500.0      45.3787154038860
  600.0      46.7032521560053
  700.0      47.4627248028245
  800.0      48.0003380169877
  900.0      48.3688102796967
 1000.0      48.6394432098843
 1100.0      48.8412922508114
 1200.0      48.9965226267312
 1300.0      49.1179090531196
 1400.0      49.2150199089791
 1500.0      49.2934514577461
 1600.0      49.3582189297257
 1700.0      49.4114466046630
 1800.0      49.4570254201145
 1900.0      49.4947255837464
 2000.0      49.5278889890072
 2100.0      49.5555546710784
 2200.0      49.5803548737249
 2300.0      49.6017737319508
 2400.0      49.6200725341888
 2500.0      49.6369390106003
 2600.0      49.6517435056329
 2700.0      49.6647622115745
 2800.0      49.6761213686578
 2900.0      49.6873609141095
 3000.0      49.6961891877186
 3100.0      49.7052894912111
 3200.0      49.7126324884953
 3300.0      49.7200609152912
 3400.0      49.7268283502881
 3500.0      49.7323418421743
 3600.0      49.7377168584420
 3700.0      49.7433060726614
 3800.0      49.7471977856175
 3900.0      49.7522784127328
 4000.0      49.7556436411175
 4100.0      49.7593818457027
 4200.0      49.7633761809592
 4300.0      49.7656312197266
 4400.0      49.7694546804214
 4500.0      49.7715245130151
 4600.0      49.7745486745314
 4700.0      49.7776681178878
 4800.0      49.7782653839471
 4900.0      49.7815762428398
 5000.0      49.7820343595840
 5100.0      49.7897518442237
 5200.0      49.7804510783313
 5300.0      49.7953826913484
 5400.0      49.7839617432663
 5500.0      49.7960770948791
 5600.0      49.7916152191774
 5700.0      49.7958844906660
 5800.0      49.7933540024436
 5900.0      49.8022533694537
 6000.0      49.7823713820391
# P = 27.000000 (GPa)
    1.0       1.0000000000000
  100.0      14.8084067261188
  200.0      33.4070122618106
  300.0      39.0100565201073
  400.0      43.5561271535841
  500.0      45.3758005239325
  600.0      46.7010500917195
  700.0      47.4610431697015
  800.0      47.9989993854149
  900.0      48.3677233294947
 1000.0      48.6385402700221
 1100.0      48.8405293729344
 1200.0      48.9958674175506
 1300.0      49.1173412750541
 1400.0      49.2145192361816
 1500.0      49.2930089444915
 1600.0      49.3578202024029
 1700.0      49.4110915283867
 1800.0      49.4566975630620
 1900.0      49.4944315213345
 2000.0      49.5276137824905
 2100.0      49.5553056867302
 2200.0      49.5801211142886
 2300.0      49.6015546501552
 2400.0      49.6198735679746
 2500.0      49.6367485054546
 2600.0      49.6515647804444
 2700.0      49.6645936571481
 2800.0      49.6759666546256
 2900.0      49.6872068861996
 3000.0      49.6960513709769
 3100.0      49.7051532775193
 3200.0      49.7125074687371
 3300.0      49.7199393958740
 3400.0      49.7267102183567
 3500.0      49.7322334372555
 3600.0      49.7376131826488
 3700.0      49.7432056946505
 3800.0      49.7471039893738
 3900.0      49.7521845385563
 4000.0      49.7555563619264
 4100.0      49.7593001064152
 4200.0      49.7632877643498
 4300.0      49.7655565162381
 4400.0      49.7693747635373
 4500.0      49.7714485454105
 4600.0      49.7744721613866
 4700.0      49.7775879637881
 4800.0      49.7781953216447
 4900.0      49.7815023684100
 5000.0      49.7819709672949
 5100.0      49.7896306712227
 5200.0      49.7804429221117
 5300.0      49.7952332104781
 5400.0      49.7839539236485
 5500.0      49.7959452543494
 5600.0      49.7915533150100
 5700.0      49.7957846344413
 5800.0      49.7932831934529
 5900.0      49.8021570711929
 6000.0      49.7822458574028
# P = 28.000000 (GPa)
    1.0       1.0000000000000
  100.0      14.8022378929678
  200.0      33.3979169413381
  300.0      39.0044051783901
  400.0      43.5519371978748
  500.0      45.3729220071879
  600.0      46.6988744414864
  700.0      47.4593808030084
  800.0      47.9976753553047
  900.0      48.3666476024920
 1000.0      48.6376461050793
 1100.0      48.8397734224506
 1200.0      48.9952177217775
 1300.0      49.1167778753030
 1400.0      49.2140220597923
 1500.0      49.2925691781814
 1600.0      49.3574236302517
 1700.0      49.4107380639232
 1800.0      49.4563709049775
 1900.0      49.4941382510972
 2000.0      49.5273390454414
 2100.0      49.5550568604775
 2200.0      49.5798872425114
 2300.0      49.6013352034563
 2400.0      49.6196740170088
 2500.0      49.6365571865533
 2600.0      49.6513850361372
 2700.0      49.6644238856526
 2800.0      49.6758105721891
 2900.0      49.6870512290512
 3000.0      49.6959118410098
 3100.0      49.7050150994229
 3200.0      49.7123803798709
 3300.0      49.7198155859462
 3400.0      49.7265895672974
 3500.0      49.7321224316087
 3600.0      49.7375067333289
 3700.0      49.7431024346835
 3800.0      49.7470075150220
 3900.0      49.7520882860269
 4000.0      49.7554673722390
 4100.0      49.7592173525997
 4200.0      49.7631989270310
 4300.0      49.7654820988535
 4400.0      49.7692958393802
 4500.0      49.7713742263816
 4600.0      49.7743980311741
 4700.0      49.7775110578642
 4800.0      49.7781288538728
 4900.0      49.7814329736449
 5000.0      49.7819121323911
 5100.0      49.7895188382365
 5200.0      49.7804360854866
 5300.0      49.7950977934132
 5400.0      49.7839476171709
 5500.0      49.7958280935226
 5600.0      49.7914992058911
 5700.0      49.7956975785460
 5800.0      49.7932221861434
 5900.0      49.8020743706888
 6000.0      49.7821384724840
# P = 29.000000 (GPa)
    1.0       1.0000000000000
  100.0      14.7961692030242
  200.0      33.3889650797825
  300.0      38.9988394437428
  400.0      43.5478092468870
  500.0      45.3700846725855
  600.0      46.6967289767410
  700.0      47.4577406924561
  800.0      47.9963684017118
  900.0      48.3655851891276
 1000.0      48.6367625226209
 1100.0      48.8390259906067
 1200.0      48.9945749651347
 1300.0      49.1162201428586
 1400.0      49.2135295661711
 1500.0      49.2921332535476
 1600.0      49.3570302444667
 1700.0      49.4103871711519
 1800.0      49.4560463732255
 1900.0      49.4938466429812
 2000.0      49.5270656308549
 2100.0      49.5548090006412
 2200.0      49.5796540539989
 2300.0      49.6011161739894
 2400.0      49.6194746265889
 2500.0      49.6363658036323
 2600.0      49.6512050117502
 2700.0      49.6642536301322
 2800.0      49.6756538295545
 2900.0      49.6868946852974
 3000.0      49.6957712983736
 3100.0      49.7048756873976
 3200.0      49.7122519303541
 3300.0      49.7196902133732
 3400.0      49.7264671457839
 3500.0      49.7320095538441
 3600.0      49.7373982369172
 3700.0      49.7429969243373
 3800.0      49.7469086730411
 3900.0      49.7519894056276
 4000.0      49.7553758027833
 4100.0      49.7591322602787
 4200.0      49.7631079197638
 4300.0      49.7654063341768
 4400.0      49.7692160714266
 4500.0      49.7712997183333
 4600.0      49.7743243484422
 4700.0      49.7774352951036
 4800.0      49.7780640479733
 4900.0      49.7813659626033
 5000.0      49.7818559761884
 5100.0      49.7894127951330
 5200.0      49.7804301789352
 5300.0      49.7949718970480
 5400.0      49.7839424314583
 5500.0      49.7957214534480
 5600.0      49.7914508323065
 5700.0      49.7956200659989
 5800.0      49.7931686099293
 5900.0      49.8020020866070
 6000.0      49.7820451164729
# P = 30.000000 (GPa)
    1.0       1.0000000000000
  100.0      14.7902091678989
  200.0      33.3801692633114
  300.0      38.9933672317395
  400.0      43.5437493328739
  500.0      45.3672927944789
  600.0      46.6946170468309
  700.0      47.4561254929417
  800.0      47.9950807209910
  900.0      48.3645379446840
 1000.0      48.6358911284966
 1100.0      48.8382884924006
 1200.0      48.9939404150412
 1300.0      49.1156692232607
 1400.0      49.2130428099871
 1500.0      49.2917021445775
 1600.0      49.3566409625819
 1700.0      49.4100397038852
 1800.0      49.4557247927471
 1900.0      49.4935574712189
 2000.0      49.5267942979560
 2100.0      49.5545628264998
 2200.0      49.5794222566809
 2300.0      49.6008982578792
 2400.0      49.6192760600376
 2500.0      49.6361750238113
 2600.0      49.6510253648233
 2700.0      49.6640835428457
 2800.0      49.6754970567645
 2900.0      49.6867379154967
 3000.0      49.6956303661149
 3100.0      49.7047356910572
 3200.0      49.7121227500514
 3300.0      49.7195639251196
 3400.0      49.7263436191577
 3500.0      49.7318954512990
 3600.0      49.7372883502361
 3700.0      49.7428898376615
 3800.0      49.7468081323086
 3900.0      49.7518885822383
 4000.0      49.7552821939441
 4100.0      49.7590450308074
 4200.0      49.7630143799493
 4300.0      49.7653283587055
 4400.0      49.7691340829488
 4500.0      49.7712234723537
 4600.0      49.7742494407068
 4700.0      49.7773588553055
 4800.0      49.7779992324148
 4900.0      49.7812995224743
 5000.0      49.7818008735640
 5100.0      49.7893094719750
 5200.0      49.7804248645484
 5300.0      49.7948515937784
 5400.0      49.7839380261368
 5500.0      49.7956217398144
 5600.0      49.7914064140837
 5700.0      49.7955492831865
 5800.0      49.7931204172058
 5900.0      49.8019374726058
 6000.0      49.7819622426521
# P = 31.000000 (GPa)
    1.0       1.0000000000000
  100.0      14.7843653011354
  200.0      33.3715406090432
  300.0      38.9879955433350
  400.0      43.5397627961935
  500.0      45.3645501569045
  600.0      46.6925416142714
  700.0      47.4545375523382
  800.0      47.9938142574294
  900.0      48.3635075141504
 1000.0      48.6350333471496
 1100.0      48.8375621821855
 1200.0      48.9933151950315
 1300.0      49.1151261328988
 1400.0      49.2125627279408
 1500.0      49.2912767161434
 1600.0      49.3562565991019
 1700.0      49.4096964202969
 1800.0      49.4554068966239
 1900.0      49.4932714238992
 2000.0      49.5265257213004
 2100.0      49.5543189771855
 2200.0      49.5791924798753
 2300.0      49.6006820739825
 2400.0      49.6190789069402
 2500.0      49.6359854400279
 2600.0      49.6508466799328
 2700.0      49.6639142036280
 2800.0      49.6753408138194
 2900.0      49.6865815067059
 3000.0      49.6954895979993
 3100.0      49.7045956876597
 3200.0      49.7119933985904
 3300.0      49.7194372959249
 3400.0      49.7262195784228
 3500.0      49.7317806988425
 3600.0      49.7371776564385
 3700.0      49.7427817730163
 3800.0      49.7467064864076
 3900.0      49.7517864431655
 4000.0      49.7551871622369
 4100.0      49.7589562722854
 4200.0      49.7629189612222
 4300.0      49.7652486084042
 4400.0      49.7690499862592
 4500.0      49.7711450681582
 4600.0      49.7741723391013
 4700.0      49.7772803293950
 4800.0      49.7779329869813
 4900.0      49.7812320877814
 5000.0      49.7817454206123
 5100.0      49.7892062173576
 5200.0      49.7804198494171
 5300.0      49.7947334914438
 5400.0      49.7839341060908
 5500.0      49.7955258485007
 5600.0      49.7913644133526
 5700.0      49.7954828006288
 5800.0      49.7930758399125
 5900.0      49.8018781584099
 6000.0      49.7818867913578
# P = 32.000000 (GPa)
    1.0       1.0000000000000
  100.0      14.7786437513035
  200.0      33.3630883736329
  300.0      38.9827303983452
  400.0      43.5358543206866
  500.0      45.3618600909716
  600.0      46.6905052901329
  700.0      47.4529789444018
  800.0      47.9925707303069
  900.0      48.3624953512641
 1000.0      48.6341904367323
 1100.0      48.8368481687056
 1200.0      48.9927002998333
 1300.0      49.1145917722652
 1400.0      49.2120901494535
 1500.0      49.2908577340189
 1600.0      49.3558778757586
 1700.0      49.4093579929200
 1800.0      49.4550933350306
 1900.0      49.4929891111434
 2000.0      49.5262604991564
 2100.0      49.5540780199900
 2200.0      49.5789652822164
 2300.0      49.6004681715074
 2400.0      49.6188836905714
 2500.0      49.6357975787760
 2600.0      49.6506694761598
 2700.0      49.6637461272626
 2800.0      49.6751855978939
 2900.0      49.6864259802492
 3000.0      49.6953494857245
 3100.0      49.7044561896961
 3200.0      49.7118643727587
 3300.0      49.7193108360431
 3400.0      49.7260955481693
 3500.0      49.7316658066525
 3600.0      49.7370666729809
 3700.0      49.7426732612883
 3800.0      49.7466042618573
 3900.0      49.7516835447369
 4000.0      49.7550912542945
 4100.0      49.7588665239478
 4200.0      49.7628222737335
 4300.0      49.7651676254257
 4400.0      49.7689643832313
 4500.0      49.7710650568658
 4600.0      49.7740934400315
 4700.0      49.7771997364574
 4800.0      49.7778648380412
 4900.0      49.7811626790605
 5000.0      49.7816885016811
 5100.0      49.7891007672799
 5200.0      49.7804148799220
 5300.0      49.7946146643293
 5400.0      49.7839304156558
 5500.0      49.7954311016445
 5600.0      49.7913235027708
 5700.0      49.7954185222300
 5800.0      49.7930333523700
 5900.0      49.8018220994275
 6000.0      49.7818161242555
# P = 33.000000 (GPa)
    1.0       1.0000000000000
  100.0      14.7730430734420
  200.0      33.3548111963820
  300.0      38.9775721811145
  400.0      43.5320254693087
  500.0      45.3592245798173
  600.0      46.6885100871137
  700.0      47.4514514420842
  800.0      47.9913516492241
  900.0      48.3615027348781
 1000.0      48.6333635063436
 1100.0      48.8361474309668
 1200.0      48.9920966075107
 1300.0      49.1140669357625
 1400.0      49.2116258066521
 1500.0      49.2904458751992
 1600.0      49.3555054311624
 1700.0      49.4090250165455
 1800.0      49.4547846829206
 1900.0      49.4927110728996
 2000.0      49.5259991615268
 2100.0      49.5538404574167
 2200.0      49.5787411584262
 2300.0      49.6002570369723
 2400.0      49.6186908748195
 2500.0      49.6356119068171
 2600.0      49.6504942136092
 2700.0      49.6635797700926
 2800.0      49.6750318498964
 2900.0      49.6862717984700
 3000.0      49.6952104653069
 3100.0      49.7043176516359
 3200.0      49.7117361131933
 3300.0      49.7191849979910
 3400.0      49.7259719935902
 3500.0      49.7315512271051
 3600.0      49.7369558587151
 3700.0      49.7425647731596
 3800.0      49.7465019253750
 3900.0      49.7515803800467
 4000.0      49.7549949545325
 4100.0      49.7587762635373
 4200.0      49.7627248579774
 4300.0      49.7650858898847
 4400.0      49.7688778079106
 4500.0      49.7709839666849
 4600.0      49.7740132941639
 4700.0      49.7771176664878
 4800.0      49.7777952637175
 4900.0      49.7810916140052
 5000.0      49.7816300548013
 5100.0      49.7889922376223
 5200.0      49.7804097833873
 5300.0      49.7944927419243
 5400.0      49.7839267346995
 5500.0      49.7953351925176
 5600.0      49.7912825381681
 5700.0      49.7953546416463
 5800.0      49.7929916393810
 5900.0      49.8017675335844
 6000.0      49.7817479680877
# P = 34.000000 (GPa)
    1.0       1.0000000000000
  100.0      14.7675567042096
  200.0      33.3466996267183
  300.0      38.9725152926037
  400.0      43.5282724254127
  500.0      45.3566415402976
  600.0      46.6865551410231
  700.0      47.4499551006592
  800.0      47.9901576462660
  900.0      48.3605305529752
 1000.0      48.6325534765973
 1100.0      48.8354608243456
 1200.0      48.9915048892817
 1300.0      49.1135523224416
 1400.0      49.2111703449915
 1500.0      49.2900417365477
 1600.0      49.3551398279607
 1700.0      49.4086980154703
 1800.0      49.4544814478237
 1900.0      49.4924377862790
 2000.0      49.5257421765239
 2100.0      49.5536067332697
 2200.0      49.5785205457235
 2300.0      49.6000491007787
 2400.0      49.6185008700637
 2500.0      49.6354288369911
 2600.0      49.6503212993548
 2700.0      49.6634155361412
 2800.0      49.6748799602305
 2900.0      49.6861193706793
 3000.0      49.6950729227960
 3100.0      49.7041804760300
 3200.0      49.7116090101884
 3300.0      49.7190601825594
 3400.0      49.7258493267115
 3500.0      49.7314373609450
 3600.0      49.7368456200783
 3700.0      49.7424567255236
 3800.0      49.7463998902997
 3900.0      49.7514773858314
 4000.0      49.7548986919008
 4100.0      49.7586859140318
 4200.0      49.7626271924689
 4300.0      49.7650038267089
 4400.0      49.7687907329016
 4500.0      49.7709022649324
 4600.0      49.7739323885955
 4700.0      49.7770346445555
 4800.0      49.7777247387626
 4900.0      49.7810194034257
 5000.0      49.7815705242344
 5100.0      49.7888813576174
 5200.0      49.7804045877777
 5300.0      49.7943674533989
 5400.0      49.7839229576598
 5500.0      49.7952365025629
 5600.0      49.7912405765932
 5700.0      49.7952896086378
 5800.0      49.7929495687941
 5900.0      49.8017129442430
 6000.0      49.7816803664402
# P = 35.000000 (GPa)
    1.0       1.0000000000000
  100.0      14.7621783707021
  200.0      33.3387445547171
  300.0      38.9675541377363
  400.0      43.5245909800144
  500.0      45.3541080447501
  600.0      46.6846382101178
  700.0      47.4484882581592
  800.0      47.9889875654667
  900.0      48.3595781753280
 1000.0      48.6317602159045
 1100.0      48.8347886055083
 1200.0      48.9909256326805
 1300.0      49.1130484960362
 1400.0      49.2107243247853
 1500.0      49.2896458415119
 1600.0      49.3547815604071
 1700.0      49.4083774511878
 1800.0      49.4541840765834
 1900.0      49.4921696710787
 2000.0      49.5254899561786
 2100.0      49.5533772387426
 2200.0      49.5783038299089
 2300.0      49.5998447425718
 2400.0      49.6183140382674
 2500.0      49.6352487336635
 2600.0      49.6501510930484
 2700.0      49.6632537823562
 2800.0      49.6747302737637
 2900.0      49.6859690585506
 3000.0      49.6949371995410
 3100.0      49.7040450188516
 3200.0      49.7114834088376
 3300.0      49.7189367441758
 3400.0      49.7257279120470
 3500.0      49.7313245627072
 3600.0      49.7367363166009
 3700.0      49.7423494871767
 3800.0      49.7462985223497
 3900.0      49.7513749484892
 4000.0      49.7548028458645
 4100.0      49.7585958495843
 4200.0      49.7625297005305
 4300.0      49.7649218116994
 4400.0      49.7687035761442
 4500.0      49.7708203648129
 4600.0      49.7738511539422
 4700.0      49.7769511347871
 4800.0      49.7776536826488
 4900.0      49.7809464986041
 5000.0      49.7815103077326
 5100.0      49.7887688845979
 5200.0      49.7803993599363
 5300.0      49.7942397276661
 5400.0      49.7839191335937
 5500.0      49.7951353253346
 5600.0      49.7911974431850
 5700.0      49.7952226436243
 5800.0      49.7929063100522
 5900.0      49.8016570670267
 6000.0      49.7816116398438
# P = 36.000000 (GPa)
    1.0       1.0000000000000
  100.0      14.7569021948381
  200.0      33.3309374497082
  300.0      38.9626834855417
  400.0      43.5209772047126
  500.0      45.3516213627771
  600.0      46.6827571867698
  700.0      47.4470492683349
  800.0      47.9878400634689
  900.0      48.3586444851630
 1000.0      48.6309827991759
 1100.0      48.8341300609959
 1200.0      48.9903583847853
 1300.0      49.1125553042532
 1400.0      49.2102878625774
 1500.0      49.2892584920804
 1600.0      49.3544310156184
 1700.0      49.4080637213003
 1800.0      49.4538929604518
 1900.0      49.4919070954427
 2000.0      49.5252428625629
 2100.0      49.5531523177471
 2200.0      49.5780913499486
 2300.0      49.5996442960348
 2400.0      49.6181306979974
 2500.0      49.6350719178677
 2600.0      49.6499839114757
 2700.0      49.6630948231388
 2800.0      49.6745830944449
 2900.0      49.6858211811686
 3000.0      49.6948035967017
 3100.0      49.7039115941386
 3200.0      49.7113596136717
 3300.0      49.7188149958143
 3400.0      49.7256080715078
 3500.0      49.7312131454658
 3600.0      49.7366282658141
 3700.0      49.7422433839865
 3800.0      49.7461981446399
 3900.0      49.7512734094132
 4000.0      49.7547077516982
 4100.0      49.7585064008258
 4200.0      49.7624327562383
 4300.0      49.7648401768737
 4400.0      49.7686167068906
 4500.0      49.7707386313869
 4600.0      49.7737699705957
 4700.0      49.7768675471533
 4800.0      49.7775824657897
 4900.0      49.7808732980023
 5000.0      49.7814497563334
 5100.0      49.7886554872963
 5200.0      49.7803941583216
 5300.0      49.7941104056308
 5400.0      49.7839153186896
 5500.0      49.7950324116011
 5600.0      49.7911534812091
 5700.0      49.7951541690432
 5800.0      49.7928619479922
 5900.0      49.8015995935799
 6000.0      49.7815408596631
# P = 37.000000 (GPa)
    1.0       1.0000000000000
  100.0      14.7517226805928
  200.0      33.3232703361506
  300.0      38.9578984421407
  400.0      43.5174274187923
  500.0      45.3491789335218
  600.0      46.6809100959090
  700.0      47.4456365925171
  800.0      47.9867138876155
  900.0      48.3577284401054
 1000.0      48.6302203368033
 1100.0      48.8334844178938
 1200.0      48.9898024630841
 1300.0      49.1120721493613
 1400.0      49.2098604636510
 1500.0      49.2888793453284
 1600.0      49.3540880466969
 1700.0      49.4077568768921
 1800.0      49.4536083045818
 1900.0      49.4916503390608
 2000.0      49.5250012048823
 2100.0      49.5529322708604
 2200.0      49.5778834025716
 2300.0      49.5994480538653
 2400.0      49.6179511288760
 2500.0      49.6348986712505
 2600.0      49.6498200326469
 2700.0      49.6629389347518
 2800.0      49.6744386896621
 2900.0      49.6856760191894
 3000.0      49.6946723791692
 3100.0      49.7037804782776
 3200.0      49.7112378929674
 3300.0      49.7186952132137
 3400.0      49.7254900887044
 3500.0      49.7311033851111
 3600.0      49.7365217477338
 3700.0      49.7421387033483
 3800.0      49.7460990421254
 3900.0      49.7511730697371
 4000.0      49.7546137052264
 4100.0      49.7584178594920
 4200.0      49.7623366896964
 4300.0      49.7647592151875
 4400.0      49.7685304510589
 4500.0      49.7706573868108
 4600.0      49.7736891742345
 4700.0      49.7767842434486
 4800.0      49.7775114149883
 4900.0      49.7808001531670
 5000.0      49.7813891796097
 5100.0      49.7885417558699
 5200.0      49.7803890339881
 5300.0      49.7939802292123
 5400.0      49.7839115619341
 5500.0      49.7949284234266
 5600.0      49.7911090062455
 5700.0      49.7950846871947
 5800.0      49.7928168383670
 5900.0      49.8015409712851
 6000.0      49.7814684399573
# P = 38.000000 (GPa)
    1.0       1.0000000000000
  100.0      14.7466346607632
  200.0      33.3157357191458
  300.0      38.9531944143365
  400.0      43.5139381754934
  500.0      45.3467783648623
  600.0      46.6790950947383
  700.0      47.4442487931583
  800.0      47.9856078648297
  900.0      48.3568290633069
 1000.0      48.6294719966867
 1100.0      48.8328509552749
 1200.0      48.9892572315164
 1300.0      49.1115984641146
 1400.0      49.2094416122869
 1500.0      49.2885079317499
 1600.0      49.3537522220453
 1700.0      49.4074565504838
 1800.0      49.4533298307420
 1900.0      49.4913992672531
 2000.0      49.5247649997806
 2100.0      49.5527172402259
 2200.0      49.5776802058878
 2300.0      49.5992562635357
 2400.0      49.6177755747554
 2500.0      49.6347292399308
 2600.0      49.6496597000089
 2700.0      49.6627863593009
 2800.0      49.6742972936449
 2900.0      49.6855338185400
 3000.0      49.6945437793368
 3100.0      49.7036519140429
 3200.0      49.7111184823436
 3300.0      49.7185776385618
 3400.0      49.7253742128909
 3500.0      49.7309955243478
 3600.0      49.7364170087059
 3700.0      49.7420356981162
 3800.0      49.7460014655807
 3900.0      49.7510741946677
 4000.0      49.7545209670009
 4100.0      49.7583304825189
 4200.0      49.7622417917170
 4300.0      49.7646791847853
 4400.0      49.7684450958535
 4500.0      49.7705769149786
 4600.0      49.7736090606892
 4700.0      49.7767015426137
 4800.0      49.7774408182369
 4900.0      49.7807273739262
 5000.0      49.7813288503095
 5100.0      49.7884282106960
 5200.0      49.7803840314451
 5300.0      49.7938498525396
 5400.0      49.7839079059621
 5500.0      49.7948239442612
 5600.0      49.7910642960099
 5700.0      49.7950146403587
 5800.0      49.7927712944836
 5900.0      49.8014816207941
 6000.0      49.7813949223378
# P = 39.000000 (GPa)
    1.0       1.0000000000000
  100.0      14.7416333055821
  200.0      33.3083265957978
  300.0      38.9485671104515
  400.0      43.5105062500253
  500.0      45.3444174138331
  600.0      46.6773104526421
  700.0      47.4428845214011
  800.0      47.9845208976548
  900.0      48.3559454433528
 1000.0      48.6287370024630
 1100.0      48.8322289989863
 1200.0      48.9887220943458
 1300.0      49.1111337178025
 1400.0      49.2090308273054
 1500.0      49.2881438139663
 1600.0      49.3534231351106
 1700.0      49.4071623686470
 1800.0      49.4530571825539
 1900.0      49.4911535525742
 2000.0      49.5245339490410
 2100.0      49.5525069975377
 2200.0      49.5774816324338
 2300.0      49.5990689205046
 2400.0      49.6176041382977
 2500.0      49.6345637983405
 2600.0      49.6495031170375
 2700.0      49.6626373073478
 2800.0      49.6741591107169
 2900.0      49.6853947941723
 3000.0      49.6944180005225
 3100.0      49.7035261137616
 3200.0      49.7110015879371
 3300.0      49.7184624839953
 3400.0      49.7252606626596
 3500.0      49.7308897760139
 3600.0      49.7363142647776
 3700.0      49.7419345901892
 3800.0      49.7459056352718
 3900.0      49.7509770172022
 4000.0      49.7544297659325
 4100.0      49.7582444957038
 4200.0      49.7621483180654
 4300.0      49.7646003126827
 4400.0      49.7683608938934
 4500.0      49.7704974656354
 4600.0      49.7735298903120
 4700.0      49.7766197253642
 4800.0      49.7773709289566
 4900.0      49.7806552329724
 5000.0      49.7812690084483
 5100.0      49.7883153101138
 5200.0      49.7803791894105
 5300.0      49.7937198518426
 5400.0      49.7839043878004
 5500.0      49.7947194878720
 5600.0      49.7910195947015
 5700.0      49.7949444177078
 5800.0      49.7927255917837
 5900.0      49.8014219120384
 6000.0      49.7813207831629
# P = 40.000000 (GPa)
    1.0       1.0000000000000
  100.0      14.7367140662846
  200.0      33.3010363717379
  300.0      38.9440124905708
  400.0      43.5071286112572
  500.0      45.3420939782796
  600.0      46.6755545524962
  700.0      47.4415425182078
  800.0      47.9834519598899
  900.0      48.3550767256565
 1000.0      48.6280146255871
 1100.0      48.8316179177823
 1200.0      48.9881964954958
 1300.0      49.1106774155936
 1400.0      49.2086276592635
 1500.0      49.2877865826311
 1600.0      49.3531004055371
 1700.0      49.4068739828937
 1800.0      49.4527900280826
 1900.0      49.4909128880287
 2000.0      49.5243077552828
 2100.0      49.5523012648129
 2200.0      49.5772874132802
 2300.0      49.5988857764694
 2400.0      49.6174366232767
 2500.0      49.6344022259772
 2600.0      49.6493502653541
 2700.0      49.6624918563312
 2800.0      49.6740242799211
 2900.0      49.6852591233865
 3000.0      49.6942952189785
 3100.0      49.7034032623106
 3200.0      49.7108873895813
 3300.0      49.7183499347844
 3400.0      49.7251496288851
 3500.0      49.7307863260162
 3600.0      49.7362137048708
 3700.0      49.7418355738580
 3800.0      49.7458117440565
 3900.0      49.7508817413915
 4000.0      49.7543403025873
 4100.0      49.7581600970830
 4200.0      49.7620564931336
 4300.0      49.7645227980222
 4400.0      49.7682780668922
 4500.0      49.7704192580929
 4600.0      49.7734518917656
 4700.0      49.7765390382992
 4800.0      49.7773019697484
 4900.0      49.7805839699647
 5000.0      49.7812098648927
 5100.0      49.7882034572459
 5200.0      49.7803745414747
 5300.0      49.7935907341492
 5400.0      49.7839010395196
 5500.0      49.7946155061965
 5600.0      49.7909751168230
 5700.0      49.7948743613818
 5800.0      49.7926799722012
 5900.0      49.8013621700896
 6000.0      49.7812464411403
