# T (K)    Entropy (J K^-1 mol^-1)
# P = 0.000000 (GPa)
    0.0      -3.1434485052790
  100.0       8.3076321306580
  200.0      22.0790303046598
  300.0      35.6731909200324
  400.0      47.0653059552316
  500.0      56.7943253671231
  600.0      65.1316565398620
  700.0      72.4051723291719
  800.0      78.8366338297473
  900.0      84.5960804273023
 1000.0      89.8083260114735
 1100.0      94.5682471126915
 1200.0      98.9487839693743
 1300.0     103.0071367074623
 1400.0     106.7888277718655
 1500.0     110.3306440073260
 1600.0     113.6626949683839
 1700.0     116.8099312880676
 1800.0     119.7932332873741
 1900.0     122.6302548702765
 2000.0     125.3360662641533
 2100.0     127.9236093489403
 2200.0     130.4041143171579
 2300.0     132.7873558158053
 2400.0     135.0819355535258
 2500.0     137.2954400455382
 2600.0     139.4345985771588
 2700.0     141.5054296761277
 2800.0     143.5133330560086
 2900.0     145.4631686580071
 3000.0     147.3593414861238
 3100.0     149.2058623812117
 3200.0     151.0063880916463
 3300.0     152.7642789031481
 3400.0     154.4826302957086
 3500.0     156.1643048563721
 3600.0     157.8119593018354
 3700.0     159.4280832993796
 3800.0     161.0149956998237
 3900.0     162.5748873720694
 4000.0     164.1098304142533
 4100.0     165.6217801722726
 4200.0     167.1126263797651
 4300.0     168.5841556748672
 4400.0     170.0380980156873
 4500.0     171.4761487811096
 4600.0     172.8999300119399
 4700.0     174.3108581046133
 4800.0     175.7101169738762
 4900.0     177.0988925387308
 5000.0     178.4783025355696
 5100.0     179.8495900728915
 5200.0     181.2135147242820
 5300.0     182.5713143265150
 5400.0     183.9238837132204
 5500.0     185.2721153417395
 5600.0     186.6171426488994
 5700.0     187.9596204311855
 5800.0     189.3005060708075
 5900.0     190.6407040367391
 6000.0     191.9809060348405
# P = 1.000000 (GPa)
    0.0      -3.1227052610056
  100.0       8.2394411773735
  200.0      21.9229494176721
  300.0      35.4497856562429
  400.0      46.8036588759430
  500.0      56.5085848374698
  600.0      64.8294888350950
  700.0      72.0905807353314
  800.0      78.5119074295095
  900.0      84.2625501590466
 1000.0      89.4667903462438
 1100.0      94.2191814331063
 1200.0      98.5924611070796
 1300.0     102.6436953692347
 1400.0     106.4183156347882
 1500.0     109.9530421023332
 1600.0     113.2779349255053
 1700.0     116.4179095712581
 1800.0     119.3938100004898
 1900.0     122.2232725776915
 2000.0     124.9213351023568
 2100.0     127.5009291592342
 2200.0     129.9732603729715
 2300.0     132.3480830733369
 2400.0     134.6339913366640
 2500.0     136.8385433358826
 2600.0     138.9684551919915
 2700.0     141.0297301320918
 2800.0     143.0277436530006
 2900.0     144.9673380974806
 3000.0     146.8529011977269
 3100.0     148.6884181877534
 3200.0     150.4775226832687
 3300.0     152.2235537352745
 3400.0     153.9295771660849
 3500.0     155.5984291414069
 3600.0     157.2327375999001
 3700.0     158.8349585172500
 3800.0     160.4073768955157
 3900.0     161.9521450088735
 4000.0     163.4712947727407
 4100.0     164.9667405699631
 4200.0     166.4403199015516
 4300.0     167.8937697949479
 4400.0     169.3287702149357
 4500.0     170.7469398329645
 4600.0     172.1498444835028
 4700.0     173.5390291045893
 4800.0     174.9159844340328
 4900.0     176.2820514909563
 5000.0     177.6383378137292
 5100.0     178.9860491363374
 5200.0     180.3259865465863
 5300.0     181.6593392349394
 5400.0     182.9870035163050
 5500.0     184.3098730977583
 5600.0     185.6290346385904
 5700.0     186.9451733643820
 5800.0     188.2592175476960
 5900.0     189.5720657921435
 6000.0     190.8843786297170
# P = 2.000000 (GPa)
    0.0      -3.1032981002558
  100.0       8.1748342191729
  200.0      21.7738291825487
  300.0      35.2351529648706
  400.0      46.5516170383561
  500.0      56.2329960968564
  600.0      64.5378857475970
  700.0      71.7869212258780
  800.0      78.1984541478640
  900.0      83.9406304894307
 1000.0      89.1372003027743
 1100.0      93.8824035974563
 1200.0      98.2487747856060
 1300.0     102.2932506816247
 1400.0     106.0611716257143
 1500.0     109.5891928781283
 1600.0     112.9073286594660
 1700.0     116.0404546013934
 1800.0     119.0093899758663
 1900.0     121.8317398727045
 2000.0     124.5225286831472
 2100.0     127.0946621670960
 2200.0     129.5593327799636
 2300.0     131.9262781681715
 2400.0     134.2040711301193
 2500.0     136.4002644406260
 2600.0     138.5215471328325
 2700.0     140.5739101247504
 2800.0     142.5627186038650
 2900.0     144.4927867730608
 3000.0     146.3684895798371
 3100.0     148.1937968504510
 3200.0     149.9723153247646
 3300.0     151.7073648939869
 3400.0     153.4019893894016
 3500.0     155.0590008111718
 3600.0     156.6810008968720
 3700.0     158.2704167089538
 3800.0     159.8295050828167
 3900.0     161.3603845718580
 4000.0     162.8650524293423
 4100.0     164.3453882763540
 4200.0     165.8031845907539
 4300.0     167.2401380600953
 4400.0     168.6578817789682
 4500.0     170.0579792248152
 4600.0     171.4419411895906
 4700.0     172.8112511119235
 4800.0     174.1673189904631
 4900.0     175.5115421789740
 5000.0     176.8453219219882
 5100.0     178.1700589104153
 5200.0     179.4866254247636
 5300.0     180.7961578311456
 5400.0     182.0995552771175
 5500.0     183.3977110138290
 5600.0     184.6916689713597
 5700.0     185.9821407856792
 5800.0     187.2700277472567
 5900.0     188.5562220883025
 6000.0     189.8413556254352
# P = 3.000000 (GPa)
    0.0      -3.0851421561963
  100.0       8.1136337830813
  200.0      21.6313195051297
  300.0      35.0288580790377
  400.0      46.3087059009288
  500.0      55.9670564036287
  600.0      64.2563215094069
  700.0      71.4936435728267
  800.0      77.8957031903077
  900.0      83.6297247605490
 1000.0      88.8189373379440
 1100.0      93.5572680559394
 1200.0      97.9170548843519
 1300.0     101.9551042103167
 1400.0     105.7166688592380
 1500.0     109.2383403535586
 1600.0     112.5500859614302
 1700.0     115.6767473470673
 1800.0     118.6391127412911
 1900.0     121.4547665953921
 2000.0     124.1387107587815
 2100.0     126.7038345719597
 2200.0     129.1613156539713
 2300.0     131.5208704443304
 2400.0     133.7910670646553
 2500.0     135.9794327379091
 2600.0     138.0926509489999
 2700.0     140.1366932429459
 2800.0     142.1169087814172
 2900.0     144.0381032765152
 3000.0     145.9046267190278
 3100.0     147.7204359357929
 3200.0     149.4891238703578
 3300.0     151.2139851227562
 3400.0     152.8980435973468
 3500.0     154.5440955827690
 3600.0     156.1547177814134
 3700.0     157.7323103552323
 3800.0     159.2791069822898
 3900.0     160.7971978713977
 4000.0     162.2885496120066
 4100.0     163.7550119334431
 4200.0     165.1983386745271
 4300.0     166.6201922930146
 4400.0     168.0221659598221
 4500.0     169.4057760353193
 4600.0     170.7724870156215
 4700.0     172.1237287686812
 4800.0     173.4608557324291
 4900.0     174.7852129341255
 5000.0     176.0981108266729
 5100.0     177.4009201432564
 5200.0     178.6947930459643
 5300.0     179.9811152025740
 5400.0     181.2608780348217
 5500.0     182.5349592138782
 5600.0     183.8043673659202
 5700.0     185.0698358059962
 5800.0     186.3322411115119
 5900.0     187.5924686141176
 6000.0     188.8511237426450
# P = 4.000000 (GPa)
    0.0      -3.0681584491937
  100.0       8.0556741835068
  200.0      21.4950939903598
  300.0      34.8304950805362
  400.0      46.0744839882823
  500.0      55.7102973096920
  600.0      63.9843075060473
  700.0      71.2102361942171
  800.0      77.6031231310426
  900.0      83.3292794187906
 1000.0      88.5114266491517
 1100.0      93.2431770139587
 1200.0      97.5966802730925
 1300.0     101.6286099257122
 1400.0     105.3841360084434
 1500.0     108.8997849488866
 1600.0     112.2054806167565
 1700.0     115.3260289728235
 1800.0     118.2821910991028
 1900.0     121.0915291001639
 2000.0     123.7690247485722
 2100.0     126.3275529874659
 2200.0     128.7782722839508
 2300.0     131.1308899875977
 2400.0     133.3939541876227
 2500.0     135.5749873543844
 2600.0     137.6806509932775
 2700.0     139.7169082077878
 2800.0     141.6890975202910
 2900.0     143.6020010932835
 3000.0     145.4599664091610
 3100.0     147.2669272553335
 3200.0     149.0264607824232
 3300.0     150.7418526297994
 3400.0     152.4160993157136
 3500.0     154.0519818420793
 3600.0     155.6520626245325
 3700.0     157.2187145095836
 3800.0     158.7541489428766
 3900.0     160.2604340431167
 4000.0     161.7395101264347
 4100.0     163.1932001828341
 4200.0     164.6232243524165
 4300.0     166.0312163006735
 4400.0     167.4187352173898
 4500.0     168.7872567862821
 4600.0     170.1382063910546
 4700.0     171.4729674710117
 4800.0     172.7928502524570
 4900.0     174.0991487206269
 5000.0     175.3931153459765
 5100.0     176.6760450892281
 5200.0     177.9490435778654
 5300.0     179.2134131742297
 5400.0     180.4703125839974
 5500.0     181.7209473516531
 5600.0     182.9664516652100
 5700.0     184.2075715064381
 5800.0     185.4451620928347
 5900.0     186.6801010454726
 6000.0     187.9129697031326
# P = 5.000000 (GPa)
    0.0      -3.0522738300469
  100.0       8.0008009305594
  200.0      21.3648481984157
  300.0      34.6396846972024
  400.0      45.8485397775290
  500.0      55.4622822688624
  600.0      63.7213871694793
  700.0      70.9362232493291
  800.0      77.3202185949488
  900.0      83.0387809419288
 1000.0      88.2141332109034
 1100.0      92.9395768440710
 1200.0      97.2870737137130
 1300.0     101.3131700974892
 1400.0     105.0629500276998
 1500.0     108.5728808844038
 1600.0     111.8728393981672
 1700.0     114.9876007500947
 1800.0     117.9378968109242
 1900.0     120.7412695254104
 2000.0     123.4126822027191
 2100.0     125.9649928436566
 2200.0     128.4093481494043
 2300.0     130.7554378455918
 2400.0     133.0118029665943
 2500.0     135.1859493992361
 2600.0     137.2845285582723
 2700.0     139.3134922247524
 2800.0     141.2781632880401
 2900.0     143.1833186060939
 3000.0     145.0332823216962
 3100.0     146.8319851177932
 3200.0     148.5829853697134
 3300.0     150.2895505133710
 3400.0     151.9546697453497
 3500.0     153.5811006793469
 3600.0     155.1713896113151
 3700.0     156.7278956480996
 3800.0     158.2528055920415
 3900.0     159.7481655763654
 4000.0     161.2158969856384
 4100.0     162.6577996206985
 4200.0     164.0755626412983
 4300.0     165.4707949226166
 4400.0     166.8450275548280
 4500.0     168.1997008362646
 4600.0     169.5362065249612
 4700.0     170.8558881675581
 4800.0     172.1600190118326
 4900.0     173.4498491684325
 5000.0     174.7265837938335
 5100.0     175.9914478313804
 5200.0     177.2455220049653
 5300.0     178.4900221621401
 5400.0     179.7260467946381
 5500.0     180.9547199491023
 5600.0     182.1772285690596
 5700.0     183.3946644898618
 5800.0     184.6080941376617
 5900.0     185.8184155652058
 6000.0     187.0261792332689
# P = 6.000000 (GPa)
    0.0      -3.0374206265757
  100.0       7.9488697013425
  200.0      21.2402977636844
  300.0      34.4560724532256
  400.0      45.6304885023337
  500.0      55.2226038280069
  600.0      63.4671340367330
  700.0      70.6711612918791
  800.0      77.0465277858530
  900.0      82.7577509061167
 1000.0      87.9265593872028
 1100.0      92.6459515997844
 1200.0      96.9876993587978
 1300.0     101.0082287517679
 1400.0     104.7525339209796
 1500.0     108.2570285433234
 1600.0     111.5515400771400
 1700.0     114.6608154370929
 1800.0     117.6055571217048
 1900.0     120.4032885750115
 2000.0     123.0689540513179
 2100.0     125.6153975843987
 2200.0     128.0537516668062
 2300.0     130.3936935004090
 2400.0     132.6437533562500
 2500.0     134.8114250323307
 2600.0     136.9033502421965
 2700.0     138.9254661440159
 2800.0     140.8830918952274
 2900.0     142.7809831951560
 3000.0     144.6234628119467
 3100.0     146.4144413426989
 3200.0     148.1574684118731
 3300.0     149.8558011805745
 3400.0     151.5124050211341
 3500.0     153.1300352028834
 3600.0     154.7112164470153
 3700.0     156.2582884390798
 3800.0     157.7734294768274
 3900.0     159.2586602510418
 4000.0     160.7158818029330
 4100.0     162.1468793836148
 4200.0     163.5533147016075
 4300.0     164.9367725892703
 4400.0     166.2987603959045
 4500.0     167.6406894044715
 4600.0     168.9639215845810
 4700.0     170.2697659836664
 4800.0     171.5594644324314
 4900.0     172.8342297223226
 5000.0     174.0952267307963
 5100.0     175.3436203191195
 5200.0     176.5804715913678
 5300.0     177.8069218387757
 5400.0     179.0240200742077
 5500.0     180.2328311290496
 5600.0     181.4344616899816
 5700.0     182.6299274042688
 5800.0     183.8202839926310
 5900.0     185.0067245140181
 6000.0     186.1900008594602
# P = 7.000000 (GPa)
    0.0      -3.0235358046392
  100.0       7.8997452748851
  200.0      21.1211766485933
  300.0      34.2793267701477
  400.0      45.4199699580812
  500.0      54.9908810264508
  600.0      63.2211495221591
  700.0      70.4146360589365
  800.0      76.7816198908421
  900.0      82.4857422673860
 1000.0      87.6482417439806
 1100.0      92.3618202449280
 1200.0      96.6980594346814
 1300.0     100.7132682643369
 1400.0     104.4523524482636
 1500.0     107.9516706713534
 1600.0     111.2410058083987
 1700.0     114.3450724276602
 1800.0     117.2845497997129
 1900.0     120.0769379531505
 2000.0     122.7371681443527
 2100.0     125.2780663547601
 2200.0     127.7107553459705
 2300.0     130.0448981358851
 2400.0     132.2890157510160
 2500.0     134.4505919939553
 2600.0     136.5362558120972
 2700.0     138.5519381640874
 2800.0     140.5029440715468
 2900.0     142.3940236911917
 3000.0     144.2294840574945
 3100.0     146.0132294821672
 3200.0     147.7487973023856
 3300.0     149.4394291507813
 3400.0     151.0880858738253
 3500.0     152.6974996293517
 3600.0     154.2701914003552
 3700.0     155.8084824077701
 3800.0     157.3145310566439
 3900.0     158.7903510275372
 4000.0     160.2378196525511
 4100.0     161.6587037228909
 4200.0     163.0546487854578
 4300.0     164.4272174875775
 4400.0     165.7778930283604
 4500.0     167.1080632248083
 4600.0     168.4190657820146
 4700.0     169.7121787158641
 4800.0     170.9886165046007
 4900.0     172.2495602970185
 5000.0     173.4961408872643
 5100.0     174.7294711537452
 5200.0     175.9505963789524
 5300.0     177.1605940818316
 5400.0     178.3604710096820
 5500.0     179.5512448219909
 5600.0     180.7339473711251
 5700.0     181.9095497571247
 5800.0     183.0790364784571
 5900.0     184.2435130046552
 6000.0     185.4036543364339
# P = 8.000000 (GPa)
    0.0      -3.0105605511317
  100.0       7.8533007835631
  200.0      21.0072356156109
  300.0      34.1091370905139
  400.0      45.2166466351562
  500.0      54.7667570835071
  600.0      62.9830606738990
  700.0      70.1662597763215
  800.0      76.5250923347395
  900.0      82.2223373084745
 1000.0      87.3787478694680
 1100.0      92.0867340653031
 1200.0      96.4176898059241
 1300.0     100.4278068427680
 1400.0     104.1619064851342
 1500.0     107.6562895909109
 1600.0     110.9406996997372
 1700.0     114.0398151892367
 1800.0     116.9742964988683
 1900.0     119.7616184844617
 2000.0     122.4167007386216
 2100.0     124.9523522446749
 2200.0     127.3796857409143
 2300.0     129.7083516300623
 2400.0     131.9468621218915
 2500.0     134.1026907432704
 2600.0     136.1824571293758
 2700.0     138.1920825298297
 2800.0     140.1368643681310
 2900.0     142.0215417862912
 3000.0     143.8504129076707
 3100.0     145.6273738089655
 3200.0     147.3559479441043
 3300.0     149.0393731297530
 3400.0     150.6805891535267
 3500.0     152.2823280083383
 3600.0     153.8470901415049
 3700.0     155.3771868370909
 3800.0     156.8747669089911
 3900.0     158.3418200756601
 4000.0     159.7802185668911
 4100.0     161.1917096472365
 4200.0     162.5779157634680
 4300.0     163.9403904014867
 4400.0     165.2805938204045
 4500.0     166.5998886178511
 4600.0     167.8995945804383
 4700.0     169.1809642486631
 4800.0     170.4451864843423
 4900.0     171.6934148007906
 5000.0     172.9267518146384
 5100.0     174.1462654066779
 5200.0     175.3529877195658
 5300.0     176.5479411814446
 5400.0     177.7320970051169
 5500.0     178.9064334142301
 5600.0     180.0719175417771
 5700.0     181.2294853877632
 5800.0     182.3800577251284
 5900.0     183.5246725280971
 6000.0     184.6639514308113
# P = 9.000000 (GPa)
    0.0      -2.9984399347556
  100.0       7.8094170627372
  200.0      20.8982409119298
  300.0      33.9452121955955
  400.0      45.0202019366936
  500.0      54.5498973851637
  600.0      62.7525180335833
  700.0      69.9256691592139
  800.0      76.2765683074437
  900.0      81.9671452971346
 1000.0      87.1176735364124
 1100.0      91.8202740816574
 1200.0      96.1461566233416
 1300.0     100.1513953979256
 1400.0     103.8807304857978
 1500.0     107.3704037752638
 1600.0     110.6501217137079
 1700.0     113.7445268441125
 1800.0     116.6742596301489
 1900.0     119.4567737298088
 2000.0     122.1069730998580
 2100.0     124.6376556558600
 2200.0     127.0599188125593
 2300.0     129.3834069687584
 2400.0     131.6166184393132
 2500.0     133.7670219691445
 2600.0     135.8412246434560
 2700.0     137.8451418604077
 2800.0     139.7840618544265
 2900.0     141.6627146879948
 3000.0     143.4853913575509
 3100.0     145.2559766186784
 3200.0     146.9779890221446
 3300.0     148.6546512258317
 3400.0     150.2888994060279
 3500.0     151.8834488657807
 3600.0     153.4407953245317
 3700.0     154.9632358739324
 3800.0     156.4529042163927
 3900.0     157.9117861257720
 4000.0     159.3417289069528
 4100.0     160.7444753216457
 4200.0     162.1216294093863
 4300.0     163.4747235462860
 4400.0     164.8052099634516
 4500.0     166.1144276818927
 4600.0     167.4036743052330
 4700.0     168.6741848175779
 4800.0     169.9271276603989
 4900.0     171.1636290099868
 5000.0     172.3847671527368
 5100.0     173.5915729915475
 5200.0     174.7850670662668
 5300.0     175.9662238504220
 5400.0     177.1359843478134
 5500.0     178.2952935352099
 5600.0     179.4450629578114
 5700.0     180.5861995311636
 5800.0     181.7195698696116
 5900.0     182.8461552726597
 6000.0     183.9665321281713
# P = 10.000000 (GPa)
    0.0      -2.9871228796087
  100.0       7.7679822450328
  200.0      20.7939731364311
  300.0      33.7872786138448
  400.0      44.8303385116980
  500.0      54.3399877074089
  600.0      62.5291937425300
  700.0      69.6925235204101
  800.0      76.0356945737310
  900.0      81.7198003256317
 1000.0      86.8646401885926
 1100.0      91.5620484473780
 1200.0      95.8830542539335
 1300.0      99.8836145263134
 1400.0     103.6083898752921
 1500.0     107.0935640601458
 1600.0     110.3688060628296
 1700.0     113.4587251026548
 1800.0     116.3839394057768
 1900.0     119.1618855310362
 2000.0     121.8074484579174
 2100.0     124.3334189619532
 2200.0     126.7508774690018
 2300.0     129.0694632074738
 2400.0     131.2976623793569
 2500.0     133.4429372489163
 2600.0     135.5118857478035
 2700.0     137.5104154722698
 2800.0     139.4438079110560
 2900.0     141.3167842405752
 3000.0     143.1336279685196
 3100.0     144.8982164818574
 3200.0     146.6140588098595
 3300.0     148.2843710739782
 3400.0     149.9120778122673
 3500.0     151.4998873959021
 3600.0     153.0502862078250
 3700.0     154.5655576369306
 3800.0     156.0478313633678
 3900.0     157.4990722769642
 4000.0     158.9211265608627
 4100.0     160.3157161284268
 4200.0     161.6844336164066
 4300.0     163.0288023853054
 4400.0     164.3502503897294
 4500.0     165.6501083274804
 4600.0     166.9296548008332
 4700.0     168.1901003134006
 4800.0     169.4326019530079
 4900.0     170.6582639309306
 5000.0     171.8681386586373
 5100.0     173.0632257715487
 5200.0     174.2445385333830
 5300.0     175.4130084974935
 5400.0     176.5695501995203
 5500.0     177.7150805686243
 5600.0     178.8504637628781
 5700.0     179.9765820958407
 5800.0     181.0942559068982
 5900.0     182.2044185702350
 6000.0     183.3076079100025
# P = 11.000000 (GPa)
    0.0      -2.9765618021254
  100.0       7.7288913151241
  200.0      20.6942261119512
  300.0      33.6350791644531
  400.0      44.6467766848833
  500.0      54.1367326638151
  600.0      62.3127798884091
  700.0      69.4665029491524
  800.0      75.8021395651777
  900.0      81.4799592922713
 1000.0      86.6192929446448
 1100.0      91.3116901267348
 1200.0      95.6280030340123
 1300.0      99.6240719016774
 1400.0     103.3444785602661
 1500.0     106.8253504579964
 1600.0     110.0963182041545
 1700.0     113.1819599071797
 1800.0     116.1028703730990
 1900.0     118.8764710743676
 2000.0     121.5176278635866
 2100.0     124.0391236356194
 2200.0     126.4520250311432
 2300.0     128.7659627144069
 2400.0     130.9894160976999
 2500.0     133.1298358999733
 2600.0     135.1938173785484
 2700.0     137.1872553208830
 2800.0     139.1154296662426
 2900.0     140.9830495949359
 3000.0     142.7943949872074
 3100.0     144.5533335917782
 3200.0     146.2633685741622
 3300.0     147.9277076673347
 3400.0     149.5492666609723
 3500.0     151.1307475590995
 3600.0     152.6746255295794
 3700.0     154.1831787155689
 3800.0     155.6585212314822
 3900.0     157.1026158351883
 4000.0     158.5172893202142
 4100.0     159.9042603850871
 4200.0     161.2651054454429
 4300.0     162.6013330158145
 4400.0     163.9143671729434
 4500.0     165.2055121177071
 4600.0     166.4760394379311
 4700.0     167.7271427620274
 4800.0     168.9599568328670
 4900.0     170.1755745791308
 5000.0     171.3750281337620
 5100.0     172.5592834678054
 5200.0     173.7293497086673
 5300.0     174.8861239373304
 5400.0     176.0304956459592
 5500.0     177.1633570588932
 5600.0     178.2855324107515
 5700.0     179.3978834899722
 5800.0     180.5011904985748
 5900.0     181.5963459770203
 6000.0     182.6838547161763
# P = 12.000000 (GPa)
    0.0      -2.9667120375706
  100.0       7.6920452396172
  200.0      20.5988056586017
  300.0      33.4883716940351
  400.0      44.4692529608714
  500.0      53.9398543697587
  600.0      62.1029870753266
  700.0      69.2473065654577
  800.0      75.5755917115360
  900.0      81.2473001170186
 1000.0      86.3812987184418
 1100.0      91.0688548462103
 1200.0      95.3806471968830
 1300.0      99.3723999615397
 1400.0     103.0886164839563
 1500.0     106.5653700128470
 1600.0     109.8322520367060
 1700.0     112.9138108436575
 1800.0     115.8306181860607
 1900.0     118.6000802651043
 2000.0     121.2370455117331
 2100.0     123.7542872400558
 2200.0     126.1628615119838
 2300.0     128.4723877187753
 2400.0     130.6913420019841
 2500.0     132.8271619090499
 2600.0     134.8864406283817
 2700.0     136.8750623871911
 2800.0     138.7983029133026
 2900.0     140.6608640302091
 3000.0     142.4670182223965
 3100.0     144.2206284409291
 3200.0     145.9251890018629
 3300.0     147.5839025474248
 3400.0     149.1996759603842
 3500.0     150.7752044091931
 3600.0     152.3129565383666
 3700.0     153.8151993834161
 3800.0     155.2840422495295
 3900.0     156.7214349585622
 4000.0     158.1291981219140
 4100.0     159.5090393426453
 4200.0     160.8625221288932
 4300.0     162.1911499575430
 4400.0     163.4963260842099
 4500.0     164.7793526388378
 4600.0     166.0414787225373
 4700.0     167.2838862467516
 4800.0     168.5077011912759
 4900.0     169.7139906829335
 5000.0     170.9037775324143
 5100.0     172.0780020989488
 5200.0     173.2376613123426
 5300.0     174.3836253766935
 5400.0     175.5167658474987
 5500.0     176.6379497781701
 5600.0     177.7479663337442
 5700.0     178.8476620460994
 5800.0     179.9377819745984
 5900.0     181.0191833165652
 6000.0     182.0923423060720
# P = 13.000000 (GPa)
    0.0      -2.9575317919174
  100.0       7.6573505621323
  200.0      20.5075286916774
  300.0      33.3469278055737
  400.0      44.2975188530641
  500.0      53.7490913011735
  600.0      61.8995429878415
  700.0      69.0346509056190
  800.0      75.3557579798218
  900.0      81.0215201918607
 1000.0      86.1503444131794
 1100.0      90.8332193041540
 1200.0      95.1406530008696
 1300.0      99.1282538677010
 1400.0     102.8404474502455
 1500.0     106.3132547345545
 1600.0     109.5762274074272
 1700.0     112.6538847727764
 1800.0     115.5667766113612
 1900.0     118.3322928619457
 2000.0     120.9652664687367
 2100.0     123.4784600519287
 2200.0     125.8829207779479
 2300.0     128.1882565520789
 2400.0     130.4029399408431
 2500.0     132.5343976632137
 2600.0     134.5892181319197
 2700.0     136.5732797481682
 2800.0     138.4918493274503
 2900.0     140.3496274391027
 3000.0     142.1508745540920
 3100.0     143.8994533002122
 3200.0     145.5988469855380
 3300.0     147.2522556620143
 3400.0     148.8625765134207
 3500.0     150.4325002528633
 3600.0     151.9644873759636
 3700.0     153.4607978288430
 3800.0     154.9235331729851
 3900.0     156.3546350654901
 4000.0     157.7559162985761
 4100.0     159.1290738961498
 4200.0     160.4756652829849
 4300.0     161.7971780204923
 4400.0     163.0950139505821
 4500.0     164.3704535468756
 4600.0     165.6247428993533
 4700.0     166.8590465361424
 4800.0     168.0744758509621
 4900.0     169.2720927274215
 5000.0     170.4528941615987
 5100.0     171.6178047956923
 5200.0     172.7678175983314
 5300.0     173.9037680692512
 5400.0     175.0265163721108
 5500.0     176.1369124416759
 5600.0     177.2357093557633
 5700.0     178.3237406289406
 5800.0     179.4017241159805
 5900.0     180.4704851862411
 6000.0     181.5304751233663
# P = 14.000000 (GPa)
    0.0      -2.9489818143863
  100.0       7.6247189732687
  200.0      20.4202224167011
  300.0      33.2105315125407
  400.0      44.1313405131586
  500.0      53.5641973515346
  600.0      61.7021903941162
  700.0      68.8282687126354
  800.0      75.1423625726273
  900.0      80.8023349179662
 1000.0      85.9261352324571
 1100.0      90.6044796091289
 1200.0      94.9077070598453
 1300.0      98.8913096527663
 1400.0     102.5996372140987
 1500.0     106.0686596326606
 1600.0     109.3278879324591
 1700.0     112.4018135490519
 1800.0     115.3109653461679
 1900.0     118.0727158518604
 2000.0     120.7018842131283
 2100.0     123.2112221161618
 2200.0     125.6117679474416
 2300.0     127.9131194524919
 2400.0     130.1237441836299
 2500.0     132.2510607006274
 2600.0     134.3016504013942
 2700.0     136.2813890981785
 2800.0     138.1955329958362
 2900.0     140.0487821385611
 3000.0     141.8453870955817
 3100.0     143.5892073267578
 3200.0     145.2837202102627
 3300.0     146.9321184944339
 3400.0     148.5372959854833
 3500.0     150.1019338833880
 3600.0     151.6284902432387
 3700.0     153.1192145462840
 3800.0     154.5762041619325
 3900.0     156.0013923316294
 4000.0     157.3965836885633
 4100.0     158.7634696258489
 4200.0     160.1035950265183
 4300.0     161.4184438343102
 4400.0     162.7094031975522
 4500.0     163.9777486568031
 4600.0     165.2247119311745
 4700.0     166.4514466101652
 4800.0     167.6590576044897
 4900.0     168.8485851875606
 5000.0     170.0210248721377
 5100.0     171.1772721388083
 5200.0     172.3183178318421
 5300.0     173.4449787422506
 5400.0     174.5580910309255
 5500.0     175.6584943859556
 5600.0     176.7469165654543
 5700.0     177.8241721965960
 5800.0     178.8909565173123
 5900.0     179.9480711227599
 6000.0     180.9959441039300
# P = 15.000000 (GPa)
    0.0      -2.9410253338978
  100.0       7.5940669934779
  200.0      20.3367233925018
  300.0      33.0789787043688
  400.0      43.9704979594056
  500.0      53.3849405376180
  600.0      61.5106857772873
  700.0      68.6279082986412
  800.0      74.9351458896264
  900.0      80.5894756822762
 1000.0      85.7083935308625
 1100.0      90.3823498939015
 1200.0      94.6815145965821
 1300.0      98.6612626259770
 1400.0     102.3658718010933
 1500.0     105.8312608504596
 1600.0     109.0868990747304
 1700.0     112.1572519834363
 1800.0     115.0628280038090
 1900.0     117.8209811167537
 2000.0     120.4465183412252
 2100.0     122.9521805739426
 2200.0     125.3489966887249
 2300.0     127.6465561425697
 2400.0     129.8533202698360
 2500.0     131.9767009741458
 2600.0     134.0232723655324
 2700.0     135.9989079441211
 2800.0     137.9088546880672
 2900.0     139.7578101684909
 3000.0     141.5500190422561
 3100.0     143.2893335562691
 3200.0     144.9792306361136
 3300.0     146.6228916579454
 3400.0     148.2232107989159
 3500.0     149.7828586144879
 3600.0     151.3042915187002
 3700.0     152.7897497655112
 3800.0     154.2413265410527
 3900.0     155.6609475540664
 4000.0     157.0504109066578
 4100.0     158.4114007739813
 4200.0     159.7454544861376
 4300.0     161.0540476897007
 4400.0     162.3385601910194
 4500.0     163.6002578989056
 4600.0     164.8403623725630
 4700.0     166.0600199436143
 4800.0     167.2603201191302
 4900.0     168.4423008669525
 5000.0     169.6069354644931
 5100.0     170.7551122320075
 5200.0     171.8878119206313
 5300.0     173.0058282738228
 5400.0     174.1099935382773
 5500.0     175.2011225837863
 5600.0     176.2799248207821
 5700.0     177.3472067239490
 5800.0     178.4036341029506
 5900.0     179.4499892716377
 6000.0     180.4866862317111
# P = 16.000000 (GPa)
    0.0      -2.9336281230239
  100.0       7.5653157503189
  200.0      20.2568765612300
  300.0      32.9520784610664
  400.0      43.8147841291384
  500.0      53.2111001322736
  600.0      61.3247986890046
  700.0      68.4333325707607
  800.0      74.7338636024361
  900.0      80.3826882842319
 1000.0      85.4968579043360
 1100.0      90.1665611684907
 1200.0      94.4617975979126
 1300.0      98.4378260792018
 1400.0     102.1388560413929
 1500.0     105.6007538444679
 1600.0     108.8529464712779
 1700.0     111.9198760532864
 1800.0     114.8220301796431
 1900.0     117.5767433879661
 2000.0     120.1988124578182
 2100.0     122.7009674100702
 2200.0     125.0942267543173
 2300.0     127.3881735954450
 2400.0     129.5912621840614
 2500.0     131.7108982927366
 2600.0     133.7536497318148
 2700.0     135.7253866235700
 2800.0     137.6313487919066
 2900.0     139.4762296475269
 3000.0     141.2642706150739
 3100.0     142.9993152455090
 3200.0     144.6848409723715
 3300.0     146.3240193875086
 3400.0     147.9197425562838
 3500.0     149.4746753032634
 3600.0     150.9912674205580
 3700.0     152.4717567271140
 3800.0     153.9182264244797
 3900.0     155.3326013715606
 4000.0     156.7166684182037
 4100.0     158.0721096625980
 4200.0     159.4004521663893
 4300.0     160.7031666416452
 4400.0     161.9816250090476
 4500.0     163.2370840612284
 4600.0     164.4707594812773
 4700.0     165.6837842420453
 4800.0     166.8772453344116
 4900.0     168.0521635562826
 5000.0     169.2095094723157
 5100.0     170.3501501720577
 5200.0     171.4750649562594
 5300.0     172.5850315391651
 5400.0     173.6808627070332
 5500.0     174.7633723723078
 5600.0     175.8332393387157
 5700.0     176.8912630659018
 5800.0     177.9380953088095
 5900.0     178.9744909158389
 6000.0     180.0008476317916
# P = 17.000000 (GPa)
    0.0      -2.9267566948370
  100.0       7.5383902087621
  200.0      20.1805379953739
  300.0      32.8296512362529
  400.0      43.6640013794079
  500.0      53.0424663516321
  600.0      61.1443121569797
  700.0      68.2443184112174
  800.0      74.5382839691795
  900.0      80.1817321979474
 1000.0      85.2912821042633
 1100.0      89.9568602542059
 1200.0      94.2482932906044
 1300.0      98.2207301131066
 1400.0     101.9183123342258
 1500.0     105.3768516562329
 1600.0     108.6257344831340
 1700.0     111.6893813484026
 1800.0     114.5882575951030
 1900.0     117.3396784630506
 2000.0     119.9584322768982
 2100.0     122.4572374638342
 2200.0     124.8471018062436
 2300.0     127.1376038418739
 2400.0     129.3371899065184
 2500.0     131.4532597957755
 2600.0     133.4923764530356
 2700.0     135.4604053523292
 2800.0     137.3625807570439
 2900.0     139.2035914628696
 3000.0     140.9876762574362
 3100.0     142.7186708795450
 3200.0     144.4000518295498
 3300.0     146.0349842063732
 3400.0     147.6263547083368
 3500.0     149.1768271084136
 3600.0     150.6888410956364
 3700.0     152.1646351035536
 3800.0     153.6062821399120
 3900.0     155.0157056461913
 4000.0     156.3946842491038
 4100.0     157.7448954887267
 4200.0     159.0678600279014
 4300.0     160.3650417420877
 4400.0     161.6378068124868
 4500.0     162.8874040851506
 4600.0     164.1150417254589
 4700.0     165.3218453351762
 4800.0     166.5088927667196
 4900.0     167.6771981365926
 5000.0     168.8277205341517
 5100.0     169.9613154335092
 5200.0     171.0789588112814
 5300.0     172.1814077646962
 5400.0     173.2694734672936
 5500.0     174.3439476002418
 5600.0     175.4055017993728
 5700.0     176.4549201549580
 5800.0     177.4928363500255
 5900.0     178.5199957064279
 6000.0     179.5367751111441
# P = 18.000000 (GPa)
    0.0      -2.9203816742428
  100.0       7.5132210432795
  200.0      20.1075710447651
  300.0      32.7115245088702
  400.0      43.5179612057590
  500.0      52.8788402900360
  600.0      60.9690228207273
  700.0      68.0606551999907
  800.0      74.3481857963076
  900.0      79.9863812305600
 1000.0      85.0914342934619
 1100.0      89.7530071082482
 1200.0      94.0407534395825
 1300.0      98.0097205558468
 1400.0     101.7039792800784
 1500.0     105.1592833618586
 1600.0     108.4049849365025
 1700.0     111.4654817220692
 1800.0     114.3612143246660
 1900.0     117.1094816564755
 2000.0     119.7250639644789
 2100.0     122.2206665254562
 2200.0     124.6072875118416
 2300.0     126.8945019940362
 2400.0     129.0907472267896
 2500.0     131.2034176465601
 2600.0     133.2390725744454
 2700.0     135.2035715779748
 2800.0     137.1021445689524
 2900.0     138.9394761648990
 3000.0     140.7198017558932
 3100.0     142.4469510499488
 3200.0     144.1243982548166
 3300.0     145.7553041176637
 3400.0     147.3425488385634
 3500.0     148.8887962852715
 3600.0     150.3964769954350
 3700.0     151.8678280011646
 3800.0     153.3049166765283
 3900.0     154.7096603231864
 4000.0     156.0838359414593
 4100.0     157.4291107077993
 4200.0     158.7470054369383
 4300.0     160.0389727267269
 4400.0     161.3063775980853
 4500.0     162.5504585507668
 4600.0     163.7724198290285
 4700.0     164.9733776842321
 4800.0     166.1544045192506
 4900.0     167.3165060431590
 5000.0     168.4606323781677
 5100.0     169.5876299727428
 5200.0     170.6984664354619
 5300.0     171.7938909905100
 5400.0     172.8746978974850
 5500.0     173.9416780249231
 5600.0     174.9954786227651
 5700.0     176.0368813210717
 5800.0     177.0665052818104
 5900.0     178.0850733067013
 6000.0     179.0929625367525
# P = 19.000000 (GPa)
    0.0      -2.9144743827298
  100.0       7.4897410588661
  200.0      20.0378441060502
  300.0      32.5975337026692
  400.0      43.3764837904314
  500.0      52.7200371863879
  600.0      60.7987391978132
  700.0      67.8821402343967
  800.0      74.1633596265367
  900.0      79.7964228615300
 1000.0      84.8970959118123
 1100.0      89.5547729457297
 1200.0      93.8389447660186
 1300.0      97.8045581863277
 1400.0     101.4956089578940
 1500.0     104.9477936569733
 1600.0     108.1904359810527
 1700.0     111.2479074191979
 1800.0     114.1406214658470
 1900.0     116.8858664270536
 2000.0     119.4984125193153
 2100.0     121.9909496215134
 2200.0     124.3744698803911
 2300.0     126.6585444224007
 2400.0     128.8515998009960
 2500.0     130.9610270024870
 2600.0     132.9933821655491
 2700.0     134.9545176529095
 2800.0     136.8496604033694
 2900.0     138.6834913963820
 3000.0     140.4602414564195
 3100.0     142.1837361121810
 3200.0     143.8574465251703
 3300.0     145.4845298144827
 3400.0     147.0678604210835
 3500.0     148.6101012287447
 3600.0     150.1136761857796
 3700.0     151.5808184060452
 3800.0     153.0135935535134
 3900.0     154.4139099577332
 4000.0     155.7835455420901
 4100.0     157.1241572946473
 4200.0     158.4372648613953
 4300.0     159.7243136947386
 4400.0     160.9866635686313
 4500.0     162.2255485552280
 4600.0     163.4421643415855
 4700.0     164.6376234304681
 4800.0     165.8129895893944
 4900.0     166.9692631908228
 5000.0     168.1073860727699
 5100.0     169.2281946116404
 5200.0     170.3326537877513
 5300.0     171.4214976235950
 5400.0     172.4955166306122
 5500.0     173.5554879666331
 5600.0     174.6020492764187
 5700.0     175.6359730960900
 5800.0     176.6578632451315
 5900.0     177.6684369155038
 6000.0     178.6680461768736
# P = 20.000000 (GPa)
    0.0      -2.9090076657234
  100.0       7.4678862435945
  200.0      19.9712319764092
  300.0      32.4875216771770
  400.0      43.2394035227775
  500.0      52.5658836774238
  600.0      60.6332758778458
  700.0      67.7085797695639
  800.0      73.9836101071096
  900.0      79.6116573208289
 1000.0      84.7080569892759
 1100.0      89.3619415048648
 1200.0      93.6426477522807
 1300.0      97.6050172684165
 1400.0     101.2929657665482
 1500.0     104.7421424469744
 1600.0     107.9818412725193
 1700.0     111.0364028688874
 1800.0     113.9262165895291
 1900.0     116.6685632091461
 2000.0     119.2781996762525
 2100.0     121.7677998505626
 2200.0     124.1483537944854
 2300.0     126.4294268335523
 2400.0     128.6194335038997
 2500.0     130.7257642280906
 2600.0     132.7549713385901
 2700.0     134.7128988023649
 2800.0     136.6047724694849
 2900.0     138.4352697595083
 3000.0     140.2086157955520
 3100.0     141.9286337465184
 3200.0     143.5987913833311
 3300.0     145.2222419370745
 3400.0     146.8018556866110
 3500.0     148.3402931948251
 3600.0     149.8399737278445
 3700.0     151.3031254904473
 3800.0     152.7318137427315
 3900.0     154.1279383982620
 4000.0     155.4932767232208
 4100.0     156.8294794457604
 4200.0     158.1380609285396
 4300.0     159.4204654611568
 4400.0     160.6780423886603
 4500.0     161.9120269497830
 4600.0     163.1236031529034
 4700.0     164.3138825237180
 4800.0     165.4839197894611
 4900.0     166.6347112725410
 5000.0     167.7671904677512
 5100.0     168.8821865693302
 5200.0     169.9806591973509
 5300.0     171.0633327321218
 5400.0     172.1309898705137
 5500.0     173.1843998311333
 5600.0     174.2241892218398
 5700.0     175.2511210971699
 5800.0     176.2657931666734
 5900.0     177.2689023447189
 6000.0     178.2608030597426
# P = 21.000000 (GPa)
    0.0      -2.9039556536678
  100.0       7.4475958426614
  200.0      19.9076168475105
  300.0      32.3813457892039
  400.0      43.1065647613951
  500.0      52.4162101005076
  600.0      60.4724541936514
  700.0      67.5397933428011
  800.0      73.8087546775567
  900.0      79.4318924625974
 1000.0      84.5241166338735
 1100.0      89.1743109185780
 1200.0      93.4516559823449
 1300.0      97.4108811971621
 1400.0     101.0958276281828
 1500.0     104.5421036703086
 1600.0     107.7789679082125
 1700.0     110.8307258885189
 1800.0     113.7177526598018
 1900.0     116.4573184263775
 2000.0     119.0641623217817
 2100.0     121.5509472439871
 2200.0     123.9286617883333
 2300.0     126.2068624922535
 2400.0     128.3939529954604
 2500.0     130.4973253517440
 2600.0     132.5235263516244
 2700.0     134.4783913487457
 2800.0     136.3671471147349
 2900.0     138.1944667828632
 3000.0     139.9645691268987
 3100.0     141.6812767470953
 3200.0     143.3480535706477
 3300.0     144.9680484606933
 3400.0     146.5441293297199
 3500.0     148.0789532957378
 3600.0     149.5749359123364
 3700.0     151.0343009862625
 3800.0     152.4591126900337
 3900.0     153.8512645141520
 4000.0     155.2125311727331
 4100.0     156.5445602169375
 4200.0     157.8488585686113
 4300.0     159.1268715829914
 4400.0     160.3799384432548
 4500.0     161.6092939123731
 4600.0     162.8161149290900
 4700.0     164.0015072873214
 4800.0     165.1665234349967
 4900.0     166.3121496195752
 5000.0     167.4393181848981
 5100.0     168.5488463340296
 5200.0     169.6416932788522
 5300.0     170.7185713373306
 5400.0     171.7802585524486
 5500.0     172.8275162812442
 5600.0     173.8609598754605
 5700.0     174.8813484138982
 5800.0     175.8892660241219
 5900.0     176.8854027538145
 6000.0     177.8701052849886
# P = 22.000000 (GPa)
    0.0      -2.8992947571352
  100.0       7.4288137702146
  200.0      19.8468905786470
  300.0      32.2788680195105
  400.0      42.9778133575768
  500.0      52.2708523567455
  600.0      60.3161080147106
  700.0      67.3756145673414
  800.0      73.6386170385551
  900.0      79.2569418706233
 1000.0      84.3450877548367
 1100.0      88.9916920837052
 1200.0      93.2657712518650
 1300.0      97.2219433860511
 1400.0     100.9039868599617
 1500.0     104.3474646536859
 1600.0     107.5815928187664
 1700.0     110.6306488014910
 1800.0     113.5149971429954
 1900.0     116.2518918303318
 2000.0     118.8560517709739
 2100.0     121.3401376773077
 2200.0     123.7151327421748
 2300.0     125.9905806297828
 2400.0     128.1748804788162
 2500.0     130.2754247425652
 2600.0     132.2987517949396
 2700.0     134.2506911757423
 2800.0     136.1364711785411
 2900.0     137.9607589733791
 3000.0     139.7277678278644
 3100.0     141.4413210276174
 3200.0     143.1048776674259
 3300.0     144.7215823878914
 3400.0     146.2943022584562
 3500.0     147.8256898619662
 3600.0     149.3181576708333
 3700.0     150.7739261717760
 3800.0     152.1950571945845
 3900.0     153.5834397361123
 4000.0     154.9408449740069
 4100.0     156.2689184955801
 4200.0     157.5691602290335
 4300.0     158.8430154022130
 4400.0     160.0918162866349
 4500.0     161.3167937339778
 4600.0     162.5191228367291
 4700.0     163.6998993774418
 4800.0     164.8601778722256
 4900.0     166.0009328152468
 5000.0     167.1230960583684
 5100.0     168.2274753918996
 5200.0     169.3150271741104
 5300.0     170.3864554906176
 5400.0     171.4425322698460
 5500.0     172.4840126571702
 5600.0     173.5115027102249
 5700.0     174.5257555384802
 5800.0     175.5273463109280
 5900.0     176.5169588096541
 6000.0     177.4949158191554
# P = 23.000000 (GPa)
    0.0      -2.8950026146957
  100.0       7.4114853511595
  200.0      19.7889454128904
  300.0      32.1799525929742
  400.0      42.8530006649426
  500.0      52.1296597365209
  600.0      60.1640861455145
  700.0      67.2158807316322
  800.0      73.4730241359009
  900.0      79.0866317075428
 1000.0      84.1707973156195
 1100.0      88.8139033793334
 1200.0      93.0848015243212
 1300.0      97.0380116195962
 1400.0     100.7172485494395
 1500.0     104.1580210677804
 1600.0     107.3895041930668
 1700.0     110.4359581185304
 1800.0     113.3177310637208
 1900.0     116.0520540188858
 2000.0     118.6536345632097
 2100.0     121.1351320764592
 2200.0     123.5075189278670
 2300.0     125.7803260769794
 2400.0     127.9619545580978
 2500.0     130.0597932654535
 2600.0     132.0803691771799
 2700.0     134.0295123697861
 2800.0     135.9124504516830
 2900.0     137.7338420070536
 3000.0     139.4978986526292
 3100.0     141.2084438424285
 3200.0     142.8689301107947
 3300.0     144.4824997287167
 3400.0     146.0520194903735
 3500.0     147.5801361286324
 3600.0     149.0692601342840
 3700.0     150.5216095723291
 3800.0     151.9392426071467
 3900.0     153.3240453603291
 4000.0     154.6777854397729
 4100.0     156.0021060654551
 4200.0     157.2985019049962
 4300.0     158.5684164977746
 4400.0     159.8131777169469
 4500.0     161.0340108092345
 4600.0     162.2320910691235
 4700.0     163.4085045201077
 4800.0     164.5643060293930
 4900.0     165.7004628880970
 5000.0     166.8179015519535
 5100.0     167.9174277795147
 5200.0     168.9999881192744
 5300.0     170.0662862148670
 5400.0     171.1170825142748
 5500.0     172.1531312797412
 5600.0     173.1750267750878
 5700.0     174.1835190910269
 5800.0     175.1791750936680
 5900.0     176.1626662758386
 6000.0     177.1343268581242
# P = 24.000000 (GPa)
    0.0      -2.8910576173453
  100.0       7.3955579874582
  200.0      19.7336781088917
  300.0      32.0844711337189
  400.0      42.7319943605777
  500.0      51.9924944863916
  600.0      60.0162371268216
  700.0      67.0604309742425
  800.0      73.3118150831522
  900.0      78.9208038907587
 1000.0      84.0010780902041
 1100.0      88.6407662341026
 1200.0      92.9085679182230
 1300.0      96.8589073330153
 1400.0     100.5354256158744
 1500.0     103.9735758182001
 1600.0     107.2025050082177
 1700.0     110.2464532827917
 1800.0     113.1257438828368
 1900.0     115.8575881335947
 2000.0     118.4566912595626
 2100.0     120.9357049081655
 2200.0     123.3055847101724
 2300.0     125.5758591370811
 2400.0     127.7549294461764
 2500.0     129.8501757660511
 2600.0     131.8681165834749
 2700.0     133.8145860544318
 2800.0     135.6948074334242
 2900.0     137.5134296025244
 3000.0     139.2746672710574
 3100.0     140.9823418405211
 3200.0     142.6398975460482
 3300.0     144.2504777238076
 3400.0     145.8169481332292
 3500.0     147.3419482047987
 3600.0     148.8278884731145
 3700.0     150.2769847846002
 3800.0     151.6912903499977
 3900.0     153.0726900948048
 4000.0     154.4229482542091
 4100.0     155.7437046593785
 4200.0     157.0364507319213
 4300.0     158.3026272551110
 4400.0     159.5435587846893
 4500.0     160.7604653843120
 4600.0     161.9545217965232
 4700.0     163.1268068103683
 4800.0     164.2783728909658
 4900.0     165.4101844628596
 5000.0     166.5231591290309
 5100.0     167.6181044275642
 5200.0     168.6959558893124
 5300.0     169.7574163145748
 5400.0     170.8032385786302
 5500.0     171.8341718801296
 5600.0     172.8508051061260
 5700.0     173.8538803351481
 5800.0     174.8439612356148
 5900.0     175.8217071515259
 6000.0     176.7874545975353
# P = 25.000000 (GPa)
    0.0      -2.8874391524370
  100.0       7.3809827093996
  200.0      19.6809958863867
  300.0      31.9923104640285
  400.0      42.6146667766406
  500.0      51.8592149210154
  600.0      59.8724117210875
  700.0      66.9091181166274
  800.0      73.1548457684982
  900.0      78.7593031402907
 1000.0      83.8357635586124
 1100.0      88.4721143300944
 1200.0      92.7369069983429
 1300.0      96.6844585601031
 1400.0     100.3583346968530
 1500.0     103.7939456983376
 1600.0     107.0204114609240
 1700.0     110.0619415762256
 1800.0     112.9388336670766
 1900.0     115.6682922318711
 2000.0     118.2650156045214
 2100.0     120.7416394162021
 2200.0     123.1091081879072
 2300.0     125.3769542888381
 2400.0     127.5535727178607
 2500.0     129.6463303829432
 2600.0     131.6617476616355
 2700.0     133.6056594370692
 2800.0     135.4832795995746
 2900.0     137.2992525537384
 3000.0     139.0577970633793
 3100.0     140.7627291209785
 3200.0     142.4174854591050
 3300.0     144.0252133070254
 3400.0     145.5887754332954
 3500.0     147.1108033104523
 3600.0     148.5937100086656
 3700.0     150.0397083904728
 3800.0     151.4508457584124
 3900.0     152.8290077859527
 4000.0     154.1759551647172
 4100.0     155.4933233340222
 4200.0     156.7826024578869
 4300.0     158.0452298917733
 4400.0     159.2825269504318
 4500.0     160.4957099504960
 4600.0     161.6859517130056
 4700.0     162.8543260227210
 4800.0     164.0018814896441
 4900.0     165.1295814967980
 5000.0     166.2383349422703
 5100.0     167.3289500412379
 5200.0     168.4023548661874
 5300.0     169.4592473040346
 5400.0     170.5003790804418
 5500.0     171.5264885325668
 5600.0     172.5381656500905
 5700.0     173.5361408670343
 5800.0     174.5209763822966
 5900.0     175.4933249806935
 6000.0     176.4535041590888
# P = 26.000000 (GPa)
    0.0      -2.8841289262907
  100.0       7.3677131607358
  200.0      19.6308075497670
  300.0      31.9033533182510
  400.0      42.5008874251431
  500.0      51.7296846629930
  600.0      59.7324784165002
  700.0      66.7618100880741
  800.0      73.0019701094499
  900.0      78.6019737262137
 1000.0      83.6747000839191
 1100.0      88.3077983591938
 1200.0      92.5696595837600
 1300.0      96.5144943019406
 1400.0     100.1858052378680
 1500.0     103.6189624050176
 1600.0     106.8430466044726
 1700.0     109.8822350467144
 1800.0     112.7568130486684
 1900.0     115.4839772993141
 2000.0     118.0784090880704
 2100.0     120.5527289232657
 2200.0     122.9178822035551
 2300.0     125.1833994030678
 2400.0     127.3576614679006
 2500.0     129.4480299870089
 2600.0     131.4610306698630
 2700.0     133.4024929255363
 2800.0     135.2776188016815
 2900.0     137.0910575782852
 3000.0     138.8470278500453
 3100.0     140.5493356517950
 3200.0     142.2014169387231
 3300.0     143.8064218132464
 3400.0     145.3672069244385
 3500.0     146.8863982557512
 3600.0     148.3664125802440
 3700.0     149.8094579624261
 3800.0     151.2175761992842
 3900.0     152.5926554092596
 4000.0     153.9364518389248
 4100.0     155.2505961633004
 4200.0     156.5365790936583
 4300.0     157.7958338538616
 4400.0     159.0296783160919
 4500.0     160.2393267591239
 4600.0     161.4259488485031
 4700.0     162.5906146678955
 4800.0     163.7343691513778
 4900.0     164.8581741736034
 5000.0     165.9629318674691
 5100.0     167.0494493818542
 5200.0     168.1186502785083
 5300.0     169.1712253062672
 5400.0     170.2079276788877
 5500.0     171.2294847708828
 5600.0     172.2364863988185
 5700.0     173.2296556916330
 5800.0     174.2095491378700
 5900.0     175.1768173693357
 6000.0     176.1317636727192
# P = 27.000000 (GPa)
    0.0      -2.8811086061342
  100.0       7.3557035834952
  200.0      19.5830227712688
  300.0      31.8174862097001
  400.0      42.3905384559281
  500.0      51.6037882686612
  600.0      59.5963126697590
  700.0      66.6183677881252
  800.0      72.8530427993849
  900.0      78.4486758293985
 1000.0      83.5177512699056
 1100.0      88.1476692095980
 1200.0      92.4066655918541
 1300.0      96.3488564650999
 1400.0     100.0176833202768
 1500.0     103.4484624859913
 1600.0     106.6702352245889
 1700.0     109.7071592887865
 1800.0     112.5795089461965
 1900.0     115.3044612226219
 2000.0     117.8966792452097
 2100.0     120.3687818133684
 2200.0     122.7317124619187
 2300.0     124.9949900635625
 2400.0     127.1669842836222
 2500.0     129.2550618984474
 2600.0     131.2657473491301
 2700.0     133.2048575216343
 2800.0     135.0775923329872
 2900.0     136.8886065425200
 3000.0     138.6421127004940
 3100.0     140.3419069213794
 3200.0     141.9914315360413
 3300.0     143.5938352064680
 3400.0     145.1519649089646
 3500.0     146.6684481041509
 3600.0     148.1457030894401
 3700.0     149.5859301757743
 3800.0     150.9911694410128
 3900.0     152.3633113244915
 4000.0     153.7041058149959
 4100.0     155.0151802272250
 4200.0     156.2980268089678
 4300.0     157.5540734893466
 4400.0     158.7846351714695
 4500.0     159.9909254807586
 4600.0     161.1741097429886
 4700.0     162.3352552718660
 4800.0     163.4754041727165
 4900.0     164.5955155921240
 5000.0     165.6964869317659
 5100.0     166.7791233718424
 5200.0     167.8443450075230
 5300.0     168.8928360273824
 5400.0     169.9253499211472
 5500.0     170.9426064442939
 5600.0     171.9451918474721
 5700.0     172.9338270006818
 5800.0     173.9090592769670
 5900.0     174.8715376985085
 6000.0     175.8215649928073
# P = 28.000000 (GPa)
    0.0      -2.8783606712231
  100.0       7.3449114762177
  200.0      19.5375613665877
  300.0      31.7346127576981
  400.0      42.2835135021884
  500.0      51.4814043978177
  600.0      59.4637824400321
  700.0      66.4786581315771
  800.0      72.7079395159009
  900.0      78.2992830017176
 1000.0      83.3647752272213
 1100.0      87.9915768531382
 1200.0      92.2477800923644
 1300.0      96.1874044377736
 1400.0      99.8538163797391
 1500.0     103.2822820055394
 1600.0     106.5018154228825
 1700.0     109.5365559557423
 1800.0     112.4067533900696
 1900.0     115.1295646310677
 2000.0     117.7196479002319
 2100.0     120.1896201686186
 2200.0     122.5504115272719
 2300.0     124.8115293207407
 2400.0     126.9813450719730
 2500.0     129.0672264079942
 2600.0     131.0756873144755
 2700.0     133.0125370319011
 2800.0     134.8829817298537
 2900.0     136.6916747326499
 3000.0     138.4428165545668
 3100.0     140.1402041522034
 3200.0     141.7872845022385
 3300.0     143.3871992055398
 3400.0     144.9427882672154
 3500.0     146.4566849986960
 3600.0     147.9313052309561
 3700.0     149.3688395611016
 3800.0     150.7713321994893
 3900.0     152.1406734782774
 4000.0     153.4786046878830
 4100.0     154.7867538565244
 4200.0     156.0666139999452
 4300.0     157.3196059810237
 4400.0     158.5470438462239
 4500.0     159.7501409643743
 4600.0     160.9300569903183
 4700.0     162.0878577858972
 4800.0     163.2245833540294
 4900.0     164.3411887815039
 5000.0     165.4385684711055
 5100.0     166.5175257212914
 5200.0     167.5789764860222
 5300.0     168.6236003860870
 5400.0     169.6521494842726
 5500.0     170.6653385739058
 5600.0     171.6637487349315
 5700.0     172.6481004083453
 5800.0     173.6189323800455
 5900.0     174.5768899339191
 6000.0     175.5222810080989
# P = 29.000000 (GPa)
    0.0      -2.8758696836879
  100.0       7.3352965812141
  200.0      19.4943444463405
  300.0      31.6546306850420
  400.0      42.1796968621603
  500.0      51.3624117365158
  600.0      59.3347718872380
  700.0      66.3425708150852
  800.0      72.5665383729511
  900.0      78.1536588342626
 1000.0      83.2156326616036
 1100.0      87.8393910951111
 1200.0      92.0928736070601
 1300.0      96.0299936305096
 1400.0      99.6940506710865
 1500.0     103.1202719967038
 1600.0     106.3376424817602
 1700.0     109.3702686947870
 1800.0     112.2383787040247
 1900.0     114.9591220401575
 2000.0     117.5471522764897
 2100.0     120.0150713241063
 2200.0     122.3737958718657
 2300.0     124.6328351553452
 2400.0     126.8005609671135
 2500.0     128.8843306228292
 2600.0     130.8906491279377
 2700.0     132.8253305628413
 2800.0     134.6935816879723
 2900.0     136.5000457933876
 3000.0     138.2489182988859
 3100.0     139.9440029022577
 3200.0     141.5887443485471
 3300.0     143.1862726435599
 3400.0     144.7394316858293
 3500.0     146.2508572732339
 3600.0     147.7229573940740
 3700.0     149.1579179051012
 3800.0     150.5577889463509
 3900.0     151.9244571224575
 4000.0     153.2596549419664
 4100.0     154.5650150932443
 4200.0     155.8420291889888
 4300.0     157.0921096230985
 4400.0     158.3165728222658
 4500.0     159.5166310985332
 4600.0     160.6934370846445
 4700.0     161.8480572908639
 4800.0     162.9815296992326
 4900.0     164.0948040601691
 5000.0     165.1887735240636
 5100.0     166.2642398692697
 5200.0     167.3221135591675
 5300.0     168.3630719500742
 5400.0     169.3878645055653
 5500.0     170.3972021757119
 5600.0     171.3916614947443
 5700.0     172.3719614440737
 5800.0     173.3386346922053
 5900.0     174.2923213384930
 6000.0     175.2333335106438
# P = 30.000000 (GPa)
    0.0      -2.8736199063612
  100.0       7.3268189830285
  200.0      19.4532929290447
  300.0      31.5774410502332
  400.0      42.0789875021383
  500.0      51.2467126053733
  600.0      59.2091755982977
  700.0      66.2099844883278
  800.0      72.4287096919989
  900.0      78.0116783738088
 1000.0      83.0702084234303
 1100.0      87.6909889258908
 1200.0      91.9418071283765
 1300.0      95.8764806274935
 1400.0      99.5382514915494
 1500.0     102.9622995505637
 1600.0     106.1775688022694
 1700.0     109.2081403300431
 1800.0     112.0742322849920
 1900.0     114.7929846373920
 2000.0     117.3790320066166
 2100.0     119.8449638623825
 2200.0     122.2016964551125
 2300.0     124.4587402762658
 2400.0     126.6244544649029
 2500.0     128.7061868304117
 2600.0     130.7104467606308
 2700.0     132.6430501738184
 2800.0     134.5091937448035
 2900.0     136.3135137476317
 3000.0     138.0602118965231
 3100.0     139.7530920514647
 3200.0     141.3955887695273
 3300.0     142.9908292399768
 3400.0     144.5416645685947
 3500.0     146.0507264052417
 3600.0     147.5204121855945
 3700.0     148.9529130307452
 3800.0     150.3502807376632
 3900.0     151.7143932142207
 4000.0     153.0469807546996
 4100.0     154.3496804278113
 4200.0     155.6239791068365
 4300.0     156.8712823256799
 4400.0     158.0929111140248
 4500.0     159.2900747685390
 4600.0     160.4639185473439
 4700.0     161.6155119936285
 4800.0     162.7458902127794
 4900.0     163.8559967402676
 5000.0     164.9467254195069
 5100.0     166.0188765176241
 5200.0     167.0733536870120
 5300.0     168.1108342649589
 5400.0     169.1320644064262
 5500.0     170.1377512263430
 5600.0     171.1284684099934
 5700.0     172.1049318582995
 5800.0     173.0676702444199
 5900.0     174.0173182475268
 6000.0     174.9541895966746
# P = 31.000000 (GPa)
    0.0      -2.8715967956201
  100.0       7.3194421221741
  200.0      19.4143387393632
  300.0      31.5029614937095
  400.0      41.9812921070810
  500.0      51.1341986753104
  600.0      59.0868752852881
  700.0      66.0807819620349
  800.0      72.2943470167634
  900.0      77.8732359547775
 1000.0      82.9283807078913
 1100.0      87.5462369199859
 1200.0      91.7944502122613
 1300.0      95.7267458896379
 1400.0      99.3862937556342
 1500.0     102.8082231878644
 1600.0     106.0214475063661
 1700.0     109.0500322361482
 1800.0     111.9141776271745
 1900.0     114.6310015592895
 2000.0     117.2151265478643
 2100.0     119.6791416775088
 2200.0     122.0339603157270
 2300.0     124.2890801352113
 2400.0     126.4528503634488
 2500.0     128.5326223640346
 2600.0     130.5349082880977
 2700.0     132.4655133950393
 2800.0     134.3296259550648
 2900.0     136.1318883256905
 3000.0     137.8765041913744
 3100.0     139.5672674789971
 3200.0     141.2076071600338
 3300.0     142.8006575055049
 3400.0     144.3492697239279
 3500.0     145.8560641300939
 3600.0     147.3234378149742
 3700.0     148.7535879942172
 3800.0     150.1485618319270
 3900.0     151.5102279973966
 4000.0     152.8403228298015
 4100.0     154.1404832251754
 4200.0     155.4121870635144
 4300.0     156.6568403060362
 4400.0     157.8757668879604
 4500.0     159.0701699084250
 4600.0     160.2411903162408
 4700.0     161.3899014960510
 4800.0     162.5173337959812
 4900.0     163.6244251305290
 5000.0     164.7120716419021
 5100.0     165.7810713648209
 5200.0     166.8323204892282
 5300.0     167.8664983559970
 5400.0     168.8843471146509
 5500.0     169.8865697113436
 5600.0     170.8737389702582
 5700.0     171.8465662620305
 5800.0     172.8055775247562
 5900.0     173.7514027227247
 6000.0     174.6843553057671
# P = 32.000000 (GPa)
    0.0      -2.8697869048823
  100.0       7.3131301752953
  200.0      19.3774107248108
  300.0      31.4310989609975
  400.0      41.8865068315422
  500.0      51.0247653590351
  600.0      58.9677746999193
  700.0      65.9548701231747
  800.0      72.1633435674326
  900.0      77.7382096508989
 1000.0      82.7900254946432
 1100.0      87.4050221403102
 1200.0      91.6506950456875
 1300.0      95.5806667483129
 1400.0      99.2380413239445
 1500.0     102.6579082952179
 1600.0     105.8691550467494
 1700.0     108.8958167396888
 1800.0     111.7580706445775
 1900.0     114.4730226959514
 2000.0     117.0552935995295
 2100.0     119.5174645530204
 2200.0     121.8704331344996
 2300.0     124.1236908004120
 2400.0     126.2855890598321
 2500.0     128.3634800233856
 2600.0     130.3638648470225
 2700.0     132.2925411741654
 2800.0     134.1547018953890
 2900.0     135.9549928350788
 3000.0     137.6976076322169
 3100.0     139.3863329397593
 3200.0     141.0246047344935
 3300.0     142.6155589080526
 3400.0     144.1620373071197
 3500.0     145.6666550926008
 3600.0     147.1318170708408
 3700.0     148.5597192476875
 3800.0     149.9523979743259
 3900.0     151.3117237412057
 4000.0     152.6394376494409
 4100.0     153.9371704245285
 4200.0     155.2063927453728
 4300.0     156.4485168955612
 4400.0     157.6648653906866
 4500.0     158.8566319943436
 4600.0     160.0249603177157
 4700.0     161.1709252197205
 4800.0     162.2955492687929
 4900.0     163.3997688056021
 5000.0     164.4844819795113
 5100.0     165.5504829413997
 5200.0     166.5986616078792
 5300.0     167.6297004917782
 5400.0     168.6443365971064
 5500.0     169.6432690135666
 5600.0     170.6270713713783
 5700.0     171.5964491487896
 5800.0     172.5519264412464
 5900.0     173.4941295021481
 6000.0     174.4233704650210
# P = 33.000000 (GPa)
    0.0      -2.8681767766014
  100.0       7.3078486737019
  200.0      19.3424416016878
  300.0      31.3617724059129
  400.0      41.7945505729643
  500.0      50.9183292646977
  600.0      58.8517774411762
  700.0      65.8321374309289
  800.0      72.0355839204024
  900.0      77.6064936258374
 1000.0      82.6550465769203
 1100.0      87.2672386723524
 1200.0      91.5104183509442
 1300.0      95.4381150765088
 1400.0      99.0933761449576
 1500.0     102.5112442234434
 1600.0     105.7205673479104
 1700.0     108.7453552392159
 1800.0     111.6057731004364
 1900.0     114.3189206947744
 2000.0     116.8994026005309
 2100.0     119.3597856415857
 2200.0     121.7109616311121
 2300.0     123.9624263806540
 2400.0     126.1225265238480
 2500.0     128.1986018812933
 2600.0     130.1971490558218
 2700.0     132.1239703473723
 2800.0     133.9842600170535
 2900.0     135.7826539765666
 3000.0     137.5233392348694
 3100.0     139.2101080822127
 3200.0     140.8463998966840
 3300.0     142.4353407057600
 3400.0     143.9797666844815
 3500.0     145.4822996823490
 3600.0     146.9453458609729
 3700.0     148.3710911837256
 3800.0     149.7615688785777
 3900.0     151.1186572937259
 4000.0     152.4440950312562
 4100.0     153.7395016994396
 4200.0     155.0063520182727
 4300.0     156.2460617318997
 4400.0     157.4599462110126
 4500.0     158.6491938018248
 4600.0     159.8149542497962
 4700.0     160.9582999671604
 4800.0     162.0802440890137
 4900.0     163.1817270636670
 5000.0     164.2636466043142
 5100.0     165.3267906928278
 5200.0     166.3720468426561
 5300.0     167.4001001449443
 5400.0     168.4116806599948
 5500.0     169.4074856284381
 5600.0     170.3880901440459
 5700.0     171.3541922750848
 5800.0     172.3063155670332
 5900.0     173.2450833531492
 6000.0     174.1708056963765
# P = 34.000000 (GPa)
    0.0      -2.8667543400562
  100.0       7.3035655564382
  200.0      19.3093716346431
  300.0      31.2949057632730
  400.0      41.7053331897458
  500.0      50.8147883483803
  600.0      58.7387789331266
  700.0      65.7124884149639
  800.0      71.9109818991083
  900.0      77.4779943007057
 1000.0      82.5233325010502
 1100.0      87.1327666612871
 1200.0      91.3735077312811
 1300.0      95.2989906745017
 1400.0      98.9521919501731
 1500.0     102.3681066387010
 1600.0     105.5755531060106
 1700.0     108.5985252632416
 1800.0     111.4571712446412
 1900.0     114.1685696854458
 2000.0     116.7473125232030
 2100.0     119.2059633193625
 2200.0     121.5554147334440
 2300.0     123.8051532233706
 2400.0     125.9635130062771
 2500.0     128.0378314704680
 2600.0     130.0346114328270
 2700.0     131.9596529673669
 2800.0     133.8181386543988
 2900.0     135.6147008337137
 3000.0     137.3535321691722
 3100.0     139.0384268902768
 3200.0     140.6728147982748
 3300.0     142.2598158883480
 3400.0     143.8022733735816
 3500.0     145.3028112633290
 3600.0     146.7638261457685
 3700.0     148.1874986626177
 3800.0     149.5758698079979
 3900.0     150.9308188021497
 4000.0     152.2540735602586
 4100.0     153.5472515856422
 4200.0     154.8118355992263
 4300.0     156.0492377551289
 4400.0     157.2607628021631
 4500.0     158.4476044144002
 4600.0     159.6109145889914
 4700.0     160.7517578976057
 4800.0     161.8711436277691
 4900.0     162.9700176777443
 5000.0     164.0492737149253
 5100.0     165.1096937196903
 5200.0     166.1521665227993
 5300.0     167.1773777876570
 5400.0     168.1860491136594
 5500.0     169.1788791596025
 5600.0     170.1564438948074
 5700.0     171.1194323636417
 5800.0     172.0683697139645
 5900.0     173.0038765649303
 6000.0     173.9262598487480
# P = 35.000000 (GPa)
    0.0      -2.8655076554350
  100.0       7.3002490071126
  200.0      19.2781361270086
  300.0      31.2304160966433
  400.0      41.6187684484399
  500.0      50.7140622089206
  600.0      58.6287028250538
  700.0      65.5958371715586
  800.0      71.7894344621053
  900.0      77.3526002895473
 1000.0      82.3947787852009
 1100.0      87.0015147873243
 1200.0      91.2398702497303
 1300.0      95.1631827038071
 1400.0      98.8143662377458
 1500.0     102.2283780712004
 1600.0     105.4340080459175
 1700.0     108.4552194289564
 1800.0     111.3121396011462
 1900.0     114.0218355729554
 2000.0     116.5988968344170
 2100.0     119.0558805838325
 2200.0     121.4036645023293
 2300.0     123.6517278382276
 2400.0     125.8084035900269
 2500.0     127.8810340138963
 2600.0     129.8761150766393
 2700.0     131.7994362554886
 2800.0     133.6561780962146
 2900.0     135.4509802830920
 3000.0     137.1880344651286
 3100.0     138.8711238407913
 3200.0     140.5036748888330
 3300.0     142.0888138269683
 3400.0     143.6293867664749
 3500.0     145.1280073248961
 3600.0     146.5870667781285
 3700.0     148.0087528464551
 3800.0     149.3951089465611
 3900.0     150.7480048290551
 4000.0     152.0691634495430
 4100.0     153.3602099371894
 4200.0     154.6226276563471
 4300.0     155.8578176751820
 4400.0     157.0670842259599
 4500.0     158.2516282187582
 4600.0     159.4125971912253
 4700.0     160.5510460593802
 4800.0     161.6679898893079
 4900.0     162.7643756116432
 5000.0     163.8410878645638
 5100.0     164.8989095183065
 5200.0     165.9387301722264
 5300.0     166.9612328603843
 5400.0     167.9671321938140
 5500.0     168.9571306004998
 5600.0     169.9318031449313
 5700.0     170.8918291108398
 5800.0     171.8377378163201
 5900.0     172.7701465615912
 6000.0     173.6893577492529
# P = 36.000000 (GPa)
    0.0      -2.8644255047978
  100.0       7.2978693933650
  200.0      19.2486810426870
  300.0      31.1682392311084
  400.0      41.5347857116709
  500.0      50.6160673465661
  600.0      58.5214514993986
  700.0      65.4820816710874
  800.0      71.6708483091166
  900.0      77.2302303561709
 1000.0      82.2693020210460
 1100.0      86.8733821981452
 1200.0      91.1093919046382
 1300.0      95.0305805702598
 1400.0      98.6798025516246
 1500.0     102.0919648187311
 1600.0     105.2958216138358
 1700.0     108.3153132509489
 1800.0     111.1705564247297
 1900.0     113.8786100091815
 2000.0     116.4540465464395
 2100.0     118.9094106758253
 2200.0     121.2555742238874
 2300.0     123.5020198208398
 2400.0     125.6570778986379
 2500.0     127.7280792953532
 2600.0     129.7215139716516
 2700.0     131.6431720215373
 2800.0     133.4982398318817
 2900.0     135.2913520369927
 3000.0     137.0266901959026
 3100.0     138.7080358985340
 3200.0     140.3388233223980
 3300.0     141.9221784203891
 3400.0     143.4609373673771
 3500.0     144.9577095704769
 3600.0     146.4148931757506
 3700.0     147.8346784084243
 3800.0     149.2190990088176
 3900.0     150.5700199687037
 4000.0     151.8891712629129
 4100.0     153.1781796052473
 4200.0     154.4385192564280
 4300.0     155.6715868994164
 4400.0     156.8786946669759
 4500.0     158.0610431705732
 4600.0     159.2197688008981
 4700.0     160.3559276940485
 4800.0     161.4705407101605
 4900.0     162.5645494629931
 5000.0     163.6388295020234
 5100.0     164.6941727504918
 5200.0     165.7314648639879
 5300.0     166.7513820469637
 5400.0     167.7546391772002
 5500.0     168.7419408807669
 5600.0     169.7138582739435
 5700.0     170.6710634756673
 5800.0     171.6140911058446
 5900.0     172.5435536294997
 6000.0     173.4597482534090
# P = 37.000000 (GPa)
    0.0      -2.8634974773902
  100.0       7.2963978419333
  200.0      19.2209479522733
  300.0      31.1082976740265
  400.0      41.4532979789374
  500.0      50.5207168698946
  600.0      58.4169472620738
  700.0      65.3711512315269
  800.0      71.5551455285256
  900.0      77.1107890740259
 1000.0      82.1467956620036
 1100.0      86.7482673329003
 1200.0      90.9819854927528
 1300.0      94.9011009044665
 1400.0      98.5484017681563
 1500.0     101.9587516171199
 1600.0     105.1608786359414
 1700.0     108.1787053299269
 1800.0     111.0323263738842
 1900.0     113.7387823753026
 2000.0     116.3126354875346
 2100.0     118.7664280574139
 2200.0     121.1110314638005
 2300.0     123.3559182162820
 2400.0     125.5094077521992
 2500.0     127.5788280574014
 2600.0     129.5706739456913
 2700.0     131.4907363984983
 2800.0     133.3441911964782
 2900.0     135.1356674789372
 3000.0     136.8693478775591
 3100.0     138.5490207633218
 3200.0     140.1781162978662
 3300.0     141.7597504796764
 3400.0     143.2967587212977
 3500.0     144.7917573292307
 3600.0     146.2471449913537
 3700.0     147.6651017655440
 3800.0     149.0476578318782
 3900.0     150.3966855180057
 4000.0     151.7139168253824
 4100.0     153.0009684114272
 4200.0     154.2593105986438
 4300.0     155.4903471381112
 4400.0     156.6953914806546
 4500.0     157.8756347479053
 4600.0     159.0322098306083
 4700.0     160.1661810791617
 4800.0     161.2785675926229
 4900.0     162.3702998928854
 5000.0     163.4422556606754
 5100.0     164.4952344608712
 5200.0     165.5301118066855
 5300.0     166.5475589484874
 5400.0     167.5482971211645
 5500.0     168.5330288006492
 5600.0     169.5023178495081
 5700.0     170.4568361738905
 5800.0     171.3971215036465
 5900.0     172.3237787805570
 6000.0     173.2371025200043
# P = 38.000000 (GPa)
    0.0      -2.8627130880175
  100.0       7.2958067175963
  200.0      19.1948849506149
  300.0      31.0505302646676
  400.0      41.3742434627846
  500.0      50.4279453751947
  600.0      58.3151119463244
  700.0      65.2629524484496
  800.0      71.4422278120815
  900.0      76.9941872192570
 1000.0      82.0271837636271
 1100.0      86.6260944946792
 1200.0      90.8575587933858
 1300.0      94.7746358331137
 1400.0      98.4200567089063
 1500.0     101.8286454972051
 1600.0     105.0290942510798
 1700.0     108.0452976524955
 1800.0     110.8973334981391
 1900.0     113.6022338493495
 2000.0     116.1745574649033
 2100.0     118.6268351048267
 2200.0     120.9699252545679
 2300.0     123.2132953229884
 2400.0     125.3652641372865
 2500.0     127.4331637482068
 2600.0     129.4234817719526
 2700.0     131.3419996584163
 2800.0     133.1938904156880
 2900.0     134.9837887221557
 3000.0     136.7158800339954
 3100.0     138.3939431696147
 3200.0     140.0214025171637
 3300.0     141.6013751823461
 3400.0     143.1367046639690
 3500.0     144.6300031611325
 3600.0     146.0836596590311
 3700.0     147.4998529364213
 3800.0     148.8806208053380
 3900.0     150.2278367670168
 4000.0     151.5432223487929
 4100.0     152.8283901955697
 4200.0     154.0848186788311
 4300.0     155.3139132387057
 4400.0     156.5169774738437
 4500.0     157.6951986027337
 4600.0     158.8497168812979
 4700.0     159.9815978993142
 4800.0     161.0918503237575
 4900.0     162.1814020935168
 5000.0     163.2511385026474
 5100.0     164.3018594632409
 5200.0     165.3344254238830
 5300.0     166.3495139774259
 5400.0     167.3478500167882
 5500.0     168.3301280774080
 5600.0     169.2969082887095
 5700.0     170.2488663830425
 5800.0     171.1865391693034
 5900.0     172.1105223299922
 6000.0     173.0211119566980
# P = 39.000000 (GPa)
    0.0      -2.8620631019762
  100.0       7.2960696470858
  200.0      19.1704410056747
  300.0      30.9948696746593
  400.0      41.2975425488770
  500.0      50.3376660806701
  600.0      58.2158616026419
  700.0      65.1574127503752
  800.0      71.3320301307189
  900.0      76.8803524854977
 1000.0      81.9103762144120
 1100.0      86.5067618237494
 1200.0      90.7360147317396
 1300.0      94.6511031933158
 1400.0      98.2946914144266
 1500.0     101.7015566998437
 1600.0     104.9003605097276
 1700.0     107.9149789958691
 1800.0     110.7654793353032
 1900.0     113.4688770052002
 2000.0     116.0397150670047
 2100.0     118.4905155078923
 2200.0     120.8321337083894
 2300.0     123.0740402722330
 2400.0     125.2245466459135
 2500.0     127.2909748033282
 2600.0     129.2798083197877
 2700.0     131.1968295382378
 2800.0     133.0472167790460
 2900.0     134.8355999852218
 3000.0     136.5661552739297
 3100.0     138.2426588263823
 3200.0     139.8685404003458
 3300.0     141.4469213223408
 3400.0     142.9806371852106
 3500.0     144.4722930009060
 3600.0     145.9242789541128
 3700.0     147.3387818056768
 3800.0     148.7178367263241
 3900.0     150.0633076590870
 4000.0     151.3769142093130
 4100.0     152.6602762804958
 4200.0     153.9148743027537
 4300.0     155.1421030870514
 4400.0     156.3432623497536
 4500.0     157.5195472412951
 4600.0     158.6720996882509
 4700.0     159.8019758188527
 4800.0     160.9101798391404
 4900.0     161.9976473054683
 5000.0     163.0652638615267
 5100.0     164.1138217357474
 5200.0     165.1441754332356
 5300.0     166.1570129716525
 5400.0     167.1530557718070
 5500.0     168.1329866995969
 5600.0     169.0973730304974
 5700.0     170.0468907248395
 5800.0     170.9820702436025
 5900.0     171.9035028538438
 6000.0     172.8114884511297
# P = 40.000000 (GPa)
    0.0      -2.8615381110064
  100.0       7.2971612120100
  200.0      19.1475656737399
  300.0      30.9412544190121
  400.0      41.2231349677157
  500.0      50.2498213842382
  600.0      58.1191347628698
  700.0      65.0544565496971
  800.0      71.2244619115502
  900.0      76.7691910833575
 1000.0      81.7962899776994
 1100.0      86.3901997470019
 1200.0      90.6172835391744
 1300.0      94.5304167250521
 1400.0      98.1722033403737
 1500.0     101.5773826508347
 1600.0     104.7745890983814
 1700.0     107.7876714145692
 1800.0     110.6366758283708
 1900.0     113.3386044801341
 2000.0     115.9079940296729
 2100.0     118.3573655502278
 2200.0     120.6975661020452
 2300.0     122.9380557928768
 2400.0     125.0871387976556
 2500.0     127.1521366703431
 2600.0     129.1395381492959
 2700.0     131.0551224259340
 2800.0     132.9040578869659
 2900.0     134.6909707833696
 3000.0     136.4200382465736
 3100.0     138.0950428213431
 3200.0     139.7194113513610
 3300.0     141.2962557329436
 3400.0     142.8284094620952
 3500.0     144.3184815745352
 3600.0     145.7688678154541
 3700.0     147.1817474763219
 3800.0     148.5591486745058
 3900.0     149.9029364939916
 4000.0     151.2148382436754
 4100.0     152.4964715725509
 4200.0     153.7493078061587
 4300.0     154.9747392946685
 4400.0     156.1740732290884
 4500.0     157.3485068597168
 4600.0     158.4991716853133
 4700.0     159.6271202552755
 4800.0     160.7333639571708
 4900.0     161.8188400079347
 5000.0     162.8844241307343
 5100.0     163.9309073165050
 5200.0     164.9591474716811
 5300.0     165.9698357128464
 5400.0     166.9636824269259
 5500.0     167.9413686297817
 5600.0     168.9034713944895
 5700.0     169.8506599210605
 5800.0     170.7834562845578
 5900.0     171.7024556275654
 6000.0     172.6079642342280
