# T (K)      Entropy-ph (J K^-1 mol^-1)
# V = 188.447500 (a.u.^3)
    5.0       0.0054771741783
  100.0      10.0382214439440
  200.0      27.3018256943718
  300.0      42.2061123132741
  400.0      54.3719317113375
  500.0      64.4187507225993
  600.0      72.9016628078429
  700.0      80.2130919628057
  800.0      86.6242015140586
  900.0      92.3257533698165
 1000.0      97.4554983064351
 1100.0     102.1155282495675
 1200.0     106.3833223436088
 1300.0     110.3189293296104
 1400.0     113.9697565278054
 1500.0     117.3738436450804
 1600.0     120.5621537171549
 1700.0     123.5602109474814
 1800.0     126.3892945979594
 1900.0     129.0673247008875
 2000.0     131.6095296813320
 2100.0     134.0289569036024
 2200.0     136.3368682525705
 2300.0     138.5430503246952
 2400.0     140.6560603352675
 2500.0     142.6834230289237
 2600.0     144.6317898174163
 2700.0     146.5070684898321
 2800.0     148.3145297727455
 2900.0     150.0588955137253
 3000.0     151.7444121545743
 3100.0     153.3749123368814
 3200.0     154.9538668631002
 3300.0     156.4844287662272
 3400.0     157.9694708810784
 3500.0     159.4116180320145
 3600.0     160.8132747354355
 3700.0     162.1766491454928
 3800.0     163.5037738373141
 3900.0     164.7965239153131
 4000.0     166.0566328487925
 4100.0     167.2857063683041
 4200.0     168.4852347005765
 4300.0     169.6566033745396
 4400.0     170.8011027939032
 4500.0     171.9199367412913
 4600.0     173.0142299537693
 4700.0     174.0850348887208
 4800.0     175.1333377816493
 4900.0     176.1600640829227
 5000.0     177.1660833482704
 5100.0     178.1522136475361
 5200.0     179.1192255474946
 5300.0     180.0678457171342
 5400.0     180.9987601975208
 5500.0     181.9126173729817
 5600.0     182.8100306757346
 5700.0     183.6915810521404
 5800.0     184.5578192153299
 5900.0     185.4092677060277
 6000.0     186.2464227808240
# V = 183.116500 (a.u.^3)
    5.0       0.0043043554045
  100.0       9.4493113271496
  200.0      26.1139832899940
  300.0      40.7117570646373
  400.0      52.7306329358275
  500.0      62.7007828063204
  600.0      71.1400719641542
  700.0      78.4249172684893
  800.0      84.8189587622065
  900.0      90.5091120342712
 1000.0      95.6310168541303
 1100.0     100.2855365867791
 1200.0     104.5493997846118
 1300.0     108.4821776046009
 1400.0     112.1309628897145
 1500.0     115.5335821270424
 1600.0     118.7208501037591
 1700.0     121.7181856752428
 1800.0     124.5467918015993
 1900.0     127.2245323186014
 2000.0     129.7665936463914
 2100.0     132.1859913380771
 2200.0     134.4939629048137
 2300.0     136.7002760727699
 2400.0     138.8134733113872
 2500.0     140.8410677463121
 2600.0     142.7897015658891
 2700.0     144.6652751887869
 2800.0     146.4730534170664
 2900.0     148.2177533111224
 3000.0     149.9036174268263
 3100.0     151.5344752388401
 3200.0     153.1137949598869
 3300.0     154.6447274992520
 3400.0     156.1301439462857
 3500.0     157.5726676883754
 3600.0     158.9747020576714
 3700.0     160.3384542319626
 3800.0     161.6659559816510
 3900.0     162.9590817486203
 4000.0     164.2195644578076
 4100.0     165.4490093938632
 4200.0     166.6489064198703
 4300.0     167.8206407699718
 4400.0     168.9655026108443
 4500.0     170.0846955365961
 4600.0     171.1793441365806
 4700.0     172.2505007548247
 4800.0     173.2991515424132
 4900.0     174.3262218896787
 5000.0     175.3325813128574
 5100.0     176.3190478595955
 5200.0     177.2863920890186
 5300.0     178.2353406746810
 5400.0     179.1665796724515
 5500.0     180.0807574900104
 5600.0     180.9784875900446
 5700.0     181.8603509552760
 5800.0     182.7268983400444
 5900.0     183.5786523302383
 6000.0     184.4161092308053
# V = 177.886500 (a.u.^3)
    5.0       0.0037106878542
  100.0       8.8486084500236
  200.0      24.8824571087803
  300.0      39.1412028063784
  400.0      50.9943216196437
  500.0      60.8775175381056
  600.0      69.2674067495306
  700.0      76.5223260930554
  800.0      82.8973378017782
  900.0      88.5749507210489
 1000.0      93.6883803493857
 1100.0      98.3370780520309
 1200.0     102.5969099468028
 1300.0     106.5268990286193
 1400.0     110.1737778079184
 1500.0     113.5751290172730
 1600.0     116.7615984374472
 1700.0     119.7584852184917
 1800.0     122.5869059462004
 1900.0     125.2646611120348
 2000.0     127.8068900141339
 2100.0     130.2265727084500
 2200.0     132.5349196682327
 2300.0     134.7416778229416
 2400.0     136.8553735076575
 2500.0     138.8835072359532
 2600.0     140.8327112723580
 2700.0     142.7088781825225
 2800.0     144.5172665241325
 2900.0     146.2625883724545
 3000.0     147.9490822908740
 3100.0     149.5805745490338
 3200.0     151.1605307829576
 3300.0     152.6920998292009
 3400.0     154.1781511105283
 3500.0     155.6213066764512
 3600.0     157.0239687882926
 3700.0     158.3883437707003
 3800.0     159.7164627189068
 3900.0     161.0101995454905
 4000.0     162.2712867658839
 4100.0     163.5013293537898
 4200.0     164.7018169425133
 4300.0     165.8741346033240
 4400.0     167.0195723951764
 4500.0     168.1393338499024
 4600.0     169.2345435319900
 4700.0     170.3062537913392
 4800.0     171.3554508101015
 4900.0     172.3830600302468
 5000.0     173.3899510363595
 5100.0     174.3769419579239
 5200.0     175.3448034466959
 5300.0     176.2942622773949
 5400.0     177.2260046136988
 5500.0     178.1406789761586
 5600.0     179.0388989440666
 5700.0     179.9212456193752
 5800.0     180.7882698773536
 5900.0     181.6404944257438
 6000.0     182.4784156916258
# V = 172.724000 (a.u.^3)
    5.0       0.0030573280921
  100.0       8.3437356419000
  200.0      23.7744618199750
  300.0      37.6688675414380
  400.0      49.3270191514835
  500.0      59.0982758910407
  600.0      67.4179015968534
  700.0      74.6252169398258
  800.0      80.9659328375846
  900.0      86.6175960636534
 1000.0      91.7106035510602
 1100.0      96.3427098520459
 1200.0     100.5887080498997
 1300.0     104.5069135812729
 1400.0     108.1435753747993
 1500.0     111.5359352747272
 1600.0     114.7143922037611
 1700.0     117.7040622763173
 1800.0     120.5259235062138
 1900.0     123.1976695152514
 2000.0     125.7343558075929
 2100.0     128.1488957563358
 2200.0     130.4524460544023
 2300.0     132.6547097287670
 2400.0     134.7641768794054
 2500.0     136.7883178119099
 2600.0     138.7337393756805
 2700.0     140.6063125733023
 2800.0     142.4112775258221
 2900.0     144.1533304324403
 3000.0     145.8366960952846
 3100.0     147.4651887830573
 3200.0     149.0422636067549
 3300.0     150.5710601237706
 3400.0     152.0544395360473
 3500.0     153.4950165766525
 3600.0     154.8951869675766
 3700.0     156.2571511653768
 3800.0     157.5829349798355
 3900.0     158.8744075461551
 4000.0     160.1332970473714
 4100.0     161.3612045161128
 4200.0     162.5596159900887
 4300.0     163.7299132510951
 4400.0     164.8733833408114
 4500.0     165.9912270166259
 4600.0     167.0845662858986
 4700.0     168.1544511364616
 4800.0     169.2018655639780
 4900.0     170.2277329824018
 5000.0     171.2329210917035
 5100.0     172.2182462668350
 5200.0     173.1844775232951
 5300.0     174.1323401073293
 5400.0     175.0625187525735
 5500.0     175.9756606396114
 5600.0     176.8723780903610
 5700.0     177.7532510252700
 5800.0     178.6188292079283
 5900.0     179.4696342987693
 6000.0     180.3061617370061
# V = 167.696500 (a.u.^3)
    5.0       0.0026724976195
  100.0       7.9781040886974
  200.0      22.9078150608984
  300.0      36.4934196239278
  400.0      47.9928063934354
  500.0      57.6797582039235
  600.0      65.9518133271463
  700.0      73.1308793555967
  800.0      79.4542006113262
  900.0      85.0949204852520
 1000.0      90.1809997689054
 1100.0      94.8087719410652
 1200.0      99.0521632807305
 1300.0     102.9689402418867
 1400.0     106.6049928259290
 1500.0     109.9973217819690
 1600.0     113.1761603088767
 1700.0     116.1665083346675
 1800.0     118.9892610263422
 1900.0     121.6620520692819
 2000.0     124.1998930668043
 2100.0     126.6156648989328
 2200.0     128.9204999990894
 2300.0     131.1240831541574
 2400.0     133.2348906752968
 2500.0     135.2603824045989
 2600.0     137.2071572346779
 2700.0     139.0810801161290
 2800.0     140.8873865756326
 2900.0     142.6307693403030
 3000.0     144.3154506088175
 3100.0     145.9452427217161
 3200.0     147.5235993886828
 3300.0     149.0536591779498
 3400.0     150.5382826253030
 3500.0     151.9800840510004
 3600.0     153.3814589628863
 3700.0     154.7446077589208
 3800.0     156.0715563117228
 3900.0     157.3641739136804
 4000.0     158.6241889778065
 4100.0     159.8532028223007
 4200.0     161.0527018122954
 4300.0     162.2240680878716
 4400.0     163.3685890710613
 4500.0     164.4874659146365
 4600.0     165.5818210307513
 4700.0     166.6527048169585
 4800.0     167.7011016800028
 4900.0     168.7279354434619
 5000.0     169.7340742132480
 5100.0     170.7203347648458
 5200.0     171.6874865075385
 5300.0     172.6362550735951
 5400.0     173.5673255741599
 5500.0     174.4813455582665
 5600.0     175.3789277068534
 5700.0     176.2606522897280
 5800.0     177.1270694100555
 5900.0     177.9787010580285
 6000.0     178.8160429928450
# V = 162.770000 (a.u.^3)
    5.0       0.0017889052543
  100.0       7.5049944845637
  200.0      21.8202844207436
  300.0      35.0100319302997
  400.0      46.2977851767469
  500.0      55.8676228224667
  600.0      64.0703142017329
  700.0      71.2056703305423
  800.0      77.5000088596511
  900.0      83.1207065516665
 1000.0      88.1924883902632
 1100.0      92.8097726792470
 1200.0      97.0452993557599
 1300.0     100.9560709081240
 1400.0     104.5874687252391
 1500.0     107.9761450846015
 1600.0     111.1520884002600
 1700.0     114.1401228527908
 1800.0     116.9610149751187
 1900.0     119.6323026802795
 2000.0     122.1689251712898
 2100.0     124.5837078434927
 2200.0     126.8877400825652
 2300.0     129.0906729028763
 2400.0     131.2009558505032
 2500.0     133.2260273594764
 2600.0     135.1724690542162
 2700.0     137.0461318483384
 2800.0     138.8522397767493
 2900.0     140.5954760966690
 3000.0     142.2800551556858
 3100.0     143.9097827488035
 3200.0     145.4881071002557
 3300.0     147.0181621590488
 3400.0     148.5028045537543
 3500.0     149.9446452859136
 3600.0     151.3460770335928
 3700.0     152.7092977731780
 3800.0     154.0363312980783
 3900.0     155.3290451098579
 4000.0     156.5891660746095
 4100.0     157.8182941706887
 4200.0     159.0179145998328
 4300.0     160.1894084895903
 4400.0     161.3340623788685
 4500.0     162.4530766486591
 4600.0     163.5475730354148
 4700.0     164.6186013441250
 4800.0     165.6671454610940
 4900.0     166.6941287521857
 5000.0     167.7004189202806
 5100.0     168.6868323856010
 5200.0     169.6541382439941
 5300.0     170.6030618509856
 5400.0     171.5342880732232
 5500.0     172.4484642436404
 5600.0     173.3462028521186
 5700.0     174.2280839995323
 5800.0     175.0946576396871
 5900.0     175.9464456307585
 6000.0     176.7839436153122
# V = 153.221000 (a.u.^3)
    5.0       0.0032593004185
  100.0       7.1351026719826
  200.0      20.6010301340580
  300.0      33.1228811222051
  400.0      44.0221297102604
  500.0      53.3672856938539
  600.0      61.4328613818875
  700.0      68.4796407377960
  800.0      74.7138519515479
  900.0      80.2920079477840
 1000.0      85.3326345848418
 1100.0      89.9264340896227
 1200.0      94.1438203452875
 1300.0      98.0402842282251
 1400.0     101.6601923312131
 1500.0     105.0394961116017
 1600.0     108.2076878558774
 1700.0     111.1892327747073
 1800.0     114.0046325974958
 1900.0     116.6712264996849
 2000.0     119.2038022053660
 2100.0     121.6150680314367
 2200.0     123.9160217241094
 2300.0     126.1162417417509
 2400.0     128.2241195784446
 2500.0     130.2470467723123
 2600.0     132.1915667275797
 2700.0     134.0634989531178
 2800.0     135.8680414834874
 2900.0     137.6098558983888
 3000.0     139.2931383535895
 3100.0     140.9216792841630
 3200.0     142.4989138713319
 3300.0     144.0279649291884
 3400.0     145.5116795325204
 3500.0     146.9526604468910
 3600.0     148.3532932187379
 3700.0     149.7157696230633
 3800.0     151.0421080393044
 3900.0     152.3341712246368
 4000.0     153.5936818726459
 4100.0     154.8222362796407
 4200.0     156.0213163876031
 4300.0     157.1923004292899
 4400.0     158.3364723653617
 4500.0     159.4550302740512
 4600.0     160.5490938295875
 4700.0     161.6197109854077
 4800.0     162.6678639613319
 4900.0     163.6944746197755
 5000.0     164.7004093041919
 5100.0     165.6864832029372
 5200.0     166.6534642932549
 5300.0     167.6020769128784
 5400.0     168.5330050006043
 5500.0     169.4468950419338
 5600.0     170.3443587513802
 5700.0     171.2259755191574
 5800.0     172.0922946466331
 5900.0     172.9438373920327
 6000.0     173.7810988453766
# V = 144.009500 (a.u.^3)
    5.0       0.0021214304208
  100.0       6.7401274678772
  200.0      19.4218452749798
  300.0      31.2696239631575
  400.0      41.7550378260425
  500.0      50.8576313066468
  600.0      58.7765302029341
  700.0      65.7307974430777
  800.0      71.9044077991771
  900.0      77.4416286560890
 1000.0      82.4539433968391
 1100.0      87.0278242563415
 1200.0      91.2310426578020
 1300.0      95.1173807160392
 1400.0      98.7300662192117
 1500.0     102.1042714437065
 1600.0     105.2689431522766
 1700.0     108.2481568363887
 1800.0     111.0621308194118
 1900.0     113.7279949179573
 2000.0     116.2603800266987
 2100.0     118.6718755168678
 2200.0     120.9733879190879
 2300.0     123.1744250482015
 2400.0     125.2833232034081
 2500.0     127.3074304582410
 2600.0     129.2532557495759
 2700.0     131.1265910837886
 2800.0     132.9326124301771
 2900.0     134.6759635807852
 3000.0     136.3608262929751
 3100.0     137.9909793063361
 3200.0     139.5698482751083
 3300.0     141.1005482357158
 3400.0     142.5859199035550
 3500.0     144.0285608399926
 3600.0     145.4308523321436
 3700.0     146.7949826715022
 3800.0     148.1229673932084
 3900.0     149.4166669384478
 4000.0     150.6778021226753
 4100.0     151.9079677278543
 4200.0     153.1086444845053
 4300.0     154.2812096665483
 4400.0     155.4269464868196
 4500.0     156.5470524521711
 4600.0     157.6426468130994
 4700.0     158.7147772228966
 4800.0     159.7644257046809
 4900.0     160.7925140106927
 5000.0     161.7999084465130
 5100.0     162.7874242229351
 5200.0     163.7558293898278
 5300.0     164.7058483991762
 5400.0     165.6381653384098
 5500.0     166.5534268699016
 5600.0     167.4522449080629
 5700.0     168.3351990616108
 5800.0     169.2028388652639
 5900.0     170.0556858222550
 6000.0     170.8942352765598
# V = 135.203000 (a.u.^3)
    5.0       0.0052019562014
  100.0       7.0879186077996
  200.0      19.3441434150725
  300.0      30.6013080866029
  400.0      40.6670236450829
  500.0      49.5021152497813
  600.0      57.2482504314339
  700.0      64.0865402735364
  800.0      70.1790655449347
  900.0      75.6574669912804
 1000.0      80.6257203161806
 1100.0      85.1656665810149
 1200.0      89.3421161342220
 1300.0      93.2068945685581
 1400.0      96.8018982174073
 1500.0     100.1613691606976
 1600.0     103.3135889252778
 1700.0     106.2821472299337
 1800.0     109.0869009904876
 1900.0     111.7447065927963
 2000.0     114.2699849053399
 2100.0     116.6751617460128
 2200.0     118.9710146814244
 2300.0     121.1669486699943
 2400.0     123.2712171145415
 2500.0     125.2911006331599
 2600.0     127.2330527827141
 2700.0     129.1028197283163
 2800.0     130.9055392033917
 2900.0     132.6458228806773
 3000.0     134.3278253572190
 3100.0     135.9553022631487
 3200.0     137.5316594756662
 3300.0     139.0599950137175
 3400.0     140.5431348746328
 3500.0     141.9836638289305
 3600.0     143.3839519970735
 3700.0     144.7461778798645
 3800.0     146.0723483931732
 3900.0     147.3643163608652
 4000.0     148.6237958418749
 4100.0     149.8523756042957
 4200.0     151.0515310080639
 4300.0     152.2226345158603
 4400.0     153.3669650174074
 4500.0     154.4857161238982
 4600.0     155.5800035657373
 4700.0     156.6508718071496
 4800.0     157.6992999748395
 4900.0     158.7262071841131
 5000.0     159.7324573343285
 5100.0     160.7188634357373
 5200.0     161.6861915215034
 5300.0     162.6351641916285
 5400.0     163.5664638295007
 5500.0     164.4807355266289
 5600.0     165.3785897467109
 5700.0     166.2606047563788
 5800.0     167.1273288466767
 5900.0     167.9792823664960
 6000.0     168.8169595867166
# V = 126.767500 (a.u.^3)
    5.0       0.0073694020579
  100.0       7.4162369508801
  200.0      19.2883663950758
  300.0      29.9735604301206
  400.0      39.6032231326682
  500.0      48.1508566830838
  600.0      55.7089188824258
  700.0      62.4208049956709
  800.0      68.4255031015313
  900.0      73.8409136485265
 1000.0      78.7626941428953
 1100.0      83.2674995616190
 1200.0      87.4168040724175
 1300.0      91.2602221269455
 1400.0      94.8381439716915
 1500.0      98.1837602422815
 1600.0     101.3246020107472
 1700.0     104.2837126442715
 1800.0     107.0805441545378
 1900.0     109.7316480001536
 2000.0     112.2512120618372
 2100.0     114.6514817825046
 2200.0     116.9430934059878
 2300.0     119.1353399495947
 2400.0     121.2363852567603
 2500.0     123.2534376311438
 2600.0     125.1928917426494
 2700.0     127.0604454265436
 2800.0     128.8611964618066
 2900.0     130.5997232670852
 3000.0     132.2801525875513
 3100.0     133.9062165888146
 3200.0     135.4813012709926
 3300.0     137.0084877280645
 3400.0     138.4905874762684
 3500.0     139.9301728395764
 3600.0     141.3296031946826
 3700.0     142.6910477308736
 3800.0     144.0165052629209
 3900.0     145.3078215411189
 4000.0     146.5667044268088
 4100.0     147.7947372402856
 4200.0     148.9933905379307
 4300.0     150.1640325344444
 4400.0     151.3079383523362
 4500.0     152.4262982530024
 4600.0     153.5202249806036
 4700.0     154.5907603307224
 4800.0     155.6388810396742
 4900.0     156.6655040768374
 5000.0     157.6714914109783
 5100.0     158.6576543119209
 5200.0     159.6247572407482
 5300.0     160.5735213747588
 5400.0     161.5046278074848
 5500.0     162.4187204589791
 5600.0     163.3164087272277
 5700.0     164.1982699077820
 5800.0     165.0648514054555
 5900.0     165.9166727591304
 6000.0     166.7542274982693
# V = 118.669500 (a.u.^3)
    5.0       0.0178418721157
  100.0       8.2942257313233
  200.0      19.9633660960485
  300.0      30.1364704545932
  400.0      39.3207694917281
  500.0      47.5519889205701
  600.0      54.8918126900250
  700.0      61.4504730182467
  800.0      67.3443427702453
  900.0      72.6770787678241
 1000.0      77.5353936754703
 1100.0      81.9902148982497
 1200.0      86.0992531331169
 1300.0      89.9095831510957
 1400.0      93.4598372330072
 1500.0      96.7819602004115
 1600.0      99.9025811020340
 1700.0     102.8440773440080
 1800.0     105.6254004871583
 1900.0     108.2627198258454
 2000.0     110.7699271078436
 2100.0     113.1590352269311
 2200.0     115.4404955678183
 2300.0     117.6234525447501
 2400.0     119.7159493069034
 2500.0     121.7250951953668
 2600.0     123.6572030201529
 2700.0     125.5179023497334
 2800.0     127.3122335995127
 2900.0     129.0447266452204
 3000.0     130.7194668821282
 3100.0     132.3401510355961
 3200.0     133.9101345548297
 3300.0     135.4324720547376
 3400.0     136.9099519845335
 3500.0     138.3451264770232
 3600.0     139.7403371550157
 3700.0     141.0977375302583
 3800.0     142.4193125175533
 3900.0     143.7068954961204
 4000.0     144.9621832770556
 4100.0     146.1867492762873
 4200.0     147.3820551439126
 4300.0     148.5494610610013
 4400.0     149.6902348821953
 4500.0     150.8055602753093
 4600.0     151.8965439866273
 4700.0     152.9642223417948
 4800.0     154.0095670764898
 4900.0     155.0334905778324
 5000.0     156.0368506063467
 5100.0     157.0204545588624
 5200.0     157.9850633247289
 5300.0     158.9313947808964
 5400.0     159.8601269655920
 5500.0     160.7719009653257
 5600.0     161.6673235456678
 5700.0     162.5469695525473
 5800.0     163.4113841076228
 5900.0     164.2610846185134
 6000.0     165.0965626222730
# V = 110.943000 (a.u.^3)
    5.0       0.0519924420911
  100.0      10.3166081129270
  200.0      21.8681318128651
  300.0      31.5450212794151
  400.0      40.2556801231464
  500.0      48.1298319062505
  600.0      55.2131538328028
  700.0      61.5860753950139
  800.0      67.3421140797178
  900.0      72.5696785691634
 1000.0      77.3455602219737
 1100.0      81.7341752601051
 1200.0      85.7888759091959
 1300.0      89.5537516763554
 1400.0      93.0653424074448
 1500.0      96.3540937296245
 1600.0      99.4455383968870
 1700.0     102.3612369589524
 1800.0     105.1195217892810
 1900.0     107.7360854058553
 2000.0     110.2244471307890
 2100.0     112.5963250966798
 2200.0     114.8619345673127
 2300.0     117.0302287036061
 2400.0     119.1090941546501
 2500.0     121.1055109876271
 2600.0     123.0256842936762
 2700.0     124.8751531552345
 2800.0     126.6588814049608
 2900.0     128.3813336484938
 3000.0     130.0465392890395
 3100.0     131.6581467259194
 3200.0     133.2194694606379
 3300.0     134.7335255021500
 3400.0     136.2030711949191
 3500.0     137.6306303819515
 3600.0     139.0185196472930
 3700.0     140.3688702487303
 3800.0     141.6836472442121
 3900.0     142.9646662290414
 4000.0     144.2136080308732
 4100.0     145.4320316525374
 4200.0     146.6213857060731
 4300.0     147.7830185430540
 4400.0     148.9181872546674
 4500.0     150.0280656888108
 4600.0     151.1137516096783
 4700.0     152.1762731070965
 4800.0     153.2165943476165
 4900.0     154.2356207465156
 5000.0     155.2342036290341
 5100.0     156.2131444399722
 5200.0     157.1731985529784
 5300.0     158.1150787242025
 5400.0     159.0394582292941
 5500.0     159.9469737178489
 5600.0     160.8382278152123
 5700.0     161.7137914979295
 5800.0     162.5742062660000
 5900.0     163.4199861323917
 6000.0     164.2516194479056
