# T (K)     Gibbs free energy (Ry.)
# P= 0.000000 GPa
    0.0      -0.8841038108421
  100.0      -0.8842858394649
  200.0      -0.8854288827696
  300.0      -0.8876463155644
  400.0      -0.8908097592159
  500.0      -0.8947771093010
  600.0      -0.8994302085326
  700.0      -0.9046765467506
  800.0      -0.9104438068532
  900.0      -0.9166746579786
 1000.0      -0.9233228630687
 1100.0      -0.9303505019896
 1200.0      -0.9377260006770
 1300.0      -0.9454227129208
 1400.0      -0.9534178854927
 1500.0      -0.9616918848111
 1600.0      -0.9702276164691
 1700.0      -0.9790100743319
 1800.0      -0.9880259942721
 1900.0      -0.9972635738782
 2000.0      -1.0067122559113
 2100.0      -1.0163625463196
 2200.0      -1.0262058708687
 2300.0      -1.0362344535626
 2400.0      -1.0464412170609
 2500.0      -1.0568197003270
 2600.0      -1.0673639862640
 2700.0      -1.0780686431396
 2800.0      -1.0889286734523
 2900.0      -1.0999394704270
 3000.0      -1.1110967794015
 3100.0      -1.1223966664935
 3200.0      -1.1338354893354
 3300.0      -1.1454098728193
 3400.0      -1.1571166875096
 3500.0      -1.1689530308790
 3600.0      -1.1809162104538
 3700.0      -1.1930037295926
 3800.0      -1.2052132751665
 3900.0      -1.2175427050290
 4000.0      -1.2299900401868
 4100.0      -1.2425534543450
 4200.0      -1.2552312678160
 4300.0      -1.2680219413597
 4400.0      -1.2809240687617
 4500.0      -1.2939363749996
 4600.0      -1.3070577112606
 4700.0      -1.3202870463702
 4800.0      -1.3336234467015
 4900.0      -1.3470660674718
 5000.0      -1.3606141540128
 5100.0      -1.3742670368081
 5200.0      -1.3880241351796
 5300.0      -1.4018849198053
 5400.0      -1.4158489778000
 5500.0      -1.4299159248719
 5600.0      -1.4440854903334
 5700.0      -1.4583574443561
 5800.0      -1.4727316358912
 5900.0      -1.4872079719914
 6000.0      -1.5017864353939
# P= 1.000000 GPa
    0.0      -0.8729603559145
  100.0      -0.8731405700763
  200.0      -0.8742750616525
  300.0      -0.8764777808880
  400.0      -0.8796226285082
  500.0      -0.8835690574058
  600.0      -0.8881997239665
  700.0      -0.8934225443522
  800.0      -0.8991654347655
  900.0      -0.9053711991147
 1000.0      -0.9119936792275
 1100.0      -0.9189950030944
 1200.0      -0.9263436240395
 1300.0      -0.9340129117838
 1400.0      -0.9419801194023
 1500.0      -0.9502256148957
 1600.0      -0.9587322998218
 1700.0      -0.9674851620227
 1800.0      -0.9764709275843
 1900.0      -0.9856777830389
 2000.0      -0.9950951578314
 2100.0      -1.0047135428519
 2200.0      -1.0145243480563
 2300.0      -1.0245197791166
 2400.0      -1.0346927400004
 2500.0      -1.0450367493278
 2600.0      -1.0555458679017
 2700.0      -1.0662146412004
 2800.0      -1.0770380471184
 2900.0      -1.0880114527947
 3000.0      -1.0991305761212
 3100.0      -1.1103914542776
 3200.0      -1.1217904138220
 3300.0      -1.1333240471685
 3400.0      -1.1449891903087
 3500.0      -1.1567829040133
 3600.0      -1.1687024570673
 3700.0      -1.1807453116763
 3800.0      -1.1929091109558
 3900.0      -1.2051916663312
 4000.0      -1.2175909492519
 4100.0      -1.2301050808911
 4200.0      -1.2427323254945
 4300.0      -1.2554710836824
 4400.0      -1.2683198855366
 4500.0      -1.2812773876067
 4600.0      -1.2943423668846
 4700.0      -1.3075137193741
 4800.0      -1.3207904566789
 4900.0      -1.3341716995742
 5000.0      -1.3476566619154
 5100.0      -1.3612446416980
 5200.0      -1.3749350237661
 5300.0      -1.3887272483425
 5400.0      -1.4026208642135
 5500.0      -1.4166154555788
 5600.0      -1.4307107123986
 5700.0      -1.4449063693880
 5800.0      -1.4592022373101
 5900.0      -1.4735981854272
 6000.0      -1.4880941561615
# P= 2.000000 GPa
    0.0      -0.8618770498581
  100.0      -0.8620555450088
  200.0      -0.8631818964247
  300.0      -0.8653705116324
  400.0      -0.8684974658091
  500.0      -0.8724237275607
  600.0      -0.8770327512067
  700.0      -0.8822328729635
  800.0      -0.8879522399285
  900.0      -0.8941337892619
 1000.0      -0.9007314421002
 1100.0      -0.9077073739783
 1200.0      -0.9150300670224
 1300.0      -0.9226729066013
 1400.0      -0.9306131539894
 1500.0      -0.9388311786507
 1600.0      -0.9473098802642
 1700.0      -0.9560342408070
 1800.0      -0.9649909786449
 1900.0      -0.9741682701303
 2000.0      -0.9835555328428
 2100.0      -0.9931432446801
 2200.0      -1.0029228004335
 2300.0      -1.0128863903648
 2400.0      -1.0230269007070
 2500.0      -1.0333378319471
 2600.0      -1.0438132253764
 2700.0      -1.0544476051382
 2800.0      -1.0652359274149
 2900.0      -1.0761735359353
 3000.0      -1.0872561234336
 3100.0      -1.0984797012742
 3200.0      -1.1098405682846
 3300.0      -1.1213352874548
 3400.0      -1.1329606638578
 3500.0      -1.1447137255055
 3600.0      -1.1565917065846
 3700.0      -1.1685920325315
 3800.0      -1.1807123075450
 3900.0      -1.1929503018283
 4000.0      -1.2053039428919
 4100.0      -1.2177713054257
 4200.0      -1.2303506041803
 4300.0      -1.2430401868106
 4400.0      -1.2558385274704
 4500.0      -1.2687442225549
 4600.0      -1.2817559849317
 4700.0      -1.2948726418933
 4800.0      -1.3080931312216
 4900.0      -1.3214164966457
 5000.0      -1.3348418893327
 5100.0      -1.3483685664571
 5200.0      -1.3619958792515
 5300.0      -1.3757232379616
 5400.0      -1.3895501542755
 5500.0      -1.4034761813500
 5600.0      -1.4175009709875
 5700.0      -1.4316242231780
 5800.0      -1.4458457114395
 5900.0      -1.4601652680767
 6000.0      -1.4745827962044
# P= 3.000000 GPa
    0.0      -0.8508523221701
  100.0      -0.8510291896616
  200.0      -0.8521477918145
  300.0      -0.8543228820743
  400.0      -0.8574326107262
  500.0      -0.8613394220133
  600.0      -0.8659275533711
  700.0      -0.8711057546654
  800.0      -0.8768024017012
  900.0      -0.8829605633740
 1000.0      -0.8895342402126
 1100.0      -0.8964856551953
 1200.0      -0.9037833198275
 1300.0      -0.9114006357017
 1400.0      -0.9193148730067
 1500.0      -0.9275064036064
 1600.0      -0.9359581262025
 1700.0      -0.9446550179196
 1800.0      -0.9535837907141
 1900.0      -0.9627326115449
 2000.0      -0.9720908881238
 2100.0      -0.9816490857236
 2200.0      -0.9913985866503
 2300.0      -1.0013315660773
 2400.0      -1.0114408951020
 2500.0      -1.0217200574602
 2600.0      -1.0321630764518
 2700.0      -1.0427644577639
 2800.0      -1.0535191370708
 2900.0      -1.0644224373096
 3000.0      -1.0754700288025
 3100.0      -1.0866578990405
 3200.0      -1.0979823221340
 3300.0      -1.1094398348253
 3400.0      -1.1210272140441
 3500.0      -1.1327414584880
 3600.0      -1.1445797714624
 3700.0      -1.1565395454633
 3800.0      -1.1686183498506
 3900.0      -1.1808139181312
 4000.0      -1.1931241387296
 4100.0      -1.2055470450444
 4200.0      -1.2180808079429
 4300.0      -1.2307237282340
 4400.0      -1.2434742307147
 4500.0      -1.2563308588117
 4600.0      -1.2692922690582
 4700.0      -1.2823572285169
 4800.0      -1.2955246106050
 4900.0      -1.3087933904868
 5000.0      -1.3221626459306
 5100.0      -1.3356315542310
 5200.0      -1.3491993949814
 5300.0      -1.3628655325559
 5400.0      -1.3766294417868
 5500.0      -1.3904906452716
 5600.0      -1.4044487578207
 5700.0      -1.4185034454329
 5800.0      -1.4326544453124
 5900.0      -1.4469015536372
 6000.0      -1.4612446352090
# P= 4.000000 GPa
    0.0      -0.8398846745886
  100.0      -0.8400600019359
  200.0      -0.8411712264409
  300.0      -0.8433333424325
  400.0      -0.8464264811310
  500.0      -0.8503145239171
  600.0      -0.8548824771100
  700.0      -0.8600394980724
  800.0      -0.8657141888447
  900.0      -0.8718497490149
 1000.0      -0.8784002579832
 1100.0      -0.8853279866617
 1200.0      -0.8926014757572
 1300.0      -0.9001941442976
 1400.0      -0.9080832712877
 1500.0      -0.9162492325859
 1600.0      -0.9246749258911
 1700.0      -0.9333453253524
 1800.0      -0.9422471365034
 1900.0      -0.9513685190950
 2000.0      -0.9606988709463
 2100.0      -0.9702286471485
 2200.0      -0.9799492176555
 2300.0      -0.9898527449169
 2400.0      -0.9999320857590
 2500.0      -1.0101807088068
 2600.0      -1.0205926215389
 2700.0      -1.0311623119635
 2800.0      -1.0418846982475
 2900.0      -1.0527550837551
 3000.0      -1.0637691185745
 3100.0      -1.0749227691857
 3200.0      -1.0862122866593
 3300.0      -1.0976341843089
 3400.0      -1.1091852140174
 3500.0      -1.1208623476553
 3600.0      -1.1326627608692
 3700.0      -1.1445838167945
 3800.0      -1.1566230534293
 3900.0      -1.1687781714059
 4000.0      -1.1810470243106
 4100.0      -1.1934276087576
 4200.0      -1.2059180565358
 4300.0      -1.2185166268352
 4400.0      -1.2312217007298
 4500.0      -1.2440317748103
 4600.0      -1.2569454558973
 4700.0      -1.2699614580309
 4800.0      -1.2830785980820
 4900.0      -1.2962957912242
 5000.0      -1.3096120508977
 5100.0      -1.3230264852939
 5200.0      -1.3365382993244
 5300.0      -1.3501467794915
 5400.0      -1.3638513205483
 5500.0      -1.3776513904297
 5600.0      -1.3915465646189
 5700.0      -1.4055364758595
 5800.0      -1.4196208259624
 5900.0      -1.4337993758060
 6000.0      -1.4480719528609
# P= 5.000000 GPa
    0.0      -0.8289726763510
  100.0      -0.8291465474766
  200.0      -0.8302507479696
  300.0      -0.8324004138614
  400.0      -0.8354775679673
  500.0      -0.8393474918915
  600.0      -0.8438959469618
  700.0      -0.8490324922391
  800.0      -0.8546859533701
  900.0      -0.8607996597764
 1000.0      -0.8673277690739
 1100.0      -0.8742326005018
 1200.0      -0.8814827239699
 1300.0      -0.8890515766180
 1400.0      -0.8969164467705
 1500.0      -0.9050577149281
 1600.0      -0.9134582787276
 1700.0      -0.9221031098893
 1800.0      -0.9309789088182
 1900.0      -0.9400738285742
 2000.0      -0.9493772585885
 2100.0      -0.9588796444431
 2200.0      -0.9685723452146
 2300.0      -0.9784475117699
 2400.0      -0.9884979877894
 2500.0      -0.9987172287296
 2600.0      -1.0090992268028
 2700.0      -1.0196384551145
 2800.0      -1.0303298147615
 2900.0      -1.0411685921946
 3000.0      -1.0521504189032
 3100.0      -1.0632712418687
 3200.0      -1.0745272921776
 3300.0      -1.0859150611963
 3400.0      -1.0974312783108
 3500.0      -1.1090728916444
 3600.0      -1.1208370513750
 3700.0      -1.1327210943096
 3800.0      -1.1447225305463
 3900.0      -1.1568390309777
 4000.0      -1.1690684179494
 4100.0      -1.1814086552651
 4200.0      -1.1938578398490
 4300.0      -1.2064141937139
 4400.0      -1.2190760590498
 4500.0      -1.2318418908866
 4600.0      -1.2447102519978
 4700.0      -1.2576798095340
 4800.0      -1.2707493304724
 4900.0      -1.2839176772120
 5000.0      -1.2971838067003
 5100.0      -1.3105467666541
 5200.0      -1.3240056965437
 5300.0      -1.3375598158905
 5400.0      -1.3512084430539
 5500.0      -1.3649509686022
 5600.0      -1.3787868831550
 5700.0      -1.3927157541644
 5800.0      -1.4067372404227
 5900.0      -1.4208510682805
 6000.0      -1.4350570288464
# P= 6.000000 GPa
    0.0      -0.8181149598935
  100.0      -0.8182874553423
  200.0      -0.8193849686687
  300.0      -0.8215226838572
  400.0      -0.8245844304903
  500.0      -0.8284368549849
  600.0      -0.8329664601769
  700.0      -0.8380832012701
  800.0      -0.8437161249090
  900.0      -0.8498086894260
 1000.0      -0.8563151301361
 1100.0      -0.8631978146635
 1200.0      -0.8704253424432
 1300.0      -0.8779711689385
 1400.0      -0.8858125926761
 1500.0      -0.8939299989300
 1600.0      -0.9023062865481
 1700.0      -0.9109264249353
 1800.0      -0.9197771108382
 1900.0      -0.9288464908292
 2000.0      -0.9381239475711
 2100.0      -0.9475999173976
 2200.0      -0.9572657503529
 2300.0      -0.9671135859392
 2400.0      -0.9771362568976
 2500.0      -0.9873272056010
 2600.0      -0.9976804115746
 2700.0      -1.0081903331759
 2800.0      -1.0188518569876
 2900.0      -1.0296602534246
 3000.0      -1.0406111371825
 3100.0      -1.0517004380196
 3200.0      -1.0629243679307
 3300.0      -1.0742793993986
 3400.0      -1.0857622408463
 3500.0      -1.0973698187723
 3600.0      -1.1090992610000
 3700.0      -1.1209478799668
 3800.0      -1.1329131606790
 3900.0      -1.1449927476557
 4000.0      -1.1571844348332
 4100.0      -1.1694861565587
 4200.0      -1.1818959786546
 4300.0      -1.1944120899080
 4400.0      -1.2070327976638
 4500.0      -1.2197565199665
 4600.0      -1.2325817804365
 4700.0      -1.2455072045991
 4800.0      -1.2585315152183
 4900.0      -1.2716535280517
 5000.0      -1.2848721502208
 5100.0      -1.2981863762340
 5200.0      -1.3115952881097
 5300.0      -1.3250980467474
 5400.0      -1.3386939037244
 5500.0      -1.3523821825619
 5600.0      -1.3661622977852
 5700.0      -1.3800337382057
 5800.0      -1.3939960764699
 5900.0      -1.4080489647580
 6000.0      -1.4221921428514
# P= 7.000000 GPa
    0.0      -0.8073102169031
  100.0      -0.8074814140416
  200.0      -0.8085725613298
  300.0      -0.8106988020405
  400.0      -0.8137456918950
  500.0      -0.8175812081207
  600.0      -0.8220925819690
  700.0      -0.8271901593912
  800.0      -0.8328032055168
  900.0      -0.8388753065394
 1000.0      -0.8453607750887
 1100.0      -0.8522220270612
 1200.0      -0.8594276918052
 1300.0      -0.8669512432308
 1400.0      -0.8747699908005
 1500.0      -0.8828643248781
 1600.0      -0.8912171462811
 1700.0      -0.8998134227561
 1800.0      -0.9086398480102
 1900.0      -0.9176845631811
 2000.0      -0.9269369445927
 2100.0      -0.9363874207701
 2200.0      -0.9460273330072
 2300.0      -0.9558488111898
 2400.0      -0.9658446773858
 2500.0      -0.9760083627981
 2600.0      -0.9863338347040
 2700.0      -0.9968155385827
 2800.0      -1.0074483474556
 2900.0      -1.0182275171249
 3000.0      -1.0291486474030
 3100.0      -1.0402076515364
 3200.0      -1.0514007252863
 3300.0      -1.0627243228213
 3400.0      -1.0741751343259
 3500.0      -1.0857500665430
 3600.0      -1.0974462264995
 3700.0      -1.1092609054411
 3800.0      -1.1211915651015
 3900.0      -1.1332358261399
 4000.0      -1.1453914573999
 4100.0      -1.1576563663129
 4200.0      -1.1700285907204
 4300.0      -1.1825062898192
 4400.0      -1.1950877396954
 4500.0      -1.2077713251895
 4600.0      -1.2205555350492
 4700.0      -1.2334389577463
 4800.0      -1.2464202767079
 4900.0      -1.2594982662671
 5000.0      -1.2726717894328
 5100.0      -1.2859397937018
 5200.0      -1.2993013104306
 5300.0      -1.3127554489593
 5400.0      -1.3263014022483
 5500.0      -1.3399384351468
 5600.0      -1.3536658957960
 5700.0      -1.3674832044022
 5800.0      -1.3813898589916
 5900.0      -1.3953854325463
 6000.0      -1.4094695775657
# P= 8.000000 GPa
    0.0      -0.7965571946830
  100.0      -0.7967271678825
  200.0      -0.7978122555287
  300.0      -0.7999274762849
  400.0      -0.8029600352991
  500.0      -0.8067792079289
  600.0      -0.8112729411591
  700.0      -0.8163519664265
  800.0      -0.8219457649158
  900.0      -0.8279980495772
 1000.0      -0.8344632100030
 1100.0      -0.8413037102126
 1200.0      -0.8484882097628
 1300.0      -0.8559902012188
 1400.0      -0.8637870054306
 1500.0      -0.8718590183953
 1600.0      -0.8801891432995
 1700.0      -0.8887623471382
 1800.0      -0.8975653208330
 1900.0      -0.9065862012979
 2000.0      -0.9158143587393
 2100.0      -0.9252402152021
 2200.0      -0.9348551035848
 2300.0      -0.9446511455225
 2400.0      -0.9546211529272
 2500.0      -0.9647585472740
 2600.0      -0.9750572841796
 2700.0      -0.9855117979418
 2800.0      -0.9961169485053
 2900.0      -1.0068679791925
 3000.0      -1.0177604752005
 3100.0      -1.0287903359016
 3200.0      -1.0399537410263
 3300.0      -1.0512471291521
 3400.0      -1.0626671731575
 3500.0      -1.0742107619535
 3600.0      -1.0858749841877
 3700.0      -1.0976571109310
 3800.0      -1.1095545837627
 3900.0      -1.1215650013316
 4000.0      -1.1336861095190
 4100.0      -1.1459157921232
 4200.0      -1.1582520613228
 4300.0      -1.1706930496055
 4400.0      -1.1832370052945
 4500.0      -1.1958822833171
 4600.0      -1.2086273410577
 4700.0      -1.2214707339666
 4800.0      -1.2344111104136
 4900.0      -1.2474472077583
 5000.0      -1.2605778497779
 5100.0      -1.2738019422881
 5200.0      -1.2871184717921
 5300.0      -1.3005265020714
 5400.0      -1.3140251743994
 5500.0      -1.3276137020552
 5600.0      -1.3412913749397
 5700.0      -1.3550575532197
 5800.0      -1.3689116698523
 5900.0      -1.3828532286996
 6000.0      -1.3968818073596
# P= 9.000000 GPa
    0.0      -0.7858546927986
  100.0      -0.7860235136052
  200.0      -0.7871028341812
  300.0      -0.7892074691562
  400.0      -0.7922262000500
  500.0      -0.7960295689111
  600.0      -0.8005062261779
  700.0      -0.8055672836440
  800.0      -0.8111424361777
  900.0      -0.8171755223689
 1000.0      -0.8236210084114
 1100.0      -0.8304414063086
 1200.0      -0.8376054059904
 1300.0      -0.8450865189628
 1400.0      -0.8528620777661
 1500.0      -0.8609124846023
 1600.0      -0.8692206453512
 1700.0      -0.8777715270359
 1800.0      -0.8865518181808
 1900.0      -0.8955496522495
 2000.0      -0.9047543939927
 2100.0      -0.9141564595971
 2200.0      -0.9237471745942
 2300.0      -0.9335186527705
 2400.0      -0.9434636973188
 2500.0      -0.9535757201798
 2600.0      -0.9638486670934
 2700.0      -0.9742769612776
 2800.0      -0.9848554516540
 2900.0      -0.9955793691519
 3000.0      -1.0064442866085
 3100.0      -1.0174460897609
 3200.0      -1.0285809445234
 3300.0      -1.0398452746676
 3400.0      -1.0512357374997
 3500.0      -1.0627492059486
 3600.0      -1.0743827511819
 3700.0      -1.0861336270238
 3800.0      -1.0979992556277
 3900.0      -1.1099772163995
 4000.0      -1.1220652343768
 4100.0      -1.1342611713680
 4200.0      -1.1465630171498
 4300.0      -1.1589688796994
 4400.0      -1.1714769821214
 4500.0      -1.1840856528819
 4600.0      -1.1967933209842
 4700.0      -1.2095985121183
 4800.0      -1.2224998434071
 4900.0      -1.2354960192347
 5000.0      -1.2485858282173
 5100.0      -1.2617681390892
 5200.0      -1.2750418985227
 5300.0      -1.2884061298820
 5400.0      -1.3018599286748
 5500.0      -1.3154024626310
 5600.0      -1.3290329703285
 5700.0      -1.3427507591539
 5800.0      -1.3565552049983
 5900.0      -1.3704457512623
 6000.0      -1.3844219101950
# P= 10.000000 GPa
    0.0      -0.7752015599791
  100.0      -0.7753692972706
  200.0      -0.7764431303744
  300.0      -0.7785375946353
  400.0      -0.7815429783230
  500.0      -0.7853310599080
  600.0      -0.7897911813934
  700.0      -0.7948348299372
  800.0      -0.8003919117548
  900.0      -0.8064063899698
 1000.0      -0.8128328070003
 1100.0      -0.8196337226941
 1200.0      -0.8267778574420
 1300.0      -0.8342387419869
 1400.0      -0.8419937208056
 1500.0      -0.8500232028059
 1600.0      -0.8583100969278
 1700.0      -0.8668393707705
 1800.0      -0.8755977110160
 1900.0      -0.8845732481641
 2000.0      -0.8937553423390
 2100.0      -0.9031344042193
 2200.0      -0.9127017530713
 2300.0      -0.9224494951345
 2400.0      -0.9323704260717
 2500.0      -0.9424579487502
 2600.0      -0.9527060001814
 2700.0      -0.9631089932168
 2800.0      -0.9736617668528
 2900.0      -0.9843595405433
 3000.0      -0.9951978759356
 3100.0      -1.0061726461177
 3200.0      -1.0172800046334
 3300.0      -1.0285163612844
 3400.0      -1.0398783598047
 3500.0      -1.0513628576288
 3600.0      -1.0629669111153
 3700.0      -1.0746877571209
 3800.0      -1.0865228012582
 3900.0      -1.0984696046789
 4000.0      -1.1105258736272
 4100.0      -1.1226894504829
 4200.0      -1.1349583037931
 4300.0      -1.1473305201891
 4400.0      -1.1598042997239
 4500.0      -1.1723779466106
 4600.0      -1.1850498648555
 4700.0      -1.1978185531323
 4800.0      -1.2106826003084
 4900.0      -1.2236406814181
 5000.0      -1.2366915536447
 5100.0      -1.2498340523917
 5200.0      -1.2630670888796
 5300.0      -1.2763896505177
 5400.0      -1.2898007921443
 5500.0      -1.3032996410424
 5600.0      -1.3168853903945
 5700.0      -1.3305573009884
 5800.0      -1.3443146984410
 5900.0      -1.3581569730103
 6000.0      -1.3720835796465
# P= 11.000000 GPa
    0.0      -0.7645966912596
  100.0      -0.7647634113993
  200.0      -0.7658320244452
  300.0      -0.7679167150940
  400.0      -0.7709092119832
  500.0      -0.7746825008396
  600.0      -0.7791266037330
  700.0      -0.7841533783118
  800.0      -0.7896929398266
  900.0      -0.7956893748557
 1000.0      -0.8020973016522
 1100.0      -0.8088793277490
 1200.0      -0.8160042040496
 1300.0      -0.8234454808073
 1400.0      -0.8311805146604
 1500.0      -0.8391897216283
 1600.0      -0.8474560141150
 1700.0      -0.8559643607124
 1800.0      -0.8647014468359
 1900.0      -0.8736554004247
 2000.0      -0.8828155777227
 2100.0      -0.8921723843213
 2200.0      -0.9017171339700
 2300.0      -0.9114419260026
 2400.0      -0.9213395491723
 2500.0      -0.9314033982399
 2600.0      -0.9416274018939
 2700.0      -0.9520059639891
 2800.0      -0.9625339137901
 2900.0      -0.9732064609665
 3000.0      -0.9840191560838
 3100.0      -0.9949678615272
 3200.0      -1.0060487185385
 3300.0      -1.0172581251632
 3400.0      -1.0285927116094
 3500.0      -1.0400493222919
 3600.0      -1.0516249988893
 3700.0      -1.0633169638043
 3800.0      -1.0751226067562
 3900.0      -1.0870394726736
 4000.0      -1.0990652508029
 4100.0      -1.1111977651951
 4200.0      -1.1234349661684
 4300.0      -1.1357749199181
 4400.0      -1.1482158062494
 4500.0      -1.1607559074954
 4600.0      -1.1733936044458
 4700.0      -1.1861273720796
 4800.0      -1.1989557735873
 4900.0      -1.2118774573231
 5000.0      -1.2248911525644
 5100.0      -1.2379956648326
 5200.0      -1.2511898734013
 5300.0      -1.2644727336470
 5400.0      -1.2778432642172
 5500.0      -1.2913005563145
 5600.0      -1.3048437627705
 5700.0      -1.3184721030869
 5800.0      -1.3321848584109
 5900.0      -1.3459813720777
 6000.0      -1.3598610485602
# P= 12.000000 GPa
    0.0      -0.7540390253815
  100.0      -0.7542047923525
  200.0      -0.7552684412749
  300.0      -0.7573437384978
  400.0      -0.7603237896828
  500.0      -0.7640827596897
  600.0      -0.7685113395704
  700.0      -0.7735217526466
  800.0      -0.7790443209313
  900.0      -0.7850232534247
 1000.0      -0.7914132438058
 1100.0      -0.7981769471027
 1200.0      -0.8052831447748
 1300.0      -0.8127054068247
 1400.0      -0.8204211022553
 1500.0      -0.8284106545366
 1600.0      -0.8366569799428
 1700.0      -0.8451450484072
 1800.0      -0.8538615446065
 1900.0      -0.8627945943334
 2000.0      -0.8719335505136
 2100.0      -0.8812688141906
 2200.0      -0.8907916941106
 2300.0      -0.9004942834552
 2400.0      -0.9103693644774
 2500.0      -0.9204103248325
 2600.0      -0.9306110852345
 2700.0      -0.9409660416198
 2800.0      -0.9514700140463
 2900.0      -0.9621182033820
 3000.0      -0.9729061499432
 3100.0      -0.9838297062538
 3200.0      -0.9948850024059
 3300.0      -1.0060684254333
 3400.0      -1.0173765934265
 3500.0      -1.0288063385806
 3600.0      -1.0403546893700
 3700.0      -1.0520188548590
 3800.0      -1.0637962101465
 3900.0      -1.0756842857232
 4000.0      -1.0876807546218
 4100.0      -1.0997834252166
 4200.0      -1.1119902299996
 4300.0      -1.1242992177688
 4400.0      -1.1367085491343
 4500.0      -1.1492164867356
 4600.0      -1.1618213908571
 4700.0      -1.1745217141493
 4800.0      -1.1873159973129
 4900.0      -1.2002028645302
 5000.0      -1.2131810195081
 5100.0      -1.2262492413427
 5200.0      -1.2394063805883
 5300.0      -1.2526513636236
 5400.0      -1.2659831768806
 5500.0      -1.2794008794194
 5600.0      -1.2929035879522
 5700.0      -1.3064904852483
 5800.0      -1.3201608130018
 5900.0      -1.3339138729595
 6000.0      -1.3477490249324
# P= 13.000000 GPa
    0.0      -0.7435275423433
  100.0      -0.7436924178708
  200.0      -0.7447513477775
  300.0      -0.7468176158096
  400.0      -0.7497856441674
  500.0      -0.7535307497294
  600.0      -0.7579442818507
  700.0      -0.7629388247010
  800.0      -0.7684449048523
  900.0      -0.7744068527763
 1000.0      -0.7807794371019
 1100.0      -0.7875253601439
 1200.0      -0.7946134339792
 1300.0      -0.8020172485469
 1400.0      -0.8097141853901
 1500.0      -0.8176846757411
 1600.0      -0.8259116401174
 1700.0      -0.8343800501066
 1800.0      -0.8430765901144
 1900.0      -0.8519893842065
 2000.0      -0.8611077824337
 2100.0      -0.8704221818540
 2200.0      -0.8799238866333
 2300.0      -0.8896049845002
 2400.0      -0.8994582516434
 2500.0      -0.9094770693355
 2600.0      -0.9196553509138
 2700.0      -0.9299874850237
 2800.0      -0.9404682834068
 2900.0      -0.9510929385546
 3000.0      -0.9618569818083
 3100.0      -0.9727562560544
 3200.0      -0.9837868817925
 3300.0      -0.9949452352264
 3400.0      -1.0062279240650
 3500.0      -1.0176317685090
 3600.0      -1.0291537857450
 3700.0      -1.0407911717220
 3800.0      -1.0525412891269
 3900.0      -1.0644016541609
 4000.0      -1.0763699262197
 4100.0      -1.0884438981175
 4200.0      -1.1006214872815
 4300.0      -1.1129007256584
 4400.0      -1.1252797569859
 4500.0      -1.1377568259543
 4600.0      -1.1503302736629
 4700.0      -1.1629985335153
 4800.0      -1.1757601248139
 4900.0      -1.1886136504375
 5000.0      -1.2015577911354
 5100.0      -1.2145913015452
 5200.0      -1.2277130069106
 5300.0      -1.2409218074681
 5400.0      -1.2542166604230
 5500.0      -1.2675965962197
 5600.0      -1.2810606993984
 5700.0      -1.2946081196804
 5800.0      -1.3082380636575
 5900.0      -1.3219497961254
 6000.0      -1.3357426372340
# P= 14.000000 GPa
    0.0      -0.7330612611141
  100.0      -0.7332253047804
  200.0      -0.7342797505574
  300.0      -0.7363373385697
  400.0      -0.7392937497671
  500.0      -0.7430254270014
  600.0      -0.7474243674244
  700.0      -0.7524035113421
  800.0      -0.7578935877465
  900.0      -0.7638390477375
 1000.0      -0.7701947342872
 1100.0      -0.7769233967989
 1200.0      -0.7839938780846
 1300.0      -0.7913797881106
 1400.0      -0.7990585211197
 1500.0      -0.8070105164259
 1600.0      -0.8152186990987
 1700.0      -0.8236680426700
 1800.0      -0.8323452317019
 1900.0      -0.8412383889289
 2000.0      -0.8503368619073
 2100.0      -0.8596310442424
 2200.0      -0.8691122359208
 2300.0      -0.8787725197907
 2400.0      -0.8886046664789
 2500.0      -0.8986020514027
 2600.0      -0.9087585812030
 2700.0      -0.9190686376841
 2800.0      -0.9295270251805
 2900.0      -0.9401289281855
 3000.0      -0.9508698700587
 3100.0      -0.9617456845884
 3200.0      -0.9727524835688
 3300.0      -0.9838866332372
 3400.0      -0.9951447316181
 3500.0      -1.0065235881755
 3600.0      -1.0180202092976
 3700.0      -1.0296317794409
 3800.0      -1.0413556492623
 3900.0      -1.0531893225650
 4000.0      -1.0651304455458
 4100.0      -1.0771767974352
 4200.0      -1.0893262813636
 4300.0      -1.1015769141847
 4400.0      -1.1139268242801
 4500.0      -1.1263742395369
 4600.0      -1.1389174844588
 4700.0      -1.1515549737830
 4800.0      -1.1642852085752
 4900.0      -1.1771067715622
 5000.0      -1.1900183228587
 5100.0      -1.2030185955098
 5200.0      -1.2161063910701
 5300.0      -1.2292805867518
 5400.0      -1.2425401135065
 5500.0      -1.2558839755803
 5600.0      -1.2693112289653
 5700.0      -1.2828209938720
 5800.0      -1.2964124452078
 5900.0      -1.3100848148757
 6000.0      -1.3238373877619
# P= 15.000000 GPa
    0.0      -0.7226392374923
  100.0      -0.7228025068443
  200.0      -0.7238526937136
  300.0      -0.7259019366296
  400.0      -0.7288471201030
  500.0      -0.7325657879290
  600.0      -0.7369505745691
  700.0      -0.7419147719652
  800.0      -0.7473893095391
  900.0      -0.7533187581110
 1000.0      -0.7596580343485
 1100.0      -0.7663699345763
 1200.0      -0.7734233324923
 1300.0      -0.7807918580729
 1400.0      -0.7884529184244
 1500.0      -0.7963869612812
 1600.0      -0.8045769164890
 1700.0      -0.8130077598031
 1800.0      -0.8216661763486
 1900.0      -0.8305402878772
 2000.0      -0.8396194397966
 2100.0      -0.8488940227520
 2200.0      -0.8583553329353
 2300.0      -0.8679954487835
 2400.0      -0.8778071358872
 2500.0      -0.8877837642407
 2600.0      -0.8979192344297
 2700.0      -0.9082079218671
 2800.0      -0.9186446241776
 2900.0      -0.9292245184045
 3000.0      -0.9399431205614
 3100.0      -0.9507962561401
 3200.0      -0.9617800286941
 3300.0      -0.9728907956460
 3400.0      -0.9841251456225
 3500.0      -0.9954798787511
 3600.0      -1.0069519909083
 3700.0      -1.0185386565426
 3800.0      -1.0302372147140
 3900.0      -1.0420451583667
 4000.0      -1.0539601210630
 4100.0      -1.0659798701366
 4200.0      -1.0781022949919
 4300.0      -1.0903253994242
 4400.0      -1.1026472968680
 4500.0      -1.1150662009506
 4600.0      -1.1275804198051
 4700.0      -1.1401883524479
 4800.0      -1.1528884821873
 4900.0      -1.1656793742212
 5000.0      -1.1785596697167
 5100.0      -1.1915280816902
 5200.0      -1.2045833912000
 5300.0      -1.2177244536370
 5400.0      -1.2309501767590
 5500.0      -1.2442595413768
 5600.0      -1.2576515772020
 5700.0      -1.2711253783082
 5800.0      -1.2846800912800
 5900.0      -1.2983149181968
 6000.0      -1.3120291125578
# P= 16.000000 GPa
    0.0      -0.7122605620842
  100.0      -0.7124231127332
  200.0      -0.7134692567693
  300.0      -0.7155104760526
  400.0      -0.7184448061021
  500.0      -0.7221508670809
  600.0      -0.7265219206716
  700.0      -0.7314716060952
  800.0      -0.7369310514676
  900.0      -0.7428449461179
 1000.0      -0.7491682798490
 1100.0      -0.7558638958476
 1200.0      -0.7629006987333
 1300.0      -0.7702523384430
 1400.0      -0.7778962351454
 1500.0      -0.7858128453073
 1600.0      -0.7939851037040
 1700.0      -0.8023979885994
 1800.0      -0.8110381860687
 1900.0      -0.8198938171673
 2000.0      -0.8289542254881
 2100.0      -0.8382097991695
 2200.0      -0.8476518309601
 2300.0      -0.8572723952995
 2400.0      -0.8670642532465
 2500.0      -0.8770207697612
 2600.0      -0.8871358399343
 2700.0      -0.8974038332632
 2800.0      -0.9078195411926
 2900.0      -0.9183781339317
 3000.0      -0.9290751206280
 3100.0      -0.9399063192838
 3200.0      -0.9508678256340
 3300.0      -0.9619559891938
 3400.0      -0.9731673897362
 3500.0      -0.9844988188732
 3600.0      -0.9959472628231
 3700.0      -1.0075098866387
 3800.0      -1.0191840190525
 3900.0      -1.0309671425151
 4000.0      -1.0428568796359
 4100.0      -1.0548509860369
 4200.0      -1.0669473394120
 4300.0      -1.0791439306236
 4400.0      -1.0914388604330
 4500.0      -1.1038303283766
 4600.0      -1.1163166286386
 4700.0      -1.1288961449763
 4800.0      -1.1415673451787
 4900.0      -1.1543287781536
 5000.0      -1.1671790676714
 5100.0      -1.1801169092074
 5200.0      -1.1931410641603
 5300.0      -1.2062503692860
 5400.0      -1.2194437105229
 5500.0      -1.2327200476382
 5600.0      -1.2460783871551
 5700.0      -1.2595177987912
 5800.0      -1.2730374040955
 5900.0      -1.2866363784877
 6000.0      -1.3003139468706
# P= 17.000000 GPa
    0.0      -0.7019243584028
  100.0      -0.7020862441256
  200.0      -0.7031285528086
  300.0      -0.7051620574268
  400.0      -0.7080858939294
  500.0      -0.7117797350744
  600.0      -0.7161374600504
  700.0      -0.7210730513083
  800.0      -0.7265178337829
  900.0      -0.7324166140111
 1000.0      -0.7387244544601
 1100.0      -0.7454042453056
 1200.0      -0.7524249218254
 1300.0      -0.7597601539281
 1400.0      -0.7673873751514
 1500.0      -0.7752870508612
 1600.0      -0.7834421208952
 1700.0      -0.7918375663564
 1800.0      -0.8004600745919
 1900.0      -0.8092977661974
 2000.0      -0.8183399832971
 2100.0      -0.8275771119257
 2200.0      -0.8370004416982
 2300.0      -0.8466020434499
 2400.0      -0.8563746741685
 2500.0      -0.8663116941378
 2600.0      -0.8764069934454
 2700.0      -0.8866549361480
 2800.0      -0.8970503079502
 2900.0      -0.9075882728201
 3000.0      -0.9182643334878
 3100.0      -0.9290743011312
 3200.0      -0.9400142641832
 3300.0      -0.9510805648766
 3400.0      -0.9622697748627
 3500.0      -0.9735786777336
 3600.0      -0.9850042510866
 3700.0      -0.9965436509170
 3800.0      -1.0081941968829
 3900.0      -1.0199533613216
 4000.0      -1.0318187571560
 4100.0      -1.0437881289075
 4200.0      -1.0558593437493
 4300.0      -1.0680303805035
 4400.0      -1.0802993284074
 4500.0      -1.0926643739986
 4600.0      -1.1051237987935
 4700.0      -1.1176759723973
 4800.0      -1.1303193487593
 4900.0      -1.1430524613499
 5000.0      -1.1558739188970
 5100.0      -1.1687823998081
 5200.0      -1.1817766488831
 5300.0      -1.1948554846537
 5400.0      -1.2080177742395
 5500.0      -1.2212624579310
 5600.0      -1.2345885209508
 5700.0      -1.2479950118566
 5800.0      -1.2614810286940
 5900.0      -1.2750457232541
 6000.0      -1.2886882949797
# P= 18.000000 GPa
    0.0      -0.6916297814655
  100.0      -0.6917910543173
  200.0      -0.6928297270799
  300.0      -0.6948558140208
  400.0      -0.6977695030454
  500.0      -0.7014514965907
  600.0      -0.7057962820027
  700.0      -0.7107181812208
  800.0      -0.7161487135983
  900.0      -0.7220328018375
 1000.0      -0.7283255808053
 1100.0      -0.7349899875985
 1200.0      -0.7419949878085
 1300.0      -0.7493142714011
 1400.0      -0.7569252857122
 1500.0      -0.7648085049188
 1600.0      -0.7729468740999
 1700.0      -0.7813253776362
 1800.0      -0.7899307042993
 1900.0      -0.7987509744547
 2000.0      -0.8077755291587
 2100.0      -0.8169947526464
 2200.0      -0.8263999316795
 2300.0      -0.8359831338953
 2400.0      -0.8457371126007
 2500.0      -0.8556552237348
 2600.0      -0.8657313528374
 2700.0      -0.8759598589663
 2800.0      -0.8863355224755
 2900.0      -0.8968535016357
 3000.0      -0.9075092932055
 3100.0      -0.9182987020607
 3200.0      -0.9292178099052
 3300.0      -0.9402629521733
 3400.0      -0.9514306931216
 3500.0      -0.9627178087755
 3600.0      -0.9741212689498
 3700.0      -0.9856382211099
 3800.0      -0.9972659766136
 3900.0      -1.0090019985042
 4000.0      -1.0208438905960
 4100.0      -1.0327893875322
 4200.0      -1.0448363462868
 4300.0      -1.0569827352693
 4400.0      -1.0692266323467
 4500.0      -1.0815662129767
 4600.0      -1.0939997461248
 4700.0      -1.1065255894179
 4800.0      -1.1191421830662
 4900.0      -1.1318480475571
 5000.0      -1.1446417766591
 5100.0      -1.1575220344424
 5200.0      -1.1704875493905
 5300.0      -1.1835371244182
 5400.0      -1.1966696088865
 5500.0      -1.2098839255301
 5600.0      -1.2231790406811
 5700.0      -1.2365539827806
 5800.0      -1.2500078297455
 5900.0      -1.2635397111405
 6000.0      -1.2771488036291
# P= 19.000000 GPa
    0.0      -0.6813760162725
  100.0      -0.6815367266413
  200.0      -0.6825719551420
  300.0      -0.6845909099089
  400.0      -0.6874947843766
  500.0      -0.6911652885604
  600.0      -0.6954975092511
  700.0      -0.7004061034661
  800.0      -0.7058227828569
  900.0      -0.7116925854016
 1000.0      -0.7179707183628
 1100.0      -0.7246201651146
 1200.0      -0.7316099214381
 1300.0      -0.7389136976605
 1400.0      -0.7465089550545
 1500.0      -0.7543761765273
 1600.0      -0.7624983126561
 1700.0      -0.7708603515439
 1800.0      -0.7794489833847
 1900.0      -0.7882523285760
 2000.0      -0.7972597275754
 2100.0      -0.8064615629703
 2200.0      -0.8158491189512
 2300.0      -0.8254144604042
 2400.0      -0.8351503372396
 2500.0      -0.8450501013702
 2600.0      -0.8551076342359
 2700.0      -0.8653172902741
 2800.0      -0.8756738448506
 2900.0      -0.8861724510383
 3000.0      -0.8968086000463
 3100.0      -0.9075780908902
 3200.0      -0.9184769991065
 3300.0      -0.9295016537613
 3400.0      -0.9406486123518
 3500.0      -0.9519146438328
 3600.0      -0.9632967108457
 3700.0      -0.9747919529916
 3800.0      -0.9863976738461
 3900.0      -0.9981113280868
 4000.0      -1.0099305108142
 4100.0      -1.0218529479131
 4200.0      -1.0338764866021
 4300.0      -1.0459990859731
 4400.0      -1.0582188132490
 4500.0      -1.0705338337428
 4600.0      -1.0829424049753
 4700.0      -1.0954428733516
 4800.0      -1.1080336668197
 4900.0      -1.1207132935368
 5000.0      -1.1334803340374
 5100.0      -1.1463334388285
 5200.0      -1.1592713218588
 5300.0      -1.1722927715710
 5400.0      -1.1853966210848
 5500.0      -1.1985817775475
 5600.0      -1.2118471893177
 5700.0      -1.2251918676939
 5800.0      -1.2386148710618
 5900.0      -1.2521153099112
 6000.0      -1.2656923397779
# P= 20.000000 GPa
    0.0      -0.6711622759271
  100.0      -0.6713224726062
  200.0      -0.6723544411038
  300.0      -0.6743665382611
  400.0      -0.6772609186791
  500.0      -0.6809202789316
  600.0      -0.6852402960210
  700.0      -0.6901359578289
  800.0      -0.6955391664268
  900.0      -0.7013950746438
 1000.0      -0.7076589614076
 1100.0      -0.7142938558931
 1200.0      -0.7212687841066
 1300.0      -0.7285574772142
 1400.0      -0.7361374100746
 1500.0      -0.7439890744239
 1600.0      -0.7520954268235
 1700.0      -0.7604414591969
 1800.0      -0.7690138632178
 1900.0      -0.7778007596761
 2000.0      -0.7867914887937
 2100.0      -0.7959764316041
 2200.0      -0.8053468700447
 2300.0      -0.8148948666814
 2400.0      -0.8246131682240
 2500.0      -0.8344951228825
 2600.0      -0.8445346084368
 2700.0      -0.8547259750072
 2800.0      -0.8650639933224
 2900.0      -0.8755438117238
 3000.0      -0.8861609162491
 3100.0      -0.8969111004529
 3200.0      -0.9077904342295
 3300.0      -0.9187952406808
 3400.0      -0.9299220710748
 3500.0      -0.9411676878218
 3600.0      -0.9525290468735
 3700.0      -0.9640032806269
 3800.0      -0.9755876853399
 3900.0      -0.9872797081067
 4000.0      -0.9990769358282
 4100.0      -1.0109770863657
 4200.0      -1.0229779979515
 4300.0      -1.0350776209291
 4400.0      -1.0472740130173
 4500.0      -1.0595653297213
 4600.0      -1.0719498186149
 4700.0      -1.0844258151135
 4800.0      -1.0969917365926
 4900.0      -1.1096460791735
 5000.0      -1.1223874119651
 5100.0      -1.1352143723055
 5200.0      -1.1481256616400
 5300.0      -1.1611200542704
 5400.0      -1.1741963694985
 5500.0      -1.1873534990903
 5600.0      -1.2005903763011
 5700.0      -1.2139059954840
 5800.0      -1.2272993985227
 5900.0      -1.2407696775846
 6000.0      -1.2543159695481
# P= 21.000000 GPa
    0.0      -0.6609878000442
  100.0      -0.6611475303098
  200.0      -0.6621764160718
  300.0      -0.6641819200388
  400.0      -0.6670671156202
  500.0      -0.6707156649192
  600.0      -0.6750238262494
  700.0      -0.6799069144772
  800.0      -0.6852970207340
  900.0      -0.6911394117186
 1000.0      -0.6973894371028
 1100.0      -0.7040101716685
 1200.0      -0.7109706721208
 1300.0      -0.7182446901947
 1400.0      -0.7258097141871
 1500.0      -0.7336462449330
 1600.0      -0.7417372454911
 1700.0      -0.7500677113617
 1800.0      -0.7586243358897
 1900.0      -0.7673952408287
 2000.0      -0.7763697661819
 2100.0      -0.7855382915897
 2200.0      -0.7948920971672
 2300.0      -0.8044232434365
 2400.0      -0.8141244740779
 2500.0      -0.8239891339687
 2600.0      -0.8340110976078
 2700.0      -0.8441847110424
 2800.0      -0.8545047407273
 2900.0      -0.8649663306969
 3000.0      -0.8755649621418
 3100.0      -0.8862964235410
 3200.0      -0.8971567796251
 3300.0      -0.9081423479044
 3400.0      -0.9192496738818
 3500.0      -0.9304755139368
 3600.0      -0.9418168177518
 3700.0      -0.9532707111167
 3800.0      -0.9648344834510
 3900.0      -0.9765055748566
 4000.0      -0.9882815646509
 4100.0      -1.0001601632000
 4200.0      -1.0121392005758
 4300.0      -1.0242166188167
 4400.0      -1.0363904671428
 4500.0      -1.0486588917365
 4600.0      -1.0610201311867
 4700.0      -1.0734725107102
 4800.0      -1.0860144378776
 4900.0      -1.0986443979787
 5000.0      -1.1113609492066
 5100.0      -1.1241627173903
 5200.0      -1.1370483918016
 5300.0      -1.1500167345806
 5400.0      -1.1630665515017
 5500.0      -1.1761967211900
 5600.0      -1.1894061621703
 5700.0      -1.2026938542108
 5800.0      -1.2160588234298
 5900.0      -1.2295001457544
 6000.0      -1.2430169410579
# P= 22.000000 GPa
    0.0      -0.6508518539740
  100.0      -0.6510111636888
  200.0      -0.6520371375499
  300.0      -0.6540363032609
  400.0      -0.6569126120183
  500.0      -0.6605506712056
  600.0      -0.6648473119463
  700.0      -0.6697181728192
  800.0      -0.6750955321845
  900.0      -0.6809247691600
 1000.0      -0.6871613036835
 1100.0      -0.6937682564272
 1200.0      -0.7007147147150
 1300.0      -0.7079744503989
 1400.0      -0.7155249653264
 1500.0      -0.7233467701004
 1600.0      -0.7314228340433
 1700.0      -0.7397381562341
 1800.0      -0.7482794320791
 1900.0      -0.7570347847174
 2000.0      -0.7659935537853
 2100.0      -0.7751461177859
 2200.0      -0.7844837555944
 2300.0      -0.7939985256644
 2400.0      -0.8036831688765
 2500.0      -0.8135310272655
 2600.0      -0.8235359722432
 2700.0      -0.8336923460213
 2800.0      -0.8439949112016
 2900.0      -0.8544388078390
 3000.0      -0.8650195125636
 3100.0      -0.8757328091813
 3200.0      -0.8865747576696
 3300.0      -0.8975416702847
 3400.0      -0.9086300872030
 3500.0      -0.9198367592421
 3600.0      -0.9311586301973
 3700.0      -0.9425928197838
 3800.0      -0.9541366110594
 3900.0      -0.9657874376144
 4000.0      -0.9775428717985
 4100.0      -0.9894006169432
 4200.0      -1.0013584956855
 4300.0      -1.0134144422656
 4400.0      -1.0255664981025
 4500.0      -1.0378128007754
 4600.0      -1.0501515804524
 4700.0      -1.0625811532059
 4800.0      -1.0750999171741
 4900.0      -1.0877063481596
 5000.0      -1.1003989937689
 5100.0      -1.1131764697565
 5200.0      -1.1260374537661
 5300.0      -1.1389806971250
 5400.0      -1.1520049929153
 5500.0      -1.1651092079612
 5600.0      -1.1782922470729
 5700.0      -1.1915530769636
 5800.0      -1.2048907089669
 5900.0      -1.2183042047341
 6000.0      -1.2317926678826
# P= 23.000000 GPa
    0.0      -0.6407537279413
  100.0      -0.6409126615848
  200.0      -0.6419358880388
  300.0      -0.6439289609826
  400.0      -0.6467966700656
  500.0      -0.6504245484661
  600.0      -0.6547099923749
  700.0      -0.6595689602071
  800.0      -0.6649339152734
  900.0      -0.6707503481883
 1000.0      -0.6769737491908
 1100.0      -0.6835672847791
 1200.0      -0.6905000722039
 1300.0      -0.6977459034294
 1400.0      -0.7052822944484
 1500.0      -0.7130897656523
 1600.0      -0.7211512923440
 1700.0      -0.7294518774063
 1800.0      -0.7379782190163
 1900.0      -0.7467184414359
 2000.0      -0.7556618840334
 2100.0      -0.7647989246659
 2200.0      -0.7741208412423
 2300.0      -0.7836196901138
 2400.0      -0.7932882096775
 2500.0      -0.8031197396450
 2600.0      -0.8131081483415
 2700.0      -0.8232477744212
 2800.0      -0.8335333771470
 2900.0      -0.8439600927419
 3000.0      -0.8545233935655
 3100.0      -0.8652190592105
 3200.0      -0.8760431451922
 3300.0      -0.8869919588311
 3400.0      -0.8980620354273
 3500.0      -0.9092501206256
 3600.0      -0.9205531526933
 3700.0      -0.9319682457617
 3800.0      -0.9434926769707
 3900.0      -0.9551238738200
 4000.0      -0.9668594022655
 4100.0      -0.9786969590518
 4200.0      -0.9906343599579
 4300.0      -1.0026695319992
 4400.0      -1.0148005093197
 4500.0      -1.0270254216420
 4600.0      -1.0393424911829
 4700.0      -1.0517500257885
 4800.0      -1.0642464146681
 4900.0      -1.0768301250030
 5000.0      -1.0894996946108
 5100.0      -1.1022537298417
 5200.0      -1.1150908979578
 5300.0      -1.1280099398226
 5400.0      -1.1410096375510
 5500.0      -1.1540888463033
 5600.0      -1.1672464592413
 5700.0      -1.1804814301173
 5800.0      -1.1937927577990
 5900.0      -1.2071794897443
 6000.0      -1.2206407159360
# P= 24.000000 GPa
    0.0      -0.6306927348686
  100.0      -0.6308513355898
  200.0      -0.6318719730430
  300.0      -0.6338591897094
  400.0      -0.6367185762397
  500.0      -0.6403365730015
  600.0      -0.6446111328081
  700.0      -0.6494585299675
  800.0      -0.6548114109955
  900.0      -0.6606153776821
 1000.0      -0.6668259902235
 1100.0      -0.6734064600609
 1200.0      -0.6803259342511
 1300.0      -0.6875582253759
 1400.0      -0.6950808637780
 1500.0      -0.7028743791280
 1600.0      -0.7109217528359
 1700.0      -0.7192079922987
 1800.0      -0.7277197984140
 1900.0      -0.7364452964101
 2000.0      -0.7453738256836
 2100.0      -0.7544957641226
 2200.0      -0.7638023883937
 2300.0      -0.7732857529190
 2400.0      -0.7829385941809
 2500.0      -0.7927542496986
 2600.0      -0.8027265847820
 2700.0      -0.8128499349111
 2800.0      -0.8231190564219
 2900.0      -0.8335290817777
 3000.0      -0.8440754793936
 3100.0      -0.8547540251183
 3200.0      -0.8655607701815
 3300.0      -0.8764920172916
 3400.0      -0.8875442973341
 3500.0      -0.8987143510784
 3600.0      -0.9099991116099
 3700.0      -0.9213956879470
 3800.0      -0.9329013516978
 3900.0      -0.9445135246589
 4000.0      -0.9562297669214
 4100.0      -0.9680477690677
 4200.0      -0.9799653404995
 4300.0      -0.9919804015842
 4400.0      -1.0040909796417
 4500.0      -1.0162951972077
 4600.0      -1.0285912690503
 4700.0      -1.0409774954571
 4800.0      -1.0534522573786
 4900.0      -1.0660140139369
 5000.0      -1.0786612941136
 5100.0      -1.0913926952727
 5200.0      -1.1042068755165
 5300.0      -1.1171025656266
 5400.0      -1.1300785380000
 5500.0      -1.1431336367958
 5600.0      -1.1562667446145
 5700.0      -1.1694768033287
 5800.0      -1.1827628002131
 5900.0      -1.1961237700086
 6000.0      -1.2095587898478
# P= 25.000000 GPa
    0.0      -0.6206682093390
  100.0      -0.6208265190429
  200.0      -0.6218447203373
  300.0      -0.6238263092348
  400.0      -0.6266776412165
  500.0      -0.6302860451602
  600.0      -0.6345500224923
  700.0      -0.6393861599484
  800.0      -0.6447272861916
  900.0      -0.6505191131642
 1000.0      -0.6567172699551
 1100.0      -0.6632850127071
 1200.0      -0.6701915187503
 1300.0      -0.6774106214746
 1400.0      -0.6849198649274
 1500.0      -0.6926997881116
 1600.0      -0.7007333791905
 1700.0      -0.7090056502713
 1800.0      -0.7175033045647
 1900.0      -0.7262144684581
 2000.0      -0.7351284821416
 2100.0      -0.7442357233822
 2200.0      -0.7535274675555
 2300.0      -0.7629957675259
 2400.0      -0.7726333584393
 2500.0      -0.7824335753848
 2600.0      -0.7923902808818
 2700.0      -0.8024978078546
 2800.0      -0.8127509097327
 2900.0      -0.8231447153773
 3000.0      -0.8336746897071
 3100.0      -0.8443366051295
 3200.0      -0.8551265087406
 3300.0      -0.8660406990066
 3400.0      -0.8770757028087
 3500.0      -0.8882282562668
 3600.0      -0.8994952876419
 3700.0      -0.9108739012825
 3800.0      -0.9223613635835
 3900.0      -0.9339550910146
 4000.0      -0.9456526382896
 4100.0      -0.9574516902113
 4200.0      -0.9693500502359
 4300.0      -0.9813456326250
 4400.0      -0.9934364582902
 4500.0      -1.0056206431501
 4600.0      -1.0178963950524
 4700.0      -1.0302620072501
 4800.0      -1.0427158531184
 4900.0      -1.0552563841993
 5000.0      -1.0678821214744
 5100.0      -1.0805916538337
 5200.0      -1.0933836310376
 5300.0      -1.1062567745287
 5400.0      -1.1192098476441
 5500.0      -1.1322416846862
 5600.0      -1.1453511580911
 5700.0      -1.1585371994148
 5800.0      -1.1717987845752
 5900.0      -1.1851349373852
 6000.0      -1.1985447224333
# P= 26.000000 GPa
    0.0      -0.6106795080866
  100.0      -0.6108375674830
  200.0      -0.6118534800937
  300.0      -0.6138296616756
  400.0      -0.6166731976222
  500.0      -0.6202722873580
  600.0      -0.6245259735422
  700.0      -0.6293511523844
  800.0      -0.6346808325067
  900.0      -0.6404608347163
 1000.0      -0.6466468565943
 1100.0      -0.6532021994411
 1200.0      -0.6600960707942
 1300.0      -0.6673023241395
 1400.0      -0.6747985172395
 1500.0      -0.6825651990695
 1600.0      -0.6905853648232
 1700.0      -0.6988440307627
 1800.0      -0.7073279025332
 1900.0      -0.7160251084058
 2000.0      -0.7249249894660
 2100.0      -0.7340179230503
 2200.0      -0.7432951834827
 2300.0      -0.7527488228537
 2400.0      -0.7623715747305
 2500.0      -0.7721567718174
 2600.0      -0.7820982742928
 2700.0      -0.7921904129641
 2800.0      -0.8024279381982
 2900.0      -0.8128059755208
 3000.0      -0.8233199869783
 3100.0      -0.8339657414961
 3200.0      -0.8447392822627
 3300.0      -0.8556369040032
 3400.0      -0.8666551298076
 3500.0      -0.8777906913668
 3600.0      -0.8890405125315
 3700.0      -0.9004016933361
 3800.0      -0.9118714952318
 3900.0      -0.9234473297551
 4000.0      -0.9351267466717
 4100.0      -0.9469074253409
 4200.0      -0.9587871636875
 4300.0      -0.9707638703592
 4400.0      -0.9828355602431
 4500.0      -0.9950003431371
 4600.0      -1.0072564204901
 4700.0      -1.0196020789679
 4800.0      -1.0320356849970
 4900.0      -1.0445556830267
 5000.0      -1.0571605866714
 5100.0      -1.0698489769757
 5200.0      -1.0826194959380
 5300.0      -1.0954708564885
 5400.0      -1.1084018134006
 5500.0      -1.1214111921557
 5600.0      -1.1344978555456
 5700.0      -1.1476607258237
 5800.0      -1.1608987683721
 5900.0      -1.1742109968806
 6000.0      -1.1875964646770
# P= 27.000000 GPa
    0.0      -0.6007260075461
  100.0      -0.6008838561762
  200.0      -0.6018976222691
  300.0      -0.6038686090753
  400.0      -0.6067045985952
  500.0      -0.6102946438493
  600.0      -0.6145383212096
  700.0      -0.6193528324103
  800.0      -0.6246713642047
  900.0      -0.6304398456244
 1000.0      -0.6366140430436
 1100.0      -0.6431573023515
 1200.0      -0.6500388606038
 1300.0      -0.6572325913906
 1400.0      -0.6647160668965
 1500.0      -0.6724698462153
 1600.0      -0.6804769309488
 1700.0      -0.6887223416022
 1800.0      -0.6971927869668
 1900.0      -0.7058763974407
 2000.0      -0.7147625145154
 2100.0      -0.7238415152662
 2200.0      -0.7331046737408
 2300.0      -0.7425440412409
 2400.0      -0.7521523495452
 2500.0      -0.7619229292597
 2600.0      -0.7718496389826
 2700.0      -0.7819268071080
 2800.0      -0.7921491810637
 2900.0      -0.8025118835668
 3000.0      -0.8130103740737
 3100.0      -0.8236404179742
 3200.0      -0.8343980548671
 3300.0      -0.8452795763014
 3400.0      -0.8562815015472
 3500.0      -0.8674005581372
 3600.0      -0.8786336660456
 3700.0      -0.8899779211441
 3800.0      -0.9014305802144
 3900.0      -0.9129890503178
 4000.0      -0.9246508765838
 4100.0      -0.9364137332340
 4200.0      -0.9482754130957
 4300.0      -0.9602338196154
 4400.0      -0.9722869620082
 4500.0      -0.9844329444180
 4600.0      -0.9966699623697
 4700.0      -1.0089962963472
 4800.0      -1.0214103063896
 4900.0      -1.0339104303370
 5000.0      -1.0464951749474
 5100.0      -1.0591631140560
 5200.0      -1.0719128823966
 5300.0      -1.0847431851214
 5400.0      -1.0976527689912
 5500.0      -1.1106404513775
 5600.0      -1.1237050862017
 5700.0      -1.1368455869942
 5800.0      -1.1500609097150
 5900.0      -1.1633500583064
 6000.0      -1.1767120762650
# P= 28.000000 GPa
    0.0      -0.5908071026260
  100.0      -0.5909647789370
  200.0      -0.5919765358619
  300.0      -0.5939425335737
  400.0      -0.5967712186026
  500.0      -0.6003524804363
  600.0      -0.6045864215772
  700.0      -0.6093905459496
  800.0      -0.6146982173345
  900.0      -0.6204554725883
 1000.0      -0.6266181457420
 1100.0      -0.6331496266984
 1200.0      -0.6400191820893
 1300.0      -0.6472007063802
 1400.0      -0.6546717859651
 1500.0      -0.6624129894644
 1600.0      -0.6704073249897
 1700.0      -0.6786398180693
 1800.0      -0.6870971808204
 1900.0      -0.6957675451975
 2000.0      -0.7046402532274
 2100.0      -0.7137056824856
 2200.0      -0.7229551069032
 2300.0      -0.7323805765773
 2400.0      -0.7419748217039
 2500.0      -0.7517311716020
 2600.0      -0.7616434831555
 2700.0      -0.7717060822363
 2800.0      -0.7819137136744
 2900.0      -0.7922614980692
 3000.0      -0.8027448919867
 3100.0      -0.8133596574612
 3200.0      -0.8241018310988
 3300.0      -0.8349677014069
 3400.0      -0.8459537838866
 3500.0      -0.8570568022901
 3600.0      -0.8682736731770
 3700.0      -0.8796014882898
 3800.0      -0.8910375000513
 3900.0      -0.9025791115637
 4000.0      -0.9142238634707
 4100.0      -0.9259694251666
 4200.0      -0.9378135848641
 4300.0      -0.9497542410987
 4400.0      -0.9617893977507
 4500.0      -0.9739171537804
 4600.0      -0.9861356991856
 4700.0      -0.9984433086469
 4800.0      -1.0108383363317
 4900.0      -1.0233192139233
 5000.0      -1.0358844417654
 5100.0      -1.0485325870812
 5200.0      -1.0612622778175
 5300.0      -1.0740722119298
 5400.0      -1.0869611287866
 5500.0      -1.0999278381754
 5600.0      -1.1129711859538
 5700.0      -1.1260900774057
 5800.0      -1.1392834600342
 5900.0      -1.1525503285569
 6000.0      -1.1658897175480
# P= 29.000000 GPa
    0.0      -0.5809222080341
  100.0      -0.5810797494194
  200.0      -0.5820896298780
  300.0      -0.5840508371888
  400.0      -0.5868724513157
  500.0      -0.5904451817017
  600.0      -0.5946696501089
  700.0      -0.5994636599320
  800.0      -0.6047607501142
  900.0      -0.6105070638864
 1000.0      -0.6166585024136
 1100.0      -0.6231784998358
 1200.0      -0.6300363529195
 1300.0      -0.6372059763267
 1400.0      -0.6446649702291
 1500.0      -0.6523939129575
 1600.0      -0.6603758200127
 1700.0      -0.6685957218453
 1800.0      -0.6770403333396
 1900.0      -0.6856977881462
 2000.0      -0.6945574296399
 2100.0      -0.7036096360504
 2200.0      -0.7128456806681
 2300.0      -0.7222576125479
 2400.0      -0.7318381611039
 2500.0      -0.7415806544265
 2600.0      -0.7514789473484
 2700.0      -0.7615273634616
 2800.0      -0.7717206458237
 2900.0      -0.7820539126823
 3000.0      -0.7925226176969
 3100.0      -0.8031225199488
 3200.0      -0.8138496536365
 3300.0      -0.8247003039644
 3400.0      -0.8356709828901
 3500.0      -0.8467584110268
 3600.0      -0.8579595015431
 3700.0      -0.8692713421884
 3800.0      -0.8806911814643
 3900.0      -0.8922164188672
 4000.0      -0.9038445906685
 4100.0      -0.9155733617882
 4200.0      -0.9274005162811
 4300.0      -0.9393239479693
 4400.0      -0.9513416557399
 4500.0      -0.9634517338392
 4600.0      -0.9756523670466
 4700.0      -0.9879418246051
 4800.0      -1.0003184552997
 4900.0      -1.0127806850517
 5000.0      -1.0253270081970
 5100.0      -1.0379559858954
 5200.0      -1.0506662397604
 5300.0      -1.0634564610300
 5400.0      -1.0763253823036
 5500.0      -1.0892718062321
 5600.0      -1.1022945713322
 5700.0      -1.1153925751545
 5800.0      -1.1285647574420
 5900.0      -1.1418101043887
 6000.0      -1.1551276422329
# P= 30.000000 GPa
    0.0      -0.5710707552345
  100.0      -0.5712281980615
  200.0      -0.5722363301168
  300.0      -0.5741929387965
  400.0      -0.5770077079060
  500.0      -0.5805721512616
  600.0      -0.5847874028074
  700.0      -0.5895715616996
  800.0      -0.5948583402455
  900.0      -0.6005939874289
 1000.0      -0.6067344718457
 1100.0      -0.6132432716756
 1200.0      -0.6200897129273
 1300.0      -0.6272477302509
 1400.0      -0.6346949379973
 1500.0      -0.6424119250099
 1600.0      -0.6503817136518
 1700.0      -0.6585893388807
 1800.0      -0.6670215185632
 1900.0      -0.6756663889594
 2000.0      -0.6845132947219
 2100.0      -0.6935526142051
 2200.0      -0.7027756202204
 2300.0      -0.7121743616188
 2400.0      -0.7217415671304
 2500.0      -0.7314705631465
 2600.0      -0.7413552026400
 2700.0      -0.7513898077541
 2800.0      -0.7615691197284
 2900.0      -0.7718882542057
 3000.0      -0.7823426622182
 3100.0      -0.7929281007077
 3200.0      -0.8036406011633
 3300.0      -0.8144764455470
 3400.0      -0.8254321427453
 3500.0      -0.8365044106844
 3600.0      -0.8476901589553
 3700.0      -0.8589864715767
 3800.0      -0.8703905937812
 3900.0      -0.8818999214160
 4000.0      -0.8935119865855
 4100.0      -0.9052244502259
 4200.0      -0.9170350924937
 4300.0      -0.9289418026825
 4400.0      -0.9409425750804
 4500.0      -0.9530354996222
 4600.0      -0.9652187561118
 4700.0      -0.9774906087315
 4800.0      -0.9898494013386
 4900.0      -1.0022935544207
 5000.0      -1.0148215566991
 5100.0      -1.0274319637740
 5200.0      -1.0401233913354
 5300.0      -1.0528945243306
 5400.0      -1.0657440891767
 5500.0      -1.0786708818001
 5600.0      -1.0916737339885
 5700.0      -1.1047515361032
 5800.0      -1.1179032206716
 5900.0      -1.1311277660762
 6000.0      -1.1444241907283
# P= 31.000000 GPa
    0.0      -0.5612521921452
  100.0      -0.5614095718180
  200.0      -0.5624160794219
  300.0      -0.5643682754141
  400.0      -0.5671764187494
  500.0      -0.5707328118085
  600.0      -0.5749390936673
  700.0      -0.5797136561980
  800.0      -0.5849903841071
  900.0      -0.5907156316842
 1000.0      -0.5968454338827
 1100.0      -0.6033433122369
 1200.0      -0.6101786219934
 1300.0      -0.6173253184929
 1400.0      -0.6247610305140
 1500.0      -0.6324663566226
 1600.0      -0.6404243258683
 1700.0      -0.6486199781377
 1800.0      -0.6570400351694
 1900.0      -0.6656726353769
 2000.0      -0.6745071242781
 2100.0      -0.6835338805803
 2200.0      -0.6927441775404
 2300.0      -0.7021300637339
 2400.0      -0.7116842667091
 2500.0      -0.7214001113392
 2600.0      -0.7312714495949
 2700.0      -0.7412926022018
 2800.0      -0.7514583081709
 2900.0      -0.7617636807571
 3000.0      -0.7722041692188
 3100.0      -0.7827755282124
 3200.0      -0.7934737863517
 3300.0      -0.8042952226739
 3400.0      -0.8152363437703
 3500.0      -0.8262938645445
 3600.0      -0.8374646911345
 3700.0      -0.8487459043684
 3800.0      -0.8601347465187
 3900.0      -0.8716286096911
 4000.0      -0.8832250221274
 4100.0      -0.8949216413971
 4200.0      -0.9067162437019
 4300.0      -0.9186067140615
 4400.0      -0.9305910426976
 4500.0      -0.9426673154202
 4600.0      -0.9548337073011
 4700.0      -0.9670884779003
 4800.0      -0.9794299665031
 4900.0      -0.9918565884459
 5000.0      -1.0043668272448
 5100.0      -1.0169592333826
 5200.0      -1.0296324169861
 5300.0      -1.0423850571216
 5400.0      -1.0552158745549
 5500.0      -1.0681236588693
 5600.0      -1.0811072356544
 5700.0      -1.0941654886199
 5800.0      -1.1072973435432
 5900.0      -1.1205017716426
 6000.0      -1.1337777840238
# P= 32.000000 GPa
    0.0      -0.5514659842813
  100.0      -0.5516233352629
  200.0      -0.5526283382028
  300.0      -0.5545763011126
  400.0      -0.5573780303558
  500.0      -0.5609266018421
  600.0      -0.5651241534893
  700.0      -0.5698893671258
  800.0      -0.5751562978819
  900.0      -0.5808714040393
 1000.0      -0.5869907864568
 1100.0      -0.5934780103403
 1200.0      -0.6003024606862
 1300.0      -0.6074381129342
 1400.0      -0.6148626096873
 1500.0      -0.6225565593094
 1600.0      -0.6305029982969
 1700.0      -0.6386869719153
 1800.0      -0.6470952050225
 1900.0      -0.6557158380016
 2000.0      -0.6645382176464
 2100.0      -0.6735527239461
 2200.0      -0.6827506301851
 2300.0      -0.6921239842584
 2400.0      -0.7016655127669
 2500.0      -0.7113685399964
 2600.0      -0.7212269168246
 2700.0      -0.7312349620982
 2800.0      -0.7413874127995
 2900.0      -0.7516793806683
 3000.0      -0.7621063131490
 3100.0      -0.7726639622655
 3200.0      -0.7833483540013
 3300.0      -0.7941557653291
 3400.0      -0.8050827003148
 3500.0      -0.8161258707567
 3600.0      -0.8272821797019
 3700.0      -0.8385487054953
 3800.0      -0.8499226871168
 3900.0      -0.8614015131061
 4000.0      -0.8729827084437
 4100.0      -0.8846639275063
 4200.0      -0.8964429425454
 4300.0      -0.9083176346601
 4400.0      -0.9202859905455
 4500.0      -0.9323460918700
 4600.0      -0.9444961092619
 4700.0      -0.9567342982105
 4800.0      -0.9690589935773
 4900.0      -0.9814686058350
 5000.0      -0.9939616137695
 5100.0      -1.0065365630652
 5200.0      -1.0191920586156
 5300.0      -1.0319267740330
 5400.0      -1.0447394248825
 5500.0      -1.0576287947531
 5600.0      -1.0705937035315
 5700.0      -1.0836330287673
 5800.0      -1.0967456899101
 5900.0      -1.1099306515872
 6000.0      -1.1231869181188
# P= 33.000000 GPa
    0.0      -0.5417116108312
  100.0      -0.5418689666882
  200.0      -0.5428725807785
  300.0      -0.5448164844136
  400.0      -0.5476120050403
  500.0      -0.5511529774665
  600.0      -0.5553420316068
  700.0      -0.5600981358409
  800.0      -0.5653555141899
  900.0      -0.5710607286032
 1000.0      -0.5771699460591
 1100.0      -0.5836467749409
 1200.0      -0.5904606291604
 1300.0      -0.5975855040596
 1400.0      -0.6049990565237
 1500.0      -0.6126819054956
 1600.0      -0.6206170945511
 1700.0      -0.6287896737007
 1800.0      -0.6371863709907
 1900.0      -0.6457953295201
 2000.0      -0.6546058979278
 2100.0      -0.6636084567585
 2200.0      -0.6727942791253
 2300.0      -0.6821554126383
 2400.0      -0.6916845838995
 2500.0      -0.7013751162127
 2600.0      -0.7112208589686
 2700.0      -0.7212161293753
 2800.0      -0.7313556633203
 2900.0      -0.7416345709109
 3000.0      -0.7520482973557
 3100.0      -0.7625925922637
 3200.0      -0.7732634798736
 3300.0      -0.7840572349814
 3400.0      -0.7949703588481
 3500.0      -0.8059995604386
 3600.0      -0.8171417405649
 3700.0      -0.8283939747911
 3800.0      -0.8397534987968
 3900.0      -0.8512176979679
 4000.0      -0.8627840946402
 4100.0      -0.8744503397000
 4200.0      -0.8862142016637
 4300.0      -0.8980735583560
 4400.0      -0.9100263930098
 4500.0      -0.9220707832433
 4600.0      -0.9342048956466
 4700.0      -0.9464269820822
 4800.0      -0.9587353730411
 4900.0      -0.9711284744531
 5000.0      -0.9836047608998
 5100.0      -0.9961627734265
 5200.0      -1.0088011120233
 5300.0      -1.0215184453279
 5400.0      -1.0343134840267
 5500.0      -1.0471850060470
 5600.0      -1.0601318260698
 5700.0      -1.0731528158967
 5800.0      -1.0862468890416
 5900.0      -1.0994130040653
 6000.0      -1.1126501589898
# P= 34.000000 GPa
    0.0      -0.5319885671845
  100.0      -0.5321459606173
  200.0      -0.5331482980706
  300.0      -0.5350883110245
  400.0      -0.5378778221888
  500.0      -0.5414114107064
  600.0      -0.5455921920916
  700.0      -0.5503394187257
  800.0      -0.5555874825573
  900.0      -0.5612830482002
 1000.0      -0.5673823476877
 1100.0      -0.5738490321175
 1200.0      -0.5806525445502
 1300.0      -0.5877669009384
 1400.0      -0.5951697724224
 1500.0      -0.6028417877496
 1600.0      -0.6107659973630
 1700.0      -0.6189274564523
 1800.0      -0.6273128971377
 1900.0      -0.6359104650250
 2000.0      -0.6447095099255
 2100.0      -0.6537004129866
 2200.0      -0.6628744478631
 2300.0      -0.6722236625332
 2400.0      -0.6817407828961
 2500.0      -0.6914191310632
 2600.0      -0.7012525553175
 2700.0      -0.7112353721877
 2800.0      -0.7213623160887
 2900.0      -0.7316284951142
 3000.0      -0.7420293524842
 3100.0      -0.7525606363272
 3200.0      -0.7632183689908
 3300.0      -0.7739988227136
 3400.0      -0.7848984961878
 3500.0      -0.7959140964377
 3600.0      -0.8070425218619
 3700.0      -0.8182808450305
 3800.0      -0.8296262986231
 3900.0      -0.8410762657078
 4000.0      -0.8526282656349
 4100.0      -0.8642799458555
 4200.0      -0.8760290716185
 4300.0      -0.8878735179818
 4400.0      -0.8998112644792
 4500.0      -0.9118403849273
 4600.0      -0.9239590425457
 4700.0      -0.9361654855603
 4800.0      -0.9484580402543
 4900.0      -0.9608351084692
 5000.0      -0.9732951609324
 5100.0      -0.9858367341755
 5200.0      -0.9984584236553
 5300.0      -1.0111588934919
 5400.0      -1.0239368497151
 5500.0      -1.0367910649254
 5600.0      -1.0497203490985
 5700.0      -1.0627235686052
 5800.0      -1.0757996314001
 5900.0      -1.0889474904779
 6000.0      -1.1021661379866
# P= 35.000000 GPa
    0.0      -0.5222963625330
  100.0      -0.5224538254156
  200.0      -0.5234549946979
  300.0      -0.5253912798226
  400.0      -0.5281749741599
  500.0      -0.5317013875282
  600.0      -0.5358741150033
  700.0      -0.5406126897647
  800.0      -0.5458516697590
  900.0      -0.5515378213341
 1000.0      -0.5576274415288
 1100.0      -0.5640842246093
 1200.0      -0.5708776427488
 1300.0      -0.5779817317318
 1400.0      -0.5853741765427
 1500.0      -0.5930356159869
 1600.0      -0.6009491081959
 1700.0      -0.6090997137794
 1800.0      -0.6174741681806
 1900.0      -0.6260606192429
 2000.0      -0.6348484183305
 2100.0      -0.6438279481226
 2200.0      -0.6529904827376
 2300.0      -0.6623280698191
 2400.0      -0.6718334345861
 2500.0      -0.6814998986317
 2600.0      -0.6913213098484
 2700.0      -0.7012919834053
 2800.0      -0.7114066520244
 2900.0      -0.7216604221504
 3000.0      -0.7320487359792
 3100.0      -0.7425673397936
 3200.0      -0.7532122536860
 3300.0      -0.7639797475896
 3400.0      -0.7748663185630
 3500.0      -0.7858686715136
 3600.0      -0.7969837020891
 3700.0      -0.8082084801189
 3800.0      -0.8195402361776
 3900.0      -0.8309763507779
 4000.0      -0.8425143401383
 4100.0      -0.8541518486041
 4200.0      -0.8658866389575
 4300.0      -0.8777165831280
 4400.0      -0.8896396570597
 4500.0      -0.9016539312902
 4600.0      -0.9137575660585
 4700.0      -0.9259488057968
 4800.0      -0.9382259728602
 4900.0      -0.9505874656647
 5000.0      -0.9630317510317
 5100.0      -0.9755573611988
 5200.0      -0.9881628875975
 5300.0      -1.0008469900878
 5400.0      -1.0136083702488
 5500.0      -1.0264457957400
 5600.0      -1.0393580722690
 5700.0      -1.0523440610212
 5800.0      -1.0654026647745
 5900.0      -1.0785328314298
 6000.0      -1.0917335476117
# P= 36.000000 GPa
    0.0      -0.5126345190324
  100.0      -0.5127920824327
  200.0      -0.5137921887177
  300.0      -0.5157249042842
  400.0      -0.5185029693235
  500.0      -0.5220224104805
  600.0      -0.5261872959543
  700.0      -0.5309174368755
  800.0      -0.5361475561910
  900.0      -0.5418245217876
 1000.0      -0.5479046952360
 1100.0      -0.5543518130990
 1200.0      -0.5611353761485
 1300.0      -0.5682294401686
 1400.0      -0.5756117046941
 1500.0      -0.5832628189465
 1600.0      -0.5911658480807
 1700.0      -0.5993058576460
 1800.0      -0.6076695866012
 1900.0      -0.6162451858540
 2000.0      -0.6250220087552
 2100.0      -0.6339904388010
 2200.0      -0.6431417502411
 2300.0      -0.6524679907079
 2400.0      -0.6619618856815
 2500.0      -0.6716167562790
 2600.0      -0.6814264492762
 2700.0      -0.6913852784814
 2800.0      -0.7014879755584
 2900.0      -0.7117296460721
 3000.0      -0.7221057305390
 3100.0      -0.7326119731679
 3200.0      -0.7432443921476
 3300.0      -0.7539992560719
 3400.0      -0.7648730600122
 3500.0      -0.7758625064131
 3600.0      -0.7869644884295
 3700.0      -0.7981760740825
 3800.0      -0.8094944916374
 3900.0      -0.8209171187582
 4000.0      -0.8324414688029
 4100.0      -0.8440651839009
 4200.0      -0.8557860240816
 4300.0      -0.8676018580627
 4400.0      -0.8795106585594
 4500.0      -0.8915104935813
 4600.0      -0.9035995200256
 4700.0      -0.9157759786873
 4800.0      -0.9280381885678
 4900.0      -0.9403845449305
 5000.0      -0.9528135106192
 5100.0      -0.9653236138903
 5200.0      -0.9779134427865
 5300.0      -0.9905816528424
 5400.0      -1.0033269414610
 5500.0      -1.0161480718859
 5600.0      -1.0290438457784
 5700.0      -1.0420131193804
 5800.0      -1.0550547907304
 5900.0      -1.0681678030193
 6000.0      -1.0813511376437
# P= 37.000000 GPa
    0.0      -0.5030025735833
  100.0      -0.5031602678040
  200.0      -0.5041594128773
  300.0      -0.5060887119063
  400.0      -0.5088613288593
  500.0      -0.5123739940449
  600.0      -0.5165312431121
  700.0      -0.5212531626431
  800.0      -0.5264746388869
  900.0      -0.5321426400104
 1000.0      -0.5382135914619
 1100.0      -0.5446512722072
 1200.0      -0.5514252121613
 1300.0      -0.5585094873118
 1400.0      -0.5658818110849
 1500.0      -0.5735228425745
 1600.0      -0.5814156540709
 1700.0      -0.5895453167927
 1800.0      -0.5978985738034
 1900.0      -0.6064635785261
 2000.0      -0.6152296857377
 2100.0      -0.6241872798717
 2200.0      -0.6333276360954
 2300.0      -0.6426428026183
 2400.0      -0.6521255045190
 2500.0      -0.6617690620448
 2600.0      -0.6715673211244
 2700.0      -0.6815145951395
 2800.0      -0.6916056148509
 2900.0      -0.7018354842020
 3000.0      -0.7121996420060
 3100.0      -0.7226938309919
 3200.0      -0.7333140682592
 3300.0      -0.7440566204335
 3400.0      -0.7549179803640
 3500.0      -0.7658948483720
 3600.0      -0.7769841160856
 3700.0      -0.7881828493749
 3800.0      -0.7994882738685
 3900.0      -0.8108977646455
 4000.0      -0.8224088331340
 4100.0      -0.8340191190152
 4200.0      -0.8457263793181
 4300.0      -0.8575284798362
 4400.0      -0.8694233909362
 4500.0      -0.8814091777756
 4600.0      -0.8934839938834
 4700.0      -0.9056460768148
 4800.0      -0.9178937429038
 4900.0      -0.9302253839219
 5000.0      -0.9426394589281
 5100.0      -0.9551344928156
 5200.0      -0.9677090704154
 5300.0      -0.9803618429368
 5400.0      -0.9930915039712
 5500.0      -1.0058968129024
 5600.0      -1.0187765673392
 5700.0      -1.0317296188667
 5800.0      -1.0447548613435
 5900.0      -1.0578512334235
 6000.0      -1.0710177115698
# P= 38.000000 GPa
    0.0      -0.4934000734322
  100.0      -0.4935579280346
  200.0      -0.4945562105633
  300.0      -0.4964822416649
  400.0      -0.4992495870517
  500.0      -0.5027556677047
  600.0      -0.5069054805611
  700.0      -0.5116193845749
  800.0      -0.5168324279580
  900.0      -0.5224916788823
 1000.0      -0.5285536268259
 1100.0      -0.5349820929081
 1200.0      -0.5417466354439
 1300.0      -0.5488213501028
 1400.0      -0.5561839643469
 1500.0      -0.5638151478210
 1600.0      -0.5716979804744
 1700.0      -0.5798175386961
 1800.0      -0.5881605690354
 1900.0      -0.5967152274472
 2000.0      -0.6054708708106
 2100.0      -0.6144178852348
 2200.0      -0.6235475463983
 2300.0      -0.6328519024523
 2400.0      -0.6423236781254
 2500.0      -0.6519561935185
 2600.0      -0.6617432944247
 2700.0      -0.6716792932091
 2800.0      -0.6817589192753
 2900.0      -0.6919772751671
 3000.0      -0.7023297989046
 3100.0      -0.7128122320021
 3200.0      -0.7234205897206
 3300.0      -0.7341511366697
 3400.0      -0.7450003640316
 3500.0      -0.7559649708570
 3600.0      -0.7670418466483
 3700.0      -0.7782280548825
 3800.0      -0.7895208188801
 3900.0      -0.8009175120997
 4000.0      -0.8124156437083
 4100.0      -0.8240128506304
 4200.0      -0.8357068871646
 4300.0      -0.8474956171065
 4400.0      -0.8593770082180
 4500.0      -0.8713491226016
 4600.0      -0.8834101107219
 4700.0      -0.8955582077596
 4800.0      -0.9077917270323
 4900.0      -0.9201090568430
 5000.0      -0.9325086529001
 5100.0      -0.9449890373454
 5200.0      -0.9575487915051
 5300.0      -0.9701865624760
 5400.0      -0.9829010407001
 5500.0      -0.9956909817796
 5600.0      -1.0085551793649
 5700.0      -1.0214924807757
 5800.0      -1.0345017761830
 5900.0      -1.0475819997437
 6000.0      -1.0607321233090
# P= 39.000000 GPa
    0.0      -0.4838265804699
  100.0      -0.4839846242928
  200.0      -0.4849821399251
  300.0      -0.4869050471628
  400.0      -0.4896672918909
  500.0      -0.4931669730592
  600.0      -0.4973095433192
  700.0      -0.5020156316929
  800.0      -0.5072204472645
  900.0      -0.5128711571380
 1000.0      -0.5189243139010
 1100.0      -0.5253437803568
 1200.0      -0.5320991434654
 1300.0      -0.5391645191591
 1400.0      -0.5465176492056
 1500.0      -0.5541392132187
 1600.0      -0.5620122982250
 1700.0      -0.5701219858158
 1800.0      -0.5784550266875
 1900.0      -0.5869995800267
 2000.0      -0.5957450045060
 2100.0      -0.6046816872272
 2200.0      -0.6138009042939
 2300.0      -0.6230947043921
 2400.0      -0.6325558127338
 2500.0      -0.6421775490302
 2600.0      -0.6519537582439
 2700.0      -0.6618787517066
 2800.0      -0.6719472581140
 2900.0      -0.6821543794187
 3000.0      -0.6924955523496
 3100.0      -0.7029665166937
 3200.0      -0.7135632860522
 3300.0      -0.7242821238929
 3400.0      -0.7351195201027
 3500.0      -0.7460721717118
 3600.0      -0.7571369660268
 3700.0      -0.7683109646464
 3800.0      -0.7795913894693
 3900.0      -0.7909756117679
 4000.0      -0.8024611382001
 4100.0      -0.8140456032502
 4200.0      -0.8257267594492
 4300.0      -0.8375024682758
 4400.0      -0.8493706945979
 4500.0      -0.8613294977384
 4600.0      -0.8733770260174
 4700.0      -0.8855115119670
 4800.0      -0.8977312657281
 4900.0      -0.9100346724549
 5000.0      -0.9224201853489
 5100.0      -0.9348863234366
 5200.0      -0.9474316646147
 5300.0      -0.9600548523306
 5400.0      -0.9727545744165
 5500.0      -0.9855295824410
 5600.0      -0.9983786663523
 5700.0      -1.0113006698721
 5800.0      -1.0242944795124
 5900.0      -1.0373590250808
 6000.0      -1.0504932742564
# P= 40.000000 GPa
    0.0      -0.4742816657371
  100.0      -0.4744399269470
  200.0      -0.4754367683785
  300.0      -0.4773566914360
  400.0      -0.4801140017332
  500.0      -0.4836074639955
  600.0      -0.4877429807980
  700.0      -0.4924414482556
  800.0      -0.4976382346761
  900.0      -0.5032806055312
 1000.0      -0.5093251766174
 1100.0      -0.5157358527206
 1200.0      -0.5224822492056
 1300.0      -0.5295385016009
 1400.0      -0.5368823654995
 1500.0      -0.5444945306724
 1600.0      -0.5523580918917
 1700.0      -0.5604581364980
 1800.0      -0.5687814189290
 1900.0      -0.5773161009568
 2000.0      -0.5860515429456
 2100.0      -0.5949781335701
 2200.0      -0.6040871501587
 2300.0      -0.6133706418354
 2400.0      -0.6228213335743
 2500.0      -0.6324325445085
 2600.0      -0.6421981192665
 2700.0      -0.6521123690357
 2800.0      -0.6621700217364
 2900.0      -0.6723661779938
 3000.0      -0.6826962731597
 3100.0      -0.6931560458645
 3200.0      -0.7037415089306
 3300.0      -0.7144489242954
 3400.0      -0.7252747799815
 3500.0      -0.7362157711382
 3600.0      -0.7472687837048
 3700.0      -0.7584308778764
 3800.0      -0.7696992733877
 3900.0      -0.7810713392300
 4000.0      -0.7925445800295
 4100.0      -0.8041166287441
 4200.0      -0.8157852356083
 4300.0      -0.8275482595296
 4400.0      -0.8394036627881
 4500.0      -0.8513495028855
 4600.0      -0.8633839256926
 4700.0      -0.8755051608232
 4800.0      -0.8877115155229
 4900.0      -0.9000013727086
 5000.0      -0.9123731827853
 5100.0      -0.9248254615453
 5200.0      -0.9373567837975
 5300.0      -0.9499657901477
 5400.0      -0.9626511654615
 5500.0      -0.9754116573765
 5600.0      -0.9882460526548
 5700.0      -1.0011531918640
 5800.0      -1.0141319576791
 5900.0      -1.0271812758280
 6000.0      -1.0403001104960
