# T (K)     Gibbs free energy (Ry.)
    0.0      -0.8841038108421
    0.0      -0.8842858394649
    0.0      -0.8854288827696
    0.0      -0.8876463155644
    0.0      -0.8908097592159
    0.0      -0.8947771093010
    0.0      -0.8994302085326
    0.0      -0.9046765467506
    0.0      -0.9104438068532
    0.0      -0.9166746579786
    0.0      -0.9233228630687
    0.0      -0.9303505019896
    0.0      -0.9377260006770
    0.0      -0.9454227129208
    0.0      -0.9534178854927
    0.0      -0.9616918848111
    0.0      -0.9702276164691
    0.0      -0.9790100743319
    0.0      -0.9880259942721
    0.0      -0.9972635738782
    0.0      -1.0067122559113
    0.0      -1.0163625463196
    0.0      -1.0262058708687
    0.0      -1.0362344535626
    0.0      -1.0464412170609
    0.0      -1.0568197003270
    0.0      -1.0673639862640
    0.0      -1.0780686431396
    0.0      -1.0889286734523
    0.0      -1.0999394704270
    0.0      -1.1110967794015
    0.0      -1.1223966664935
    0.0      -1.1338354893354
    0.0      -1.1454098728193
    0.0      -1.1571166875096
    0.0      -1.1689530308790
    0.0      -1.1809162104538
    0.0      -1.1930037295926
    0.0      -1.2052132751665
    0.0      -1.2175427050290
    0.0      -1.2299900401868
    0.0      -1.2425534543450
    0.0      -1.2552312678160
    0.0      -1.2680219413597
    0.0      -1.2809240687617
    0.0      -1.2939363749996
    0.0      -1.3070577112606
    0.0      -1.3202870463702
    0.0      -1.3336234467015
    0.0      -1.3470660674718
    0.0      -1.3606141540128
    0.0      -1.3742670368081
    0.0      -1.3880241351796
    0.0      -1.4018849198053
    0.0      -1.4158489778000
    0.0      -1.4299159248719
    0.0      -1.4440854903334
    0.0      -1.4583574443561
    0.0      -1.4727316358912
    0.0      -1.4872079719914
    0.0      -1.5017864353939
    1.0      -0.8729603559145
    1.0      -0.8731405700763
    1.0      -0.8742750616525
    1.0      -0.8764777808880
    1.0      -0.8796226285082
    1.0      -0.8835690574058
    1.0      -0.8881997239665
    1.0      -0.8934225443522
    1.0      -0.8991654347655
    1.0      -0.9053711991147
    1.0      -0.9119936792275
    1.0      -0.9189950030944
    1.0      -0.9263436240395
    1.0      -0.9340129117838
    1.0      -0.9419801194023
    1.0      -0.9502256148957
    1.0      -0.9587322998218
    1.0      -0.9674851620227
    1.0      -0.9764709275843
    1.0      -0.9856777830389
    1.0      -0.9950951578314
    1.0      -1.0047135428519
    1.0      -1.0145243480563
    1.0      -1.0245197791166
    1.0      -1.0346927400004
    1.0      -1.0450367493278
    1.0      -1.0555458679017
    1.0      -1.0662146412004
    1.0      -1.0770380471184
    1.0      -1.0880114527947
    1.0      -1.0991305761212
    1.0      -1.1103914542776
    1.0      -1.1217904138220
    1.0      -1.1333240471685
    1.0      -1.1449891903087
    1.0      -1.1567829040133
    1.0      -1.1687024570673
    1.0      -1.1807453116763
    1.0      -1.1929091109558
    1.0      -1.2051916663312
    1.0      -1.2175909492519
    1.0      -1.2301050808911
    1.0      -1.2427323254945
    1.0      -1.2554710836824
    1.0      -1.2683198855366
    1.0      -1.2812773876067
    1.0      -1.2943423668846
    1.0      -1.3075137193741
    1.0      -1.3207904566789
    1.0      -1.3341716995742
    1.0      -1.3476566619154
    1.0      -1.3612446416980
    1.0      -1.3749350237661
    1.0      -1.3887272483425
    1.0      -1.4026208642135
    1.0      -1.4166154555788
    1.0      -1.4307107123986
    1.0      -1.4449063693880
    1.0      -1.4592022373101
    1.0      -1.4735981854272
    1.0      -1.4880941561615
    2.0      -0.8618770498581
    2.0      -0.8620555450088
    2.0      -0.8631818964247
    2.0      -0.8653705116324
    2.0      -0.8684974658091
    2.0      -0.8724237275607
    2.0      -0.8770327512067
    2.0      -0.8822328729635
    2.0      -0.8879522399285
    2.0      -0.8941337892619
    2.0      -0.9007314421002
    2.0      -0.9077073739783
    2.0      -0.9150300670224
    2.0      -0.9226729066013
    2.0      -0.9306131539894
    2.0      -0.9388311786507
    2.0      -0.9473098802642
    2.0      -0.9560342408070
    2.0      -0.9649909786449
    2.0      -0.9741682701303
    2.0      -0.9835555328428
    2.0      -0.9931432446801
    2.0      -1.0029228004335
    2.0      -1.0128863903648
    2.0      -1.0230269007070
    2.0      -1.0333378319471
    2.0      -1.0438132253764
    2.0      -1.0544476051382
    2.0      -1.0652359274149
    2.0      -1.0761735359353
    2.0      -1.0872561234336
    2.0      -1.0984797012742
    2.0      -1.1098405682846
    2.0      -1.1213352874548
    2.0      -1.1329606638578
    2.0      -1.1447137255055
    2.0      -1.1565917065846
    2.0      -1.1685920325315
    2.0      -1.1807123075450
    2.0      -1.1929503018283
    2.0      -1.2053039428919
    2.0      -1.2177713054257
    2.0      -1.2303506041803
    2.0      -1.2430401868106
    2.0      -1.2558385274704
    2.0      -1.2687442225549
    2.0      -1.2817559849317
    2.0      -1.2948726418933
    2.0      -1.3080931312216
    2.0      -1.3214164966457
    2.0      -1.3348418893327
    2.0      -1.3483685664571
    2.0      -1.3619958792515
    2.0      -1.3757232379616
    2.0      -1.3895501542755
    2.0      -1.4034761813500
    2.0      -1.4175009709875
    2.0      -1.4316242231780
    2.0      -1.4458457114395
    2.0      -1.4601652680767
    2.0      -1.4745827962044
    3.0      -0.8508523221701
    3.0      -0.8510291896616
    3.0      -0.8521477918145
    3.0      -0.8543228820743
    3.0      -0.8574326107262
    3.0      -0.8613394220133
    3.0      -0.8659275533711
    3.0      -0.8711057546654
    3.0      -0.8768024017012
    3.0      -0.8829605633740
    3.0      -0.8895342402126
    3.0      -0.8964856551953
    3.0      -0.9037833198275
    3.0      -0.9114006357017
    3.0      -0.9193148730067
    3.0      -0.9275064036064
    3.0      -0.9359581262025
    3.0      -0.9446550179196
    3.0      -0.9535837907141
    3.0      -0.9627326115449
    3.0      -0.9720908881238
    3.0      -0.9816490857236
    3.0      -0.9913985866503
    3.0      -1.0013315660773
    3.0      -1.0114408951020
    3.0      -1.0217200574602
    3.0      -1.0321630764518
    3.0      -1.0427644577639
    3.0      -1.0535191370708
    3.0      -1.0644224373096
    3.0      -1.0754700288025
    3.0      -1.0866578990405
    3.0      -1.0979823221340
    3.0      -1.1094398348253
    3.0      -1.1210272140441
    3.0      -1.1327414584880
    3.0      -1.1445797714624
    3.0      -1.1565395454633
    3.0      -1.1686183498506
    3.0      -1.1808139181312
    3.0      -1.1931241387296
    3.0      -1.2055470450444
    3.0      -1.2180808079429
    3.0      -1.2307237282340
    3.0      -1.2434742307147
    3.0      -1.2563308588117
    3.0      -1.2692922690582
    3.0      -1.2823572285169
    3.0      -1.2955246106050
    3.0      -1.3087933904868
    3.0      -1.3221626459306
    3.0      -1.3356315542310
    3.0      -1.3491993949814
    3.0      -1.3628655325559
    3.0      -1.3766294417868
    3.0      -1.3904906452716
    3.0      -1.4044487578207
    3.0      -1.4185034454329
    3.0      -1.4326544453124
    3.0      -1.4469015536372
    3.0      -1.4612446352090
    4.0      -0.8398846745886
    4.0      -0.8400600019359
    4.0      -0.8411712264409
    4.0      -0.8433333424325
    4.0      -0.8464264811310
    4.0      -0.8503145239171
    4.0      -0.8548824771100
    4.0      -0.8600394980724
    4.0      -0.8657141888447
    4.0      -0.8718497490149
    4.0      -0.8784002579832
    4.0      -0.8853279866617
    4.0      -0.8926014757572
    4.0      -0.9001941442976
    4.0      -0.9080832712877
    4.0      -0.9162492325859
    4.0      -0.9246749258911
    4.0      -0.9333453253524
    4.0      -0.9422471365034
    4.0      -0.9513685190950
    4.0      -0.9606988709463
    4.0      -0.9702286471485
    4.0      -0.9799492176555
    4.0      -0.9898527449169
    4.0      -0.9999320857590
    4.0      -1.0101807088068
    4.0      -1.0205926215389
    4.0      -1.0311623119635
    4.0      -1.0418846982475
    4.0      -1.0527550837551
    4.0      -1.0637691185745
    4.0      -1.0749227691857
    4.0      -1.0862122866593
    4.0      -1.0976341843089
    4.0      -1.1091852140174
    4.0      -1.1208623476553
    4.0      -1.1326627608692
    4.0      -1.1445838167945
    4.0      -1.1566230534293
    4.0      -1.1687781714059
    4.0      -1.1810470243106
    4.0      -1.1934276087576
    4.0      -1.2059180565358
    4.0      -1.2185166268352
    4.0      -1.2312217007298
    4.0      -1.2440317748103
    4.0      -1.2569454558973
    4.0      -1.2699614580309
    4.0      -1.2830785980820
    4.0      -1.2962957912242
    4.0      -1.3096120508977
    4.0      -1.3230264852939
    4.0      -1.3365382993244
    4.0      -1.3501467794915
    4.0      -1.3638513205483
    4.0      -1.3776513904297
    4.0      -1.3915465646189
    4.0      -1.4055364758595
    4.0      -1.4196208259624
    4.0      -1.4337993758060
    4.0      -1.4480719528609
    5.0      -0.8289726763510
    5.0      -0.8291465474766
    5.0      -0.8302507479696
    5.0      -0.8324004138614
    5.0      -0.8354775679673
    5.0      -0.8393474918915
    5.0      -0.8438959469618
    5.0      -0.8490324922391
    5.0      -0.8546859533701
    5.0      -0.8607996597764
    5.0      -0.8673277690739
    5.0      -0.8742326005018
    5.0      -0.8814827239699
    5.0      -0.8890515766180
    5.0      -0.8969164467705
    5.0      -0.9050577149281
    5.0      -0.9134582787276
    5.0      -0.9221031098893
    5.0      -0.9309789088182
    5.0      -0.9400738285742
    5.0      -0.9493772585885
    5.0      -0.9588796444431
    5.0      -0.9685723452146
    5.0      -0.9784475117699
    5.0      -0.9884979877894
    5.0      -0.9987172287296
    5.0      -1.0090992268028
    5.0      -1.0196384551145
    5.0      -1.0303298147615
    5.0      -1.0411685921946
    5.0      -1.0521504189032
    5.0      -1.0632712418687
    5.0      -1.0745272921776
    5.0      -1.0859150611963
    5.0      -1.0974312783108
    5.0      -1.1090728916444
    5.0      -1.1208370513750
    5.0      -1.1327210943096
    5.0      -1.1447225305463
    5.0      -1.1568390309777
    5.0      -1.1690684179494
    5.0      -1.1814086552651
    5.0      -1.1938578398490
    5.0      -1.2064141937139
    5.0      -1.2190760590498
    5.0      -1.2318418908866
    5.0      -1.2447102519978
    5.0      -1.2576798095340
    5.0      -1.2707493304724
    5.0      -1.2839176772120
    5.0      -1.2971838067003
    5.0      -1.3105467666541
    5.0      -1.3240056965437
    5.0      -1.3375598158905
    5.0      -1.3512084430539
    5.0      -1.3649509686022
    5.0      -1.3787868831550
    5.0      -1.3927157541644
    5.0      -1.4067372404227
    5.0      -1.4208510682805
    5.0      -1.4350570288464
    6.0      -0.8181149598935
    6.0      -0.8182874553423
    6.0      -0.8193849686687
    6.0      -0.8215226838572
    6.0      -0.8245844304903
    6.0      -0.8284368549849
    6.0      -0.8329664601769
    6.0      -0.8380832012701
    6.0      -0.8437161249090
    6.0      -0.8498086894260
    6.0      -0.8563151301361
    6.0      -0.8631978146635
    6.0      -0.8704253424432
    6.0      -0.8779711689385
    6.0      -0.8858125926761
    6.0      -0.8939299989300
    6.0      -0.9023062865481
    6.0      -0.9109264249353
    6.0      -0.9197771108382
    6.0      -0.9288464908292
    6.0      -0.9381239475711
    6.0      -0.9475999173976
    6.0      -0.9572657503529
    6.0      -0.9671135859392
    6.0      -0.9771362568976
    6.0      -0.9873272056010
    6.0      -0.9976804115746
    6.0      -1.0081903331759
    6.0      -1.0188518569876
    6.0      -1.0296602534246
    6.0      -1.0406111371825
    6.0      -1.0517004380196
    6.0      -1.0629243679307
    6.0      -1.0742793993986
    6.0      -1.0857622408463
    6.0      -1.0973698187723
    6.0      -1.1090992610000
    6.0      -1.1209478799668
    6.0      -1.1329131606790
    6.0      -1.1449927476557
    6.0      -1.1571844348332
    6.0      -1.1694861565587
    6.0      -1.1818959786546
    6.0      -1.1944120899080
    6.0      -1.2070327976638
    6.0      -1.2197565199665
    6.0      -1.2325817804365
    6.0      -1.2455072045991
    6.0      -1.2585315152183
    6.0      -1.2716535280517
    6.0      -1.2848721502208
    6.0      -1.2981863762340
    6.0      -1.3115952881097
    6.0      -1.3250980467474
    6.0      -1.3386939037244
    6.0      -1.3523821825619
    6.0      -1.3661622977852
    6.0      -1.3800337382057
    6.0      -1.3939960764699
    6.0      -1.4080489647580
    6.0      -1.4221921428514
    7.0      -0.8073102169031
    7.0      -0.8074814140416
    7.0      -0.8085725613298
    7.0      -0.8106988020405
    7.0      -0.8137456918950
    7.0      -0.8175812081207
    7.0      -0.8220925819690
    7.0      -0.8271901593912
    7.0      -0.8328032055168
    7.0      -0.8388753065394
    7.0      -0.8453607750887
    7.0      -0.8522220270612
    7.0      -0.8594276918052
    7.0      -0.8669512432308
    7.0      -0.8747699908005
    7.0      -0.8828643248781
    7.0      -0.8912171462811
    7.0      -0.8998134227561
    7.0      -0.9086398480102
    7.0      -0.9176845631811
    7.0      -0.9269369445927
    7.0      -0.9363874207701
    7.0      -0.9460273330072
    7.0      -0.9558488111898
    7.0      -0.9658446773858
    7.0      -0.9760083627981
    7.0      -0.9863338347040
    7.0      -0.9968155385827
    7.0      -1.0074483474556
    7.0      -1.0182275171249
    7.0      -1.0291486474030
    7.0      -1.0402076515364
    7.0      -1.0514007252863
    7.0      -1.0627243228213
    7.0      -1.0741751343259
    7.0      -1.0857500665430
    7.0      -1.0974462264995
    7.0      -1.1092609054411
    7.0      -1.1211915651015
    7.0      -1.1332358261399
    7.0      -1.1453914573999
    7.0      -1.1576563663129
    7.0      -1.1700285907204
    7.0      -1.1825062898192
    7.0      -1.1950877396954
    7.0      -1.2077713251895
    7.0      -1.2205555350492
    7.0      -1.2334389577463
    7.0      -1.2464202767079
    7.0      -1.2594982662671
    7.0      -1.2726717894328
    7.0      -1.2859397937018
    7.0      -1.2993013104306
    7.0      -1.3127554489593
    7.0      -1.3263014022483
    7.0      -1.3399384351468
    7.0      -1.3536658957960
    7.0      -1.3674832044022
    7.0      -1.3813898589916
    7.0      -1.3953854325463
    7.0      -1.4094695775657
    8.0      -0.7965571946830
    8.0      -0.7967271678825
    8.0      -0.7978122555287
    8.0      -0.7999274762849
    8.0      -0.8029600352991
    8.0      -0.8067792079289
    8.0      -0.8112729411591
    8.0      -0.8163519664265
    8.0      -0.8219457649158
    8.0      -0.8279980495772
    8.0      -0.8344632100030
    8.0      -0.8413037102126
    8.0      -0.8484882097628
    8.0      -0.8559902012188
    8.0      -0.8637870054306
    8.0      -0.8718590183953
    8.0      -0.8801891432995
    8.0      -0.8887623471382
    8.0      -0.8975653208330
    8.0      -0.9065862012979
    8.0      -0.9158143587393
    8.0      -0.9252402152021
    8.0      -0.9348551035848
    8.0      -0.9446511455225
    8.0      -0.9546211529272
    8.0      -0.9647585472740
    8.0      -0.9750572841796
    8.0      -0.9855117979418
    8.0      -0.9961169485053
    8.0      -1.0068679791925
    8.0      -1.0177604752005
    8.0      -1.0287903359016
    8.0      -1.0399537410263
    8.0      -1.0512471291521
    8.0      -1.0626671731575
    8.0      -1.0742107619535
    8.0      -1.0858749841877
    8.0      -1.0976571109310
    8.0      -1.1095545837627
    8.0      -1.1215650013316
    8.0      -1.1336861095190
    8.0      -1.1459157921232
    8.0      -1.1582520613228
    8.0      -1.1706930496055
    8.0      -1.1832370052945
    8.0      -1.1958822833171
    8.0      -1.2086273410577
    8.0      -1.2214707339666
    8.0      -1.2344111104136
    8.0      -1.2474472077583
    8.0      -1.2605778497779
    8.0      -1.2738019422881
    8.0      -1.2871184717921
    8.0      -1.3005265020714
    8.0      -1.3140251743994
    8.0      -1.3276137020552
    8.0      -1.3412913749397
    8.0      -1.3550575532197
    8.0      -1.3689116698523
    8.0      -1.3828532286996
    8.0      -1.3968818073596
    9.0      -0.7858546927986
    9.0      -0.7860235136052
    9.0      -0.7871028341812
    9.0      -0.7892074691562
    9.0      -0.7922262000500
    9.0      -0.7960295689111
    9.0      -0.8005062261779
    9.0      -0.8055672836440
    9.0      -0.8111424361777
    9.0      -0.8171755223689
    9.0      -0.8236210084114
    9.0      -0.8304414063086
    9.0      -0.8376054059904
    9.0      -0.8450865189628
    9.0      -0.8528620777661
    9.0      -0.8609124846023
    9.0      -0.8692206453512
    9.0      -0.8777715270359
    9.0      -0.8865518181808
    9.0      -0.8955496522495
    9.0      -0.9047543939927
    9.0      -0.9141564595971
    9.0      -0.9237471745942
    9.0      -0.9335186527705
    9.0      -0.9434636973188
    9.0      -0.9535757201798
    9.0      -0.9638486670934
    9.0      -0.9742769612776
    9.0      -0.9848554516540
    9.0      -0.9955793691519
    9.0      -1.0064442866085
    9.0      -1.0174460897609
    9.0      -1.0285809445234
    9.0      -1.0398452746676
    9.0      -1.0512357374997
    9.0      -1.0627492059486
    9.0      -1.0743827511819
    9.0      -1.0861336270238
    9.0      -1.0979992556277
    9.0      -1.1099772163995
    9.0      -1.1220652343768
    9.0      -1.1342611713680
    9.0      -1.1465630171498
    9.0      -1.1589688796994
    9.0      -1.1714769821214
    9.0      -1.1840856528819
    9.0      -1.1967933209842
    9.0      -1.2095985121183
    9.0      -1.2224998434071
    9.0      -1.2354960192347
    9.0      -1.2485858282173
    9.0      -1.2617681390892
    9.0      -1.2750418985227
    9.0      -1.2884061298820
    9.0      -1.3018599286748
    9.0      -1.3154024626310
    9.0      -1.3290329703285
    9.0      -1.3427507591539
    9.0      -1.3565552049983
    9.0      -1.3704457512623
    9.0      -1.3844219101950
   10.0      -0.7752015599791
   10.0      -0.7753692972706
   10.0      -0.7764431303744
   10.0      -0.7785375946353
   10.0      -0.7815429783230
   10.0      -0.7853310599080
   10.0      -0.7897911813934
   10.0      -0.7948348299372
   10.0      -0.8003919117548
   10.0      -0.8064063899698
   10.0      -0.8128328070003
   10.0      -0.8196337226941
   10.0      -0.8267778574420
   10.0      -0.8342387419869
   10.0      -0.8419937208056
   10.0      -0.8500232028059
   10.0      -0.8583100969278
   10.0      -0.8668393707705
   10.0      -0.8755977110160
   10.0      -0.8845732481641
   10.0      -0.8937553423390
   10.0      -0.9031344042193
   10.0      -0.9127017530713
   10.0      -0.9224494951345
   10.0      -0.9323704260717
   10.0      -0.9424579487502
   10.0      -0.9527060001814
   10.0      -0.9631089932168
   10.0      -0.9736617668528
   10.0      -0.9843595405433
   10.0      -0.9951978759356
   10.0      -1.0061726461177
   10.0      -1.0172800046334
   10.0      -1.0285163612844
   10.0      -1.0398783598047
   10.0      -1.0513628576288
   10.0      -1.0629669111153
   10.0      -1.0746877571209
   10.0      -1.0865228012582
   10.0      -1.0984696046789
   10.0      -1.1105258736272
   10.0      -1.1226894504829
   10.0      -1.1349583037931
   10.0      -1.1473305201891
   10.0      -1.1598042997239
   10.0      -1.1723779466106
   10.0      -1.1850498648555
   10.0      -1.1978185531323
   10.0      -1.2106826003084
   10.0      -1.2236406814181
   10.0      -1.2366915536447
   10.0      -1.2498340523917
   10.0      -1.2630670888796
   10.0      -1.2763896505177
   10.0      -1.2898007921443
   10.0      -1.3032996410424
   10.0      -1.3168853903945
   10.0      -1.3305573009884
   10.0      -1.3443146984410
   10.0      -1.3581569730103
   10.0      -1.3720835796465
   11.0      -0.7645966912596
   11.0      -0.7647634113993
   11.0      -0.7658320244452
   11.0      -0.7679167150940
   11.0      -0.7709092119832
   11.0      -0.7746825008396
   11.0      -0.7791266037330
   11.0      -0.7841533783118
   11.0      -0.7896929398266
   11.0      -0.7956893748557
   11.0      -0.8020973016522
   11.0      -0.8088793277490
   11.0      -0.8160042040496
   11.0      -0.8234454808073
   11.0      -0.8311805146604
   11.0      -0.8391897216283
   11.0      -0.8474560141150
   11.0      -0.8559643607124
   11.0      -0.8647014468359
   11.0      -0.8736554004247
   11.0      -0.8828155777227
   11.0      -0.8921723843213
   11.0      -0.9017171339700
   11.0      -0.9114419260026
   11.0      -0.9213395491723
   11.0      -0.9314033982399
   11.0      -0.9416274018939
   11.0      -0.9520059639891
   11.0      -0.9625339137901
   11.0      -0.9732064609665
   11.0      -0.9840191560838
   11.0      -0.9949678615272
   11.0      -1.0060487185385
   11.0      -1.0172581251632
   11.0      -1.0285927116094
   11.0      -1.0400493222919
   11.0      -1.0516249988893
   11.0      -1.0633169638043
   11.0      -1.0751226067562
   11.0      -1.0870394726736
   11.0      -1.0990652508029
   11.0      -1.1111977651951
   11.0      -1.1234349661684
   11.0      -1.1357749199181
   11.0      -1.1482158062494
   11.0      -1.1607559074954
   11.0      -1.1733936044458
   11.0      -1.1861273720796
   11.0      -1.1989557735873
   11.0      -1.2118774573231
   11.0      -1.2248911525644
   11.0      -1.2379956648326
   11.0      -1.2511898734013
   11.0      -1.2644727336470
   11.0      -1.2778432642172
   11.0      -1.2913005563145
   11.0      -1.3048437627705
   11.0      -1.3184721030869
   11.0      -1.3321848584109
   11.0      -1.3459813720777
   11.0      -1.3598610485602
   12.0      -0.7540390253815
   12.0      -0.7542047923525
   12.0      -0.7552684412749
   12.0      -0.7573437384978
   12.0      -0.7603237896828
   12.0      -0.7640827596897
   12.0      -0.7685113395704
   12.0      -0.7735217526466
   12.0      -0.7790443209313
   12.0      -0.7850232534247
   12.0      -0.7914132438058
   12.0      -0.7981769471027
   12.0      -0.8052831447748
   12.0      -0.8127054068247
   12.0      -0.8204211022553
   12.0      -0.8284106545366
   12.0      -0.8366569799428
   12.0      -0.8451450484072
   12.0      -0.8538615446065
   12.0      -0.8627945943334
   12.0      -0.8719335505136
   12.0      -0.8812688141906
   12.0      -0.8907916941106
   12.0      -0.9004942834552
   12.0      -0.9103693644774
   12.0      -0.9204103248325
   12.0      -0.9306110852345
   12.0      -0.9409660416198
   12.0      -0.9514700140463
   12.0      -0.9621182033820
   12.0      -0.9729061499432
   12.0      -0.9838297062538
   12.0      -0.9948850024059
   12.0      -1.0060684254333
   12.0      -1.0173765934265
   12.0      -1.0288063385806
   12.0      -1.0403546893700
   12.0      -1.0520188548590
   12.0      -1.0637962101465
   12.0      -1.0756842857232
   12.0      -1.0876807546218
   12.0      -1.0997834252166
   12.0      -1.1119902299996
   12.0      -1.1242992177688
   12.0      -1.1367085491343
   12.0      -1.1492164867356
   12.0      -1.1618213908571
   12.0      -1.1745217141493
   12.0      -1.1873159973129
   12.0      -1.2002028645302
   12.0      -1.2131810195081
   12.0      -1.2262492413427
   12.0      -1.2394063805883
   12.0      -1.2526513636236
   12.0      -1.2659831768806
   12.0      -1.2794008794194
   12.0      -1.2929035879522
   12.0      -1.3064904852483
   12.0      -1.3201608130018
   12.0      -1.3339138729595
   12.0      -1.3477490249324
   13.0      -0.7435275423433
   13.0      -0.7436924178708
   13.0      -0.7447513477775
   13.0      -0.7468176158096
   13.0      -0.7497856441674
   13.0      -0.7535307497294
   13.0      -0.7579442818507
   13.0      -0.7629388247010
   13.0      -0.7684449048523
   13.0      -0.7744068527763
   13.0      -0.7807794371019
   13.0      -0.7875253601439
   13.0      -0.7946134339792
   13.0      -0.8020172485469
   13.0      -0.8097141853901
   13.0      -0.8176846757411
   13.0      -0.8259116401174
   13.0      -0.8343800501066
   13.0      -0.8430765901144
   13.0      -0.8519893842065
   13.0      -0.8611077824337
   13.0      -0.8704221818540
   13.0      -0.8799238866333
   13.0      -0.8896049845002
   13.0      -0.8994582516434
   13.0      -0.9094770693355
   13.0      -0.9196553509138
   13.0      -0.9299874850237
   13.0      -0.9404682834068
   13.0      -0.9510929385546
   13.0      -0.9618569818083
   13.0      -0.9727562560544
   13.0      -0.9837868817925
   13.0      -0.9949452352264
   13.0      -1.0062279240650
   13.0      -1.0176317685090
   13.0      -1.0291537857450
   13.0      -1.0407911717220
   13.0      -1.0525412891269
   13.0      -1.0644016541609
   13.0      -1.0763699262197
   13.0      -1.0884438981175
   13.0      -1.1006214872815
   13.0      -1.1129007256584
   13.0      -1.1252797569859
   13.0      -1.1377568259543
   13.0      -1.1503302736629
   13.0      -1.1629985335153
   13.0      -1.1757601248139
   13.0      -1.1886136504375
   13.0      -1.2015577911354
   13.0      -1.2145913015452
   13.0      -1.2277130069106
   13.0      -1.2409218074681
   13.0      -1.2542166604230
   13.0      -1.2675965962197
   13.0      -1.2810606993984
   13.0      -1.2946081196804
   13.0      -1.3082380636575
   13.0      -1.3219497961254
   13.0      -1.3357426372340
   14.0      -0.7330612611141
   14.0      -0.7332253047804
   14.0      -0.7342797505574
   14.0      -0.7363373385697
   14.0      -0.7392937497671
   14.0      -0.7430254270014
   14.0      -0.7474243674244
   14.0      -0.7524035113421
   14.0      -0.7578935877465
   14.0      -0.7638390477375
   14.0      -0.7701947342872
   14.0      -0.7769233967989
   14.0      -0.7839938780846
   14.0      -0.7913797881106
   14.0      -0.7990585211197
   14.0      -0.8070105164259
   14.0      -0.8152186990987
   14.0      -0.8236680426700
   14.0      -0.8323452317019
   14.0      -0.8412383889289
   14.0      -0.8503368619073
   14.0      -0.8596310442424
   14.0      -0.8691122359208
   14.0      -0.8787725197907
   14.0      -0.8886046664789
   14.0      -0.8986020514027
   14.0      -0.9087585812030
   14.0      -0.9190686376841
   14.0      -0.9295270251805
   14.0      -0.9401289281855
   14.0      -0.9508698700587
   14.0      -0.9617456845884
   14.0      -0.9727524835688
   14.0      -0.9838866332372
   14.0      -0.9951447316181
   14.0      -1.0065235881755
   14.0      -1.0180202092976
   14.0      -1.0296317794409
   14.0      -1.0413556492623
   14.0      -1.0531893225650
   14.0      -1.0651304455458
   14.0      -1.0771767974352
   14.0      -1.0893262813636
   14.0      -1.1015769141847
   14.0      -1.1139268242801
   14.0      -1.1263742395369
   14.0      -1.1389174844588
   14.0      -1.1515549737830
   14.0      -1.1642852085752
   14.0      -1.1771067715622
   14.0      -1.1900183228587
   14.0      -1.2030185955098
   14.0      -1.2161063910701
   14.0      -1.2292805867518
   14.0      -1.2425401135065
   14.0      -1.2558839755803
   14.0      -1.2693112289653
   14.0      -1.2828209938720
   14.0      -1.2964124452078
   14.0      -1.3100848148757
   14.0      -1.3238373877619
   15.0      -0.7226392374923
   15.0      -0.7228025068443
   15.0      -0.7238526937136
   15.0      -0.7259019366296
   15.0      -0.7288471201030
   15.0      -0.7325657879290
   15.0      -0.7369505745691
   15.0      -0.7419147719652
   15.0      -0.7473893095391
   15.0      -0.7533187581110
   15.0      -0.7596580343485
   15.0      -0.7663699345763
   15.0      -0.7734233324923
   15.0      -0.7807918580729
   15.0      -0.7884529184244
   15.0      -0.7963869612812
   15.0      -0.8045769164890
   15.0      -0.8130077598031
   15.0      -0.8216661763486
   15.0      -0.8305402878772
   15.0      -0.8396194397966
   15.0      -0.8488940227520
   15.0      -0.8583553329353
   15.0      -0.8679954487835
   15.0      -0.8778071358872
   15.0      -0.8877837642407
   15.0      -0.8979192344297
   15.0      -0.9082079218671
   15.0      -0.9186446241776
   15.0      -0.9292245184045
   15.0      -0.9399431205614
   15.0      -0.9507962561401
   15.0      -0.9617800286941
   15.0      -0.9728907956460
   15.0      -0.9841251456225
   15.0      -0.9954798787511
   15.0      -1.0069519909083
   15.0      -1.0185386565426
   15.0      -1.0302372147140
   15.0      -1.0420451583667
   15.0      -1.0539601210630
   15.0      -1.0659798701366
   15.0      -1.0781022949919
   15.0      -1.0903253994242
   15.0      -1.1026472968680
   15.0      -1.1150662009506
   15.0      -1.1275804198051
   15.0      -1.1401883524479
   15.0      -1.1528884821873
   15.0      -1.1656793742212
   15.0      -1.1785596697167
   15.0      -1.1915280816902
   15.0      -1.2045833912000
   15.0      -1.2177244536370
   15.0      -1.2309501767590
   15.0      -1.2442595413768
   15.0      -1.2576515772020
   15.0      -1.2711253783082
   15.0      -1.2846800912800
   15.0      -1.2983149181968
   15.0      -1.3120291125578
   16.0      -0.7122605620842
   16.0      -0.7124231127332
   16.0      -0.7134692567693
   16.0      -0.7155104760526
   16.0      -0.7184448061021
   16.0      -0.7221508670809
   16.0      -0.7265219206716
   16.0      -0.7314716060952
   16.0      -0.7369310514676
   16.0      -0.7428449461179
   16.0      -0.7491682798490
   16.0      -0.7558638958476
   16.0      -0.7629006987333
   16.0      -0.7702523384430
   16.0      -0.7778962351454
   16.0      -0.7858128453073
   16.0      -0.7939851037040
   16.0      -0.8023979885994
   16.0      -0.8110381860687
   16.0      -0.8198938171673
   16.0      -0.8289542254881
   16.0      -0.8382097991695
   16.0      -0.8476518309601
   16.0      -0.8572723952995
   16.0      -0.8670642532465
   16.0      -0.8770207697612
   16.0      -0.8871358399343
   16.0      -0.8974038332632
   16.0      -0.9078195411926
   16.0      -0.9183781339317
   16.0      -0.9290751206280
   16.0      -0.9399063192838
   16.0      -0.9508678256340
   16.0      -0.9619559891938
   16.0      -0.9731673897362
   16.0      -0.9844988188732
   16.0      -0.9959472628231
   16.0      -1.0075098866387
   16.0      -1.0191840190525
   16.0      -1.0309671425151
   16.0      -1.0428568796359
   16.0      -1.0548509860369
   16.0      -1.0669473394120
   16.0      -1.0791439306236
   16.0      -1.0914388604330
   16.0      -1.1038303283766
   16.0      -1.1163166286386
   16.0      -1.1288961449763
   16.0      -1.1415673451787
   16.0      -1.1543287781536
   16.0      -1.1671790676714
   16.0      -1.1801169092074
   16.0      -1.1931410641603
   16.0      -1.2062503692860
   16.0      -1.2194437105229
   16.0      -1.2327200476382
   16.0      -1.2460783871551
   16.0      -1.2595177987912
   16.0      -1.2730374040955
   16.0      -1.2866363784877
   16.0      -1.3003139468706
   17.0      -0.7019243584028
   17.0      -0.7020862441256
   17.0      -0.7031285528086
   17.0      -0.7051620574268
   17.0      -0.7080858939294
   17.0      -0.7117797350744
   17.0      -0.7161374600504
   17.0      -0.7210730513083
   17.0      -0.7265178337829
   17.0      -0.7324166140111
   17.0      -0.7387244544601
   17.0      -0.7454042453056
   17.0      -0.7524249218254
   17.0      -0.7597601539281
   17.0      -0.7673873751514
   17.0      -0.7752870508612
   17.0      -0.7834421208952
   17.0      -0.7918375663564
   17.0      -0.8004600745919
   17.0      -0.8092977661974
   17.0      -0.8183399832971
   17.0      -0.8275771119257
   17.0      -0.8370004416982
   17.0      -0.8466020434499
   17.0      -0.8563746741685
   17.0      -0.8663116941378
   17.0      -0.8764069934454
   17.0      -0.8866549361480
   17.0      -0.8970503079502
   17.0      -0.9075882728201
   17.0      -0.9182643334878
   17.0      -0.9290743011312
   17.0      -0.9400142641832
   17.0      -0.9510805648766
   17.0      -0.9622697748627
   17.0      -0.9735786777336
   17.0      -0.9850042510866
   17.0      -0.9965436509170
   17.0      -1.0081941968829
   17.0      -1.0199533613216
   17.0      -1.0318187571560
   17.0      -1.0437881289075
   17.0      -1.0558593437493
   17.0      -1.0680303805035
   17.0      -1.0802993284074
   17.0      -1.0926643739986
   17.0      -1.1051237987935
   17.0      -1.1176759723973
   17.0      -1.1303193487593
   17.0      -1.1430524613499
   17.0      -1.1558739188970
   17.0      -1.1687823998081
   17.0      -1.1817766488831
   17.0      -1.1948554846537
   17.0      -1.2080177742395
   17.0      -1.2212624579310
   17.0      -1.2345885209508
   17.0      -1.2479950118566
   17.0      -1.2614810286940
   17.0      -1.2750457232541
   17.0      -1.2886882949797
   18.0      -0.6916297814655
   18.0      -0.6917910543173
   18.0      -0.6928297270799
   18.0      -0.6948558140208
   18.0      -0.6977695030454
   18.0      -0.7014514965907
   18.0      -0.7057962820027
   18.0      -0.7107181812208
   18.0      -0.7161487135983
   18.0      -0.7220328018375
   18.0      -0.7283255808053
   18.0      -0.7349899875985
   18.0      -0.7419949878085
   18.0      -0.7493142714011
   18.0      -0.7569252857122
   18.0      -0.7648085049188
   18.0      -0.7729468740999
   18.0      -0.7813253776362
   18.0      -0.7899307042993
   18.0      -0.7987509744547
   18.0      -0.8077755291587
   18.0      -0.8169947526464
   18.0      -0.8263999316795
   18.0      -0.8359831338953
   18.0      -0.8457371126007
   18.0      -0.8556552237348
   18.0      -0.8657313528374
   18.0      -0.8759598589663
   18.0      -0.8863355224755
   18.0      -0.8968535016357
   18.0      -0.9075092932055
   18.0      -0.9182987020607
   18.0      -0.9292178099052
   18.0      -0.9402629521733
   18.0      -0.9514306931216
   18.0      -0.9627178087755
   18.0      -0.9741212689498
   18.0      -0.9856382211099
   18.0      -0.9972659766136
   18.0      -1.0090019985042
   18.0      -1.0208438905960
   18.0      -1.0327893875322
   18.0      -1.0448363462868
   18.0      -1.0569827352693
   18.0      -1.0692266323467
   18.0      -1.0815662129767
   18.0      -1.0939997461248
   18.0      -1.1065255894179
   18.0      -1.1191421830662
   18.0      -1.1318480475571
   18.0      -1.1446417766591
   18.0      -1.1575220344424
   18.0      -1.1704875493905
   18.0      -1.1835371244182
   18.0      -1.1966696088865
   18.0      -1.2098839255301
   18.0      -1.2231790406811
   18.0      -1.2365539827806
   18.0      -1.2500078297455
   18.0      -1.2635397111405
   18.0      -1.2771488036291
   19.0      -0.6813760162725
   19.0      -0.6815367266413
   19.0      -0.6825719551420
   19.0      -0.6845909099089
   19.0      -0.6874947843766
   19.0      -0.6911652885604
   19.0      -0.6954975092511
   19.0      -0.7004061034661
   19.0      -0.7058227828569
   19.0      -0.7116925854016
   19.0      -0.7179707183628
   19.0      -0.7246201651146
   19.0      -0.7316099214381
   19.0      -0.7389136976605
   19.0      -0.7465089550545
   19.0      -0.7543761765273
   19.0      -0.7624983126561
   19.0      -0.7708603515439
   19.0      -0.7794489833847
   19.0      -0.7882523285760
   19.0      -0.7972597275754
   19.0      -0.8064615629703
   19.0      -0.8158491189512
   19.0      -0.8254144604042
   19.0      -0.8351503372396
   19.0      -0.8450501013702
   19.0      -0.8551076342359
   19.0      -0.8653172902741
   19.0      -0.8756738448506
   19.0      -0.8861724510383
   19.0      -0.8968086000463
   19.0      -0.9075780908902
   19.0      -0.9184769991065
   19.0      -0.9295016537613
   19.0      -0.9406486123518
   19.0      -0.9519146438328
   19.0      -0.9632967108457
   19.0      -0.9747919529916
   19.0      -0.9863976738461
   19.0      -0.9981113280868
   19.0      -1.0099305108142
   19.0      -1.0218529479131
   19.0      -1.0338764866021
   19.0      -1.0459990859731
   19.0      -1.0582188132490
   19.0      -1.0705338337428
   19.0      -1.0829424049753
   19.0      -1.0954428733516
   19.0      -1.1080336668197
   19.0      -1.1207132935368
   19.0      -1.1334803340374
   19.0      -1.1463334388285
   19.0      -1.1592713218588
   19.0      -1.1722927715710
   19.0      -1.1853966210848
   19.0      -1.1985817775475
   19.0      -1.2118471893177
   19.0      -1.2251918676939
   19.0      -1.2386148710618
   19.0      -1.2521153099112
   19.0      -1.2656923397779
   20.0      -0.6711622759271
   20.0      -0.6713224726062
   20.0      -0.6723544411038
   20.0      -0.6743665382611
   20.0      -0.6772609186791
   20.0      -0.6809202789316
   20.0      -0.6852402960210
   20.0      -0.6901359578289
   20.0      -0.6955391664268
   20.0      -0.7013950746438
   20.0      -0.7076589614076
   20.0      -0.7142938558931
   20.0      -0.7212687841066
   20.0      -0.7285574772142
   20.0      -0.7361374100746
   20.0      -0.7439890744239
   20.0      -0.7520954268235
   20.0      -0.7604414591969
   20.0      -0.7690138632178
   20.0      -0.7778007596761
   20.0      -0.7867914887937
   20.0      -0.7959764316041
   20.0      -0.8053468700447
   20.0      -0.8148948666814
   20.0      -0.8246131682240
   20.0      -0.8344951228825
   20.0      -0.8445346084368
   20.0      -0.8547259750072
   20.0      -0.8650639933224
   20.0      -0.8755438117238
   20.0      -0.8861609162491
   20.0      -0.8969111004529
   20.0      -0.9077904342295
   20.0      -0.9187952406808
   20.0      -0.9299220710748
   20.0      -0.9411676878218
   20.0      -0.9525290468735
   20.0      -0.9640032806269
   20.0      -0.9755876853399
   20.0      -0.9872797081067
   20.0      -0.9990769358282
   20.0      -1.0109770863657
   20.0      -1.0229779979515
   20.0      -1.0350776209291
   20.0      -1.0472740130173
   20.0      -1.0595653297213
   20.0      -1.0719498186149
   20.0      -1.0844258151135
   20.0      -1.0969917365926
   20.0      -1.1096460791735
   20.0      -1.1223874119651
   20.0      -1.1352143723055
   20.0      -1.1481256616400
   20.0      -1.1611200542704
   20.0      -1.1741963694985
   20.0      -1.1873534990903
   20.0      -1.2005903763011
   20.0      -1.2139059954840
   20.0      -1.2272993985227
   20.0      -1.2407696775846
   20.0      -1.2543159695481
   21.0      -0.6609878000442
   21.0      -0.6611475303098
   21.0      -0.6621764160718
   21.0      -0.6641819200388
   21.0      -0.6670671156202
   21.0      -0.6707156649192
   21.0      -0.6750238262494
   21.0      -0.6799069144772
   21.0      -0.6852970207340
   21.0      -0.6911394117186
   21.0      -0.6973894371028
   21.0      -0.7040101716685
   21.0      -0.7109706721208
   21.0      -0.7182446901947
   21.0      -0.7258097141871
   21.0      -0.7336462449330
   21.0      -0.7417372454911
   21.0      -0.7500677113617
   21.0      -0.7586243358897
   21.0      -0.7673952408287
   21.0      -0.7763697661819
   21.0      -0.7855382915897
   21.0      -0.7948920971672
   21.0      -0.8044232434365
   21.0      -0.8141244740779
   21.0      -0.8239891339687
   21.0      -0.8340110976078
   21.0      -0.8441847110424
   21.0      -0.8545047407273
   21.0      -0.8649663306969
   21.0      -0.8755649621418
   21.0      -0.8862964235410
   21.0      -0.8971567796251
   21.0      -0.9081423479044
   21.0      -0.9192496738818
   21.0      -0.9304755139368
   21.0      -0.9418168177518
   21.0      -0.9532707111167
   21.0      -0.9648344834510
   21.0      -0.9765055748566
   21.0      -0.9882815646509
   21.0      -1.0001601632000
   21.0      -1.0121392005758
   21.0      -1.0242166188167
   21.0      -1.0363904671428
   21.0      -1.0486588917365
   21.0      -1.0610201311867
   21.0      -1.0734725107102
   21.0      -1.0860144378776
   21.0      -1.0986443979787
   21.0      -1.1113609492066
   21.0      -1.1241627173903
   21.0      -1.1370483918016
   21.0      -1.1500167345806
   21.0      -1.1630665515017
   21.0      -1.1761967211900
   21.0      -1.1894061621703
   21.0      -1.2026938542108
   21.0      -1.2160588234298
   21.0      -1.2295001457544
   21.0      -1.2430169410579
   22.0      -0.6508518539740
   22.0      -0.6510111636888
   22.0      -0.6520371375499
   22.0      -0.6540363032609
   22.0      -0.6569126120183
   22.0      -0.6605506712056
   22.0      -0.6648473119463
   22.0      -0.6697181728192
   22.0      -0.6750955321845
   22.0      -0.6809247691600
   22.0      -0.6871613036835
   22.0      -0.6937682564272
   22.0      -0.7007147147150
   22.0      -0.7079744503989
   22.0      -0.7155249653264
   22.0      -0.7233467701004
   22.0      -0.7314228340433
   22.0      -0.7397381562341
   22.0      -0.7482794320791
   22.0      -0.7570347847174
   22.0      -0.7659935537853
   22.0      -0.7751461177859
   22.0      -0.7844837555944
   22.0      -0.7939985256644
   22.0      -0.8036831688765
   22.0      -0.8135310272655
   22.0      -0.8235359722432
   22.0      -0.8336923460213
   22.0      -0.8439949112016
   22.0      -0.8544388078390
   22.0      -0.8650195125636
   22.0      -0.8757328091813
   22.0      -0.8865747576696
   22.0      -0.8975416702847
   22.0      -0.9086300872030
   22.0      -0.9198367592421
   22.0      -0.9311586301973
   22.0      -0.9425928197838
   22.0      -0.9541366110594
   22.0      -0.9657874376144
   22.0      -0.9775428717985
   22.0      -0.9894006169432
   22.0      -1.0013584956855
   22.0      -1.0134144422656
   22.0      -1.0255664981025
   22.0      -1.0378128007754
   22.0      -1.0501515804524
   22.0      -1.0625811532059
   22.0      -1.0750999171741
   22.0      -1.0877063481596
   22.0      -1.1003989937689
   22.0      -1.1131764697565
   22.0      -1.1260374537661
   22.0      -1.1389806971250
   22.0      -1.1520049929153
   22.0      -1.1651092079612
   22.0      -1.1782922470729
   22.0      -1.1915530769636
   22.0      -1.2048907089669
   22.0      -1.2183042047341
   22.0      -1.2317926678826
   23.0      -0.6407537279413
   23.0      -0.6409126615848
   23.0      -0.6419358880388
   23.0      -0.6439289609826
   23.0      -0.6467966700656
   23.0      -0.6504245484661
   23.0      -0.6547099923749
   23.0      -0.6595689602071
   23.0      -0.6649339152734
   23.0      -0.6707503481883
   23.0      -0.6769737491908
   23.0      -0.6835672847791
   23.0      -0.6905000722039
   23.0      -0.6977459034294
   23.0      -0.7052822944484
   23.0      -0.7130897656523
   23.0      -0.7211512923440
   23.0      -0.7294518774063
   23.0      -0.7379782190163
   23.0      -0.7467184414359
   23.0      -0.7556618840334
   23.0      -0.7647989246659
   23.0      -0.7741208412423
   23.0      -0.7836196901138
   23.0      -0.7932882096775
   23.0      -0.8031197396450
   23.0      -0.8131081483415
   23.0      -0.8232477744212
   23.0      -0.8335333771470
   23.0      -0.8439600927419
   23.0      -0.8545233935655
   23.0      -0.8652190592105
   23.0      -0.8760431451922
   23.0      -0.8869919588311
   23.0      -0.8980620354273
   23.0      -0.9092501206256
   23.0      -0.9205531526933
   23.0      -0.9319682457617
   23.0      -0.9434926769707
   23.0      -0.9551238738200
   23.0      -0.9668594022655
   23.0      -0.9786969590518
   23.0      -0.9906343599579
   23.0      -1.0026695319992
   23.0      -1.0148005093197
   23.0      -1.0270254216420
   23.0      -1.0393424911829
   23.0      -1.0517500257885
   23.0      -1.0642464146681
   23.0      -1.0768301250030
   23.0      -1.0894996946108
   23.0      -1.1022537298417
   23.0      -1.1150908979578
   23.0      -1.1280099398226
   23.0      -1.1410096375510
   23.0      -1.1540888463033
   23.0      -1.1672464592413
   23.0      -1.1804814301173
   23.0      -1.1937927577990
   23.0      -1.2071794897443
   23.0      -1.2206407159360
   24.0      -0.6306927348686
   24.0      -0.6308513355898
   24.0      -0.6318719730430
   24.0      -0.6338591897094
   24.0      -0.6367185762397
   24.0      -0.6403365730015
   24.0      -0.6446111328081
   24.0      -0.6494585299675
   24.0      -0.6548114109955
   24.0      -0.6606153776821
   24.0      -0.6668259902235
   24.0      -0.6734064600609
   24.0      -0.6803259342511
   24.0      -0.6875582253759
   24.0      -0.6950808637780
   24.0      -0.7028743791280
   24.0      -0.7109217528359
   24.0      -0.7192079922987
   24.0      -0.7277197984140
   24.0      -0.7364452964101
   24.0      -0.7453738256836
   24.0      -0.7544957641226
   24.0      -0.7638023883937
   24.0      -0.7732857529190
   24.0      -0.7829385941809
   24.0      -0.7927542496986
   24.0      -0.8027265847820
   24.0      -0.8128499349111
   24.0      -0.8231190564219
   24.0      -0.8335290817777
   24.0      -0.8440754793936
   24.0      -0.8547540251183
   24.0      -0.8655607701815
   24.0      -0.8764920172916
   24.0      -0.8875442973341
   24.0      -0.8987143510784
   24.0      -0.9099991116099
   24.0      -0.9213956879470
   24.0      -0.9329013516978
   24.0      -0.9445135246589
   24.0      -0.9562297669214
   24.0      -0.9680477690677
   24.0      -0.9799653404995
   24.0      -0.9919804015842
   24.0      -1.0040909796417
   24.0      -1.0162951972077
   24.0      -1.0285912690503
   24.0      -1.0409774954571
   24.0      -1.0534522573786
   24.0      -1.0660140139369
   24.0      -1.0786612941136
   24.0      -1.0913926952727
   24.0      -1.1042068755165
   24.0      -1.1171025656266
   24.0      -1.1300785380000
   24.0      -1.1431336367958
   24.0      -1.1562667446145
   24.0      -1.1694768033287
   24.0      -1.1827628002131
   24.0      -1.1961237700086
   24.0      -1.2095587898478
   25.0      -0.6206682093390
   25.0      -0.6208265190429
   25.0      -0.6218447203373
   25.0      -0.6238263092348
   25.0      -0.6266776412165
   25.0      -0.6302860451602
   25.0      -0.6345500224923
   25.0      -0.6393861599484
   25.0      -0.6447272861916
   25.0      -0.6505191131642
   25.0      -0.6567172699551
   25.0      -0.6632850127071
   25.0      -0.6701915187503
   25.0      -0.6774106214746
   25.0      -0.6849198649274
   25.0      -0.6926997881116
   25.0      -0.7007333791905
   25.0      -0.7090056502713
   25.0      -0.7175033045647
   25.0      -0.7262144684581
   25.0      -0.7351284821416
   25.0      -0.7442357233822
   25.0      -0.7535274675555
   25.0      -0.7629957675259
   25.0      -0.7726333584393
   25.0      -0.7824335753848
   25.0      -0.7923902808818
   25.0      -0.8024978078546
   25.0      -0.8127509097327
   25.0      -0.8231447153773
   25.0      -0.8336746897071
   25.0      -0.8443366051295
   25.0      -0.8551265087406
   25.0      -0.8660406990066
   25.0      -0.8770757028087
   25.0      -0.8882282562668
   25.0      -0.8994952876419
   25.0      -0.9108739012825
   25.0      -0.9223613635835
   25.0      -0.9339550910146
   25.0      -0.9456526382896
   25.0      -0.9574516902113
   25.0      -0.9693500502359
   25.0      -0.9813456326250
   25.0      -0.9934364582902
   25.0      -1.0056206431501
   25.0      -1.0178963950524
   25.0      -1.0302620072501
   25.0      -1.0427158531184
   25.0      -1.0552563841993
   25.0      -1.0678821214744
   25.0      -1.0805916538337
   25.0      -1.0933836310376
   25.0      -1.1062567745287
   25.0      -1.1192098476441
   25.0      -1.1322416846862
   25.0      -1.1453511580911
   25.0      -1.1585371994148
   25.0      -1.1717987845752
   25.0      -1.1851349373852
   25.0      -1.1985447224333
   26.0      -0.6106795080866
   26.0      -0.6108375674830
   26.0      -0.6118534800937
   26.0      -0.6138296616756
   26.0      -0.6166731976222
   26.0      -0.6202722873580
   26.0      -0.6245259735422
   26.0      -0.6293511523844
   26.0      -0.6346808325067
   26.0      -0.6404608347163
   26.0      -0.6466468565943
   26.0      -0.6532021994411
   26.0      -0.6600960707942
   26.0      -0.6673023241395
   26.0      -0.6747985172395
   26.0      -0.6825651990695
   26.0      -0.6905853648232
   26.0      -0.6988440307627
   26.0      -0.7073279025332
   26.0      -0.7160251084058
   26.0      -0.7249249894660
   26.0      -0.7340179230503
   26.0      -0.7432951834827
   26.0      -0.7527488228537
   26.0      -0.7623715747305
   26.0      -0.7721567718174
   26.0      -0.7820982742928
   26.0      -0.7921904129641
   26.0      -0.8024279381982
   26.0      -0.8128059755208
   26.0      -0.8233199869783
   26.0      -0.8339657414961
   26.0      -0.8447392822627
   26.0      -0.8556369040032
   26.0      -0.8666551298076
   26.0      -0.8777906913668
   26.0      -0.8890405125315
   26.0      -0.9004016933361
   26.0      -0.9118714952318
   26.0      -0.9234473297551
   26.0      -0.9351267466717
   26.0      -0.9469074253409
   26.0      -0.9587871636875
   26.0      -0.9707638703592
   26.0      -0.9828355602431
   26.0      -0.9950003431371
   26.0      -1.0072564204901
   26.0      -1.0196020789679
   26.0      -1.0320356849970
   26.0      -1.0445556830267
   26.0      -1.0571605866714
   26.0      -1.0698489769757
   26.0      -1.0826194959380
   26.0      -1.0954708564885
   26.0      -1.1084018134006
   26.0      -1.1214111921557
   26.0      -1.1344978555456
   26.0      -1.1476607258237
   26.0      -1.1608987683721
   26.0      -1.1742109968806
   26.0      -1.1875964646770
   27.0      -0.6007260075461
   27.0      -0.6008838561762
   27.0      -0.6018976222691
   27.0      -0.6038686090753
   27.0      -0.6067045985952
   27.0      -0.6102946438493
   27.0      -0.6145383212096
   27.0      -0.6193528324103
   27.0      -0.6246713642047
   27.0      -0.6304398456244
   27.0      -0.6366140430436
   27.0      -0.6431573023515
   27.0      -0.6500388606038
   27.0      -0.6572325913906
   27.0      -0.6647160668965
   27.0      -0.6724698462153
   27.0      -0.6804769309488
   27.0      -0.6887223416022
   27.0      -0.6971927869668
   27.0      -0.7058763974407
   27.0      -0.7147625145154
   27.0      -0.7238415152662
   27.0      -0.7331046737408
   27.0      -0.7425440412409
   27.0      -0.7521523495452
   27.0      -0.7619229292597
   27.0      -0.7718496389826
   27.0      -0.7819268071080
   27.0      -0.7921491810637
   27.0      -0.8025118835668
   27.0      -0.8130103740737
   27.0      -0.8236404179742
   27.0      -0.8343980548671
   27.0      -0.8452795763014
   27.0      -0.8562815015472
   27.0      -0.8674005581372
   27.0      -0.8786336660456
   27.0      -0.8899779211441
   27.0      -0.9014305802144
   27.0      -0.9129890503178
   27.0      -0.9246508765838
   27.0      -0.9364137332340
   27.0      -0.9482754130957
   27.0      -0.9602338196154
   27.0      -0.9722869620082
   27.0      -0.9844329444180
   27.0      -0.9966699623697
   27.0      -1.0089962963472
   27.0      -1.0214103063896
   27.0      -1.0339104303370
   27.0      -1.0464951749474
   27.0      -1.0591631140560
   27.0      -1.0719128823966
   27.0      -1.0847431851214
   27.0      -1.0976527689912
   27.0      -1.1106404513775
   27.0      -1.1237050862017
   27.0      -1.1368455869942
   27.0      -1.1500609097150
   27.0      -1.1633500583064
   27.0      -1.1767120762650
   28.0      -0.5908071026260
   28.0      -0.5909647789370
   28.0      -0.5919765358619
   28.0      -0.5939425335737
   28.0      -0.5967712186026
   28.0      -0.6003524804363
   28.0      -0.6045864215772
   28.0      -0.6093905459496
   28.0      -0.6146982173345
   28.0      -0.6204554725883
   28.0      -0.6266181457420
   28.0      -0.6331496266984
   28.0      -0.6400191820893
   28.0      -0.6472007063802
   28.0      -0.6546717859651
   28.0      -0.6624129894644
   28.0      -0.6704073249897
   28.0      -0.6786398180693
   28.0      -0.6870971808204
   28.0      -0.6957675451975
   28.0      -0.7046402532274
   28.0      -0.7137056824856
   28.0      -0.7229551069032
   28.0      -0.7323805765773
   28.0      -0.7419748217039
   28.0      -0.7517311716020
   28.0      -0.7616434831555
   28.0      -0.7717060822363
   28.0      -0.7819137136744
   28.0      -0.7922614980692
   28.0      -0.8027448919867
   28.0      -0.8133596574612
   28.0      -0.8241018310988
   28.0      -0.8349677014069
   28.0      -0.8459537838866
   28.0      -0.8570568022901
   28.0      -0.8682736731770
   28.0      -0.8796014882898
   28.0      -0.8910375000513
   28.0      -0.9025791115637
   28.0      -0.9142238634707
   28.0      -0.9259694251666
   28.0      -0.9378135848641
   28.0      -0.9497542410987
   28.0      -0.9617893977507
   28.0      -0.9739171537804
   28.0      -0.9861356991856
   28.0      -0.9984433086469
   28.0      -1.0108383363317
   28.0      -1.0233192139233
   28.0      -1.0358844417654
   28.0      -1.0485325870812
   28.0      -1.0612622778175
   28.0      -1.0740722119298
   28.0      -1.0869611287866
   28.0      -1.0999278381754
   28.0      -1.1129711859538
   28.0      -1.1260900774057
   28.0      -1.1392834600342
   28.0      -1.1525503285569
   28.0      -1.1658897175480
   29.0      -0.5809222080341
   29.0      -0.5810797494194
   29.0      -0.5820896298780
   29.0      -0.5840508371888
   29.0      -0.5868724513157
   29.0      -0.5904451817017
   29.0      -0.5946696501089
   29.0      -0.5994636599320
   29.0      -0.6047607501142
   29.0      -0.6105070638864
   29.0      -0.6166585024136
   29.0      -0.6231784998358
   29.0      -0.6300363529195
   29.0      -0.6372059763267
   29.0      -0.6446649702291
   29.0      -0.6523939129575
   29.0      -0.6603758200127
   29.0      -0.6685957218453
   29.0      -0.6770403333396
   29.0      -0.6856977881462
   29.0      -0.6945574296399
   29.0      -0.7036096360504
   29.0      -0.7128456806681
   29.0      -0.7222576125479
   29.0      -0.7318381611039
   29.0      -0.7415806544265
   29.0      -0.7514789473484
   29.0      -0.7615273634616
   29.0      -0.7717206458237
   29.0      -0.7820539126823
   29.0      -0.7925226176969
   29.0      -0.8031225199488
   29.0      -0.8138496536365
   29.0      -0.8247003039644
   29.0      -0.8356709828901
   29.0      -0.8467584110268
   29.0      -0.8579595015431
   29.0      -0.8692713421884
   29.0      -0.8806911814643
   29.0      -0.8922164188672
   29.0      -0.9038445906685
   29.0      -0.9155733617882
   29.0      -0.9274005162811
   29.0      -0.9393239479693
   29.0      -0.9513416557399
   29.0      -0.9634517338392
   29.0      -0.9756523670466
   29.0      -0.9879418246051
   29.0      -1.0003184552997
   29.0      -1.0127806850517
   29.0      -1.0253270081970
   29.0      -1.0379559858954
   29.0      -1.0506662397604
   29.0      -1.0634564610300
   29.0      -1.0763253823036
   29.0      -1.0892718062321
   29.0      -1.1022945713322
   29.0      -1.1153925751545
   29.0      -1.1285647574420
   29.0      -1.1418101043887
   29.0      -1.1551276422329
   30.0      -0.5710707552345
   30.0      -0.5712281980615
   30.0      -0.5722363301168
   30.0      -0.5741929387965
   30.0      -0.5770077079060
   30.0      -0.5805721512616
   30.0      -0.5847874028074
   30.0      -0.5895715616996
   30.0      -0.5948583402455
   30.0      -0.6005939874289
   30.0      -0.6067344718457
   30.0      -0.6132432716756
   30.0      -0.6200897129273
   30.0      -0.6272477302509
   30.0      -0.6346949379973
   30.0      -0.6424119250099
   30.0      -0.6503817136518
   30.0      -0.6585893388807
   30.0      -0.6670215185632
   30.0      -0.6756663889594
   30.0      -0.6845132947219
   30.0      -0.6935526142051
   30.0      -0.7027756202204
   30.0      -0.7121743616188
   30.0      -0.7217415671304
   30.0      -0.7314705631465
   30.0      -0.7413552026400
   30.0      -0.7513898077541
   30.0      -0.7615691197284
   30.0      -0.7718882542057
   30.0      -0.7823426622182
   30.0      -0.7929281007077
   30.0      -0.8036406011633
   30.0      -0.8144764455470
   30.0      -0.8254321427453
   30.0      -0.8365044106844
   30.0      -0.8476901589553
   30.0      -0.8589864715767
   30.0      -0.8703905937812
   30.0      -0.8818999214160
   30.0      -0.8935119865855
   30.0      -0.9052244502259
   30.0      -0.9170350924937
   30.0      -0.9289418026825
   30.0      -0.9409425750804
   30.0      -0.9530354996222
   30.0      -0.9652187561118
   30.0      -0.9774906087315
   30.0      -0.9898494013386
   30.0      -1.0022935544207
   30.0      -1.0148215566991
   30.0      -1.0274319637740
   30.0      -1.0401233913354
   30.0      -1.0528945243306
   30.0      -1.0657440891767
   30.0      -1.0786708818001
   30.0      -1.0916737339885
   30.0      -1.1047515361032
   30.0      -1.1179032206716
   30.0      -1.1311277660762
   30.0      -1.1444241907283
   31.0      -0.5612521921452
   31.0      -0.5614095718180
   31.0      -0.5624160794219
   31.0      -0.5643682754141
   31.0      -0.5671764187494
   31.0      -0.5707328118085
   31.0      -0.5749390936673
   31.0      -0.5797136561980
   31.0      -0.5849903841071
   31.0      -0.5907156316842
   31.0      -0.5968454338827
   31.0      -0.6033433122369
   31.0      -0.6101786219934
   31.0      -0.6173253184929
   31.0      -0.6247610305140
   31.0      -0.6324663566226
   31.0      -0.6404243258683
   31.0      -0.6486199781377
   31.0      -0.6570400351694
   31.0      -0.6656726353769
   31.0      -0.6745071242781
   31.0      -0.6835338805803
   31.0      -0.6927441775404
   31.0      -0.7021300637339
   31.0      -0.7116842667091
   31.0      -0.7214001113392
   31.0      -0.7312714495949
   31.0      -0.7412926022018
   31.0      -0.7514583081709
   31.0      -0.7617636807571
   31.0      -0.7722041692188
   31.0      -0.7827755282124
   31.0      -0.7934737863517
   31.0      -0.8042952226739
   31.0      -0.8152363437703
   31.0      -0.8262938645445
   31.0      -0.8374646911345
   31.0      -0.8487459043684
   31.0      -0.8601347465187
   31.0      -0.8716286096911
   31.0      -0.8832250221274
   31.0      -0.8949216413971
   31.0      -0.9067162437019
   31.0      -0.9186067140615
   31.0      -0.9305910426976
   31.0      -0.9426673154202
   31.0      -0.9548337073011
   31.0      -0.9670884779003
   31.0      -0.9794299665031
   31.0      -0.9918565884459
   31.0      -1.0043668272448
   31.0      -1.0169592333826
   31.0      -1.0296324169861
   31.0      -1.0423850571216
   31.0      -1.0552158745549
   31.0      -1.0681236588693
   31.0      -1.0811072356544
   31.0      -1.0941654886199
   31.0      -1.1072973435432
   31.0      -1.1205017716426
   31.0      -1.1337777840238
   32.0      -0.5514659842813
   32.0      -0.5516233352629
   32.0      -0.5526283382028
   32.0      -0.5545763011126
   32.0      -0.5573780303558
   32.0      -0.5609266018421
   32.0      -0.5651241534893
   32.0      -0.5698893671258
   32.0      -0.5751562978819
   32.0      -0.5808714040393
   32.0      -0.5869907864568
   32.0      -0.5934780103403
   32.0      -0.6003024606862
   32.0      -0.6074381129342
   32.0      -0.6148626096873
   32.0      -0.6225565593094
   32.0      -0.6305029982969
   32.0      -0.6386869719153
   32.0      -0.6470952050225
   32.0      -0.6557158380016
   32.0      -0.6645382176464
   32.0      -0.6735527239461
   32.0      -0.6827506301851
   32.0      -0.6921239842584
   32.0      -0.7016655127669
   32.0      -0.7113685399964
   32.0      -0.7212269168246
   32.0      -0.7312349620982
   32.0      -0.7413874127995
   32.0      -0.7516793806683
   32.0      -0.7621063131490
   32.0      -0.7726639622655
   32.0      -0.7833483540013
   32.0      -0.7941557653291
   32.0      -0.8050827003148
   32.0      -0.8161258707567
   32.0      -0.8272821797019
   32.0      -0.8385487054953
   32.0      -0.8499226871168
   32.0      -0.8614015131061
   32.0      -0.8729827084437
   32.0      -0.8846639275063
   32.0      -0.8964429425454
   32.0      -0.9083176346601
   32.0      -0.9202859905455
   32.0      -0.9323460918700
   32.0      -0.9444961092619
   32.0      -0.9567342982105
   32.0      -0.9690589935773
   32.0      -0.9814686058350
   32.0      -0.9939616137695
   32.0      -1.0065365630652
   32.0      -1.0191920586156
   32.0      -1.0319267740330
   32.0      -1.0447394248825
   32.0      -1.0576287947531
   32.0      -1.0705937035315
   32.0      -1.0836330287673
   32.0      -1.0967456899101
   32.0      -1.1099306515872
   32.0      -1.1231869181188
   33.0      -0.5417116108312
   33.0      -0.5418689666882
   33.0      -0.5428725807785
   33.0      -0.5448164844136
   33.0      -0.5476120050403
   33.0      -0.5511529774665
   33.0      -0.5553420316068
   33.0      -0.5600981358409
   33.0      -0.5653555141899
   33.0      -0.5710607286032
   33.0      -0.5771699460591
   33.0      -0.5836467749409
   33.0      -0.5904606291604
   33.0      -0.5975855040596
   33.0      -0.6049990565237
   33.0      -0.6126819054956
   33.0      -0.6206170945511
   33.0      -0.6287896737007
   33.0      -0.6371863709907
   33.0      -0.6457953295201
   33.0      -0.6546058979278
   33.0      -0.6636084567585
   33.0      -0.6727942791253
   33.0      -0.6821554126383
   33.0      -0.6916845838995
   33.0      -0.7013751162127
   33.0      -0.7112208589686
   33.0      -0.7212161293753
   33.0      -0.7313556633203
   33.0      -0.7416345709109
   33.0      -0.7520482973557
   33.0      -0.7625925922637
   33.0      -0.7732634798736
   33.0      -0.7840572349814
   33.0      -0.7949703588481
   33.0      -0.8059995604386
   33.0      -0.8171417405649
   33.0      -0.8283939747911
   33.0      -0.8397534987968
   33.0      -0.8512176979679
   33.0      -0.8627840946402
   33.0      -0.8744503397000
   33.0      -0.8862142016637
   33.0      -0.8980735583560
   33.0      -0.9100263930098
   33.0      -0.9220707832433
   33.0      -0.9342048956466
   33.0      -0.9464269820822
   33.0      -0.9587353730411
   33.0      -0.9711284744531
   33.0      -0.9836047608998
   33.0      -0.9961627734265
   33.0      -1.0088011120233
   33.0      -1.0215184453279
   33.0      -1.0343134840267
   33.0      -1.0471850060470
   33.0      -1.0601318260698
   33.0      -1.0731528158967
   33.0      -1.0862468890416
   33.0      -1.0994130040653
   33.0      -1.1126501589898
   34.0      -0.5319885671845
   34.0      -0.5321459606173
   34.0      -0.5331482980706
   34.0      -0.5350883110245
   34.0      -0.5378778221888
   34.0      -0.5414114107064
   34.0      -0.5455921920916
   34.0      -0.5503394187257
   34.0      -0.5555874825573
   34.0      -0.5612830482002
   34.0      -0.5673823476877
   34.0      -0.5738490321175
   34.0      -0.5806525445502
   34.0      -0.5877669009384
   34.0      -0.5951697724224
   34.0      -0.6028417877496
   34.0      -0.6107659973630
   34.0      -0.6189274564523
   34.0      -0.6273128971377
   34.0      -0.6359104650250
   34.0      -0.6447095099255
   34.0      -0.6537004129866
   34.0      -0.6628744478631
   34.0      -0.6722236625332
   34.0      -0.6817407828961
   34.0      -0.6914191310632
   34.0      -0.7012525553175
   34.0      -0.7112353721877
   34.0      -0.7213623160887
   34.0      -0.7316284951142
   34.0      -0.7420293524842
   34.0      -0.7525606363272
   34.0      -0.7632183689908
   34.0      -0.7739988227136
   34.0      -0.7848984961878
   34.0      -0.7959140964377
   34.0      -0.8070425218619
   34.0      -0.8182808450305
   34.0      -0.8296262986231
   34.0      -0.8410762657078
   34.0      -0.8526282656349
   34.0      -0.8642799458555
   34.0      -0.8760290716185
   34.0      -0.8878735179818
   34.0      -0.8998112644792
   34.0      -0.9118403849273
   34.0      -0.9239590425457
   34.0      -0.9361654855603
   34.0      -0.9484580402543
   34.0      -0.9608351084692
   34.0      -0.9732951609324
   34.0      -0.9858367341755
   34.0      -0.9984584236553
   34.0      -1.0111588934919
   34.0      -1.0239368497151
   34.0      -1.0367910649254
   34.0      -1.0497203490985
   34.0      -1.0627235686052
   34.0      -1.0757996314001
   34.0      -1.0889474904779
   34.0      -1.1021661379866
   35.0      -0.5222963625330
   35.0      -0.5224538254156
   35.0      -0.5234549946979
   35.0      -0.5253912798226
   35.0      -0.5281749741599
   35.0      -0.5317013875282
   35.0      -0.5358741150033
   35.0      -0.5406126897647
   35.0      -0.5458516697590
   35.0      -0.5515378213341
   35.0      -0.5576274415288
   35.0      -0.5640842246093
   35.0      -0.5708776427488
   35.0      -0.5779817317318
   35.0      -0.5853741765427
   35.0      -0.5930356159869
   35.0      -0.6009491081959
   35.0      -0.6090997137794
   35.0      -0.6174741681806
   35.0      -0.6260606192429
   35.0      -0.6348484183305
   35.0      -0.6438279481226
   35.0      -0.6529904827376
   35.0      -0.6623280698191
   35.0      -0.6718334345861
   35.0      -0.6814998986317
   35.0      -0.6913213098484
   35.0      -0.7012919834053
   35.0      -0.7114066520244
   35.0      -0.7216604221504
   35.0      -0.7320487359792
   35.0      -0.7425673397936
   35.0      -0.7532122536860
   35.0      -0.7639797475896
   35.0      -0.7748663185630
   35.0      -0.7858686715136
   35.0      -0.7969837020891
   35.0      -0.8082084801189
   35.0      -0.8195402361776
   35.0      -0.8309763507779
   35.0      -0.8425143401383
   35.0      -0.8541518486041
   35.0      -0.8658866389575
   35.0      -0.8777165831280
   35.0      -0.8896396570597
   35.0      -0.9016539312902
   35.0      -0.9137575660585
   35.0      -0.9259488057968
   35.0      -0.9382259728602
   35.0      -0.9505874656647
   35.0      -0.9630317510317
   35.0      -0.9755573611988
   35.0      -0.9881628875975
   35.0      -1.0008469900878
   35.0      -1.0136083702488
   35.0      -1.0264457957400
   35.0      -1.0393580722690
   35.0      -1.0523440610212
   35.0      -1.0654026647745
   35.0      -1.0785328314298
   35.0      -1.0917335476117
   36.0      -0.5126345190324
   36.0      -0.5127920824327
   36.0      -0.5137921887177
   36.0      -0.5157249042842
   36.0      -0.5185029693235
   36.0      -0.5220224104805
   36.0      -0.5261872959543
   36.0      -0.5309174368755
   36.0      -0.5361475561910
   36.0      -0.5418245217876
   36.0      -0.5479046952360
   36.0      -0.5543518130990
   36.0      -0.5611353761485
   36.0      -0.5682294401686
   36.0      -0.5756117046941
   36.0      -0.5832628189465
   36.0      -0.5911658480807
   36.0      -0.5993058576460
   36.0      -0.6076695866012
   36.0      -0.6162451858540
   36.0      -0.6250220087552
   36.0      -0.6339904388010
   36.0      -0.6431417502411
   36.0      -0.6524679907079
   36.0      -0.6619618856815
   36.0      -0.6716167562790
   36.0      -0.6814264492762
   36.0      -0.6913852784814
   36.0      -0.7014879755584
   36.0      -0.7117296460721
   36.0      -0.7221057305390
   36.0      -0.7326119731679
   36.0      -0.7432443921476
   36.0      -0.7539992560719
   36.0      -0.7648730600122
   36.0      -0.7758625064131
   36.0      -0.7869644884295
   36.0      -0.7981760740825
   36.0      -0.8094944916374
   36.0      -0.8209171187582
   36.0      -0.8324414688029
   36.0      -0.8440651839009
   36.0      -0.8557860240816
   36.0      -0.8676018580627
   36.0      -0.8795106585594
   36.0      -0.8915104935813
   36.0      -0.9035995200256
   36.0      -0.9157759786873
   36.0      -0.9280381885678
   36.0      -0.9403845449305
   36.0      -0.9528135106192
   36.0      -0.9653236138903
   36.0      -0.9779134427865
   36.0      -0.9905816528424
   36.0      -1.0033269414610
   36.0      -1.0161480718859
   36.0      -1.0290438457784
   36.0      -1.0420131193804
   36.0      -1.0550547907304
   36.0      -1.0681678030193
   36.0      -1.0813511376437
   37.0      -0.5030025735833
   37.0      -0.5031602678040
   37.0      -0.5041594128773
   37.0      -0.5060887119063
   37.0      -0.5088613288593
   37.0      -0.5123739940449
   37.0      -0.5165312431121
   37.0      -0.5212531626431
   37.0      -0.5264746388869
   37.0      -0.5321426400104
   37.0      -0.5382135914619
   37.0      -0.5446512722072
   37.0      -0.5514252121613
   37.0      -0.5585094873118
   37.0      -0.5658818110849
   37.0      -0.5735228425745
   37.0      -0.5814156540709
   37.0      -0.5895453167927
   37.0      -0.5978985738034
   37.0      -0.6064635785261
   37.0      -0.6152296857377
   37.0      -0.6241872798717
   37.0      -0.6333276360954
   37.0      -0.6426428026183
   37.0      -0.6521255045190
   37.0      -0.6617690620448
   37.0      -0.6715673211244
   37.0      -0.6815145951395
   37.0      -0.6916056148509
   37.0      -0.7018354842020
   37.0      -0.7121996420060
   37.0      -0.7226938309919
   37.0      -0.7333140682592
   37.0      -0.7440566204335
   37.0      -0.7549179803640
   37.0      -0.7658948483720
   37.0      -0.7769841160856
   37.0      -0.7881828493749
   37.0      -0.7994882738685
   37.0      -0.8108977646455
   37.0      -0.8224088331340
   37.0      -0.8340191190152
   37.0      -0.8457263793181
   37.0      -0.8575284798362
   37.0      -0.8694233909362
   37.0      -0.8814091777756
   37.0      -0.8934839938834
   37.0      -0.9056460768148
   37.0      -0.9178937429038
   37.0      -0.9302253839219
   37.0      -0.9426394589281
   37.0      -0.9551344928156
   37.0      -0.9677090704154
   37.0      -0.9803618429368
   37.0      -0.9930915039712
   37.0      -1.0058968129024
   37.0      -1.0187765673392
   37.0      -1.0317296188667
   37.0      -1.0447548613435
   37.0      -1.0578512334235
   37.0      -1.0710177115698
   38.0      -0.4934000734322
   38.0      -0.4935579280346
   38.0      -0.4945562105633
   38.0      -0.4964822416649
   38.0      -0.4992495870517
   38.0      -0.5027556677047
   38.0      -0.5069054805611
   38.0      -0.5116193845749
   38.0      -0.5168324279580
   38.0      -0.5224916788823
   38.0      -0.5285536268259
   38.0      -0.5349820929081
   38.0      -0.5417466354439
   38.0      -0.5488213501028
   38.0      -0.5561839643469
   38.0      -0.5638151478210
   38.0      -0.5716979804744
   38.0      -0.5798175386961
   38.0      -0.5881605690354
   38.0      -0.5967152274472
   38.0      -0.6054708708106
   38.0      -0.6144178852348
   38.0      -0.6235475463983
   38.0      -0.6328519024523
   38.0      -0.6423236781254
   38.0      -0.6519561935185
   38.0      -0.6617432944247
   38.0      -0.6716792932091
   38.0      -0.6817589192753
   38.0      -0.6919772751671
   38.0      -0.7023297989046
   38.0      -0.7128122320021
   38.0      -0.7234205897206
   38.0      -0.7341511366697
   38.0      -0.7450003640316
   38.0      -0.7559649708570
   38.0      -0.7670418466483
   38.0      -0.7782280548825
   38.0      -0.7895208188801
   38.0      -0.8009175120997
   38.0      -0.8124156437083
   38.0      -0.8240128506304
   38.0      -0.8357068871646
   38.0      -0.8474956171065
   38.0      -0.8593770082180
   38.0      -0.8713491226016
   38.0      -0.8834101107219
   38.0      -0.8955582077596
   38.0      -0.9077917270323
   38.0      -0.9201090568430
   38.0      -0.9325086529001
   38.0      -0.9449890373454
   38.0      -0.9575487915051
   38.0      -0.9701865624760
   38.0      -0.9829010407001
   38.0      -0.9956909817796
   38.0      -1.0085551793649
   38.0      -1.0214924807757
   38.0      -1.0345017761830
   38.0      -1.0475819997437
   38.0      -1.0607321233090
   39.0      -0.4838265804699
   39.0      -0.4839846242928
   39.0      -0.4849821399251
   39.0      -0.4869050471628
   39.0      -0.4896672918909
   39.0      -0.4931669730592
   39.0      -0.4973095433192
   39.0      -0.5020156316929
   39.0      -0.5072204472645
   39.0      -0.5128711571380
   39.0      -0.5189243139010
   39.0      -0.5253437803568
   39.0      -0.5320991434654
   39.0      -0.5391645191591
   39.0      -0.5465176492056
   39.0      -0.5541392132187
   39.0      -0.5620122982250
   39.0      -0.5701219858158
   39.0      -0.5784550266875
   39.0      -0.5869995800267
   39.0      -0.5957450045060
   39.0      -0.6046816872272
   39.0      -0.6138009042939
   39.0      -0.6230947043921
   39.0      -0.6325558127338
   39.0      -0.6421775490302
   39.0      -0.6519537582439
   39.0      -0.6618787517066
   39.0      -0.6719472581140
   39.0      -0.6821543794187
   39.0      -0.6924955523496
   39.0      -0.7029665166937
   39.0      -0.7135632860522
   39.0      -0.7242821238929
   39.0      -0.7351195201027
   39.0      -0.7460721717118
   39.0      -0.7571369660268
   39.0      -0.7683109646464
   39.0      -0.7795913894693
   39.0      -0.7909756117679
   39.0      -0.8024611382001
   39.0      -0.8140456032502
   39.0      -0.8257267594492
   39.0      -0.8375024682758
   39.0      -0.8493706945979
   39.0      -0.8613294977384
   39.0      -0.8733770260174
   39.0      -0.8855115119670
   39.0      -0.8977312657281
   39.0      -0.9100346724549
   39.0      -0.9224201853489
   39.0      -0.9348863234366
   39.0      -0.9474316646147
   39.0      -0.9600548523306
   39.0      -0.9727545744165
   39.0      -0.9855295824410
   39.0      -0.9983786663523
   39.0      -1.0113006698721
   39.0      -1.0242944795124
   39.0      -1.0373590250808
   39.0      -1.0504932742564
   40.0      -0.4742816657371
   40.0      -0.4744399269470
   40.0      -0.4754367683785
   40.0      -0.4773566914360
   40.0      -0.4801140017332
   40.0      -0.4836074639955
   40.0      -0.4877429807980
   40.0      -0.4924414482556
   40.0      -0.4976382346761
   40.0      -0.5032806055312
   40.0      -0.5093251766174
   40.0      -0.5157358527206
   40.0      -0.5224822492056
   40.0      -0.5295385016009
   40.0      -0.5368823654995
   40.0      -0.5444945306724
   40.0      -0.5523580918917
   40.0      -0.5604581364980
   40.0      -0.5687814189290
   40.0      -0.5773161009568
   40.0      -0.5860515429456
   40.0      -0.5949781335701
   40.0      -0.6040871501587
   40.0      -0.6133706418354
   40.0      -0.6228213335743
   40.0      -0.6324325445085
   40.0      -0.6421981192665
   40.0      -0.6521123690357
   40.0      -0.6621700217364
   40.0      -0.6723661779938
   40.0      -0.6826962731597
   40.0      -0.6931560458645
   40.0      -0.7037415089306
   40.0      -0.7144489242954
   40.0      -0.7252747799815
   40.0      -0.7362157711382
   40.0      -0.7472687837048
   40.0      -0.7584308778764
   40.0      -0.7696992733877
   40.0      -0.7810713392300
   40.0      -0.7925445800295
   40.0      -0.8041166287441
   40.0      -0.8157852356083
   40.0      -0.8275482595296
   40.0      -0.8394036627881
   40.0      -0.8513495028855
   40.0      -0.8633839256926
   40.0      -0.8755051608232
   40.0      -0.8877115155229
   40.0      -0.9000013727086
   40.0      -0.9123731827853
   40.0      -0.9248254615453
   40.0      -0.9373567837975
   40.0      -0.9499657901477
   40.0      -0.9626511654615
   40.0      -0.9754116573765
   40.0      -0.9882460526548
   40.0      -1.0011531918640
   40.0      -1.0141319576791
   40.0      -1.0271812758280
   40.0      -1.0403001104960
