# P (GPa)             Gibbs free energy (Ry.)
# T= 0.000000 K
    0.0      -0.8841038108421
    1.0      -0.8729603559145
    2.0      -0.8618770498581
    3.0      -0.8508523221701
    4.0      -0.8398846745886
    5.0      -0.8289726763510
    6.0      -0.8181149598935
    7.0      -0.8073102169031
    8.0      -0.7965571946830
    9.0      -0.7858546927986
   10.0      -0.7752015599791
   11.0      -0.7645966912596
   12.0      -0.7540390253815
   13.0      -0.7435275423433
   14.0      -0.7330612611141
   15.0      -0.7226392374923
   16.0      -0.7122605620842
   17.0      -0.7019243584028
   18.0      -0.6916297814655
   19.0      -0.6813760162725
   20.0      -0.6711622759271
   21.0      -0.6609878000442
   22.0      -0.6508518539740
   23.0      -0.6407537279413
   24.0      -0.6306927348686
   25.0      -0.6206682093390
   26.0      -0.6106795080866
   27.0      -0.6007260075461
   28.0      -0.5908071026260
   29.0      -0.5809222080341
   30.0      -0.5710707552345
   31.0      -0.5612521921452
   32.0      -0.5514659842813
   33.0      -0.5417116108312
   34.0      -0.5319885671845
   35.0      -0.5222963625330
   36.0      -0.5126345190324
   37.0      -0.5030025735833
   38.0      -0.4934000734322
   39.0      -0.4838265804699
   40.0      -0.4742816657371
# T= 100.000000 K
    0.0      -0.8842858394649
    1.0      -0.8731405700763
    2.0      -0.8620555450088
    3.0      -0.8510291896616
    4.0      -0.8400600019359
    5.0      -0.8291465474766
    6.0      -0.8182874553423
    7.0      -0.8074814140416
    8.0      -0.7967271678825
    9.0      -0.7860235136052
   10.0      -0.7753692972706
   11.0      -0.7647634113993
   12.0      -0.7542047923525
   13.0      -0.7436924178708
   14.0      -0.7332253047804
   15.0      -0.7228025068443
   16.0      -0.7124231127332
   17.0      -0.7020862441256
   18.0      -0.6917910543173
   19.0      -0.6815367266413
   20.0      -0.6713224726062
   21.0      -0.6611475303098
   22.0      -0.6510111636888
   23.0      -0.6409126615848
   24.0      -0.6308513355898
   25.0      -0.6208265190429
   26.0      -0.6108375674830
   27.0      -0.6008838561762
   28.0      -0.5909647789370
   29.0      -0.5810797494194
   30.0      -0.5712281980615
   31.0      -0.5614095718180
   32.0      -0.5516233352629
   33.0      -0.5418689666882
   34.0      -0.5321459606173
   35.0      -0.5224538254156
   36.0      -0.5127920824327
   37.0      -0.5031602678040
   38.0      -0.4935579280346
   39.0      -0.4839846242928
   40.0      -0.4744399269470
# T= 200.000000 K
    0.0      -0.8854288827696
    1.0      -0.8742750616525
    2.0      -0.8631818964247
    3.0      -0.8521477918145
    4.0      -0.8411712264409
    5.0      -0.8302507479696
    6.0      -0.8193849686687
    7.0      -0.8085725613298
    8.0      -0.7978122555287
    9.0      -0.7871028341812
   10.0      -0.7764431303744
   11.0      -0.7658320244452
   12.0      -0.7552684412749
   13.0      -0.7447513477775
   14.0      -0.7342797505574
   15.0      -0.7238526937136
   16.0      -0.7134692567693
   17.0      -0.7031285528086
   18.0      -0.6928297270799
   19.0      -0.6825719551420
   20.0      -0.6723544411038
   21.0      -0.6621764160718
   22.0      -0.6520371375499
   23.0      -0.6419358880388
   24.0      -0.6318719730430
   25.0      -0.6218447203373
   26.0      -0.6118534800937
   27.0      -0.6018976222691
   28.0      -0.5919765358619
   29.0      -0.5820896298780
   30.0      -0.5722363301168
   31.0      -0.5624160794219
   32.0      -0.5526283382028
   33.0      -0.5428725807785
   34.0      -0.5331482980706
   35.0      -0.5234549946979
   36.0      -0.5137921887177
   37.0      -0.5041594128773
   38.0      -0.4945562105633
   39.0      -0.4849821399251
   40.0      -0.4754367683785
# T= 300.000000 K
    0.0      -0.8876463155644
    1.0      -0.8764777808880
    2.0      -0.8653705116324
    3.0      -0.8543228820743
    4.0      -0.8433333424325
    5.0      -0.8324004138614
    6.0      -0.8215226838572
    7.0      -0.8106988020405
    8.0      -0.7999274762849
    9.0      -0.7892074691562
   10.0      -0.7785375946353
   11.0      -0.7679167150940
   12.0      -0.7573437384978
   13.0      -0.7468176158096
   14.0      -0.7363373385697
   15.0      -0.7259019366296
   16.0      -0.7155104760526
   17.0      -0.7051620574268
   18.0      -0.6948558140208
   19.0      -0.6845909099089
   20.0      -0.6743665382611
   21.0      -0.6641819200388
   22.0      -0.6540363032609
   23.0      -0.6439289609826
   24.0      -0.6338591897094
   25.0      -0.6238263092348
   26.0      -0.6138296616756
   27.0      -0.6038686090753
   28.0      -0.5939425335737
   29.0      -0.5840508371888
   30.0      -0.5741929387965
   31.0      -0.5643682754141
   32.0      -0.5545763011126
   33.0      -0.5448164844136
   34.0      -0.5350883110245
   35.0      -0.5253912798226
   36.0      -0.5157249042842
   37.0      -0.5060887119063
   38.0      -0.4964822416649
   39.0      -0.4869050471628
   40.0      -0.4773566914360
# T= 400.000000 K
    0.0      -0.8908097592159
    1.0      -0.8796226285082
    2.0      -0.8684974658091
    3.0      -0.8574326107262
    4.0      -0.8464264811310
    5.0      -0.8354775679673
    6.0      -0.8245844304903
    7.0      -0.8137456918950
    8.0      -0.8029600352991
    9.0      -0.7922262000500
   10.0      -0.7815429783230
   11.0      -0.7709092119832
   12.0      -0.7603237896828
   13.0      -0.7497856441674
   14.0      -0.7392937497671
   15.0      -0.7288471201030
   16.0      -0.7184448061021
   17.0      -0.7080858939294
   18.0      -0.6977695030454
   19.0      -0.6874947843766
   20.0      -0.6772609186791
   21.0      -0.6670671156202
   22.0      -0.6569126120183
   23.0      -0.6467966700656
   24.0      -0.6367185762397
   25.0      -0.6266776412165
   26.0      -0.6166731976222
   27.0      -0.6067045985952
   28.0      -0.5967712186026
   29.0      -0.5868724513157
   30.0      -0.5770077079060
   31.0      -0.5671764187494
   32.0      -0.5573780303558
   33.0      -0.5476120050403
   34.0      -0.5378778221888
   35.0      -0.5281749741599
   36.0      -0.5185029693235
   37.0      -0.5088613288593
   38.0      -0.4992495870517
   39.0      -0.4896672918909
   40.0      -0.4801140017332
# T= 500.000000 K
    0.0      -0.8947771093010
    1.0      -0.8835690574058
    2.0      -0.8724237275607
    3.0      -0.8613394220133
    4.0      -0.8503145239171
    5.0      -0.8393474918915
    6.0      -0.8284368549849
    7.0      -0.8175812081207
    8.0      -0.8067792079289
    9.0      -0.7960295689111
   10.0      -0.7853310599080
   11.0      -0.7746825008396
   12.0      -0.7640827596897
   13.0      -0.7535307497294
   14.0      -0.7430254270014
   15.0      -0.7325657879290
   16.0      -0.7221508670809
   17.0      -0.7117797350744
   18.0      -0.7014514965907
   19.0      -0.6911652885604
   20.0      -0.6809202789316
   21.0      -0.6707156649192
   22.0      -0.6605506712056
   23.0      -0.6504245484661
   24.0      -0.6403365730015
   25.0      -0.6302860451602
   26.0      -0.6202722873580
   27.0      -0.6102946438493
   28.0      -0.6003524804363
   29.0      -0.5904451817017
   30.0      -0.5805721512616
   31.0      -0.5707328118085
   32.0      -0.5609266018421
   33.0      -0.5511529774665
   34.0      -0.5414114107064
   35.0      -0.5317013875282
   36.0      -0.5220224104805
   37.0      -0.5123739940449
   38.0      -0.5027556677047
   39.0      -0.4931669730592
   40.0      -0.4836074639955
# T= 600.000000 K
    0.0      -0.8994302085326
    1.0      -0.8881997239665
    2.0      -0.8770327512067
    3.0      -0.8659275533711
    4.0      -0.8548824771100
    5.0      -0.8438959469618
    6.0      -0.8329664601769
    7.0      -0.8220925819690
    8.0      -0.8112729411591
    9.0      -0.8005062261779
   10.0      -0.7897911813934
   11.0      -0.7791266037330
   12.0      -0.7685113395704
   13.0      -0.7579442818507
   14.0      -0.7474243674244
   15.0      -0.7369505745691
   16.0      -0.7265219206716
   17.0      -0.7161374600504
   18.0      -0.7057962820027
   19.0      -0.6954975092511
   20.0      -0.6852402960210
   21.0      -0.6750238262494
   22.0      -0.6648473119463
   23.0      -0.6547099923749
   24.0      -0.6446111328081
   25.0      -0.6345500224923
   26.0      -0.6245259735422
   27.0      -0.6145383212096
   28.0      -0.6045864215772
   29.0      -0.5946696501089
   30.0      -0.5847874028074
   31.0      -0.5749390936673
   32.0      -0.5651241534893
   33.0      -0.5553420316068
   34.0      -0.5455921920916
   35.0      -0.5358741150033
   36.0      -0.5261872959543
   37.0      -0.5165312431121
   38.0      -0.5069054805611
   39.0      -0.4973095433192
   40.0      -0.4877429807980
# T= 700.000000 K
    0.0      -0.9046765467506
    1.0      -0.8934225443522
    2.0      -0.8822328729635
    3.0      -0.8711057546654
    4.0      -0.8600394980724
    5.0      -0.8490324922391
    6.0      -0.8380832012701
    7.0      -0.8271901593912
    8.0      -0.8163519664265
    9.0      -0.8055672836440
   10.0      -0.7948348299372
   11.0      -0.7841533783118
   12.0      -0.7735217526466
   13.0      -0.7629388247010
   14.0      -0.7524035113421
   15.0      -0.7419147719652
   16.0      -0.7314716060952
   17.0      -0.7210730513083
   18.0      -0.7107181812208
   19.0      -0.7004061034661
   20.0      -0.6901359578289
   21.0      -0.6799069144772
   22.0      -0.6697181728192
   23.0      -0.6595689602071
   24.0      -0.6494585299675
   25.0      -0.6393861599484
   26.0      -0.6293511523844
   27.0      -0.6193528324103
   28.0      -0.6093905459496
   29.0      -0.5994636599320
   30.0      -0.5895715616996
   31.0      -0.5797136561980
   32.0      -0.5698893671258
   33.0      -0.5600981358409
   34.0      -0.5503394187257
   35.0      -0.5406126897647
   36.0      -0.5309174368755
   37.0      -0.5212531626431
   38.0      -0.5116193845749
   39.0      -0.5020156316929
   40.0      -0.4924414482556
# T= 800.000000 K
    0.0      -0.9104438068532
    1.0      -0.8991654347655
    2.0      -0.8879522399285
    3.0      -0.8768024017012
    4.0      -0.8657141888447
    5.0      -0.8546859533701
    6.0      -0.8437161249090
    7.0      -0.8328032055168
    8.0      -0.8219457649158
    9.0      -0.8111424361777
   10.0      -0.8003919117548
   11.0      -0.7896929398266
   12.0      -0.7790443209313
   13.0      -0.7684449048523
   14.0      -0.7578935877465
   15.0      -0.7473893095391
   16.0      -0.7369310514676
   17.0      -0.7265178337829
   18.0      -0.7161487135983
   19.0      -0.7058227828569
   20.0      -0.6955391664268
   21.0      -0.6852970207340
   22.0      -0.6750955321845
   23.0      -0.6649339152734
   24.0      -0.6548114109955
   25.0      -0.6447272861916
   26.0      -0.6346808325067
   27.0      -0.6246713642047
   28.0      -0.6146982173345
   29.0      -0.6047607501142
   30.0      -0.5948583402455
   31.0      -0.5849903841071
   32.0      -0.5751562978819
   33.0      -0.5653555141899
   34.0      -0.5555874825573
   35.0      -0.5458516697590
   36.0      -0.5361475561910
   37.0      -0.5264746388869
   38.0      -0.5168324279580
   39.0      -0.5072204472645
   40.0      -0.4976382346761
# T= 900.000000 K
    0.0      -0.9166746579786
    1.0      -0.9053711991147
    2.0      -0.8941337892619
    3.0      -0.8829605633740
    4.0      -0.8718497490149
    5.0      -0.8607996597764
    6.0      -0.8498086894260
    7.0      -0.8388753065394
    8.0      -0.8279980495772
    9.0      -0.8171755223689
   10.0      -0.8064063899698
   11.0      -0.7956893748557
   12.0      -0.7850232534247
   13.0      -0.7744068527763
   14.0      -0.7638390477375
   15.0      -0.7533187581110
   16.0      -0.7428449461179
   17.0      -0.7324166140111
   18.0      -0.7220328018375
   19.0      -0.7116925854016
   20.0      -0.7013950746438
   21.0      -0.6911394117186
   22.0      -0.6809247691600
   23.0      -0.6707503481883
   24.0      -0.6606153776821
   25.0      -0.6505191131642
   26.0      -0.6404608347163
   27.0      -0.6304398456244
   28.0      -0.6204554725883
   29.0      -0.6105070638864
   30.0      -0.6005939874289
   31.0      -0.5907156316842
   32.0      -0.5808714040393
   33.0      -0.5710607286032
   34.0      -0.5612830482002
   35.0      -0.5515378213341
   36.0      -0.5418245217876
   37.0      -0.5321426400104
   38.0      -0.5224916788823
   39.0      -0.5128711571380
   40.0      -0.5032806055312
# T= 1000.000000 K
    0.0      -0.9233228630687
    1.0      -0.9119936792275
    2.0      -0.9007314421002
    3.0      -0.8895342402126
    4.0      -0.8784002579832
    5.0      -0.8673277690739
    6.0      -0.8563151301361
    7.0      -0.8453607750887
    8.0      -0.8344632100030
    9.0      -0.8236210084114
   10.0      -0.8128328070003
   11.0      -0.8020973016522
   12.0      -0.7914132438058
   13.0      -0.7807794371019
   14.0      -0.7701947342872
   15.0      -0.7596580343485
   16.0      -0.7491682798490
   17.0      -0.7387244544601
   18.0      -0.7283255808053
   19.0      -0.7179707183628
   20.0      -0.7076589614076
   21.0      -0.6973894371028
   22.0      -0.6871613036835
   23.0      -0.6769737491908
   24.0      -0.6668259902235
   25.0      -0.6567172699551
   26.0      -0.6466468565943
   27.0      -0.6366140430436
   28.0      -0.6266181457420
   29.0      -0.6166585024136
   30.0      -0.6067344718457
   31.0      -0.5968454338827
   32.0      -0.5869907864568
   33.0      -0.5771699460591
   34.0      -0.5673823476877
   35.0      -0.5576274415288
   36.0      -0.5479046952360
   37.0      -0.5382135914619
   38.0      -0.5285536268259
   39.0      -0.5189243139010
   40.0      -0.5093251766174
# T= 1100.000000 K
    0.0      -0.9303505019896
    1.0      -0.9189950030944
    2.0      -0.9077073739783
    3.0      -0.8964856551953
    4.0      -0.8853279866617
    5.0      -0.8742326005018
    6.0      -0.8631978146635
    7.0      -0.8522220270612
    8.0      -0.8413037102126
    9.0      -0.8304414063086
   10.0      -0.8196337226941
   11.0      -0.8088793277490
   12.0      -0.7981769471027
   13.0      -0.7875253601439
   14.0      -0.7769233967989
   15.0      -0.7663699345763
   16.0      -0.7558638958476
   17.0      -0.7454042453056
   18.0      -0.7349899875985
   19.0      -0.7246201651146
   20.0      -0.7142938558931
   21.0      -0.7040101716685
   22.0      -0.6937682564272
   23.0      -0.6835672847791
   24.0      -0.6734064600609
   25.0      -0.6632850127071
   26.0      -0.6532021994411
   27.0      -0.6431573023515
   28.0      -0.6331496266984
   29.0      -0.6231784998358
   30.0      -0.6132432716756
   31.0      -0.6033433122369
   32.0      -0.5934780103403
   33.0      -0.5836467749409
   34.0      -0.5738490321175
   35.0      -0.5640842246093
   36.0      -0.5543518130990
   37.0      -0.5446512722072
   38.0      -0.5349820929081
   39.0      -0.5253437803568
   40.0      -0.5157358527206
# T= 1200.000000 K
    0.0      -0.9377260006770
    1.0      -0.9263436240395
    2.0      -0.9150300670224
    3.0      -0.9037833198275
    4.0      -0.8926014757572
    5.0      -0.8814827239699
    6.0      -0.8704253424432
    7.0      -0.8594276918052
    8.0      -0.8484882097628
    9.0      -0.8376054059904
   10.0      -0.8267778574420
   11.0      -0.8160042040496
   12.0      -0.8052831447748
   13.0      -0.7946134339792
   14.0      -0.7839938780846
   15.0      -0.7734233324923
   16.0      -0.7629006987333
   17.0      -0.7524249218254
   18.0      -0.7419949878085
   19.0      -0.7316099214381
   20.0      -0.7212687841066
   21.0      -0.7109706721208
   22.0      -0.7007147147150
   23.0      -0.6905000722039
   24.0      -0.6803259342511
   25.0      -0.6701915187503
   26.0      -0.6600960707942
   27.0      -0.6500388606038
   28.0      -0.6400191820893
   29.0      -0.6300363529195
   30.0      -0.6200897129273
   31.0      -0.6101786219934
   32.0      -0.6003024606862
   33.0      -0.5904606291604
   34.0      -0.5806525445502
   35.0      -0.5708776427488
   36.0      -0.5611353761485
   37.0      -0.5514252121613
   38.0      -0.5417466354439
   39.0      -0.5320991434654
   40.0      -0.5224822492056
# T= 1300.000000 K
    0.0      -0.9454227129208
    1.0      -0.9340129117838
    2.0      -0.9226729066013
    3.0      -0.9114006357017
    4.0      -0.9001941442976
    5.0      -0.8890515766180
    6.0      -0.8779711689385
    7.0      -0.8669512432308
    8.0      -0.8559902012188
    9.0      -0.8450865189628
   10.0      -0.8342387419869
   11.0      -0.8234454808073
   12.0      -0.8127054068247
   13.0      -0.8020172485469
   14.0      -0.7913797881106
   15.0      -0.7807918580729
   16.0      -0.7702523384430
   17.0      -0.7597601539281
   18.0      -0.7493142714011
   19.0      -0.7389136976605
   20.0      -0.7285574772142
   21.0      -0.7182446901947
   22.0      -0.7079744503989
   23.0      -0.6977459034294
   24.0      -0.6875582253759
   25.0      -0.6774106214746
   26.0      -0.6673023241395
   27.0      -0.6572325913906
   28.0      -0.6472007063802
   29.0      -0.6372059763267
   30.0      -0.6272477302509
   31.0      -0.6173253184929
   32.0      -0.6074381129342
   33.0      -0.5975855040596
   34.0      -0.5877669009384
   35.0      -0.5779817317318
   36.0      -0.5682294401686
   37.0      -0.5585094873118
   38.0      -0.5488213501028
   39.0      -0.5391645191591
   40.0      -0.5295385016009
# T= 1400.000000 K
    0.0      -0.9534178854927
    1.0      -0.9419801194023
    2.0      -0.9306131539894
    3.0      -0.9193148730067
    4.0      -0.9080832712877
    5.0      -0.8969164467705
    6.0      -0.8858125926761
    7.0      -0.8747699908005
    8.0      -0.8637870054306
    9.0      -0.8528620777661
   10.0      -0.8419937208056
   11.0      -0.8311805146604
   12.0      -0.8204211022553
   13.0      -0.8097141853901
   14.0      -0.7990585211197
   15.0      -0.7884529184244
   16.0      -0.7778962351454
   17.0      -0.7673873751514
   18.0      -0.7569252857122
   19.0      -0.7465089550545
   20.0      -0.7361374100746
   21.0      -0.7258097141871
   22.0      -0.7155249653264
   23.0      -0.7052822944484
   24.0      -0.6950808637780
   25.0      -0.6849198649274
   26.0      -0.6747985172395
   27.0      -0.6647160668965
   28.0      -0.6546717859651
   29.0      -0.6446649702291
   30.0      -0.6346949379973
   31.0      -0.6247610305140
   32.0      -0.6148626096873
   33.0      -0.6049990565237
   34.0      -0.5951697724224
   35.0      -0.5853741765427
   36.0      -0.5756117046941
   37.0      -0.5658818110849
   38.0      -0.5561839643469
   39.0      -0.5465176492056
   40.0      -0.5368823654995
# T= 1500.000000 K
    0.0      -0.9616918848111
    1.0      -0.9502256148957
    2.0      -0.9388311786507
    3.0      -0.9275064036064
    4.0      -0.9162492325859
    5.0      -0.9050577149281
    6.0      -0.8939299989300
    7.0      -0.8828643248781
    8.0      -0.8718590183953
    9.0      -0.8609124846023
   10.0      -0.8500232028059
   11.0      -0.8391897216283
   12.0      -0.8284106545366
   13.0      -0.8176846757411
   14.0      -0.8070105164259
   15.0      -0.7963869612812
   16.0      -0.7858128453073
   17.0      -0.7752870508612
   18.0      -0.7648085049188
   19.0      -0.7543761765273
   20.0      -0.7439890744239
   21.0      -0.7336462449330
   22.0      -0.7233467701004
   23.0      -0.7130897656523
   24.0      -0.7028743791280
   25.0      -0.6926997881116
   26.0      -0.6825651990695
   27.0      -0.6724698462153
   28.0      -0.6624129894644
   29.0      -0.6523939129575
   30.0      -0.6424119250099
   31.0      -0.6324663566226
   32.0      -0.6225565593094
   33.0      -0.6126819054956
   34.0      -0.6028417877496
   35.0      -0.5930356159869
   36.0      -0.5832628189465
   37.0      -0.5735228425745
   38.0      -0.5638151478210
   39.0      -0.5541392132187
   40.0      -0.5444945306724
# T= 1600.000000 K
    0.0      -0.9702276164691
    1.0      -0.9587322998218
    2.0      -0.9473098802642
    3.0      -0.9359581262025
    4.0      -0.9246749258911
    5.0      -0.9134582787276
    6.0      -0.9023062865481
    7.0      -0.8912171462811
    8.0      -0.8801891432995
    9.0      -0.8692206453512
   10.0      -0.8583100969278
   11.0      -0.8474560141150
   12.0      -0.8366569799428
   13.0      -0.8259116401174
   14.0      -0.8152186990987
   15.0      -0.8045769164890
   16.0      -0.7939851037040
   17.0      -0.7834421208952
   18.0      -0.7729468740999
   19.0      -0.7624983126561
   20.0      -0.7520954268235
   21.0      -0.7417372454911
   22.0      -0.7314228340433
   23.0      -0.7211512923440
   24.0      -0.7109217528359
   25.0      -0.7007333791905
   26.0      -0.6905853648232
   27.0      -0.6804769309488
   28.0      -0.6704073249897
   29.0      -0.6603758200127
   30.0      -0.6503817136518
   31.0      -0.6404243258683
   32.0      -0.6305029982969
   33.0      -0.6206170945511
   34.0      -0.6107659973630
   35.0      -0.6009491081959
   36.0      -0.5911658480807
   37.0      -0.5814156540709
   38.0      -0.5716979804744
   39.0      -0.5620122982250
   40.0      -0.5523580918917
# T= 1700.000000 K
    0.0      -0.9790100743319
    1.0      -0.9674851620227
    2.0      -0.9560342408070
    3.0      -0.9446550179196
    4.0      -0.9333453253524
    5.0      -0.9221031098893
    6.0      -0.9109264249353
    7.0      -0.8998134227561
    8.0      -0.8887623471382
    9.0      -0.8777715270359
   10.0      -0.8668393707705
   11.0      -0.8559643607124
   12.0      -0.8451450484072
   13.0      -0.8343800501066
   14.0      -0.8236680426700
   15.0      -0.8130077598031
   16.0      -0.8023979885994
   17.0      -0.7918375663564
   18.0      -0.7813253776362
   19.0      -0.7708603515439
   20.0      -0.7604414591969
   21.0      -0.7500677113617
   22.0      -0.7397381562341
   23.0      -0.7294518774063
   24.0      -0.7192079922987
   25.0      -0.7090056502713
   26.0      -0.6988440307627
   27.0      -0.6887223416022
   28.0      -0.6786398180693
   29.0      -0.6685957218453
   30.0      -0.6585893388807
   31.0      -0.6486199781377
   32.0      -0.6386869719153
   33.0      -0.6287896737007
   34.0      -0.6189274564523
   35.0      -0.6090997137794
   36.0      -0.5993058576460
   37.0      -0.5895453167927
   38.0      -0.5798175386961
   39.0      -0.5701219858158
   40.0      -0.5604581364980
# T= 1800.000000 K
    0.0      -0.9880259942721
    1.0      -0.9764709275843
    2.0      -0.9649909786449
    3.0      -0.9535837907141
    4.0      -0.9422471365034
    5.0      -0.9309789088182
    6.0      -0.9197771108382
    7.0      -0.9086398480102
    8.0      -0.8975653208330
    9.0      -0.8865518181808
   10.0      -0.8755977110160
   11.0      -0.8647014468359
   12.0      -0.8538615446065
   13.0      -0.8430765901144
   14.0      -0.8323452317019
   15.0      -0.8216661763486
   16.0      -0.8110381860687
   17.0      -0.8004600745919
   18.0      -0.7899307042993
   19.0      -0.7794489833847
   20.0      -0.7690138632178
   21.0      -0.7586243358897
   22.0      -0.7482794320791
   23.0      -0.7379782190163
   24.0      -0.7277197984140
   25.0      -0.7175033045647
   26.0      -0.7073279025332
   27.0      -0.6971927869668
   28.0      -0.6870971808204
   29.0      -0.6770403333396
   30.0      -0.6670215185632
   31.0      -0.6570400351694
   32.0      -0.6470952050225
   33.0      -0.6371863709907
   34.0      -0.6273128971377
   35.0      -0.6174741681806
   36.0      -0.6076695866012
   37.0      -0.5978985738034
   38.0      -0.5881605690354
   39.0      -0.5784550266875
   40.0      -0.5687814189290
# T= 1900.000000 K
    0.0      -0.9972635738782
    1.0      -0.9856777830389
    2.0      -0.9741682701303
    3.0      -0.9627326115449
    4.0      -0.9513685190950
    5.0      -0.9400738285742
    6.0      -0.9288464908292
    7.0      -0.9176845631811
    8.0      -0.9065862012979
    9.0      -0.8955496522495
   10.0      -0.8845732481641
   11.0      -0.8736554004247
   12.0      -0.8627945943334
   13.0      -0.8519893842065
   14.0      -0.8412383889289
   15.0      -0.8305402878772
   16.0      -0.8198938171673
   17.0      -0.8092977661974
   18.0      -0.7987509744547
   19.0      -0.7882523285760
   20.0      -0.7778007596761
   21.0      -0.7673952408287
   22.0      -0.7570347847174
   23.0      -0.7467184414359
   24.0      -0.7364452964101
   25.0      -0.7262144684581
   26.0      -0.7160251084058
   27.0      -0.7058763974407
   28.0      -0.6957675451975
   29.0      -0.6856977881462
   30.0      -0.6756663889594
   31.0      -0.6656726353769
   32.0      -0.6557158380016
   33.0      -0.6457953295201
   34.0      -0.6359104650250
   35.0      -0.6260606192429
   36.0      -0.6162451858540
   37.0      -0.6064635785261
   38.0      -0.5967152274472
   39.0      -0.5869995800267
   40.0      -0.5773161009568
# T= 2000.000000 K
    0.0      -1.0067122559113
    1.0      -0.9950951578314
    2.0      -0.9835555328428
    3.0      -0.9720908881238
    4.0      -0.9606988709463
    5.0      -0.9493772585885
    6.0      -0.9381239475711
    7.0      -0.9269369445927
    8.0      -0.9158143587393
    9.0      -0.9047543939927
   10.0      -0.8937553423390
   11.0      -0.8828155777227
   12.0      -0.8719335505136
   13.0      -0.8611077824337
   14.0      -0.8503368619073
   15.0      -0.8396194397966
   16.0      -0.8289542254881
   17.0      -0.8183399832971
   18.0      -0.8077755291587
   19.0      -0.7972597275754
   20.0      -0.7867914887937
   21.0      -0.7763697661819
   22.0      -0.7659935537853
   23.0      -0.7556618840334
   24.0      -0.7453738256836
   25.0      -0.7351284821416
   26.0      -0.7249249894660
   27.0      -0.7147625145154
   28.0      -0.7046402532274
   29.0      -0.6945574296399
   30.0      -0.6845132947219
   31.0      -0.6745071242781
   32.0      -0.6645382176464
   33.0      -0.6546058979278
   34.0      -0.6447095099255
   35.0      -0.6348484183305
   36.0      -0.6250220087552
   37.0      -0.6152296857377
   38.0      -0.6054708708106
   39.0      -0.5957450045060
   40.0      -0.5860515429456
# T= 2100.000000 K
    0.0      -1.0163625463196
    1.0      -1.0047135428519
    2.0      -0.9931432446801
    3.0      -0.9816490857236
    4.0      -0.9702286471485
    5.0      -0.9588796444431
    6.0      -0.9475999173976
    7.0      -0.9363874207701
    8.0      -0.9252402152021
    9.0      -0.9141564595971
   10.0      -0.9031344042193
   11.0      -0.8921723843213
   12.0      -0.8812688141906
   13.0      -0.8704221818540
   14.0      -0.8596310442424
   15.0      -0.8488940227520
   16.0      -0.8382097991695
   17.0      -0.8275771119257
   18.0      -0.8169947526464
   19.0      -0.8064615629703
   20.0      -0.7959764316041
   21.0      -0.7855382915897
   22.0      -0.7751461177859
   23.0      -0.7647989246659
   24.0      -0.7544957641226
   25.0      -0.7442357233822
   26.0      -0.7340179230503
   27.0      -0.7238415152662
   28.0      -0.7137056824856
   29.0      -0.7036096360504
   30.0      -0.6935526142051
   31.0      -0.6835338805803
   32.0      -0.6735527239461
   33.0      -0.6636084567585
   34.0      -0.6537004129866
   35.0      -0.6438279481226
   36.0      -0.6339904388010
   37.0      -0.6241872798717
   38.0      -0.6144178852348
   39.0      -0.6046816872272
   40.0      -0.5949781335701
# T= 2200.000000 K
    0.0      -1.0262058708687
    1.0      -1.0145243480563
    2.0      -1.0029228004335
    3.0      -0.9913985866503
    4.0      -0.9799492176555
    5.0      -0.9685723452146
    6.0      -0.9572657503529
    7.0      -0.9460273330072
    8.0      -0.9348551035848
    9.0      -0.9237471745942
   10.0      -0.9127017530713
   11.0      -0.9017171339700
   12.0      -0.8907916941106
   13.0      -0.8799238866333
   14.0      -0.8691122359208
   15.0      -0.8583553329353
   16.0      -0.8476518309601
   17.0      -0.8370004416982
   18.0      -0.8263999316795
   19.0      -0.8158491189512
   20.0      -0.8053468700447
   21.0      -0.7948920971672
   22.0      -0.7844837555944
   23.0      -0.7741208412423
   24.0      -0.7638023883937
   25.0      -0.7535274675555
   26.0      -0.7432951834827
   27.0      -0.7331046737408
   28.0      -0.7229551069032
   29.0      -0.7128456806681
   30.0      -0.7027756202204
   31.0      -0.6927441775404
   32.0      -0.6827506301851
   33.0      -0.6727942791253
   34.0      -0.6628744478631
   35.0      -0.6529904827376
   36.0      -0.6431417502411
   37.0      -0.6333276360954
   38.0      -0.6235475463983
   39.0      -0.6138009042939
   40.0      -0.6040871501587
# T= 2300.000000 K
    0.0      -1.0362344535626
    1.0      -1.0245197791166
    2.0      -1.0128863903648
    3.0      -1.0013315660773
    4.0      -0.9898527449169
    5.0      -0.9784475117699
    6.0      -0.9671135859392
    7.0      -0.9558488111898
    8.0      -0.9446511455225
    9.0      -0.9335186527705
   10.0      -0.9224494951345
   11.0      -0.9114419260026
   12.0      -0.9004942834552
   13.0      -0.8896049845002
   14.0      -0.8787725197907
   15.0      -0.8679954487835
   16.0      -0.8572723952995
   17.0      -0.8466020434499
   18.0      -0.8359831338953
   19.0      -0.8254144604042
   20.0      -0.8148948666814
   21.0      -0.8044232434365
   22.0      -0.7939985256644
   23.0      -0.7836196901138
   24.0      -0.7732857529190
   25.0      -0.7629957675259
   26.0      -0.7527488228537
   27.0      -0.7425440412409
   28.0      -0.7323805765773
   29.0      -0.7222576125479
   30.0      -0.7121743616188
   31.0      -0.7021300637339
   32.0      -0.6921239842584
   33.0      -0.6821554126383
   34.0      -0.6722236625332
   35.0      -0.6623280698191
   36.0      -0.6524679907079
   37.0      -0.6426428026183
   38.0      -0.6328519024523
   39.0      -0.6230947043921
   40.0      -0.6133706418354
# T= 2400.000000 K
    0.0      -1.0464412170609
    1.0      -1.0346927400004
    2.0      -1.0230269007070
    3.0      -1.0114408951020
    4.0      -0.9999320857590
    5.0      -0.9884979877894
    6.0      -0.9771362568976
    7.0      -0.9658446773858
    8.0      -0.9546211529272
    9.0      -0.9434636973188
   10.0      -0.9323704260717
   11.0      -0.9213395491723
   12.0      -0.9103693644774
   13.0      -0.8994582516434
   14.0      -0.8886046664789
   15.0      -0.8778071358872
   16.0      -0.8670642532465
   17.0      -0.8563746741685
   18.0      -0.8457371126007
   19.0      -0.8351503372396
   20.0      -0.8246131682240
   21.0      -0.8141244740779
   22.0      -0.8036831688765
   23.0      -0.7932882096775
   24.0      -0.7829385941809
   25.0      -0.7726333584393
   26.0      -0.7623715747305
   27.0      -0.7521523495452
   28.0      -0.7419748217039
   29.0      -0.7318381611039
   30.0      -0.7217415671304
   31.0      -0.7116842667091
   32.0      -0.7016655127669
   33.0      -0.6916845838995
   34.0      -0.6817407828961
   35.0      -0.6718334345861
   36.0      -0.6619618856815
   37.0      -0.6521255045190
   38.0      -0.6423236781254
   39.0      -0.6325558127338
   40.0      -0.6228213335743
# T= 2500.000000 K
    0.0      -1.0568197003270
    1.0      -1.0450367493278
    2.0      -1.0333378319471
    3.0      -1.0217200574602
    4.0      -1.0101807088068
    5.0      -0.9987172287296
    6.0      -0.9873272056010
    7.0      -0.9760083627981
    8.0      -0.9647585472740
    9.0      -0.9535757201798
   10.0      -0.9424579487502
   11.0      -0.9314033982399
   12.0      -0.9204103248325
   13.0      -0.9094770693355
   14.0      -0.8986020514027
   15.0      -0.8877837642407
   16.0      -0.8770207697612
   17.0      -0.8663116941378
   18.0      -0.8556552237348
   19.0      -0.8450501013702
   20.0      -0.8344951228825
   21.0      -0.8239891339687
   22.0      -0.8135310272655
   23.0      -0.8031197396450
   24.0      -0.7927542496986
   25.0      -0.7824335753848
   26.0      -0.7721567718174
   27.0      -0.7619229292597
   28.0      -0.7517311716020
   29.0      -0.7415806544265
   30.0      -0.7314705631465
   31.0      -0.7214001113392
   32.0      -0.7113685399964
   33.0      -0.7013751162127
   34.0      -0.6914191310632
   35.0      -0.6814998986317
   36.0      -0.6716167562790
   37.0      -0.6617690620448
   38.0      -0.6519561935185
   39.0      -0.6421775490302
   40.0      -0.6324325445085
# T= 2600.000000 K
    0.0      -1.0673639862640
    1.0      -1.0555458679017
    2.0      -1.0438132253764
    3.0      -1.0321630764518
    4.0      -1.0205926215389
    5.0      -1.0090992268028
    6.0      -0.9976804115746
    7.0      -0.9863338347040
    8.0      -0.9750572841796
    9.0      -0.9638486670934
   10.0      -0.9527060001814
   11.0      -0.9416274018939
   12.0      -0.9306110852345
   13.0      -0.9196553509138
   14.0      -0.9087585812030
   15.0      -0.8979192344297
   16.0      -0.8871358399343
   17.0      -0.8764069934454
   18.0      -0.8657313528374
   19.0      -0.8551076342359
   20.0      -0.8445346084368
   21.0      -0.8340110976078
   22.0      -0.8235359722432
   23.0      -0.8131081483415
   24.0      -0.8027265847820
   25.0      -0.7923902808818
   26.0      -0.7820982742928
   27.0      -0.7718496389826
   28.0      -0.7616434831555
   29.0      -0.7514789473484
   30.0      -0.7413552026400
   31.0      -0.7312714495949
   32.0      -0.7212269168246
   33.0      -0.7112208589686
   34.0      -0.7012525553175
   35.0      -0.6913213098484
   36.0      -0.6814264492762
   37.0      -0.6715673211244
   38.0      -0.6617432944247
   39.0      -0.6519537582439
   40.0      -0.6421981192665
# T= 2700.000000 K
    0.0      -1.0780686431396
    1.0      -1.0662146412004
    2.0      -1.0544476051382
    3.0      -1.0427644577639
    4.0      -1.0311623119635
    5.0      -1.0196384551145
    6.0      -1.0081903331759
    7.0      -0.9968155385827
    8.0      -0.9855117979418
    9.0      -0.9742769612776
   10.0      -0.9631089932168
   11.0      -0.9520059639891
   12.0      -0.9409660416198
   13.0      -0.9299874850237
   14.0      -0.9190686376841
   15.0      -0.9082079218671
   16.0      -0.8974038332632
   17.0      -0.8866549361480
   18.0      -0.8759598589663
   19.0      -0.8653172902741
   20.0      -0.8547259750072
   21.0      -0.8441847110424
   22.0      -0.8336923460213
   23.0      -0.8232477744212
   24.0      -0.8128499349111
   25.0      -0.8024978078546
   26.0      -0.7921904129641
   27.0      -0.7819268071080
   28.0      -0.7717060822363
   29.0      -0.7615273634616
   30.0      -0.7513898077541
   31.0      -0.7412926022018
   32.0      -0.7312349620982
   33.0      -0.7212161293753
   34.0      -0.7112353721877
   35.0      -0.7012919834053
   36.0      -0.6913852784814
   37.0      -0.6815145951395
   38.0      -0.6716792932091
   39.0      -0.6618787517066
   40.0      -0.6521123690357
# T= 2800.000000 K
    0.0      -1.0889286734523
    1.0      -1.0770380471184
    2.0      -1.0652359274149
    3.0      -1.0535191370708
    4.0      -1.0418846982475
    5.0      -1.0303298147615
    6.0      -1.0188518569876
    7.0      -1.0074483474556
    8.0      -0.9961169485053
    9.0      -0.9848554516540
   10.0      -0.9736617668528
   11.0      -0.9625339137901
   12.0      -0.9514700140463
   13.0      -0.9404682834068
   14.0      -0.9295270251805
   15.0      -0.9186446241776
   16.0      -0.9078195411926
   17.0      -0.8970503079502
   18.0      -0.8863355224755
   19.0      -0.8756738448506
   20.0      -0.8650639933224
   21.0      -0.8545047407273
   22.0      -0.8439949112016
   23.0      -0.8335333771470
   24.0      -0.8231190564219
   25.0      -0.8127509097327
   26.0      -0.8024279381982
   27.0      -0.7921491810637
   28.0      -0.7819137136744
   29.0      -0.7717206458237
   30.0      -0.7615691197284
   31.0      -0.7514583081709
   32.0      -0.7413874127995
   33.0      -0.7313556633203
   34.0      -0.7213623160887
   35.0      -0.7114066520244
   36.0      -0.7014879755584
   37.0      -0.6916056148509
   38.0      -0.6817589192753
   39.0      -0.6719472581140
   40.0      -0.6621700217364
# T= 2900.000000 K
    0.0      -1.0999394704270
    1.0      -1.0880114527947
    2.0      -1.0761735359353
    3.0      -1.0644224373096
    4.0      -1.0527550837551
    5.0      -1.0411685921946
    6.0      -1.0296602534246
    7.0      -1.0182275171249
    8.0      -1.0068679791925
    9.0      -0.9955793691519
   10.0      -0.9843595405433
   11.0      -0.9732064609665
   12.0      -0.9621182033820
   13.0      -0.9510929385546
   14.0      -0.9401289281855
   15.0      -0.9292245184045
   16.0      -0.9183781339317
   17.0      -0.9075882728201
   18.0      -0.8968535016357
   19.0      -0.8861724510383
   20.0      -0.8755438117238
   21.0      -0.8649663306969
   22.0      -0.8544388078390
   23.0      -0.8439600927419
   24.0      -0.8335290817777
   25.0      -0.8231447153773
   26.0      -0.8128059755208
   27.0      -0.8025118835668
   28.0      -0.7922614980692
   29.0      -0.7820539126823
   30.0      -0.7718882542057
   31.0      -0.7617636807571
   32.0      -0.7516793806683
   33.0      -0.7416345709109
   34.0      -0.7316284951142
   35.0      -0.7216604221504
   36.0      -0.7117296460721
   37.0      -0.7018354842020
   38.0      -0.6919772751671
   39.0      -0.6821543794187
   40.0      -0.6723661779938
# T= 3000.000000 K
    0.0      -1.1110967794015
    1.0      -1.0991305761212
    2.0      -1.0872561234336
    3.0      -1.0754700288025
    4.0      -1.0637691185745
    5.0      -1.0521504189032
    6.0      -1.0406111371825
    7.0      -1.0291486474030
    8.0      -1.0177604752005
    9.0      -1.0064442866085
   10.0      -0.9951978759356
   11.0      -0.9840191560838
   12.0      -0.9729061499432
   13.0      -0.9618569818083
   14.0      -0.9508698700587
   15.0      -0.9399431205614
   16.0      -0.9290751206280
   17.0      -0.9182643334878
   18.0      -0.9075092932055
   19.0      -0.8968086000463
   20.0      -0.8861609162491
   21.0      -0.8755649621418
   22.0      -0.8650195125636
   23.0      -0.8545233935655
   24.0      -0.8440754793936
   25.0      -0.8336746897071
   26.0      -0.8233199869783
   27.0      -0.8130103740737
   28.0      -0.8027448919867
   29.0      -0.7925226176969
   30.0      -0.7823426622182
   31.0      -0.7722041692188
   32.0      -0.7621063131490
   33.0      -0.7520482973557
   34.0      -0.7420293524842
   35.0      -0.7320487359792
   36.0      -0.7221057305390
   37.0      -0.7121996420060
   38.0      -0.7023297989046
   39.0      -0.6924955523496
   40.0      -0.6826962731597
# T= 3100.000000 K
    0.0      -1.1223966664935
    1.0      -1.1103914542776
    2.0      -1.0984797012742
    3.0      -1.0866578990405
    4.0      -1.0749227691857
    5.0      -1.0632712418687
    6.0      -1.0517004380196
    7.0      -1.0402076515364
    8.0      -1.0287903359016
    9.0      -1.0174460897609
   10.0      -1.0061726461177
   11.0      -0.9949678615272
   12.0      -0.9838297062538
   13.0      -0.9727562560544
   14.0      -0.9617456845884
   15.0      -0.9507962561401
   16.0      -0.9399063192838
   17.0      -0.9290743011312
   18.0      -0.9182987020607
   19.0      -0.9075780908902
   20.0      -0.8969111004529
   21.0      -0.8862964235410
   22.0      -0.8757328091813
   23.0      -0.8652190592105
   24.0      -0.8547540251183
   25.0      -0.8443366051295
   26.0      -0.8339657414961
   27.0      -0.8236404179742
   28.0      -0.8133596574612
   29.0      -0.8031225199488
   30.0      -0.7929281007077
   31.0      -0.7827755282124
   32.0      -0.7726639622655
   33.0      -0.7625925922637
   34.0      -0.7525606363272
   35.0      -0.7425673397936
   36.0      -0.7326119731679
   37.0      -0.7226938309919
   38.0      -0.7128122320021
   39.0      -0.7029665166937
   40.0      -0.6931560458645
# T= 3200.000000 K
    0.0      -1.1338354893354
    1.0      -1.1217904138220
    2.0      -1.1098405682846
    3.0      -1.0979823221340
    4.0      -1.0862122866593
    5.0      -1.0745272921776
    6.0      -1.0629243679307
    7.0      -1.0514007252863
    8.0      -1.0399537410263
    9.0      -1.0285809445234
   10.0      -1.0172800046334
   11.0      -1.0060487185385
   12.0      -0.9948850024059
   13.0      -0.9837868817925
   14.0      -0.9727524835688
   15.0      -0.9617800286941
   16.0      -0.9508678256340
   17.0      -0.9400142641832
   18.0      -0.9292178099052
   19.0      -0.9184769991065
   20.0      -0.9077904342295
   21.0      -0.8971567796251
   22.0      -0.8865747576696
   23.0      -0.8760431451922
   24.0      -0.8655607701815
   25.0      -0.8551265087406
   26.0      -0.8447392822627
   27.0      -0.8343980548671
   28.0      -0.8241018310988
   29.0      -0.8138496536365
   30.0      -0.8036406011633
   31.0      -0.7934737863517
   32.0      -0.7833483540013
   33.0      -0.7732634798736
   34.0      -0.7632183689908
   35.0      -0.7532122536860
   36.0      -0.7432443921476
   37.0      -0.7333140682592
   38.0      -0.7234205897206
   39.0      -0.7135632860522
   40.0      -0.7037415089306
# T= 3300.000000 K
    0.0      -1.1454098728193
    1.0      -1.1333240471685
    2.0      -1.1213352874548
    3.0      -1.1094398348253
    4.0      -1.0976341843089
    5.0      -1.0859150611963
    6.0      -1.0742793993986
    7.0      -1.0627243228213
    8.0      -1.0512471291521
    9.0      -1.0398452746676
   10.0      -1.0285163612844
   11.0      -1.0172581251632
   12.0      -1.0060684254333
   13.0      -0.9949452352264
   14.0      -0.9838866332372
   15.0      -0.9728907956460
   16.0      -0.9619559891938
   17.0      -0.9510805648766
   18.0      -0.9402629521733
   19.0      -0.9295016537613
   20.0      -0.9187952406808
   21.0      -0.9081423479044
   22.0      -0.8975416702847
   23.0      -0.8869919588311
   24.0      -0.8764920172916
   25.0      -0.8660406990066
   26.0      -0.8556369040032
   27.0      -0.8452795763014
   28.0      -0.8349677014069
   29.0      -0.8247003039644
   30.0      -0.8144764455470
   31.0      -0.8042952226739
   32.0      -0.7941557653291
   33.0      -0.7840572349814
   34.0      -0.7739988227136
   35.0      -0.7639797475896
   36.0      -0.7539992560719
   37.0      -0.7440566204335
   38.0      -0.7341511366697
   39.0      -0.7242821238929
   40.0      -0.7144489242954
# T= 3400.000000 K
    0.0      -1.1571166875096
    1.0      -1.1449891903087
    2.0      -1.1329606638578
    3.0      -1.1210272140441
    4.0      -1.1091852140174
    5.0      -1.0974312783108
    6.0      -1.0857622408463
    7.0      -1.0741751343259
    8.0      -1.0626671731575
    9.0      -1.0512357374997
   10.0      -1.0398783598047
   11.0      -1.0285927116094
   12.0      -1.0173765934265
   13.0      -1.0062279240650
   14.0      -0.9951447316181
   15.0      -0.9841251456225
   16.0      -0.9731673897362
   17.0      -0.9622697748627
   18.0      -0.9514306931216
   19.0      -0.9406486123518
   20.0      -0.9299220710748
   21.0      -0.9192496738818
   22.0      -0.9086300872030
   23.0      -0.8980620354273
   24.0      -0.8875442973341
   25.0      -0.8770757028087
   26.0      -0.8666551298076
   27.0      -0.8562815015472
   28.0      -0.8459537838866
   29.0      -0.8356709828901
   30.0      -0.8254321427453
   31.0      -0.8152363437703
   32.0      -0.8050827003148
   33.0      -0.7949703588481
   34.0      -0.7848984961878
   35.0      -0.7748663185630
   36.0      -0.7648730600122
   37.0      -0.7549179803640
   38.0      -0.7450003640316
   39.0      -0.7351195201027
   40.0      -0.7252747799815
# T= 3500.000000 K
    0.0      -1.1689530308790
    1.0      -1.1567829040133
    2.0      -1.1447137255055
    3.0      -1.1327414584880
    4.0      -1.1208623476553
    5.0      -1.1090728916444
    6.0      -1.0973698187723
    7.0      -1.0857500665430
    8.0      -1.0742107619535
    9.0      -1.0627492059486
   10.0      -1.0513628576288
   11.0      -1.0400493222919
   12.0      -1.0288063385806
   13.0      -1.0176317685090
   14.0      -1.0065235881755
   15.0      -0.9954798787511
   16.0      -0.9844988188732
   17.0      -0.9735786777336
   18.0      -0.9627178087755
   19.0      -0.9519146438328
   20.0      -0.9411676878218
   21.0      -0.9304755139368
   22.0      -0.9198367592421
   23.0      -0.9092501206256
   24.0      -0.8987143510784
   25.0      -0.8882282562668
   26.0      -0.8777906913668
   27.0      -0.8674005581372
   28.0      -0.8570568022901
   29.0      -0.8467584110268
   30.0      -0.8365044106844
   31.0      -0.8262938645445
   32.0      -0.8161258707567
   33.0      -0.8059995604386
   34.0      -0.7959140964377
   35.0      -0.7858686715136
   36.0      -0.7758625064131
   37.0      -0.7658948483720
   38.0      -0.7559649708570
   39.0      -0.7460721717118
   40.0      -0.7362157711382
# T= 3600.000000 K
    0.0      -1.1809162104538
    1.0      -1.1687024570673
    2.0      -1.1565917065846
    3.0      -1.1445797714624
    4.0      -1.1326627608692
    5.0      -1.1208370513750
    6.0      -1.1090992610000
    7.0      -1.0974462264995
    8.0      -1.0858749841877
    9.0      -1.0743827511819
   10.0      -1.0629669111153
   11.0      -1.0516249988893
   12.0      -1.0403546893700
   13.0      -1.0291537857450
   14.0      -1.0180202092976
   15.0      -1.0069519909083
   16.0      -0.9959472628231
   17.0      -0.9850042510866
   18.0      -0.9741212689498
   19.0      -0.9632967108457
   20.0      -0.9525290468735
   21.0      -0.9418168177518
   22.0      -0.9311586301973
   23.0      -0.9205531526933
   24.0      -0.9099991116099
   25.0      -0.8994952876419
   26.0      -0.8890405125315
   27.0      -0.8786336660456
   28.0      -0.8682736731770
   29.0      -0.8579595015431
   30.0      -0.8476901589553
   31.0      -0.8374646911345
   32.0      -0.8272821797019
   33.0      -0.8171417405649
   34.0      -0.8070425218619
   35.0      -0.7969837020891
   36.0      -0.7869644884295
   37.0      -0.7769841160856
   38.0      -0.7670418466483
   39.0      -0.7571369660268
   40.0      -0.7472687837048
# T= 3700.000000 K
    0.0      -1.1930037295926
    1.0      -1.1807453116763
    2.0      -1.1685920325315
    3.0      -1.1565395454633
    4.0      -1.1445838167945
    5.0      -1.1327210943096
    6.0      -1.1209478799668
    7.0      -1.1092609054411
    8.0      -1.0976571109310
    9.0      -1.0861336270238
   10.0      -1.0746877571209
   11.0      -1.0633169638043
   12.0      -1.0520188548590
   13.0      -1.0407911717220
   14.0      -1.0296317794409
   15.0      -1.0185386565426
   16.0      -1.0075098866387
   17.0      -0.9965436509170
   18.0      -0.9856382211099
   19.0      -0.9747919529916
   20.0      -0.9640032806269
   21.0      -0.9532707111167
   22.0      -0.9425928197838
   23.0      -0.9319682457617
   24.0      -0.9213956879470
   25.0      -0.9108739012825
   26.0      -0.9004016933361
   27.0      -0.8899779211441
   28.0      -0.8796014882898
   29.0      -0.8692713421884
   30.0      -0.8589864715767
   31.0      -0.8487459043684
   32.0      -0.8385487054953
   33.0      -0.8283939747911
   34.0      -0.8182808450305
   35.0      -0.8082084801189
   36.0      -0.7981760740825
   37.0      -0.7881828493749
   38.0      -0.7782280548825
   39.0      -0.7683109646464
   40.0      -0.7584308778764
# T= 3800.000000 K
    0.0      -1.2052132751665
    1.0      -1.1929091109558
    2.0      -1.1807123075450
    3.0      -1.1686183498506
    4.0      -1.1566230534293
    5.0      -1.1447225305463
    6.0      -1.1329131606790
    7.0      -1.1211915651015
    8.0      -1.1095545837627
    9.0      -1.0979992556277
   10.0      -1.0865228012582
   11.0      -1.0751226067562
   12.0      -1.0637962101465
   13.0      -1.0525412891269
   14.0      -1.0413556492623
   15.0      -1.0302372147140
   16.0      -1.0191840190525
   17.0      -1.0081941968829
   18.0      -0.9972659766136
   19.0      -0.9863976738461
   20.0      -0.9755876853399
   21.0      -0.9648344834510
   22.0      -0.9541366110594
   23.0      -0.9434926769707
   24.0      -0.9329013516978
   25.0      -0.9223613635835
   26.0      -0.9118714952318
   27.0      -0.9014305802144
   28.0      -0.8910375000513
   29.0      -0.8806911814643
   30.0      -0.8703905937812
   31.0      -0.8601347465187
   32.0      -0.8499226871168
   33.0      -0.8397534987968
   34.0      -0.8296262986231
   35.0      -0.8195402361776
   36.0      -0.8094944916374
   37.0      -0.7994882738685
   38.0      -0.7895208188801
   39.0      -0.7795913894693
   40.0      -0.7696992733877
# T= 3900.000000 K
    0.0      -1.2175427050290
    1.0      -1.2051916663312
    2.0      -1.1929503018283
    3.0      -1.1808139181312
    4.0      -1.1687781714059
    5.0      -1.1568390309777
    6.0      -1.1449927476557
    7.0      -1.1332358261399
    8.0      -1.1215650013316
    9.0      -1.1099772163995
   10.0      -1.0984696046789
   11.0      -1.0870394726736
   12.0      -1.0756842857232
   13.0      -1.0644016541609
   14.0      -1.0531893225650
   15.0      -1.0420451583667
   16.0      -1.0309671425151
   17.0      -1.0199533613216
   18.0      -1.0090019985042
   19.0      -0.9981113280868
   20.0      -0.9872797081067
   21.0      -0.9765055748566
   22.0      -0.9657874376144
   23.0      -0.9551238738200
   24.0      -0.9445135246589
   25.0      -0.9339550910146
   26.0      -0.9234473297551
   27.0      -0.9129890503178
   28.0      -0.9025791115637
   29.0      -0.8922164188672
   30.0      -0.8818999214160
   31.0      -0.8716286096911
   32.0      -0.8614015131061
   33.0      -0.8512176979679
   34.0      -0.8410762657078
   35.0      -0.8309763507779
   36.0      -0.8209171187582
   37.0      -0.8108977646455
   38.0      -0.8009175120997
   39.0      -0.7909756117679
   40.0      -0.7810713392300
# T= 4000.000000 K
    0.0      -1.2299900401868
    1.0      -1.2175909492519
    2.0      -1.2053039428919
    3.0      -1.1931241387296
    4.0      -1.1810470243106
    5.0      -1.1690684179494
    6.0      -1.1571844348332
    7.0      -1.1453914573999
    8.0      -1.1336861095190
    9.0      -1.1220652343768
   10.0      -1.1105258736272
   11.0      -1.0990652508029
   12.0      -1.0876807546218
   13.0      -1.0763699262197
   14.0      -1.0651304455458
   15.0      -1.0539601210630
   16.0      -1.0428568796359
   17.0      -1.0318187571560
   18.0      -1.0208438905960
   19.0      -1.0099305108142
   20.0      -0.9990769358282
   21.0      -0.9882815646509
   22.0      -0.9775428717985
   23.0      -0.9668594022655
   24.0      -0.9562297669214
   25.0      -0.9456526382896
   26.0      -0.9351267466717
   27.0      -0.9246508765838
   28.0      -0.9142238634707
   29.0      -0.9038445906685
   30.0      -0.8935119865855
   31.0      -0.8832250221274
   32.0      -0.8729827084437
   33.0      -0.8627840946402
   34.0      -0.8526282656349
   35.0      -0.8425143401383
   36.0      -0.8324414688029
   37.0      -0.8224088331340
   38.0      -0.8124156437083
   39.0      -0.8024611382001
   40.0      -0.7925445800295
# T= 4100.000000 K
    0.0      -1.2425534543450
    1.0      -1.2301050808911
    2.0      -1.2177713054257
    3.0      -1.2055470450444
    4.0      -1.1934276087576
    5.0      -1.1814086552651
    6.0      -1.1694861565587
    7.0      -1.1576563663129
    8.0      -1.1459157921232
    9.0      -1.1342611713680
   10.0      -1.1226894504829
   11.0      -1.1111977651951
   12.0      -1.0997834252166
   13.0      -1.0884438981175
   14.0      -1.0771767974352
   15.0      -1.0659798701366
   16.0      -1.0548509860369
   17.0      -1.0437881289075
   18.0      -1.0327893875322
   19.0      -1.0218529479131
   20.0      -1.0109770863657
   21.0      -1.0001601632000
   22.0      -0.9894006169432
   23.0      -0.9786969590518
   24.0      -0.9680477690677
   25.0      -0.9574516902113
   26.0      -0.9469074253409
   27.0      -0.9364137332340
   28.0      -0.9259694251666
   29.0      -0.9155733617882
   30.0      -0.9052244502259
   31.0      -0.8949216413971
   32.0      -0.8846639275063
   33.0      -0.8744503397000
   34.0      -0.8642799458555
   35.0      -0.8541518486041
   36.0      -0.8440651839009
   37.0      -0.8340191190152
   38.0      -0.8240128506304
   39.0      -0.8140456032502
   40.0      -0.8041166287441
# T= 4200.000000 K
    0.0      -1.2552312678160
    1.0      -1.2427323254945
    2.0      -1.2303506041803
    3.0      -1.2180808079429
    4.0      -1.2059180565358
    5.0      -1.1938578398490
    6.0      -1.1818959786546
    7.0      -1.1700285907204
    8.0      -1.1582520613228
    9.0      -1.1465630171498
   10.0      -1.1349583037931
   11.0      -1.1234349661684
   12.0      -1.1119902299996
   13.0      -1.1006214872815
   14.0      -1.0893262813636
   15.0      -1.0781022949919
   16.0      -1.0669473394120
   17.0      -1.0558593437493
   18.0      -1.0448363462868
   19.0      -1.0338764866021
   20.0      -1.0229779979515
   21.0      -1.0121392005758
   22.0      -1.0013584956855
   23.0      -0.9906343599579
   24.0      -0.9799653404995
   25.0      -0.9693500502359
   26.0      -0.9587871636875
   27.0      -0.9482754130957
   28.0      -0.9378135848641
   29.0      -0.9274005162811
   30.0      -0.9170350924937
   31.0      -0.9067162437019
   32.0      -0.8964429425454
   33.0      -0.8862142016637
   34.0      -0.8760290716185
   35.0      -0.8658866389575
   36.0      -0.8557860240816
   37.0      -0.8457263793181
   38.0      -0.8357068871646
   39.0      -0.8257267594492
   40.0      -0.8157852356083
# T= 4300.000000 K
    0.0      -1.2680219413597
    1.0      -1.2554710836824
    2.0      -1.2430401868106
    3.0      -1.2307237282340
    4.0      -1.2185166268352
    5.0      -1.2064141937139
    6.0      -1.1944120899080
    7.0      -1.1825062898192
    8.0      -1.1706930496055
    9.0      -1.1589688796994
   10.0      -1.1473305201891
   11.0      -1.1357749199181
   12.0      -1.1242992177688
   13.0      -1.1129007256584
   14.0      -1.1015769141847
   15.0      -1.0903253994242
   16.0      -1.0791439306236
   17.0      -1.0680303805035
   18.0      -1.0569827352693
   19.0      -1.0459990859731
   20.0      -1.0350776209291
   21.0      -1.0242166188167
   22.0      -1.0134144422656
   23.0      -1.0026695319992
   24.0      -0.9919804015842
   25.0      -0.9813456326250
   26.0      -0.9707638703592
   27.0      -0.9602338196154
   28.0      -0.9497542410987
   29.0      -0.9393239479693
   30.0      -0.9289418026825
   31.0      -0.9186067140615
   32.0      -0.9083176346601
   33.0      -0.8980735583560
   34.0      -0.8878735179818
   35.0      -0.8777165831280
   36.0      -0.8676018580627
   37.0      -0.8575284798362
   38.0      -0.8474956171065
   39.0      -0.8375024682758
   40.0      -0.8275482595296
# T= 4400.000000 K
    0.0      -1.2809240687617
    1.0      -1.2683198855366
    2.0      -1.2558385274704
    3.0      -1.2434742307147
    4.0      -1.2312217007298
    5.0      -1.2190760590498
    6.0      -1.2070327976638
    7.0      -1.1950877396954
    8.0      -1.1832370052945
    9.0      -1.1714769821214
   10.0      -1.1598042997239
   11.0      -1.1482158062494
   12.0      -1.1367085491343
   13.0      -1.1252797569859
   14.0      -1.1139268242801
   15.0      -1.1026472968680
   16.0      -1.0914388604330
   17.0      -1.0802993284074
   18.0      -1.0692266323467
   19.0      -1.0582188132490
   20.0      -1.0472740130173
   21.0      -1.0363904671428
   22.0      -1.0255664981025
   23.0      -1.0148005093197
   24.0      -1.0040909796417
   25.0      -0.9934364582902
   26.0      -0.9828355602431
   27.0      -0.9722869620082
   28.0      -0.9617893977507
   29.0      -0.9513416557399
   30.0      -0.9409425750804
   31.0      -0.9305910426976
   32.0      -0.9202859905455
   33.0      -0.9100263930098
   34.0      -0.8998112644792
   35.0      -0.8896396570597
   36.0      -0.8795106585594
   37.0      -0.8694233909362
   38.0      -0.8593770082180
   39.0      -0.8493706945979
   40.0      -0.8394036627881
# T= 4500.000000 K
    0.0      -1.2939363749996
    1.0      -1.2812773876067
    2.0      -1.2687442225549
    3.0      -1.2563308588117
    4.0      -1.2440317748103
    5.0      -1.2318418908866
    6.0      -1.2197565199665
    7.0      -1.2077713251895
    8.0      -1.1958822833171
    9.0      -1.1840856528819
   10.0      -1.1723779466106
   11.0      -1.1607559074954
   12.0      -1.1492164867356
   13.0      -1.1377568259543
   14.0      -1.1263742395369
   15.0      -1.1150662009506
   16.0      -1.1038303283766
   17.0      -1.0926643739986
   18.0      -1.0815662129767
   19.0      -1.0705338337428
   20.0      -1.0595653297213
   21.0      -1.0486588917365
   22.0      -1.0378128007754
   23.0      -1.0270254216420
   24.0      -1.0162951972077
   25.0      -1.0056206431501
   26.0      -0.9950003431371
   27.0      -0.9844329444180
   28.0      -0.9739171537804
   29.0      -0.9634517338392
   30.0      -0.9530354996222
   31.0      -0.9426673154202
   32.0      -0.9323460918700
   33.0      -0.9220707832433
   34.0      -0.9118403849273
   35.0      -0.9016539312902
   36.0      -0.8915104935813
   37.0      -0.8814091777756
   38.0      -0.8713491226016
   39.0      -0.8613294977384
   40.0      -0.8513495028855
# T= 4600.000000 K
    0.0      -1.3070577112606
    1.0      -1.2943423668846
    2.0      -1.2817559849317
    3.0      -1.2692922690582
    4.0      -1.2569454558973
    5.0      -1.2447102519978
    6.0      -1.2325817804365
    7.0      -1.2205555350492
    8.0      -1.2086273410577
    9.0      -1.1967933209842
   10.0      -1.1850498648555
   11.0      -1.1733936044458
   12.0      -1.1618213908571
   13.0      -1.1503302736629
   14.0      -1.1389174844588
   15.0      -1.1275804198051
   16.0      -1.1163166286386
   17.0      -1.1051237987935
   18.0      -1.0939997461248
   19.0      -1.0829424049753
   20.0      -1.0719498186149
   21.0      -1.0610201311867
   22.0      -1.0501515804524
   23.0      -1.0393424911829
   24.0      -1.0285912690503
   25.0      -1.0178963950524
   26.0      -1.0072564204901
   27.0      -0.9966699623697
   28.0      -0.9861356991856
   29.0      -0.9756523670466
   30.0      -0.9652187561118
   31.0      -0.9548337073011
   32.0      -0.9444961092619
   33.0      -0.9342048956466
   34.0      -0.9239590425457
   35.0      -0.9137575660585
   36.0      -0.9035995200256
   37.0      -0.8934839938834
   38.0      -0.8834101107219
   39.0      -0.8733770260174
   40.0      -0.8633839256926
# T= 4700.000000 K
    0.0      -1.3202870463702
    1.0      -1.3075137193741
    2.0      -1.2948726418933
    3.0      -1.2823572285169
    4.0      -1.2699614580309
    5.0      -1.2576798095340
    6.0      -1.2455072045991
    7.0      -1.2334389577463
    8.0      -1.2214707339666
    9.0      -1.2095985121183
   10.0      -1.1978185531323
   11.0      -1.1861273720796
   12.0      -1.1745217141493
   13.0      -1.1629985335153
   14.0      -1.1515549737830
   15.0      -1.1401883524479
   16.0      -1.1288961449763
   17.0      -1.1176759723973
   18.0      -1.1065255894179
   19.0      -1.0954428733516
   20.0      -1.0844258151135
   21.0      -1.0734725107102
   22.0      -1.0625811532059
   23.0      -1.0517500257885
   24.0      -1.0409774954571
   25.0      -1.0302620072501
   26.0      -1.0196020789679
   27.0      -1.0089962963472
   28.0      -0.9984433086469
   29.0      -0.9879418246051
   30.0      -0.9774906087315
   31.0      -0.9670884779003
   32.0      -0.9567342982105
   33.0      -0.9464269820822
   34.0      -0.9361654855603
   35.0      -0.9259488057968
   36.0      -0.9157759786873
   37.0      -0.9056460768148
   38.0      -0.8955582077596
   39.0      -0.8855115119670
   40.0      -0.8755051608232
# T= 4800.000000 K
    0.0      -1.3336234467015
    1.0      -1.3207904566789
    2.0      -1.3080931312216
    3.0      -1.2955246106050
    4.0      -1.2830785980820
    5.0      -1.2707493304724
    6.0      -1.2585315152183
    7.0      -1.2464202767079
    8.0      -1.2344111104136
    9.0      -1.2224998434071
   10.0      -1.2106826003084
   11.0      -1.1989557735873
   12.0      -1.1873159973129
   13.0      -1.1757601248139
   14.0      -1.1642852085752
   15.0      -1.1528884821873
   16.0      -1.1415673451787
   17.0      -1.1303193487593
   18.0      -1.1191421830662
   19.0      -1.1080336668197
   20.0      -1.0969917365926
   21.0      -1.0860144378776
   22.0      -1.0750999171741
   23.0      -1.0642464146681
   24.0      -1.0534522573786
   25.0      -1.0427158531184
   26.0      -1.0320356849970
   27.0      -1.0214103063896
   28.0      -1.0108383363317
   29.0      -1.0003184552997
   30.0      -0.9898494013386
   31.0      -0.9794299665031
   32.0      -0.9690589935773
   33.0      -0.9587353730411
   34.0      -0.9484580402543
   35.0      -0.9382259728602
   36.0      -0.9280381885678
   37.0      -0.9178937429038
   38.0      -0.9077917270323
   39.0      -0.8977312657281
   40.0      -0.8877115155229
# T= 4900.000000 K
    0.0      -1.3470660674718
    1.0      -1.3341716995742
    2.0      -1.3214164966457
    3.0      -1.3087933904868
    4.0      -1.2962957912242
    5.0      -1.2839176772120
    6.0      -1.2716535280517
    7.0      -1.2594982662671
    8.0      -1.2474472077583
    9.0      -1.2354960192347
   10.0      -1.2236406814181
   11.0      -1.2118774573231
   12.0      -1.2002028645302
   13.0      -1.1886136504375
   14.0      -1.1771067715622
   15.0      -1.1656793742212
   16.0      -1.1543287781536
   17.0      -1.1430524613499
   18.0      -1.1318480475571
   19.0      -1.1207132935368
   20.0      -1.1096460791735
   21.0      -1.0986443979787
   22.0      -1.0877063481596
   23.0      -1.0768301250030
   24.0      -1.0660140139369
   25.0      -1.0552563841993
   26.0      -1.0445556830267
   27.0      -1.0339104303370
   28.0      -1.0233192139233
   29.0      -1.0127806850517
   30.0      -1.0022935544207
   31.0      -0.9918565884459
   32.0      -0.9814686058350
   33.0      -0.9711284744531
   34.0      -0.9608351084692
   35.0      -0.9505874656647
   36.0      -0.9403845449305
   37.0      -0.9302253839219
   38.0      -0.9201090568430
   39.0      -0.9100346724549
   40.0      -0.9000013727086
# T= 5000.000000 K
    0.0      -1.3606141540128
    1.0      -1.3476566619154
    2.0      -1.3348418893327
    3.0      -1.3221626459306
    4.0      -1.3096120508977
    5.0      -1.2971838067003
    6.0      -1.2848721502208
    7.0      -1.2726717894328
    8.0      -1.2605778497779
    9.0      -1.2485858282173
   10.0      -1.2366915536447
   11.0      -1.2248911525644
   12.0      -1.2131810195081
   13.0      -1.2015577911354
   14.0      -1.1900183228587
   15.0      -1.1785596697167
   16.0      -1.1671790676714
   17.0      -1.1558739188970
   18.0      -1.1446417766591
   19.0      -1.1334803340374
   20.0      -1.1223874119651
   21.0      -1.1113609492066
   22.0      -1.1003989937689
   23.0      -1.0894996946108
   24.0      -1.0786612941136
   25.0      -1.0678821214744
   26.0      -1.0571605866714
   27.0      -1.0464951749474
   28.0      -1.0358844417654
   29.0      -1.0253270081970
   30.0      -1.0148215566991
   31.0      -1.0043668272448
   32.0      -0.9939616137695
   33.0      -0.9836047608998
   34.0      -0.9732951609324
   35.0      -0.9630317510317
   36.0      -0.9528135106192
   37.0      -0.9426394589281
   38.0      -0.9325086529001
   39.0      -0.9224201853489
   40.0      -0.9123731827853
# T= 5100.000000 K
    0.0      -1.3742670368081
    1.0      -1.3612446416980
    2.0      -1.3483685664571
    3.0      -1.3356315542310
    4.0      -1.3230264852939
    5.0      -1.3105467666541
    6.0      -1.2981863762340
    7.0      -1.2859397937018
    8.0      -1.2738019422881
    9.0      -1.2617681390892
   10.0      -1.2498340523917
   11.0      -1.2379956648326
   12.0      -1.2262492413427
   13.0      -1.2145913015452
   14.0      -1.2030185955098
   15.0      -1.1915280816902
   16.0      -1.1801169092074
   17.0      -1.1687823998081
   18.0      -1.1575220344424
   19.0      -1.1463334388285
   20.0      -1.1352143723055
   21.0      -1.1241627173903
   22.0      -1.1131764697565
   23.0      -1.1022537298417
   24.0      -1.0913926952727
   25.0      -1.0805916538337
   26.0      -1.0698489769757
   27.0      -1.0591631140560
   28.0      -1.0485325870812
   29.0      -1.0379559858954
   30.0      -1.0274319637740
   31.0      -1.0169592333826
   32.0      -1.0065365630652
   33.0      -0.9961627734265
   34.0      -0.9858367341755
   35.0      -0.9755573611988
   36.0      -0.9653236138903
   37.0      -0.9551344928156
   38.0      -0.9449890373454
   39.0      -0.9348863234366
   40.0      -0.9248254615453
# T= 5200.000000 K
    0.0      -1.3880241351796
    1.0      -1.3749350237661
    2.0      -1.3619958792515
    3.0      -1.3491993949814
    4.0      -1.3365382993244
    5.0      -1.3240056965437
    6.0      -1.3115952881097
    7.0      -1.2993013104306
    8.0      -1.2871184717921
    9.0      -1.2750418985227
   10.0      -1.2630670888796
   11.0      -1.2511898734013
   12.0      -1.2394063805883
   13.0      -1.2277130069106
   14.0      -1.2161063910701
   15.0      -1.2045833912000
   16.0      -1.1931410641603
   17.0      -1.1817766488831
   18.0      -1.1704875493905
   19.0      -1.1592713218588
   20.0      -1.1481256616400
   21.0      -1.1370483918016
   22.0      -1.1260374537661
   23.0      -1.1150908979578
   24.0      -1.1042068755165
   25.0      -1.0933836310376
   26.0      -1.0826194959380
   27.0      -1.0719128823966
   28.0      -1.0612622778175
   29.0      -1.0506662397604
   30.0      -1.0401233913354
   31.0      -1.0296324169861
   32.0      -1.0191920586156
   33.0      -1.0088011120233
   34.0      -0.9984584236553
   35.0      -0.9881628875975
   36.0      -0.9779134427865
   37.0      -0.9677090704154
   38.0      -0.9575487915051
   39.0      -0.9474316646147
   40.0      -0.9373567837975
# T= 5300.000000 K
    0.0      -1.4018849198053
    1.0      -1.3887272483425
    2.0      -1.3757232379616
    3.0      -1.3628655325559
    4.0      -1.3501467794915
    5.0      -1.3375598158905
    6.0      -1.3250980467474
    7.0      -1.3127554489593
    8.0      -1.3005265020714
    9.0      -1.2884061298820
   10.0      -1.2763896505177
   11.0      -1.2644727336470
   12.0      -1.2526513636236
   13.0      -1.2409218074681
   14.0      -1.2292805867518
   15.0      -1.2177244536370
   16.0      -1.2062503692860
   17.0      -1.1948554846537
   18.0      -1.1835371244182
   19.0      -1.1722927715710
   20.0      -1.1611200542704
   21.0      -1.1500167345806
   22.0      -1.1389806971250
   23.0      -1.1280099398226
   24.0      -1.1171025656266
   25.0      -1.1062567745287
   26.0      -1.0954708564885
   27.0      -1.0847431851214
   28.0      -1.0740722119298
   29.0      -1.0634564610300
   30.0      -1.0528945243306
   31.0      -1.0423850571216
   32.0      -1.0319267740330
   33.0      -1.0215184453279
   34.0      -1.0111588934919
   35.0      -1.0008469900878
   36.0      -0.9905816528424
   37.0      -0.9803618429368
   38.0      -0.9701865624760
   39.0      -0.9600548523306
   40.0      -0.9499657901477
# T= 5400.000000 K
    0.0      -1.4158489778000
    1.0      -1.4026208642135
    2.0      -1.3895501542755
    3.0      -1.3766294417868
    4.0      -1.3638513205483
    5.0      -1.3512084430539
    6.0      -1.3386939037244
    7.0      -1.3263014022483
    8.0      -1.3140251743994
    9.0      -1.3018599286748
   10.0      -1.2898007921443
   11.0      -1.2778432642172
   12.0      -1.2659831768806
   13.0      -1.2542166604230
   14.0      -1.2425401135065
   15.0      -1.2309501767590
   16.0      -1.2194437105229
   17.0      -1.2080177742395
   18.0      -1.1966696088865
   19.0      -1.1853966210848
   20.0      -1.1741963694985
   21.0      -1.1630665515017
   22.0      -1.1520049929153
   23.0      -1.1410096375510
   24.0      -1.1300785380000
   25.0      -1.1192098476441
   26.0      -1.1084018134006
   27.0      -1.0976527689912
   28.0      -1.0869611287866
   29.0      -1.0763253823036
   30.0      -1.0657440891767
   31.0      -1.0552158745549
   32.0      -1.0447394248825
   33.0      -1.0343134840267
   34.0      -1.0239368497151
   35.0      -1.0136083702488
   36.0      -1.0033269414610
   37.0      -0.9930915039712
   38.0      -0.9829010407001
   39.0      -0.9727545744165
   40.0      -0.9626511654615
# T= 5500.000000 K
    0.0      -1.4299159248719
    1.0      -1.4166154555788
    2.0      -1.4034761813500
    3.0      -1.3904906452716
    4.0      -1.3776513904297
    5.0      -1.3649509686022
    6.0      -1.3523821825619
    7.0      -1.3399384351468
    8.0      -1.3276137020552
    9.0      -1.3154024626310
   10.0      -1.3032996410424
   11.0      -1.2913005563145
   12.0      -1.2794008794194
   13.0      -1.2675965962197
   14.0      -1.2558839755803
   15.0      -1.2442595413768
   16.0      -1.2327200476382
   17.0      -1.2212624579310
   18.0      -1.2098839255301
   19.0      -1.1985817775475
   20.0      -1.1873534990903
   21.0      -1.1761967211900
   22.0      -1.1651092079612
   23.0      -1.1540888463033
   24.0      -1.1431336367958
   25.0      -1.1322416846862
   26.0      -1.1214111921557
   27.0      -1.1106404513775
   28.0      -1.0999278381754
   29.0      -1.0892718062321
   30.0      -1.0786708818001
   31.0      -1.0681236588693
   32.0      -1.0576287947531
   33.0      -1.0471850060470
   34.0      -1.0367910649254
   35.0      -1.0264457957400
   36.0      -1.0161480718859
   37.0      -1.0058968129024
   38.0      -0.9956909817796
   39.0      -0.9855295824410
   40.0      -0.9754116573765
# T= 5600.000000 K
    0.0      -1.4440854903334
    1.0      -1.4307107123986
    2.0      -1.4175009709875
    3.0      -1.4044487578207
    4.0      -1.3915465646189
    5.0      -1.3787868831550
    6.0      -1.3661622977852
    7.0      -1.3536658957960
    8.0      -1.3412913749397
    9.0      -1.3290329703285
   10.0      -1.3168853903945
   11.0      -1.3048437627705
   12.0      -1.2929035879522
   13.0      -1.2810606993984
   14.0      -1.2693112289653
   15.0      -1.2576515772020
   16.0      -1.2460783871551
   17.0      -1.2345885209508
   18.0      -1.2231790406811
   19.0      -1.2118471893177
   20.0      -1.2005903763011
   21.0      -1.1894061621703
   22.0      -1.1782922470729
   23.0      -1.1672464592413
   24.0      -1.1562667446145
   25.0      -1.1453511580911
   26.0      -1.1344978555456
   27.0      -1.1237050862017
   28.0      -1.1129711859538
   29.0      -1.1022945713322
   30.0      -1.0916737339885
   31.0      -1.0811072356544
   32.0      -1.0705937035315
   33.0      -1.0601318260698
   34.0      -1.0497203490985
   35.0      -1.0393580722690
   36.0      -1.0290438457784
   37.0      -1.0187765673392
   38.0      -1.0085551793649
   39.0      -0.9983786663523
   40.0      -0.9882460526548
# T= 5700.000000 K
    0.0      -1.4583574443561
    1.0      -1.4449063693880
    2.0      -1.4316242231780
    3.0      -1.4185034454329
    4.0      -1.4055364758595
    5.0      -1.3927157541644
    6.0      -1.3800337382057
    7.0      -1.3674832044022
    8.0      -1.3550575532197
    9.0      -1.3427507591539
   10.0      -1.3305573009884
   11.0      -1.3184721030869
   12.0      -1.3064904852483
   13.0      -1.2946081196804
   14.0      -1.2828209938720
   15.0      -1.2711253783082
   16.0      -1.2595177987912
   17.0      -1.2479950118566
   18.0      -1.2365539827806
   19.0      -1.2251918676939
   20.0      -1.2139059954840
   21.0      -1.2026938542108
   22.0      -1.1915530769636
   23.0      -1.1804814301173
   24.0      -1.1694768033287
   25.0      -1.1585371994148
   26.0      -1.1476607258237
   27.0      -1.1368455869942
   28.0      -1.1260900774057
   29.0      -1.1153925751545
   30.0      -1.1047515361032
   31.0      -1.0941654886199
   32.0      -1.0836330287673
   33.0      -1.0731528158967
   34.0      -1.0627235686052
   35.0      -1.0523440610212
   36.0      -1.0420131193804
   37.0      -1.0317296188667
   38.0      -1.0214924807757
   39.0      -1.0113006698721
   40.0      -1.0011531918640
# T= 5800.000000 K
    0.0      -1.4727316358912
    1.0      -1.4592022373101
    2.0      -1.4458457114395
    3.0      -1.4326544453124
    4.0      -1.4196208259624
    5.0      -1.4067372404227
    6.0      -1.3939960764699
    7.0      -1.3813898589916
    8.0      -1.3689116698523
    9.0      -1.3565552049983
   10.0      -1.3443146984410
   11.0      -1.3321848584109
   12.0      -1.3201608130018
   13.0      -1.3082380636575
   14.0      -1.2964124452078
   15.0      -1.2846800912800
   16.0      -1.2730374040955
   17.0      -1.2614810286940
   18.0      -1.2500078297455
   19.0      -1.2386148710618
   20.0      -1.2272993985227
   21.0      -1.2160588234298
   22.0      -1.2048907089669
   23.0      -1.1937927577990
   24.0      -1.1827628002131
   25.0      -1.1717987845752
   26.0      -1.1608987683721
   27.0      -1.1500609097150
   28.0      -1.1392834600342
   29.0      -1.1285647574420
   30.0      -1.1179032206716
   31.0      -1.1072973435432
   32.0      -1.0967456899101
   33.0      -1.0862468890416
   34.0      -1.0757996314001
   35.0      -1.0654026647745
   36.0      -1.0550547907304
   37.0      -1.0447548613435
   38.0      -1.0345017761830
   39.0      -1.0242944795124
   40.0      -1.0141319576791
# T= 5900.000000 K
    0.0      -1.4872079719914
    1.0      -1.4735981854272
    2.0      -1.4601652680767
    3.0      -1.4469015536372
    4.0      -1.4337993758060
    5.0      -1.4208510682805
    6.0      -1.4080489647580
    7.0      -1.3953854325463
    8.0      -1.3828532286996
    9.0      -1.3704457512623
   10.0      -1.3581569730103
   11.0      -1.3459813720777
   12.0      -1.3339138729595
   13.0      -1.3219497961254
   14.0      -1.3100848148757
   15.0      -1.2983149181968
   16.0      -1.2866363784877
   17.0      -1.2750457232541
   18.0      -1.2635397111405
   19.0      -1.2521153099112
   20.0      -1.2407696775846
   21.0      -1.2295001457544
   22.0      -1.2183042047341
   23.0      -1.2071794897443
   24.0      -1.1961237700086
   25.0      -1.1851349373852
   26.0      -1.1742109968806
   27.0      -1.1633500583064
   28.0      -1.1525503285569
   29.0      -1.1418101043887
   30.0      -1.1311277660762
   31.0      -1.1205017716426
   32.0      -1.1099306515872
   33.0      -1.0994130040653
   34.0      -1.0889474904779
   35.0      -1.0785328314298
   36.0      -1.0681678030193
   37.0      -1.0578512334235
   38.0      -1.0475819997437
   39.0      -1.0373590250808
   40.0      -1.0271812758280
# T= 6000.000000 K
    0.0      -1.5017864353939
    1.0      -1.4880941561615
    2.0      -1.4745827962044
    3.0      -1.4612446352090
    4.0      -1.4480719528609
    5.0      -1.4350570288464
    6.0      -1.4221921428514
    7.0      -1.4094695775657
    8.0      -1.3968818073596
    9.0      -1.3844219101950
   10.0      -1.3720835796465
   11.0      -1.3598610485602
   12.0      -1.3477490249324
   13.0      -1.3357426372340
   14.0      -1.3238373877619
   15.0      -1.3120291125578
   16.0      -1.3003139468706
   17.0      -1.2886882949797
   18.0      -1.2771488036291
   19.0      -1.2656923397779
   20.0      -1.2543159695481
   21.0      -1.2430169410579
   22.0      -1.2317926678826
   23.0      -1.2206407159360
   24.0      -1.2095587898478
   25.0      -1.1985447224333
   26.0      -1.1875964646770
   27.0      -1.1767120762650
   28.0      -1.1658897175480
   29.0      -1.1551276422329
   30.0      -1.1444241907283
   31.0      -1.1337777840238
   32.0      -1.1231869181188
   33.0      -1.1126501589898
   34.0      -1.1021661379866
   35.0      -1.0917335476117
   36.0      -1.0813511376437
   37.0      -1.0710177115698
   38.0      -1.0607321233090
   39.0      -1.0504932742564
   40.0      -1.0403001104960
