# T (K)       gamma
# P = 0.000000 (GPa)
    1.0      -3.7104003260364
  100.0       0.8417857752196
  200.0       0.8496602050694
  300.0       1.0340418176636
  400.0       1.0742633208873
  500.0       1.1149834648189
  600.0       1.1336895171098
  700.0       1.1490332922976
  800.0       1.1600033634704
  900.0       1.1692963602694
 1000.0       1.1773225295882
 1100.0       1.1846477058243
 1200.0       1.1915106032621
 1300.0       1.1981022387428
 1400.0       1.2045151055766
 1500.0       1.2108477976855
 1600.0       1.2171291910377
 1700.0       1.2234337876673
 1800.0       1.2297332327205
 1900.0       1.2361217154528
 2000.0       1.2425395097879
 2100.0       1.2490750574504
 2200.0       1.2556687303680
 2300.0       1.2623769173636
 2400.0       1.2692138873129
 2500.0       1.2761333502284
 2600.0       1.2831916543313
 2700.0       1.2903837807050
 2800.0       1.2977236747289
 2900.0       1.3051616696596
 3000.0       1.3128102363729
 3100.0       1.3205567590538
 3200.0       1.3285082913186
 3300.0       1.3365918834163
 3400.0       1.3448547643450
 3500.0       1.3533291075706
 3600.0       1.3619690801175
 3700.0       1.3707862125539
 3800.0       1.3798492746044
 3900.0       1.3890691069071
 4000.0       1.3985651186639
 4100.0       1.4082660366562
 4200.0       1.4181669669658
 4300.0       1.4284133532392
 4400.0       1.4388143377623
 4500.0       1.4495648627081
 4600.0       1.4605557015375
 4700.0       1.4717965146959
 4800.0       1.4833462529786
 4900.0       1.4949160724955
 5000.0       1.5067087484451
 5100.0       1.5181083474247
 5200.0       1.5305284327997
 5300.0       1.5413434399540
 5400.0       1.5536371626017
 5500.0       1.5639622905977
 5600.0       1.5757089088860
 5700.0       1.5860906798039
 5800.0       1.5967054280391
 5900.0       1.6059019063880
 6000.0       1.6153366008837
# P = 1.000000 (GPa)
    1.0      -3.5468809004111
  100.0       0.8160020393986
  200.0       0.8301408551897
  300.0       1.0156574571237
  400.0       1.0580346691266
  500.0       1.0996243005920
  600.0       1.1189195121650
  700.0       1.1345505799643
  800.0       1.1456705428185
  900.0       1.1550127848426
 1000.0       1.1630259182055
 1100.0       1.1702931719018
 1200.0       1.1770662285783
 1300.0       1.1835432737426
 1400.0       1.1898229726308
 1500.0       1.1960064171104
 1600.0       1.2021256658746
 1700.0       1.2082560577080
 1800.0       1.2143712851282
 1900.0       1.2205653474748
 2000.0       1.2267796649701
 2100.0       1.2331023832239
 2200.0       1.2394754857910
 2300.0       1.2459530449463
 2400.0       1.2525513962930
 2500.0       1.2592236538280
 2600.0       1.2660248653721
 2700.0       1.2729514875054
 2800.0       1.2800150688988
 2900.0       1.2871684216650
 3000.0       1.2945201623840
 3100.0       1.3019613379212
 3200.0       1.3095942460917
 3300.0       1.3173491395654
 3400.0       1.3252708439008
 3500.0       1.3333896838426
 3600.0       1.3416617019440
 3700.0       1.3500972723588
 3800.0       1.3587624983058
 3900.0       1.3675700165040
 4000.0       1.3766351292516
 4100.0       1.3858878916968
 4200.0       1.3953241155429
 4300.0       1.4050803200849
 4400.0       1.4149759542656
 4500.0       1.4251935125215
 4600.0       1.4356284103225
 4700.0       1.4463261944962
 4800.0       1.4574144073029
 4900.0       1.4686564879500
 5000.0       1.4802375492599
 5100.0       1.4916106581412
 5200.0       1.5040399152724
 5300.0       1.5150984381688
 5400.0       1.5277156025211
 5500.0       1.5386916228388
 5600.0       1.5508551988325
 5700.0       1.5620428329662
 5800.0       1.5734706786802
 5900.0       1.5838353386739
 6000.0       1.5946092051271
# P = 2.000000 (GPa)
    1.0      -3.3890195484758
  100.0       0.7904216055699
  200.0       0.8108638472205
  300.0       0.9975425982957
  400.0       1.0420576147110
  500.0       1.0845205878000
  600.0       1.1044075889549
  700.0       1.1203334288803
  800.0       1.1316103278063
  900.0       1.1410104819202
 1000.0       1.1490190290208
 1100.0       1.1562379490626
 1200.0       1.1629306228146
 1300.0       1.1693031059578
 1400.0       1.1754597382596
 1500.0       1.1815040150771
 1600.0       1.1874719808485
 1700.0       1.1934384122118
 1800.0       1.1993816803539
 1900.0       1.2053921059463
 2000.0       1.2114162726752
 2100.0       1.2175383468412
 2200.0       1.2237040846171
 2300.0       1.2299660270824
 2400.0       1.2363386188326
 2500.0       1.2427798968657
 2600.0       1.2493398755892
 2700.0       1.2560167476131
 2800.0       1.2628220436372
 2900.0       1.2697090075461
 3000.0       1.2767823178731
 3100.0       1.2839386101663
 3200.0       1.2912737784195
 3300.0       1.2987215716629
 3400.0       1.3063253755102
 3500.0       1.3141132763269
 3600.0       1.3220430256015
 3700.0       1.3301237319435
 3800.0       1.3384196764821
 3900.0       1.3468451824565
 4000.0       1.3555112534212
 4100.0       1.3643495928097
 4200.0       1.3733569502016
 4300.0       1.3826616251035
 4400.0       1.3920917711669
 4500.0       1.4018205662798
 4600.0       1.4117465990597
 4700.0       1.4219135589451
 4800.0       1.4324395130349
 4900.0       1.4431191433095
 5000.0       1.4541956069062
 5100.0       1.4652146768975
 5200.0       1.4773642476631
 5300.0       1.4883584807370
 5400.0       1.5009746399666
 5500.0       1.5122327299827
 5600.0       1.5245963900629
 5700.0       1.5362751792462
 5800.0       1.5482539131890
 5900.0       1.5594498201353
 6000.0       1.5712267016913
# P = 3.000000 (GPa)
    1.0      -3.2365994681112
  100.0       0.7650344010517
  200.0       0.7918139383941
  300.0       0.9796801891228
  400.0       1.0263156435771
  500.0       1.0696567707494
  600.0       1.0901389477671
  700.0       1.1063665170580
  800.0       1.1178077764710
  900.0       1.1272739546698
 1000.0       1.1352866126785
 1100.0       1.1424657455236
 1200.0       1.1490873550310
 1300.0       1.1553645749463
 1400.0       1.1614076874438
 1500.0       1.1673229569261
 1600.0       1.1731494864304
 1700.0       1.1789628826644
 1800.0       1.1847441813189
 1900.0       1.1905824890290
 2000.0       1.1964275305081
 2100.0       1.2023608957612
 2200.0       1.2083318553737
 2300.0       1.2143899465920
 2400.0       1.2205517509089
 2500.0       1.2267744245994
 2600.0       1.2331084800375
 2700.0       1.2395509642116
 2800.0       1.2461127721886
 2900.0       1.2527510494343
 3000.0       1.2595632182196
 3100.0       1.2664516546684
 3200.0       1.2735091300228
 3300.0       1.2806700532066
 3400.0       1.2879760879387
 3500.0       1.2954553111116
 3600.0       1.3030661079256
 3700.0       1.3108161938609
 3800.0       1.3187684284249
 3900.0       1.3268389189908
 4000.0       1.3351346945877
 4100.0       1.3435890364276
 4200.0       1.3521994717971
 4300.0       1.3610865302616
 4400.0       1.3700869944922
 4500.0       1.3793655828901
 4600.0       1.3888235080911
 4700.0       1.3985026059831
 4800.0       1.4085150879050
 4900.0       1.4186636434241
 5000.0       1.4291780414766
 5100.0       1.4396322235366
 5200.0       1.4512161109397
 5300.0       1.4618263725746
 5400.0       1.4741198672529
 5500.0       1.4852980485914
 5600.0       1.4975997504836
 5700.0       1.5094428147669
 5800.0       1.5216785013858
 5900.0       1.5333609316298
 6000.0       1.5457875725143
# P = 4.000000 (GPa)
    1.0      -3.0893903978988
  100.0       0.7398513237561
  200.0       0.7729923417896
  300.0       0.9620642738302
  400.0       1.0107992276106
  500.0       1.0550205325336
  600.0       1.0761006576129
  700.0       1.0926361303682
  800.0       1.1042494849548
  900.0       1.1137888866818
 1000.0       1.1218142882802
 1100.0       1.1289617743392
 1200.0       1.1355210987226
 1300.0       1.1417116829249
 1400.0       1.1476507446664
 1500.0       1.1534461566817
 1600.0       1.1591409926842
 1700.0       1.1648110823792
 1800.0       1.1704408512496
 1900.0       1.1761174381024
 2000.0       1.1817937717512
 2100.0       1.1875499175086
 2200.0       1.1933368840613
 2300.0       1.1992040558632
 2400.0       1.2051659410058
 2500.0       1.2111842271101
 2600.0       1.2173047683340
 2700.0       1.2235266502343
 2800.0       1.2298608831851
 2900.0       1.2362634687762
 3000.0       1.2428315672380
 3100.0       1.2494691994722
 3200.0       1.2562649127466
 3300.0       1.2631581173216
 3400.0       1.2701856582312
 3500.0       1.2773753320835
 3600.0       1.2846885359537
 3700.0       1.2921304272613
 3800.0       1.2997618561994
 3900.0       1.3075016583343
 4000.0       1.3154529725245
 4100.0       1.3235506343949
 4200.0       1.3317923781919
 4300.0       1.3402926953828
 4400.0       1.3488955698309
 4500.0       1.3577575828036
 4600.0       1.3667835924671
 4700.0       1.3760131047992
 4800.0       1.3855534115918
 4900.0       1.3952138991494
 5000.0       1.4052145288792
 5100.0       1.4151474152552
 5200.0       1.4261436856371
 5300.0       1.4362032507072
 5400.0       1.4478932395492
 5500.0       1.4586403261258
 5600.0       1.4705847723697
 5700.0       1.4822573440543
 5800.0       1.4944345095371
 5900.0       1.5062541267039
 6000.0       1.5189685376041
# P = 5.000000 (GPa)
    1.0      -2.9472376722186
  100.0       0.7148848501216
  200.0       0.7544024485847
  300.0       0.9446920549016
  400.0       0.9955039478132
  500.0       1.0406050297073
  600.0       1.0622840602315
  700.0       1.0791319090843
  800.0       1.0909234172853
  900.0       1.1005430203842
 1000.0       1.1085888323530
 1100.0       1.1157126009722
 1200.0       1.1222176807651
 1300.0       1.1283304632515
 1400.0       1.1341735370539
 1500.0       1.1398581457130
 1600.0       1.1454301363765
 1700.0       1.1509665301995
 1800.0       1.1564540910223
 1900.0       1.1619787814087
 2000.0       1.1674968147810
 2100.0       1.1730858886643
 2200.0       1.1787000959422
 2300.0       1.1843865227948
 2400.0       1.1901607421496
 2500.0       1.1959856475795
 2600.0       1.2019055443334
 2700.0       1.2079200008240
 2800.0       1.2140385790951
 2900.0       1.2202213205840
 3000.0       1.2265584995237
 3100.0       1.2329606746195
 3200.0       1.2395116457013
 3300.0       1.2461517340467
 3400.0       1.2529190617037
 3500.0       1.2598381333978
 3600.0       1.2668716436907
 3700.0       1.2740256168690
 3800.0       1.2813579386927
 3900.0       1.2887887670850
 4000.0       1.2964186854091
 4100.0       1.3041842799565
 4200.0       1.3120832996960
 4300.0       1.3202238092290
 4400.0       1.3284577640950
 4500.0       1.3369339637400
 4600.0       1.3455602075458
 4700.0       1.3543741681030
 4800.0       1.3634786284821
 4900.0       1.3726893206575
 5000.0       1.3822176739289
 5100.0       1.3916713454759
 5200.0       1.4021298003407
 5300.0       1.4116863496471
 5400.0       1.4227831798258
 5500.0       1.4329700645368
 5600.0       1.4443052874843
 5700.0       1.4554738916556
 5800.0       1.4672636624441
 5900.0       1.4788700771050
 6000.0       1.4915092852525
# P = 6.000000 (GPa)
    1.0      -2.8099550275606
  100.0       0.6901437828096
  200.0       0.7360456042703
  300.0       0.9275603795848
  400.0       0.9804254643724
  500.0       1.0264041452571
  600.0       1.0486821063299
  700.0       1.0658459204658
  800.0       1.0778204662542
  900.0       1.0875262648299
 1000.0       1.0955986873280
 1100.0       1.1027062515021
 1200.0       1.1091642481023
 1300.0       1.1152072945967
 1400.0       1.1209622169446
 1500.0       1.1265446220578
 1600.0       1.1320020553041
 1700.0       1.1374134707170
 1800.0       1.1427676603551
 1900.0       1.1481498994988
 2000.0       1.1535190400739
 2100.0       1.1589508506772
 2200.0       1.1644021593945
 2300.0       1.1699185609702
 2400.0       1.1755158906322
 2500.0       1.1811585926467
 2600.0       1.1868892091168
 2700.0       1.1927074411969
 2800.0       1.1986239625337
 2900.0       1.2045981368301
 3000.0       1.2107190361047
 3100.0       1.2168990561190
 3200.0       1.2232192174154
 3300.0       1.2296230407273
 3400.0       1.2361445623657
 3500.0       1.2428099570859
 3600.0       1.2495819979289
 3700.0       1.2564650985308
 3800.0       1.2635176451153
 3900.0       1.2706599032513
 4000.0       1.2779892996341
 4100.0       1.2854447971197
 4200.0       1.2930245279084
 4300.0       1.3008301228917
 4400.0       1.3087205747460
 4500.0       1.3168381470148
 4600.0       1.3250936804129
 4700.0       1.3335226672632
 4800.0       1.3422236177974
 4900.0       1.3510185909255
 5000.0       1.3601113099390
 5100.0       1.3691237309860
 5200.0       1.3790871683024
 5300.0       1.3881822036065
 5400.0       1.3987349714254
 5500.0       1.4084116290843
 5600.0       1.4191699622896
 5700.0       1.4297560805538
 5800.0       1.4409303137720
 5900.0       1.4519948480986
 6000.0       1.4641881520610
# P = 7.000000 (GPa)
    1.0      -2.6773696354659
  100.0       0.6656339591587
  200.0       0.7179221976522
  300.0       0.9106655411490
  400.0       0.9655589915740
  500.0       1.0124117858332
  600.0       1.0352877375700
  700.0       1.0527706401243
  800.0       1.0649324165687
  900.0       1.0747299694176
 1000.0       1.0828346593451
 1100.0       1.0899325167371
 1200.0       1.0963498575422
 1300.0       1.1023301754621
 1400.0       1.1080044298474
 1500.0       1.1134920347033
 1600.0       1.1188431167668
 1700.0       1.1241374819770
 1800.0       1.1293670400153
 1900.0       1.1346151112975
 2000.0       1.1398444192147
 2100.0       1.1451279585977
 2200.0       1.1504259368593
 2300.0       1.1557821599867
 2400.0       1.1612124841429
 2500.0       1.1666834374379
 2600.0       1.1722352718597
 2700.0       1.1778691106396
 2800.0       1.1835940689458
 2900.0       1.1893725614093
 3000.0       1.1952885201425
 3100.0       1.2012596309417
 3200.0       1.2073628201315
 3300.0       1.2135429166573
 3400.0       1.2198347028992
 3500.0       1.2262605630610
 3600.0       1.2327869285655
 3700.0       1.2394169744831
 3800.0       1.2462059566640
 3900.0       1.2530782329959
 4000.0       1.2601267375070
 4100.0       1.2672917492900
 4200.0       1.2745730752375
 4300.0       1.2820662794977
 4400.0       1.2896364715062
 4500.0       1.2974201589235
 4600.0       1.3053305894186
 4700.0       1.3134020127665
 4800.0       1.3217287533229
 4900.0       1.3301384809475
 5000.0       1.3388279144793
 5100.0       1.3474327665452
 5200.0       1.3569392024362
 5300.0       1.3656093902642
 5400.0       1.3756614670672
 5500.0       1.3848703911135
 5600.0       1.3950993553661
 5700.0       1.4051547036160
 5800.0       1.4157603594651
 5900.0       1.4262421872068
 6000.0       1.4378083560954
# P = 8.000000 (GPa)
    1.0      -2.5493165440153
  100.0       0.6413588649132
  200.0       0.7000313163871
  300.0       0.8940034090407
  400.0       0.9508994311114
  500.0       0.9986220606667
  600.0       1.0220944307640
  700.0       1.0398988939945
  800.0       1.0522515566011
  900.0       1.0621457335211
 1000.0       1.0702880032359
 1100.0       1.0773818579965
 1200.0       1.0837648580996
 1300.0       1.0896887392559
 1400.0       1.0952891343848
 1500.0       1.1006885968097
 1600.0       1.1059408482160
 1700.0       1.1111254913178
 1800.0       1.1162382813637
 1900.0       1.1213602188322
 2000.0       1.1264578954305
 2100.0       1.1316018318577
 2200.0       1.1367553191951
 2300.0       1.1419601905634
 2400.0       1.1472330976929
 2500.0       1.1525418762684
 2600.0       1.1579250893349
 2700.0       1.1633846031414
 2800.0       1.1689292554101
 2900.0       1.1745225520260
 3000.0       1.1802456069207
 3100.0       1.1860196266193
 3200.0       1.1919175232188
 3300.0       1.1978880621477
 3400.0       1.2039619708217
 3500.0       1.2101634385403
 3600.0       1.2164583768346
 3700.0       1.2228496827109
 3800.0       1.2293923534174
 3900.0       1.2360101657717
 4000.0       1.2427953263590
 4100.0       1.2496888444716
 4200.0       1.2566901550534
 4300.0       1.2638914056106
 4400.0       1.2711628962747
 4500.0       1.2786344972340
 4600.0       1.2862232586860
 4700.0       1.2939616402709
 4800.0       1.3019403357459
 4900.0       1.3099921416445
 5000.0       1.3183074546443
 5100.0       1.3265346728710
 5200.0       1.3356181507301
 5300.0       1.3438962070278
 5400.0       1.3534858122229
 5500.0       1.3622645333649
 5600.0       1.3720063019023
 5700.0       1.3815745995333
 5800.0       1.3916591398482
 5900.0       1.4016083140142
 6000.0       1.4126067973697
# P = 9.000000 (GPa)
    1.0      -2.4256579513228
  100.0       0.6173203678012
  200.0       0.6823711483655
  300.0       0.8775695591969
  400.0       0.9364420190821
  500.0       0.9850289338341
  600.0       1.0090956804759
  700.0       1.0272237339393
  800.0       1.0397703188251
  900.0       1.0497655429851
 1000.0       1.0579503512592
 1100.0       1.0650456401107
 1200.0       1.0714001451163
 1300.0       1.0772732555014
 1400.0       1.0828062838053
 1500.0       1.0881239916798
 1600.0       1.0932840003630
 1700.0       1.0983658202103
 1800.0       1.1033686983403
 1900.0       1.1083723200739
 2000.0       1.1133455966357
 2100.0       1.1183584671230
 2200.0       1.1233750490964
 2300.0       1.1284376320509
 2400.0       1.1335615217810
 2500.0       1.1387172345379
 2600.0       1.1439411866515
 2700.0       1.1492362097383
 2800.0       1.1546102803459
 2900.0       1.1600287965211
 3000.0       1.1655697103205
 3100.0       1.1711574404749
 3200.0       1.1768623686514
 3300.0       1.1826339932636
 3400.0       1.1885035052941
 3500.0       1.1944925590137
 3600.0       1.2005697152240
 3700.0       1.2067367493779
 3800.0       1.2130466147360
 3900.0       1.2194264378444
 4000.0       1.2259634477483
 4100.0       1.2326020142422
 4200.0       1.2393415266768
 4300.0       1.2462680564284
 4400.0       1.2532601336722
 4500.0       1.2604405994239
 4600.0       1.2677282735981
 4700.0       1.2751559316628
 4800.0       1.2828102962082
 4900.0       1.2905289806266
 5000.0       1.2984960370799
 5100.0       1.3063726670863
 5200.0       1.3150635917034
 5300.0       1.3229787230770
 5400.0       1.3321401677612
 5500.0       1.3405215866440
 5600.0       1.3498140550949
 5700.0       1.3589339107573
 5800.0       1.3685391459888
 5900.0       1.3779996809857
 6000.0       1.3884776338133
# P = 10.000000 (GPa)
    1.0      -2.3062428865293
  100.0       0.5935189099530
  200.0       0.6649390198647
  300.0       0.8613592558502
  400.0       0.9221815206081
  500.0       0.9716266801213
  600.0       0.9962852170553
  700.0       1.0147383683501
  800.0       1.0274817310636
  900.0       1.0375818484050
 1000.0       1.0458139979962
 1100.0       1.0529155012085
 1200.0       1.0592467421306
 1300.0       1.0650749495579
 1400.0       1.0705463976442
 1500.0       1.0757882053978
 1600.0       1.0808621561398
 1700.0       1.0858478796204
 1800.0       1.0907471986863
 1900.0       1.0956395323547
 2000.0       1.1004952346153
 2100.0       1.1053843738124
 2200.0       1.1102717114214
 2300.0       1.1151997497628
 2400.0       1.1201828767373
 2500.0       1.1251940015746
 2600.0       1.1302674409522
 2700.0       1.1354064964827
 2800.0       1.1406195612416
 2900.0       1.1458730957048
 3000.0       1.1512417753299
 3100.0       1.1566536905638
 3200.0       1.1621758202119
 3300.0       1.1677603095235
 3400.0       1.1734363296559
 3500.0       1.1792253788696
 3600.0       1.1850969927359
 3700.0       1.1910522677904
 3800.0       1.1971437504732
 3900.0       1.2032980209156
 4000.0       1.2096027013408
 4100.0       1.2160011093625
 4200.0       1.2224941377589
 4300.0       1.2291642620780
 4400.0       1.2358931046961
 4500.0       1.2428006658523
 4600.0       1.2498075452771
 4700.0       1.2569437490023
 4800.0       1.2642950707217
 4900.0       1.2717032094432
 5000.0       1.2793456228740
 5100.0       1.2868956173283
 5200.0       1.2952213322025
 5300.0       1.3027997277755
 5400.0       1.3115638186629
 5500.0       1.3195775322458
 5600.0       1.3284538640481
 5700.0       1.3371598167038
 5800.0       1.3463229121037
 5900.0       1.3553337057886
 6000.0       1.3653325252118
# P = 11.000000 (GPa)
    1.0      -2.1909462064334
  100.0       0.5699528829220
  200.0       0.6477319450823
  300.0       0.8453675995460
  400.0       0.9081128326878
  500.0       0.9584096288279
  600.0       0.9836570875033
  700.0       1.0024364684242
  800.0       1.0153788810864
  900.0       1.0255875415052
 1000.0       1.0338712240293
 1100.0       1.0409835431695
 1200.0       1.0472967759216
 1300.0       1.0530851495503
 1400.0       1.0585002753975
 1500.0       1.0636721557820
 1600.0       1.0686657858401
 1700.0       1.0735615228153
 1800.0       1.0783632443517
 1900.0       1.0831508231426
 2000.0       1.0878955811528
 2100.0       1.0926677512117
 2200.0       1.0974330484863
 2300.0       1.1022333379343
 2400.0       1.1070837589538
 2500.0       1.1119574277296
 2600.0       1.1168887592745
 2700.0       1.1218803058578
 2800.0       1.1269413624888
 2900.0       1.1320381790060
 3000.0       1.1372442155192
 3100.0       1.1424897029249
 3200.0       1.1478392163799
 3300.0       1.1532467692251
 3400.0       1.1587401168439
 3500.0       1.1643402633428
 3600.0       1.1700177099135
 3700.0       1.1757736283670
 3800.0       1.1816579669898
 3900.0       1.1876010387435
 4000.0       1.1936856563650
 4100.0       1.1998583760497
 4200.0       1.2061199225144
 4300.0       1.2125475965711
 4400.0       1.2190306954656
 4500.0       1.2256812428812
 4600.0       1.2324242077611
 4700.0       1.2392887401272
 4800.0       1.2463555173775
 4900.0       1.2534731514697
 5000.0       1.2608129282062
 5100.0       1.2680579545317
 5200.0       1.2760429297305
 5300.0       1.2833081389710
 5400.0       1.2917025988085
 5500.0       1.2993746701880
 5600.0       1.3078652642653
 5700.0       1.3161878047828
 5800.0       1.3249417807646
 5900.0       1.3335374768126
 6000.0       1.3430938125875
# P = 12.000000 (GPa)
    1.0      -2.0796312363578
  100.0       0.5466202697721
  200.0       0.6307460130328
  300.0       0.8295895343081
  400.0       0.8942308517831
  500.0       0.9453722335291
  600.0       0.9712055939522
  700.0       0.9903116825673
  800.0       1.0034552426186
  900.0       1.0137758433445
 1000.0       1.0221150647893
 1100.0       1.0292424255453
 1200.0       1.0355422378376
 1300.0       1.0412958000713
 1400.0       1.0466596615333
 1500.0       1.0517670521181
 1600.0       1.0566857085151
 1700.0       1.0614971552670
 1800.0       1.0662072335201
 1900.0       1.0708959907424
 2000.0       1.0755361415507
 2100.0       1.0801975370370
 2200.0       1.0848474293016
 2300.0       1.0895265032548
 2400.0       1.0942514013537
 2500.0       1.0989948423286
 2600.0       1.1037914552474
 2700.0       1.1086433310410
 2800.0       1.1135599956372
 2900.0       1.1185088477436
 3000.0       1.1235606835848
 3100.0       1.1286488259754
 3200.0       1.1338348455377
 3300.0       1.1390750267761
 3400.0       1.1443956083192
 3500.0       1.1498170924635
 3600.0       1.1553112533179
 3700.0       1.1608784264935
 3800.0       1.1665680388053
 3900.0       1.1723109774032
 4000.0       1.1781886487300
 4100.0       1.1841483377909
 4200.0       1.1901912887321
 4300.0       1.1963917556867
 4400.0       1.2026421203351
 4500.0       1.2090524206334
 4600.0       1.2155471872417
 4700.0       1.2221556590523
 4800.0       1.2289570035375
 4900.0       1.2358016096047
 5000.0       1.2428577451918
 5100.0       1.2498185669718
 5200.0       1.2574846188935
 5300.0       1.2644573798241
 5400.0       1.2725076043951
 5500.0       1.2798620606057
 5600.0       1.2879933233669
 5700.0       1.2959600008979
 5800.0       1.3043346383728
 5900.0       1.3125460583464
 6000.0       1.3216925231179
# P = 13.000000 (GPa)
    1.0      -1.9721756519128
  100.0       0.5235173230120
  200.0       0.6139771348692
  300.0       0.8140199489636
  400.0       0.8805303777468
  500.0       0.9325091079295
  600.0       0.9589250967052
  700.0       0.9783581120349
  800.0       0.9917047119079
  900.0       1.0021402917806
 1000.0       1.0105386823656
 1100.0       1.0176849713068
 1200.0       1.0239758323873
 1300.0       1.0296992833321
 1400.0       1.0350165978594
 1500.0       1.0400645834846
 1600.0       1.0449134084651
 1700.0       1.0496459357315
 1800.0       1.0542698683298
 1900.0       1.0588654700735
 2000.0       1.0634067401348
 2100.0       1.0679632552883
 2200.0       1.0725041582251
 2300.0       1.0770682929583
 2400.0       1.0816741274242
 2500.0       1.0862942604961
 2600.0       1.0909627989209
 2700.0       1.0956824398306
 2800.0       1.1004619423351
 2900.0       1.1052707373886
 3000.0       1.1101760871390
 3100.0       1.1151153727281
 3200.0       1.1201464292916
 3300.0       1.1252282311316
 3400.0       1.1303850303438
 3500.0       1.1356375855292
 3600.0       1.1409583500586
 3700.0       1.1463471326934
 3800.0       1.1518525167276
 3900.0       1.1574066535647
 4000.0       1.1630886596806
 4100.0       1.1688471905690
 4200.0       1.1746847494343
 4300.0       1.1806699477909
 4400.0       1.1867023690242
 4500.0       1.1928849565924
 4600.0       1.1991468234062
 4700.0       1.2055150979908
 4800.0       1.2120654911682
 4900.0       1.2186555268261
 5000.0       1.2254449603640
 5100.0       1.2321387973368
 5200.0       1.2395075940327
 5300.0       1.2462066356361
 5400.0       1.2539346079721
 5500.0       1.2609933764324
 5600.0       1.2687898925139
 5700.0       1.2764247611077
 5800.0       1.2844468008077
 5900.0       1.2923017481652
 6000.0       1.3010675053803
# P = 14.000000 (GPa)
    1.0      -1.8684585883246
  100.0       0.5006397704509
  200.0       0.5974207709366
  300.0       0.7986533559648
  400.0       0.8670062966343
  500.0       0.9198153278313
  600.0       0.9468103111047
  700.0       0.9665698509222
  800.0       0.9801213228489
  900.0       0.9906748933023
 1000.0       0.9991354639990
 1100.0       1.0063044677585
 1200.0       1.0125907613676
 1300.0       1.0182883142863
 1400.0       1.0235635407295
 1500.0       1.0285570084573
 1600.0       1.0333408130225
 1700.0       1.0379993293398
 1800.0       1.0425424829600
 1900.0       1.0470501095918
 2000.0       1.0514980646503
 2100.0       1.0559554412934
 2200.0       1.0603929205334
 2300.0       1.0648483527602
 2400.0       1.0693411026643
 2500.0       1.0738443861813
 2600.0       1.0783912829173
 2700.0       1.0829854129941
 2800.0       1.0876345715365
 2900.0       1.0923105342594
 3000.0       1.0970770590201
 3100.0       1.1018746363747
 3200.0       1.1067590651428
 3300.0       1.1116902678187
 3400.0       1.1166923726725
 3500.0       1.1217846338717
 3600.0       1.1269412616045
 3700.0       1.1321611821799
 3800.0       1.1374922533458
 3900.0       1.1428676247940
 4000.0       1.1483648772941
 4100.0       1.1539338118577
 4200.0       1.1595764511405
 4300.0       1.1653593175231
 4400.0       1.1711853459464
 4500.0       1.1771541107355
 4600.0       1.1831961355508
 4700.0       1.1893378999151
 4800.0       1.1956534186333
 4900.0       1.2020022454815
 5000.0       1.2085425780297
 5100.0       1.2149858193542
 5200.0       1.2220745149592
 5300.0       1.2285186175858
 5400.0       1.2359443273375
 5500.0       1.2427261091648
 5600.0       1.2502106279463
 5700.0       1.2575362549205
 5800.0       1.2652289521844
 5900.0       1.2727524090060
 6000.0       1.2811643724827
# P = 15.000000 (GPa)
    1.0      -1.7683789117835
  100.0       0.4779831092606
  200.0       0.5810718314675
  300.0       0.7834842458383
  400.0       0.8536542101052
  500.0       0.9072859685165
  600.0       0.9348556955962
  700.0       0.9549414844178
  800.0       0.9686995234970
  900.0       0.9793737371593
 1000.0       0.9878991964208
 1100.0       0.9950947617872
 1200.0       1.0013804857927
 1300.0       1.0070559267928
 1400.0       1.0122934156855
 1500.0       1.0172368952249
 1600.0       1.0219602214378
 1700.0       1.0265495169603
 1800.0       1.0310168304839
 1900.0       1.0354414270121
 2000.0       1.0398013527297
 2100.0       1.0441648847256
 2200.0       1.0485042675694
 2300.0       1.0528567851129
 2400.0       1.0572422386879
 2500.0       1.0616345369318
 2600.0       1.0660656983078
 2700.0       1.0705408355798
 2800.0       1.0750664805619
 2900.0       1.0796157083263
 3000.0       1.0842507541249
 3100.0       1.0889134714401
 3200.0       1.0936589300064
 3300.0       1.0984470281720
 3400.0       1.1033023515244
 3500.0       1.1082423991423
 3600.0       1.1132436257339
 3700.0       1.1183034319835
 3800.0       1.1234693749088
 3900.0       1.1286757435675
 4000.0       1.1339979369129
 4100.0       1.1393872052195
 4200.0       1.1448463161756
 4300.0       1.1504375829448
 4400.0       1.1560688585414
 4500.0       1.1618356677752
 4600.0       1.1676702914708
 4700.0       1.1735990213158
 4800.0       1.1796921091315
 4900.0       1.1858155883093
 5000.0       1.1921198611269
 5100.0       1.1983283662381
 5200.0       1.2051540687745
 5300.0       1.2113577689449
 5400.0       1.2185012619289
 5500.0       1.2250234073682
 5600.0       1.2322149154189
 5700.0       1.2392522308899
 5800.0       1.2466375558057
 5900.0       1.2538512536521
 6000.0       1.2619332064257
# P = 16.000000 (GPa)
    1.0      -1.6718280053369
  100.0       0.4555403649462
  200.0       0.5649242869634
  300.0       0.7685073932695
  400.0       0.8404695014452
  500.0       0.8949159596010
  600.0       0.9230559145340
  700.0       0.9434679058289
  800.0       0.9574342129811
  900.0       0.9682310235939
 1000.0       0.9768241537880
 1100.0       0.9840498162982
 1200.0       0.9903385432713
 1300.0       0.9959955705553
 1400.0       1.0011995564540
 1500.0       1.0060973906906
 1600.0       1.0107643414724
 1700.0       1.0152890746760
 1800.0       1.0196851811404
 1900.0       1.0240314553320
 2000.0       1.0283082045509
 2100.0       1.0325829769222
 2200.0       1.0368293728919
 2300.0       1.0410842633674
 2400.0       1.0453678141192
 2500.0       1.0496547946410
 2600.0       1.0539761740723
 2700.0       1.0583380782085
 2800.0       1.0627463892176
 2900.0       1.0671749989940
 3000.0       1.0716853138357
 3100.0       1.0762197367338
 3200.0       1.0808331566455
 3300.0       1.0854853445063
 3400.0       1.0902009411691
 3500.0       1.0949969103909
 3600.0       1.0998500410417
 3700.0       1.1047583851276
 3800.0       1.1097673817599
 3900.0       1.1148137566064
 4000.0       1.1199700305224
 4100.0       1.1251894919740
 4200.0       1.1304743412022
 4300.0       1.1358844669718
 4400.0       1.1413318373210
 4500.0       1.1469076635915
 4600.0       1.1525467918108
 4700.0       1.1582737313452
 4800.0       1.1641580986450
 4900.0       1.1700677156664
 5000.0       1.1761507542639
 5100.0       1.1821377714947
 5200.0       1.1887156389351
 5300.0       1.1946948911768
 5400.0       1.2015711240939
 5500.0       1.2078511957770
 5600.0       1.2147678974375
 5700.0       1.2215340535868
 5800.0       1.2286325018507
 5900.0       1.2355570894989
 6000.0       1.2433290635950
# P = 17.000000 (GPa)
    1.0      -1.5786899941178
  100.0       0.4333029645348
  200.0       0.5489712601988
  300.0       0.7537167346962
  400.0       0.8274464549251
  500.0       0.8826996178011
  600.0       0.9114058132865
  700.0       0.9321443057626
  800.0       0.9463203258472
  900.0       0.9572409754706
 1000.0       0.9659047448964
 1100.0       0.9731641311418
 1200.0       0.9794589645193
 1300.0       0.9851010768671
 1400.0       0.9902756785795
 1500.0       0.9951318485762
 1600.0       0.9997463706620
 1700.0       1.0042108136233
 1800.0       1.0085403098984
 1900.0       1.0128125184901
 2000.0       1.0170107074963
 2100.0       1.0212016800703
 2200.0       1.0253597987304
 2300.0       1.0295221495987
 2400.0       1.0337090078762
 2500.0       1.0378957662776
 2600.0       1.0421129229477
 2700.0       1.0463671697317
 2800.0       1.0506638671489
 2900.0       1.0549778094704
 3000.0       1.0593694192037
 3100.0       1.0637818865208
 3200.0       1.0682695912898
 3300.0       1.0727927765649
 3400.0       1.0773753016206
 3500.0       1.0820345782831
 3600.0       1.0867468002190
 3700.0       1.0915114106971
 3800.0       1.0963713971611
 3900.0       1.1012657409932
 4000.0       1.1062647594960
 4100.0       1.1113230004315
 4200.0       1.1164429580240
 4300.0       1.1216816699002
 4400.0       1.1269547766779
 4500.0       1.1323498990661
 4600.0       1.1378038845139
 4700.0       1.1433408477709
 4800.0       1.1490272241141
 4900.0       1.1547358093709
 5000.0       1.1606096788007
 5100.0       1.1663881476387
 5200.0       1.1727325882781
 5300.0       1.1784998880153
 5400.0       1.1851258809128
 5500.0       1.1911771395809
 5600.0       1.1978361586109
 5700.0       1.2043485695116
 5800.0       1.2111767700642
 5900.0       1.2178312296153
 6000.0       1.2253137620080
# P = 18.000000 (GPa)
    1.0      -1.4888896472056
  100.0       0.4112637014077
  200.0       0.5332061444544
  300.0       0.7391056363022
  400.0       0.8145788937000
  500.0       0.8706308157703
  600.0       0.8999005477724
  700.0       0.9209660549127
  800.0       0.9353519973775
  900.0       0.9463983815867
 1000.0       0.9551360626358
 1100.0       0.9624322976920
 1200.0       0.9687357071309
 1300.0       0.9743667242550
 1400.0       0.9795160373731
 1500.0       0.9843336828276
 1600.0       0.9888997754311
 1700.0       0.9933083677496
 1800.0       0.9975750473259
 1900.0       1.0017774309359
 2000.0       1.0059016855356
 2100.0       1.0100132646584
 2200.0       1.0140875951160
 2300.0       1.0181622527596
 2400.0       1.0222572088298
 2500.0       1.0263487396481
 2600.0       1.0304669864178
 2700.0       1.0346185441501
 2800.0       1.0388092063682
 2900.0       1.0430140185393
 3000.0       1.0472925745745
 3100.0       1.0515892712717
 3200.0       1.0559571792546
 3300.0       1.0603577373076
 3400.0       1.0648134936291
 3500.0       1.0693428200088
 3600.0       1.0739212862422
 3700.0       1.0785488064827
 3800.0       1.0832675259522
 3900.0       1.0880171353622
 4000.0       1.0928670694229
 4100.0       1.0977719141435
 4200.0       1.1027357099280
 4300.0       1.1078116256858
 4400.0       1.1129196656423
 4500.0       1.1181436037697
 4600.0       1.1234226725086
 4700.0       1.1287793268756
 4800.0       1.1342789205744
 4900.0       1.1397973116794
 5000.0       1.1454736286915
 5100.0       1.1510556329996
 5200.0       1.1571790441276
 5300.0       1.1627478463640
 5400.0       1.1691364856195
 5500.0       1.1749741059096
 5600.0       1.1813896008510
 5700.0       1.1876633963435
 5800.0       1.1942386890779
 5900.0       1.2006384370319
 6000.0       1.2078503499000
# P = 19.000000 (GPa)
    1.0      -1.4023222315718
  100.0       0.3894149386545
  200.0       0.5176220063911
  300.0       0.7246673456790
  400.0       0.8018603528048
  500.0       0.8587050928292
  600.0       0.8885358292722
  700.0       0.9099274434286
  800.0       0.9245236880762
  900.0       0.9356984442179
 1000.0       0.9445132525588
 1100.0       0.9518483595804
 1200.0       0.9581634084455
 1300.0       0.9637872594628
 1400.0       0.9689146145360
 1500.0       0.9736968677219
 1600.0       0.9782186197104
 1700.0       0.9825754360485
 1800.0       0.9867826927248
 1900.0       0.9909194999953
 2000.0       0.9949741985155
 2100.0       0.9990103523023
 2200.0       1.0030053021004
 2300.0       1.0069969216494
 2400.0       1.0110045643285
 2500.0       1.0150054067642
 2600.0       1.0190295551289
 2700.0       1.0230835512755
 2800.0       1.0271732014612
 2900.0       1.0312742845367
 3000.0       1.0354452500103
 3100.0       1.0396315172609
 3200.0       1.0438853479990
 3300.0       1.0481692071647
 3400.0       1.0525044216839
 3500.0       1.0569099016902
 3600.0       1.0613611819890
 3700.0       1.0658581231004
 3800.0       1.0704427037813
 3900.0       1.0750543619638
 4000.0       1.0797628191938
 4100.0       1.0845220871137
 4200.0       1.0893371989304
 4300.0       1.0942587997579
 4400.0       1.0992100274246
 4500.0       1.1042718858227
 4600.0       1.1093845597627
 4700.0       1.1145708500223
 4800.0       1.1198934063365
 4900.0       1.1252319991056
 5000.0       1.1307215801863
 5100.0       1.1361172292977
 5200.0       1.1420329407749
 5300.0       1.1474133865732
 5400.0       1.1535790844533
 5500.0       1.1592143929991
 5600.0       1.1654010804543
 5700.0       1.1714505621027
 5800.0       1.1777868059791
 5900.0       1.1839489985671
 6000.0       1.1909041207640
# P = 20.000000 (GPa)
    1.0      -1.3188983406984
  100.0       0.3677494942604
  200.0       0.5022122154689
  300.0       0.7103949742526
  400.0       0.7892865231953
  500.0       0.8469185478221
  600.0       0.8773063854291
  700.0       0.8990228197879
  800.0       0.9138308546749
  900.0       0.9251368699448
 1000.0       0.9340308080734
 1100.0       0.9414067320268
 1200.0       0.9477370747875
 1300.0       0.9533575771155
 1400.0       0.9584654508901
 1500.0       0.9632158521716
 1600.0       0.9676973469413
 1700.0       0.9720057012419
 1800.0       0.9761570028778
 1900.0       0.9802325061878
 2000.0       0.9842216131657
 2100.0       0.9881859987213
 2200.0       0.9921060121662
 2300.0       0.9960189016679
 2400.0       0.9999431664009
 2500.0       1.0038580160011
 2600.0       1.0077929482460
 2700.0       1.0117537641711
 2800.0       1.0157473319790
 2900.0       1.0197497438224
 3000.0       1.0238178240788
 3100.0       1.0278991398479
 3200.0       1.0320444412042
 3300.0       1.0362170030671
 3400.0       1.0404374366626
 3500.0       1.0447248465342
 3600.0       1.0490551521170
 3700.0       1.0534276499308
 3800.0       1.0578846613381
 3900.0       1.0623651925249
 4000.0       1.0669388131629
 4100.0       1.0715598069319
 4200.0       1.0762331907623
 4300.0       1.0810086351242
 4400.0       1.0858102786622
 4500.0       1.0907187140499
 4600.0       1.0956734013691
 4700.0       1.1006979905092
 4800.0       1.1058527955273
 4900.0       1.1110209449084
 5000.0       1.1163337090624
 5100.0       1.1215530994983
 5200.0       1.1272724218162
 5300.0       1.1324747059517
 5400.0       1.1384297924254
 5500.0       1.1438744038301
 5600.0       1.1498451766087
 5700.0       1.1556827470596
 5800.0       1.1617949582581
 5900.0       1.1677321763237
 6000.0       1.1744474587435
# P = 21.000000 (GPa)
    1.0      -1.2385392990524
  100.0       0.3462606807967
  200.0       0.4869706953862
  300.0       0.6962844747089
  400.0       0.7768537517996
  500.0       0.8352658919119
  600.0       0.8662066232787
  700.0       0.8882478364644
  800.0       0.9032697882401
  900.0       0.9147088633726
 1000.0       0.9236830117273
 1100.0       0.9311029096976
 1200.0       0.9374523730670
 1300.0       0.9430720275136
 1400.0       0.9481629427243
 1500.0       0.9528854024438
 1600.0       0.9573305068869
 1700.0       0.9615930209279
 1800.0       0.9656923089723
 1900.0       0.9697106075071
 2000.0       0.9736374360809
 2100.0       0.9775338101871
 2200.0       0.9813830325036
 2300.0       0.9852212214607
 2400.0       0.9890661241704
 2500.0       0.9928993152398
 2600.0       0.9967493207868
 2700.0       1.0006213588476
 2800.0       1.0045234324858
 2900.0       1.0084317768888
 3000.0       1.0124020361507
 3100.0       1.0163832908966
 3200.0       1.0204251032014
 3300.0       1.0244915313150
 3400.0       1.0286025746044
 3500.0       1.0327775997620
 3600.0       1.0369925068001
 3700.0       1.0412466040244
 3800.0       1.0455819898642
 3900.0       1.0499376226018
 4000.0       1.0543827067255
 4100.0       1.0588723839572
 4200.0       1.0634107721047
 4300.0       1.0680472031538
 4400.0       1.0727070018507
 4500.0       1.0774690864888
 4600.0       1.0822739235363
 4700.0       1.0871446485831
 4800.0       1.0921406814723
 4900.0       1.0971467485863
 5000.0       1.1022923244661
 5100.0       1.1073439046424
 5200.0       1.1128782422650
 5300.0       1.1179110721738
 5400.0       1.1236678057167
 5500.0       1.1289315572276
 5600.0       1.1346985280031
 5700.0       1.1403365377373
 5800.0       1.1462365773755
 5900.0       1.1519624985330
 6000.0       1.1584516808658
# P = 22.000000 (GPa)
    1.0      -1.1611503965454
  100.0       0.3249433992125
  200.0       0.4718932833602
  300.0       0.6823311214239
  400.0       0.7645565288104
  500.0       0.8237415895457
  600.0       0.8552321909653
  700.0       0.8775994204087
  800.0       0.8928362851961
  900.0       0.9044089092764
 1000.0       0.9134654664480
 1100.0       0.9209330036860
 1200.0       0.9273043388428
 1300.0       0.9329248588093
 1400.0       0.9380023415743
 1500.0       0.9427008821038
 1600.0       0.9471122725094
 1700.0       0.9513318826356
 1800.0       0.9553830967427
 1900.0       0.9593479565662
 2000.0       0.9632153168060
 2100.0       0.9670477280585
 2200.0       0.9708303024256
 2300.0       0.9745970647681
 2400.0       0.9783666560669
 2500.0       0.9821224733237
 2600.0       0.9858914437005
 2700.0       0.9896788321002
 2800.0       0.9934938497635
 2900.0       0.9973128129137
 3000.0       1.0011894906079
 3100.0       1.0050753550310
 3200.0       1.0090186467835
 3300.0       1.0129836453313
 3400.0       1.0169906910369
 3500.0       1.0210583530219
 3600.0       1.0251632979956
 3700.0       1.0293046181802
 3800.0       1.0335237504029
 3900.0       1.0377607232205
 4000.0       1.0420832726136
 4100.0       1.0464479133264
 4200.0       1.0508576360045
 4300.0       1.0553618138768
 4400.0       1.0598866675728
 4500.0       1.0645092163341
 4600.0       1.0691720171560
 4700.0       1.0738962379768
 4800.0       1.0787415697930
 4900.0       1.0835935822288
 5000.0       1.0885804747525
 5100.0       1.0934726822468
 5200.0       1.0988320856919
 5300.0       1.1037036406910
 5400.0       1.1092731956058
 5500.0       1.1143653330257
 5600.0       1.1199398120267
 5700.0       1.1253889258983
 5800.0       1.1310887557327
 5900.0       1.1366158462336
 6000.0       1.1428882134048
# P = 23.000000 (GPa)
    1.0      -1.0866706949627
  100.0       0.3037921929634
  200.0       0.4569742744846
  300.0       0.6685287238256
  400.0       0.7523891776987
  500.0       0.8123417513243
  600.0       0.8443807518675
  700.0       0.8670735649516
  800.0       0.8825248227085
  900.0       0.8942323726480
 1000.0       0.9033750024603
 1100.0       0.9108928766297
 1200.0       0.9172872404192
 1300.0       0.9229115240409
 1400.0       0.9279796963165
 1500.0       0.9326571781920
 1600.0       0.9370367661626
 1700.0       0.9412173467795
 1800.0       0.9452245285015
 1900.0       0.9491384664396
 2000.0       0.9529495946653
 2100.0       0.9567220908582
 2200.0       0.9604417263880
 2300.0       0.9641400975343
 2400.0       0.9678384067445
 2500.0       0.9715209958091
 2600.0       0.9752124407195
 2700.0       0.9789192205377
 2800.0       0.9826516445663
 2900.0       0.9863850417221
 3000.0       0.9901723631450
 3100.0       0.9939677011295
 3200.0       0.9978167307895
 3300.0       1.0016850137864
 3400.0       1.0055929465862
 3500.0       1.0095580655556
 3600.0       1.0135581403138
 3700.0       1.0175918770314
 3800.0       1.0217003092417
 3900.0       1.0258239567717
 4000.0       1.0300298157146
 4100.0       1.0342751145690
 4200.0       1.0385623784975
 4300.0       1.0429405175399
 4400.0       1.0473368503163
 4500.0       1.0518265612402
 4600.0       1.0563542556743
 4700.0       1.0609390477599
 4800.0       1.0656408649320
 4900.0       1.0703468803880
 5000.0       1.0751825197115
 5100.0       1.0799235996885
 5200.0       1.0851170369587
 5300.0       1.0898353426763
 5400.0       1.0952277749330
 5500.0       1.1001567426592
 5600.0       1.1055492860456
 5700.0       1.1108194717631
 5800.0       1.1163304053375
 5900.0       1.1216682378693
 6000.0       1.1277404701902
# P = 24.000000 (GPa)
    1.0      -1.0150279615907
  100.0       0.2828013958165
  200.0       0.4422078889039
  300.0       0.6548718081382
  400.0       0.7403489853232
  500.0       0.8010642929597
  600.0       0.8336479614213
  700.0       0.8566647402091
  800.0       0.8723310537337
  900.0       0.8841768949418
 1000.0       0.8934078818654
 1100.0       0.9009768749000
 1200.0       0.9073965993979
 1300.0       0.9130287404039
 1400.0       0.9180906244832
 1500.0       0.9227485390949
 1600.0       0.9270994994648
 1700.0       0.9312451300314
 1800.0       0.9352111208078
 1900.0       0.9390763009420
 2000.0       0.9428352065065
 2100.0       0.9465518868485
 2200.0       0.9502108499732
 2300.0       0.9538445061594
 2400.0       0.9574757078192
 2500.0       0.9610884739668
 2600.0       0.9647057200876
 2700.0       0.9683360080508
 2800.0       0.9719899850472
 2900.0       0.9756412157727
 3000.0       0.9793436653859
 3100.0       0.9830527873975
 3200.0       0.9868115656792
 3300.0       0.9905876361619
 3400.0       0.9944010469580
 3500.0       0.9982682747915
 3600.0       1.0021681334234
 3700.0       1.0060994034157
 3800.0       1.0101021254784
 3900.0       1.0141176311239
 4000.0       1.0182121308172
 4100.0       1.0223436595412
 4200.0       1.0265143646705
 4300.0       1.0307719450157
 4400.0       1.0350460952435
 4500.0       1.0394092820889
 4600.0       1.0438080235229
 4700.0       1.0482603695524
 4800.0       1.0528253748289
 4900.0       1.0573926918087
 5000.0       1.0620843512136
 5100.0       1.0666816894592
 5200.0       1.0717178579844
 5300.0       1.0762898346095
 5400.0       1.0815149756953
 5500.0       1.0862884161288
 5600.0       1.0915089379685
 5700.0       1.0966091371328
 5800.0       1.1019414102588
 5900.0       1.1071002591985
 6000.0       1.1129817032421
# P = 25.000000 (GPa)
    1.0      -0.9461266425208
  100.0       0.2619662296397
  200.0       0.4275906363383
  300.0       0.6413583602135
  400.0       0.7284328162748
  500.0       0.7899041655959
  600.0       0.8230283157095
  700.0       0.8463691745203
  800.0       0.8622533898090
  900.0       0.8742389390234
 1000.0       0.8835584962963
 1100.0       0.8911806279412
 1200.0       0.8976298434953
 1300.0       0.9032726601814
 1400.0       0.9083293458045
 1500.0       0.9129703591721
 1600.0       0.9172969418508
 1700.0       0.9214106086123
 1800.0       0.9253369647113
 1900.0       0.9291569505445
 2000.0       0.9328677017338
 2100.0       0.9365311704765
 2200.0       0.9401320711538
 2300.0       0.9437049230208
 2400.0       0.9472729018253
 2500.0       0.9508184885786
 2600.0       0.9543651580719
 2700.0       0.9579232871872
 2800.0       0.9615020240422
 2900.0       0.9650747697759
 3000.0       0.9686966481525
 3100.0       0.9723233378706
 3200.0       0.9759957626299
 3300.0       0.9796840045909
 3400.0       0.9834072472623
 3500.0       0.9871808597794
 3600.0       0.9909850604426
 3700.0       0.9948187067485
 3800.0       0.9987201559095
 3900.0       1.0026325417011
 4000.0       1.0066210415154
 4100.0       1.0106436828346
 4200.0       1.0147031455744
 4300.0       1.0188460118990
 4400.0       1.0230034264112
 4500.0       1.0272459764513
 4600.0       1.0315218802235
 4700.0       1.0358480840287
 4800.0       1.0402826446438
 4900.0       1.0447179831682
 5000.0       1.0492726492664
 5100.0       1.0537328734307
 5200.0       1.0586200988002
 5300.0       1.0630521778608
 5400.0       1.0681192251261
 5500.0       1.0727441042590
 5600.0       1.0778019818881
 5700.0       1.0827406515715
 5800.0       1.0879033233926
 5900.0       1.0928934839824
 6000.0       1.0985903856267
# P = 26.000000 (GPa)
    1.0      -0.8799182336628
  100.0       0.2412828121358
  200.0       0.4131183222977
  300.0       0.6279831295591
  400.0       0.7166351271380
  500.0       0.7788562099112
  600.0       0.8125195341259
  700.0       0.8361857142639
  800.0       0.8522877869498
  900.0       0.8644127977937
 1000.0       0.8738229491133
 1100.0       0.8815022304682
 1200.0       0.8879833211703
 1300.0       0.8936376793488
 1400.0       0.8986914315747
 1500.0       0.9033197895909
 1600.0       0.9076249742616
 1700.0       0.9117079603155
 1800.0       0.9155975491423
 1900.0       0.9193765722722
 2000.0       0.9230420625346
 2100.0       0.9266540113818
 2200.0       0.9302005113298
 2300.0       0.9337166973371
 2400.0       0.9372240530811
 2500.0       0.9407051658299
 2600.0       0.9441852994651
 2700.0       0.9476750791094
 2800.0       0.9511812096894
 2900.0       0.9546794822405
 3000.0       0.9582249148124
 3100.0       0.9617724538736
 3200.0       0.9653624593421
 3300.0       0.9689671005314
 3400.0       0.9726041950552
 3500.0       0.9762880893819
 3600.0       0.9800011349963
 3700.0       0.9837415697439
 3800.0       0.9875461252309
 3900.0       0.9913602396087
 4000.0       0.9952473764777
 4100.0       0.9991660234184
 4200.0       1.0031193998748
 4300.0       1.0071527038518
 4400.0       1.0111986550543
 4500.0       1.0153263736993
 4600.0       1.0194849732742
 4700.0       1.0236908042938
 4800.0       1.0280011007557
 4900.0       1.0323106122546
 5000.0       1.0367350044079
 5100.0       1.0410642410115
 5200.0       1.0458101903623
 5300.0       1.0501086871552
 5400.0       1.0550257429348
 5500.0       1.0595093596834
 5600.0       1.0644124705796
 5700.0       1.0691978409277
 5800.0       1.0741993865730
 5900.0       1.0790296957453
 6000.0       1.0845521541484
# P = 27.000000 (GPa)
    1.0      -0.8163370313883
  100.0       0.2207461800601
  200.0       0.3987857273613
  300.0       0.6147405217147
  400.0       0.7049525654299
  500.0       0.7679198162813
  600.0       0.8021196360940
  700.0       0.8261095141032
  800.0       0.8424286603296
  900.0       0.8546954713737
 1000.0       0.8642000046581
 1100.0       0.8719379267344
 1200.0       0.8784513956537
 1300.0       0.8841196331450
 1400.0       0.8891747659246
 1500.0       0.8937931659271
 1600.0       0.8980778938794
 1700.0       0.9021326916028
 1800.0       0.9059898347601
 1900.0       0.9097307566079
 2000.0       0.9133523445808
 2100.0       0.9169158886809
 2200.0       0.9204122462968
 2300.0       0.9238745374558
 2400.0       0.9273230834060
 2500.0       0.9307434503177
 2600.0       0.9341612981959
 2700.0       0.9375850730876
 2800.0       0.9410217031306
 2900.0       0.9444496683415
 3000.0       0.9479221461247
 3100.0       0.9513934622070
 3200.0       0.9549051907405
 3300.0       0.9584304051560
 3400.0       0.9619844865824
 3500.0       0.9655828642112
 3600.0       0.9692092659278
 3700.0       0.9728601879507
 3800.0       0.9765722088319
 3900.0       0.9802925638952
 4000.0       0.9840828166422
 4100.0       0.9879020179455
 4200.0       0.9917541436543
 4300.0       0.9956828867683
 4400.0       0.9996223263195
 4500.0       1.0036404115919
 4600.0       1.0076870398317
 4700.0       1.0117780320287
 4800.0       1.0159698651148
 4900.0       1.0201593147891
 5000.0       1.0244595515089
 5100.0       1.0286639183873
 5200.0       1.0332754131033
 5300.0       1.0374466081295
 5400.0       1.0422209733456
 5500.0       1.0465700367686
 5600.0       1.0513258221920
 5700.0       1.0559658390458
 5800.0       1.0608142209686
 5900.0       1.0654919681541
 6000.0       1.0708508458827
# P = 28.000000 (GPa)
    1.0      -0.7553069654911
  100.0       0.2003526372751
  200.0       0.3845900706332
  300.0       0.6016293358075
  400.0       0.6933837331998
  500.0       0.7570909626862
  600.0       0.7918231182882
  700.0       0.8161357636142
  800.0       0.8326746129151
  900.0       0.8450859146258
 1000.0       0.8546851983785
 1100.0       0.8624821651439
 1200.0       0.8690307558676
 1300.0       0.8747170530818
 1400.0       0.8797756353547
 1500.0       0.8843847867824
 1600.0       0.8886514980111
 1700.0       0.8926824057456
 1800.0       0.8965098764652
 1900.0       0.9002137738334
 2000.0       0.9037941175885
 2100.0       0.9073135004540
 2200.0       0.9107625952025
 2300.0       0.9141723978923
 2400.0       0.9175653468771
 2500.0       0.9209292803041
 2600.0       0.9242874015582
 2700.0       0.9276473048822
 2800.0       0.9310184240534
 2900.0       0.9343800405498
 3000.0       0.9377819159099
 3100.0       0.9411804928306
 3200.0       0.9446180115741
 3300.0       0.9480671202819
 3400.0       0.9515415650297
 3500.0       0.9550585631600
 3600.0       0.9586023146702
 3700.0       0.9621672336255
 3800.0       0.9657909866710
 3900.0       0.9694220083638
 4000.0       0.9731192763491
 4100.0       0.9768435059724
 4200.0       0.9805991334351
 4300.0       0.9844277020943
 4400.0       0.9882653979963
 4500.0       0.9921788916889
 4600.0       0.9961184477296
 4700.0       1.0000999052778
 4800.0       1.0041787496832
 4900.0       1.0082534168706
 5000.0       1.0124353096768
 5100.0       1.0165206444351
 5200.0       1.0210038645206
 5300.0       1.0250537630813
 5400.0       1.0296921544833
 5500.0       1.0339131838183
 5600.0       1.0385285960130
 5700.0       1.0430302789686
 5800.0       1.0477331161920
 5900.0       1.0522656211969
 6000.0       1.0574696967307
# P = 29.000000 (GPa)
    1.0      -0.6967736492548
  100.0       0.1800990603703
  200.0       0.3705277412019
  300.0       0.5886448952676
  400.0       0.6819231583371
  500.0       0.7463643256404
  600.0       0.7816274222992
  700.0       0.8062645503148
  800.0       0.8230234920998
  900.0       0.8355787577329
 1000.0       0.8452733501410
 1100.0       0.8531329771803
 1200.0       0.8597203077820
 1300.0       0.8654257882509
 1400.0       0.8704883826363
 1500.0       0.8750910156002
 1600.0       0.8793441066028
 1700.0       0.8833533584194
 1800.0       0.8871518740868
 1900.0       0.8908213186464
 2000.0       0.8943647343811
 2100.0       0.8978427820426
 2200.0       0.9012455611674
 2300.0       0.9046057078863
 2400.0       0.9079474992231
 2500.0       0.9112576934724
 2600.0       0.9145575231401
 2700.0       0.9178571401179
 2800.0       0.9211668568540
 2900.0       0.9244644911331
 3000.0       0.9277982086676
 3100.0       0.9311281928574
 3200.0       0.9344953564404
 3300.0       0.9378707227070
 3400.0       0.9412692260403
 3500.0       0.9447090170467
 3600.0       0.9481734045974
 3700.0       0.9516558267812
 3800.0       0.9551955537354
 3900.0       0.9587411912446
 4000.0       0.9623492486626
 4100.0       0.9659828468317
 4200.0       0.9696463328935
 4300.0       0.9733790033072
 4400.0       0.9771193669476
 4500.0       0.9809331000662
 4600.0       0.9847703418543
 4700.0       0.9886469634344
 4800.0       0.9926180605811
 4900.0       0.9965830291453
 5000.0       1.0006520144903
 5100.0       1.0046238064793
 5200.0       1.0089845290666
 5300.0       1.0129188481252
 5400.0       1.0174274755855
 5500.0       1.0215265164480
 5600.0       1.0260083720223
 5700.0       1.0303780878598
 5800.0       1.0349426554349
 5900.0       1.0393369254652
 6000.0       1.0443925975491
# P = 30.000000 (GPa)
    1.0      -0.6406741315691
  100.0       0.1599811671716
  200.0       0.3565939196782
  300.0       0.5757823060086
  400.0       0.6705683902248
  500.0       0.7357401063502
  600.0       0.7715316008729
  700.0       0.7964915209539
  800.0       0.8134695988855
  900.0       0.8261703697184
 1000.0       0.8359642102357
 1100.0       0.8438886485499
 1200.0       0.8505149614043
 1300.0       0.8562404370926
 1400.0       0.8613106138544
 1500.0       0.8659107120167
 1600.0       0.8701515758414
 1700.0       0.8741397718160
 1800.0       0.8779121305137
 1900.0       0.8815515140190
 2000.0       0.8850602096611
 2100.0       0.8884977503404
 2200.0       0.8918569567170
 2300.0       0.8951717236760
 2400.0       0.8984650213393
 2500.0       0.9017225524743
 2600.0       0.9049672017253
 2700.0       0.9082107498308
 2800.0       0.9114616975395
 2900.0       0.9146970095187
 3000.0       0.9179663803814
 3100.0       0.9212317328757
 3200.0       0.9245307711711
 3300.0       0.9278353231240
 3400.0       0.9311619133119
 3500.0       0.9345282221568
 3600.0       0.9379157095986
 3700.0       0.9413196417346
 3800.0       0.9447795468089
 3900.0       0.9482429576480
 4000.0       0.9517656403145
 4100.0       0.9553128585023
 4200.0       0.9588883063595
 4300.0       0.9625288838121
 4400.0       0.9661763130290
 4500.0       0.9698949455296
 4600.0       0.9736339635985
 4700.0       0.9774105101017
 4800.0       0.9812788143591
 4900.0       0.9851388547706
 5000.0       0.9890999281960
 5100.0       0.9929633894645
 5200.0       0.9972070579208
 5300.0       1.0010311275189
 5400.0       1.0054160716028
 5500.0       1.0093986099471
 5600.0       1.0137531794315
 5700.0       1.0179970865983
 5800.0       1.0224298976495
 5900.0       1.0266925452525
 6000.0       1.0316067042962
# P = 31.000000 (GPa)
    1.0      -0.5869551363801
  100.0       0.1399961712280
  200.0       0.3427869228193
  300.0       0.5630410565406
  400.0       0.6593180208697
  500.0       0.7252141694413
  600.0       0.7615299912653
  700.0       0.7868121611566
  800.0       0.8040120725334
  900.0       0.8168608845250
 1000.0       0.8267543712094
 1100.0       0.8347434033191
 1200.0       0.8414105143484
 1300.0       0.8471602988914
 1400.0       0.8522408301070
 1500.0       0.8568389537801
 1600.0       0.8610683294082
 1700.0       0.8650389798956
 1800.0       0.8687893172015
 1900.0       0.8724001628416
 2000.0       0.8758747627600
 2100.0       0.8792745820380
 2200.0       0.8825946288011
 2300.0       0.8858663648548
 2400.0       0.8891118685135
 2500.0       0.8923196242716
 2600.0       0.8955134730105
 2700.0       0.8987033862979
 2800.0       0.9018967982490
 2900.0       0.9050731542874
 3000.0       0.9082824012360
 3100.0       0.9114854573092
 3200.0       0.9147182791488
 3300.0       0.9179558988725
 3400.0       0.9212146169219
 3500.0       0.9245096794562
 3600.0       0.9278233780284
 3700.0       0.9311529087889
 3800.0       0.9345364979081
 3900.0       0.9379205532826
 4000.0       0.9413619003901
 4100.0       0.9448269471937
 4200.0       0.9483174888459
 4300.0       0.9518699370885
 4400.0       0.9554291132157
 4500.0       0.9590563269485
 4600.0       0.9627013095345
 4700.0       0.9663825466015
 4800.0       0.9701523533769
 4900.0       0.9739119757938
 5000.0       0.9777699400738
 5100.0       0.9815301472902
 5200.0       0.9856617016418
 5300.0       0.9893806691079
 5400.0       0.9936474812233
 5500.0       0.9975187164326
 5600.0       1.0017519434679
 5700.0       1.0058758607441
 5800.0       1.0101830053468
 5900.0       1.0143203122383
 6000.0       1.0190990729694
# P = 32.000000 (GPa)
    1.0      -0.5355670611024
  100.0       0.1201408145002
  200.0       0.3291028404714
  300.0       0.5504158668424
  400.0       0.6481664379946
  500.0       0.7147823238465
  600.0       0.7516217746300
  700.0       0.7772272720432
  800.0       0.7946487579842
  900.0       0.8076448481929
 1000.0       0.8176385070700
 1100.0       0.8256956013435
 1200.0       0.8324072148021
 1300.0       0.8381823769132
 1400.0       0.8432733070441
 1500.0       0.8478710953784
 1600.0       0.8520933156631
 1700.0       0.8560495978332
 1800.0       0.8597785077218
 1900.0       0.8633615031023
 2000.0       0.8668055937053
 2100.0       0.8701718616401
 2200.0       0.8734542063273
 2300.0       0.8766835934332
 2400.0       0.8798842780403
 2500.0       0.8830466483351
 2600.0       0.8861918021990
 2700.0       0.8893291045824
 2800.0       0.8924679526247
 2900.0       0.8955895482273
 3000.0       0.8987410825423
 3100.0       0.9018832119491
 3200.0       0.9050534899755
 3300.0       0.9082281965416
 3400.0       0.9114213057792
 3500.0       0.9146473273742
 3600.0       0.9178912242911
 3700.0       0.9211502777995
 3800.0       0.9244598673725
 3900.0       0.9277678617543
 4000.0       0.9311320445918
 4100.0       0.9345183668005
 4200.0       0.9379268783870
 4300.0       0.9413955941510
 4400.0       0.9448705859113
 4500.0       0.9484096786840
 4600.0       0.9519649451902
 4700.0       0.9555551640279
 4800.0       0.9592305547609
 4900.0       0.9628940923620
 5000.0       0.9666537016407
 5100.0       0.9703152044858
 5200.0       0.9743393221821
 5300.0       0.9779580989293
 5400.0       0.9821118874765
 5500.0       0.9858768778042
 5600.0       0.9899943243740
 5700.0       0.9940036281281
 5800.0       0.9981907621781
 5900.0       1.0022087861656
 6000.0       1.0068580012509
# P = 33.000000 (GPa)
    1.0      -0.4864510984971
  100.0       0.1004119141623
  200.0       0.3155383471471
  300.0       0.5379043114551
  400.0       0.6371137537685
  500.0       0.7044452407903
  600.0       0.7418048761193
  700.0       0.7677316052363
  800.0       0.7853740847526
  900.0       0.7985199702489
 1000.0       0.8086173738730
 1100.0       0.8167440558997
 1200.0       0.8235000198149
 1300.0       0.8293010407075
 1400.0       0.8344056897212
 1500.0       0.8390073003980
 1600.0       0.8432238832576
 1700.0       0.8471658909001
 1800.0       0.8508748184003
 1900.0       0.8544342536377
 2000.0       0.8578511585266
 2100.0       0.8611846007788
 2200.0       0.8644300027589
 2300.0       0.8676203911988
 2400.0       0.8707804984302
 2500.0       0.8738990671665
 2600.0       0.8769962385749
 2700.0       0.8800838952609
 2800.0       0.8831725229319
 2900.0       0.8862416097530
 3000.0       0.8893363889446
 3100.0       0.8924208424795
 3200.0       0.8955326692875
 3300.0       0.8986468082039
 3400.0       0.9017759445800
 3500.0       0.9049364842696
 3600.0       0.9081146641144
 3700.0       0.9113055364167
 3800.0       0.9145434822178
 3900.0       0.9177794943775
 4000.0       0.9210703091820
 4100.0       0.9243802201156
 4200.0       0.9277105039067
 4300.0       0.9310995455886
 4400.0       0.9344936129375
 4500.0       0.9379479813165
 4600.0       0.9414178088572
 4700.0       0.9449211342733
 4800.0       0.9485056083035
 4900.0       0.9520774655470
 5000.0       0.9557432526736
 5100.0       0.9593099279628
 5200.0       0.9632312364284
 5300.0       0.9667546424885
 5400.0       0.9708000843828
 5500.0       0.9744636696036
 5600.0       0.9784705043801
 5700.0       0.9823702335202
 5800.0       0.9864428522924
 5900.0       0.9903470697754
 6000.0       0.9948724437997
# P = 34.000000 (GPa)
    1.0      -0.4395612492609
  100.0       0.0808074081924
  200.0       0.3020920342142
  300.0       0.5255047322538
  400.0       0.6261563840545
  500.0       0.6941973052488
  600.0       0.7320741041487
  700.0       0.7583232275517
  800.0       0.7761891950413
  900.0       0.7894859670355
 1000.0       0.7996866265667
 1100.0       0.8078827659275
 1200.0       0.8146855570901
 1300.0       0.8205167082428
 1400.0       0.8256373502146
 1500.0       0.8302428537949
 1600.0       0.8344541522428
 1700.0       0.8383848821493
 1800.0       0.8420782527456
 1900.0       0.8456159732543
 2000.0       0.8490057060343
 2100.0       0.8523076466280
 2200.0       0.8555203469959
 2300.0       0.8586752644011
 2400.0       0.8617956125479
 2500.0       0.8648709811485
 2600.0       0.8679236381042
 2700.0       0.8709658884369
 2800.0       0.8740059319555
 2900.0       0.8770232692287
 3000.0       0.8800643701726
 3100.0       0.8830954301117
 3200.0       0.8861509257297
 3300.0       0.8892056815110
 3400.0       0.8922740394833
 3500.0       0.8953733602868
 3600.0       0.8984882506969
 3700.0       0.9016124412347
 3800.0       0.9047825076948
 3900.0       0.9079505992237
 4000.0       0.9111703382420
 4100.0       0.9144065043944
 4200.0       0.9176626729508
 4300.0       0.9209757590912
 4400.0       0.9242913105863
 4500.0       0.9276648817777
 4600.0       0.9310534301502
 4700.0       0.9344731174192
 4800.0       0.9379703056482
 4900.0       0.9414548107565
 5000.0       0.9450308002082
 5100.0       0.9485064414597
 5200.0       0.9523294732601
 5300.0       0.9557620736828
 5400.0       0.9597033281901
 5500.0       0.9632701374876
 5600.0       0.9671714030407
 5700.0       0.9709663213766
 5800.0       0.9749293634226
 5900.0       0.9787249990089
 6000.0       0.9831323916879
# P = 35.000000 (GPa)
    1.0      -0.3948457306095
  100.0       0.0613242225166
  200.0       0.2887596286132
  300.0       0.5132122653957
  400.0       0.6152908948327
  500.0       0.6840381396587
  600.0       0.7224310932305
  700.0       0.7490016549731
  800.0       0.7670897260408
  900.0       0.7805368224234
 1000.0       0.7908427546660
 1100.0       0.7991122456177
 1200.0       0.8059642905256
 1300.0       0.8118257004793
 1400.0       0.8169622372883
 1500.0       0.8215736396539
 1600.0       0.8257839656203
 1700.0       0.8297062765631
 1800.0       0.8333843863865
 1900.0       0.8369005592743
 2000.0       0.8402658907983
 2100.0       0.8435409036092
 2200.0       0.8467228566202
 2300.0       0.8498424685858
 2400.0       0.8529242806272
 2500.0       0.8559606218948
 2600.0       0.8589723549619
 2700.0       0.8619700611423
 2800.0       0.8649622718801
 2900.0       0.8679311792298
 3000.0       0.8709229037037
 3100.0       0.8739021583311
 3200.0       0.8769022227639
 3300.0       0.8799008117765
 3400.0       0.8829125738002
 3500.0       0.8859528713392
 3600.0       0.8890055569092
 3700.0       0.8920665969621
 3800.0       0.8951730271218
 3900.0       0.8982753457548
 4000.0       0.9014259309904
 4100.0       0.9045922495818
 4200.0       0.9077781872826
 4300.0       0.9110176750381
 4400.0       0.9142575807159
 4500.0       0.9175544582656
 4600.0       0.9208654125441
 4700.0       0.9242040223955
 4800.0       0.9276180908354
 4900.0       0.9310194418674
 5000.0       0.9345087748494
 5100.0       0.9378973862488
 5200.0       0.9416265673212
 5300.0       0.9449722675437
 5400.0       0.9488134420809
 5500.0       0.9522879662195
 5600.0       0.9560883177941
 5700.0       0.9597827767426
 5800.0       0.9636410653068
 5900.0       0.9673333643090
 6000.0       0.9716272302357
# P = 36.000000 (GPa)
    1.0      -0.3522531524628
  100.0       0.0419599184876
  200.0       0.2755401215107
  300.0       0.5010271578052
  400.0       0.6045176050836
  500.0       0.6739655529268
  600.0       0.7128705169061
  700.0       0.7397611776857
  800.0       0.7580729930956
  900.0       0.7716735869179
 1000.0       0.7820866247874
 1100.0       0.7904293463557
 1200.0       0.7973302017498
 1300.0       0.8032234184863
 1400.0       0.8083799338008
 1500.0       0.8130005157860
 1600.0       0.8172103638017
 1700.0       0.8211240882907
 1800.0       0.8247884936611
 1900.0       0.8282874067318
 2000.0       0.8316315855438
 2100.0       0.8348801193721
 2200.0       0.8380314796238
 2300.0       0.8411182674753
 2400.0       0.8441660193937
 2500.0       0.8471656549357
 2600.0       0.8501366854551
 2700.0       0.8530909843693
 2800.0       0.8560393526609
 2900.0       0.8589635231133
 3000.0       0.8619069181649
 3100.0       0.8648351256898
 3200.0       0.8677831441206
 3300.0       0.8707296626614
 3400.0       0.8736867398766
 3500.0       0.8766688279447
 3600.0       0.8796625160640
 3700.0       0.8826647196196
 3800.0       0.8857096049278
 3900.0       0.8887477191553
 4000.0       0.8918324147072
 4100.0       0.8949329532048
 4200.0       0.8980511227924
 4300.0       0.9012188707201
 4400.0       0.9043872817658
 4500.0       0.9076114490477
 4600.0       0.9108469424986
 4700.0       0.9141077689157
 4800.0       0.9174428080428
 4900.0       0.9207645851708
 5000.0       0.9241701484308
 5100.0       0.9274757989311
 5200.0       0.9311154632600
 5300.0       0.9343774700155
 5400.0       0.9381227810992
 5500.0       0.9415094563895
 5600.0       0.9452129413401
 5700.0       0.9488111837952
 5800.0       0.9525695249415
 5900.0       0.9561630330653
 6000.0       0.9603479600416
# P = 37.000000 (GPa)
    1.0      -0.3117406368270
  100.0       0.0227118348721
  200.0       0.2624299822007
  300.0       0.4889443932242
  400.0       0.5938311790266
  500.0       0.6639755213246
  600.0       0.7033916574130
  700.0       0.7306037205169
  800.0       0.7491393794042
  900.0       0.7628924987425
 1000.0       0.7734121025431
 1100.0       0.7818297389822
 1200.0       0.7887832886814
 1300.0       0.7947113538381
 1400.0       0.7998882707224
 1500.0       0.8045176029886
 1600.0       0.8087281129229
 1700.0       0.8126370814944
 1800.0       0.8162914921648
 1900.0       0.8197740972377
 2000.0       0.8230968650821
 2100.0       0.8263201036969
 2200.0       0.8294450373683
 2300.0       0.8325025514385
 2400.0       0.8355169577113
 2500.0       0.8384799011959
 2600.0       0.8414124604120
 2700.0       0.8443279505407
 2800.0       0.8472349535091
 2900.0       0.8501146902040
 3000.0       0.8530107711955
 3100.0       0.8558919481819
 3200.0       0.8587916802059
 3300.0       0.8616872234124
 3400.0       0.8645903807549
 3500.0       0.8675176581533
 3600.0       0.8704566347601
 3700.0       0.8734016639270
 3800.0       0.8763860776287
 3900.0       0.8793631618564
 4000.0       0.8823863077357
 4100.0       0.8854233756049
 4200.0       0.8884750179206
 4300.0       0.8915748665303
 4400.0       0.8946758162637
 4500.0       0.8978294353311
 4600.0       0.9009917636383
 4700.0       0.9041788723896
 4800.0       0.9074388232924
 4900.0       0.9106832319689
 5000.0       0.9140085877440
 5100.0       0.9172354528557
 5200.0       0.9207891322176
 5300.0       0.9239704625395
 5400.0       0.9276242207219
 5500.0       0.9309272587928
 5600.0       0.9345372714407
 5700.0       0.9380437237157
 5800.0       0.9417066253833
 5900.0       0.9452052646544
 6000.0       0.9492858047715
# P = 38.000000 (GPa)
    1.0      -0.2732618418906
  100.0       0.0035774618267
  200.0       0.2494273508970
  300.0       0.4769635516997
  400.0       0.5832328080846
  500.0       0.6540691745918
  600.0       0.6939928823210
  700.0       0.7215241096819
  800.0       0.7402829723789
  900.0       0.7541906272891
 1000.0       0.7648202971128
 1100.0       0.7733149684470
 1200.0       0.7803211732112
 1300.0       0.7862835651662
 1400.0       0.7914820224366
 1500.0       0.7961238313856
 1600.0       0.8003386899513
 1700.0       0.8042438370235
 1800.0       0.8078878441997
 1900.0       0.8113548571748
 2000.0       0.8146597514634
 2100.0       0.8178617967846
 2200.0       0.8209615201740
 2300.0       0.8239894678036
 2400.0       0.8269716178805
 2500.0       0.8299017321773
 2600.0       0.8327996399996
 2700.0       0.8356771857636
 2800.0       0.8385428942211
 2900.0       0.8413802708268
 3000.0       0.8442335215148
 3100.0       0.8470703411836
 3200.0       0.8499221329191
 3300.0       0.8527678224952
 3400.0       0.8556208920124
 3500.0       0.8584972366037
 3600.0       0.8613826994043
 3700.0       0.8642713816616
 3800.0       0.8671987060032
 3900.0       0.8701188491842
 4000.0       0.8730824557049
 4100.0       0.8760571741837
 4200.0       0.8790455971277
 4300.0       0.8820817611347
 4400.0       0.8851173651095
 4500.0       0.8882020741363
 4600.0       0.8912950641828
 4700.0       0.8944125381095
 4800.0       0.8975996085575
 4900.0       0.9007691546048
 5000.0       0.9040183400171
 5100.0       0.9071703762584
 5200.0       0.9106404457429
 5300.0       0.9137446112244
 5400.0       0.9173113656810
 5500.0       0.9205340023308
 5600.0       0.9240540233599
 5700.0       0.9274729132613
 5800.0       0.9310445311885
 5900.0       0.9344521951530
 6000.0       0.9384325266357
# P = 39.000000 (GPa)
    1.0      -0.2367833954219
  100.0      -0.0154453869980
  200.0       0.2365299647024
  300.0       0.4650813220071
  400.0       0.5727176226984
  500.0       0.6442408196028
  600.0       0.6846702279316
  700.0       0.7125219724781
  800.0       0.7315059583362
  900.0       0.7455686986091
 1000.0       0.7563075700803
 1100.0       0.7648788281524
 1200.0       0.7719393851926
 1300.0       0.7779399260470
 1400.0       0.7831630500390
 1500.0       0.7878179066987
 1600.0       0.7920365553479
 1700.0       0.7959385510054
 1800.0       0.7995755351900
 1900.0       0.8030309638515
 2000.0       0.8063194522941
 2100.0       0.8095000124446
 2200.0       0.8125748917913
 2300.0       0.8155764744905
 2400.0       0.8185305541986
 2500.0       0.8214294810939
 2600.0       0.8242926626700
 2700.0       0.8271329190022
 2800.0       0.8299610210706
 2900.0       0.8327600771865
 3000.0       0.8355716042441
 3100.0       0.8383640834805
 3200.0       0.8411699374790
 3300.0       0.8439701267595
 3400.0       0.8467759387285
 3500.0       0.8496019223356
 3600.0       0.8524348435520
 3700.0       0.8552710303350
 3800.0       0.8581451203419
 3900.0       0.8610097666310
 4000.0       0.8639146526283
 4100.0       0.8668302625419
 4200.0       0.8697598650630
 4300.0       0.8727341377881
 4400.0       0.8757056450593
 4500.0       0.8787249702140
 4600.0       0.8817527477481
 4700.0       0.8848028065711
 4800.0       0.8879187337976
 4900.0       0.8910172524681
 5000.0       0.8941943874391
 5100.0       0.8972738552662
 5200.0       0.9006630240654
 5300.0       0.9036941794743
 5400.0       0.9071777788866
 5500.0       0.9103225097860
 5600.0       0.9137564008241
 5700.0       0.9170919460539
 5800.0       0.9205759295077
 5900.0       0.9238960753927
 6000.0       0.9277804577173
# P = 40.000000 (GPa)
    1.0      -0.2022602715924
  100.0      -0.0343590068085
  200.0       0.2237350549647
  300.0       0.4532955674892
  400.0       0.5622857556851
  500.0       0.6344922879548
  600.0       0.6754250404423
  700.0       0.7035953454711
  800.0       0.7228028932710
  900.0       0.7370209078386
 1000.0       0.7478713852433
 1100.0       0.7565227620388
 1200.0       0.7636397043281
 1300.0       0.7696782243569
 1400.0       0.7749253935863
 1500.0       0.7795943578734
 1600.0       0.7838203889917
 1700.0       0.7877229939941
 1800.0       0.7913541647354
 1900.0       0.7947974972540
 2000.0       0.7980697860816
 2100.0       0.8012317474271
 2200.0       0.8042859757738
 2300.0       0.8072633374473
 2400.0       0.8101890448770
 2500.0       0.8130569631573
 2600.0       0.8158881445993
 2700.0       0.8186954478806
 2800.0       0.8214880659490
 2900.0       0.8242487049132
 3000.0       0.8270189666607
 3100.0       0.8297705831350
 3200.0       0.8325347959922
 3300.0       0.8352907454041
 3400.0       0.8380494033315
 3500.0       0.8408267539013
 3600.0       0.8436114913655
 3700.0       0.8463982665009
 3800.0       0.8492197864382
 3900.0       0.8520298364039
 4000.0       0.8548798108018
 4100.0       0.8577403033857
 4200.0       0.8606124000762
 4300.0       0.8635258557329
 4400.0       0.8664366274326
 4500.0       0.8693947596097
 4600.0       0.8723593471656
 4700.0       0.8753432498136
 4800.0       0.8783915849225
 4900.0       0.8814232766681
 5000.0       0.8845306672416
 5100.0       0.8875392925852
 5200.0       0.8908516689501
 5300.0       0.8938139004549
 5400.0       0.8972165243361
 5500.0       0.9002862327205
 5600.0       0.9036383031359
 5700.0       0.9068943903852
 5800.0       0.9102933715134
 5900.0       0.9135295983757
 6000.0       0.9173239924956
