# V (a.u.^3)  Helmholtz Free Energy (Ry.)
# T= 0.000000 K
 188.4475     -0.867058221
 183.1165     -0.873068662
 177.8865     -0.877889790
 172.7240     -0.881455158
 167.6965     -0.883538492
 162.7700     -0.883903030
 153.2210     -0.879069198
 144.0095     -0.865038470
 135.2030     -0.839972779
 126.7675     -0.801247549
 118.6695     -0.746169975
 110.9430     -0.671313492
# T= 100.000000 K
 188.4475     -0.867304702
 183.1165     -0.873298274
 177.8865     -0.878102104
 172.7240     -0.881653312
 167.6965     -0.883727087
 162.7700     -0.884077426
 153.2210     -0.879235715
 144.0095     -0.865195436
 135.2030     -0.840144539
 126.7675     -0.801433687
 118.6695     -0.746391446
 110.9430     -0.671625177
# T= 200.000000 K
 188.4475     -0.868734230
 183.1165     -0.874658154
 177.8865     -0.879390375
 172.7240     -0.882878949
 167.6965     -0.884904969
 162.7700     -0.885195081
 153.2210     -0.880293381
 144.0095     -0.866193923
 135.2030     -0.841156730
 126.7675     -0.802459278
 118.6695     -0.747480182
 110.9430     -0.672868285
# T= 300.000000 K
 188.4475     -0.871400342
 183.1165     -0.877220645
 177.8865     -0.881844587
 172.7240     -0.885233429
 167.6965     -0.887180406
 162.7700     -0.887371076
 153.2210     -0.882348992
 144.0095     -0.868132295
 135.2030     -0.843065947
 126.7675     -0.804342090
 118.6695     -0.749395188
 110.9430     -0.674910139
# T= 400.000000 K
 188.4475     -0.875094312
 183.1165     -0.880794542
 177.8865     -0.885291818
 172.7240     -0.888560344
 167.6965     -0.890411073
 162.7700     -0.890479855
 153.2210     -0.885297832
 144.0095     -0.870922795
 135.2030     -0.845788392
 126.7675     -0.806999032
 118.6695     -0.752046742
 110.9430     -0.677650279
# T= 500.000000 K
 188.4475     -0.879630261
 183.1165     -0.885202254
 177.8865     -0.889563624
 172.7240     -0.892700521
 167.6965     -0.894446086
 162.7700     -0.894380877
 153.2210     -0.889016206
 144.0095     -0.874458433
 135.2030     -0.849230196
 126.7675     -0.810348068
 118.6695     -0.755361466
 110.9430     -0.681021888
# T= 600.000000 K
 188.4475     -0.884868991
 183.1165     -0.890308311
 177.8865     -0.894528747
 172.7240     -0.897527244
 167.6965     -0.899162778
 162.7700     -0.898956673
 153.2210     -0.893395914
 144.0095     -0.878640934
 135.2030     -0.853302403
 126.7675     -0.814309688
 118.6695     -0.759268648
 110.9430     -0.684962779
# T= 700.000000 K
 188.4475     -0.890707240
 183.1165     -0.896011279
 177.8865     -0.900087835
 172.7240     -0.902943526
 167.6965     -0.904466214
 162.7700     -0.904115001
 153.2210     -0.898349729
 144.0095     -0.883388622
 135.2030     -0.857928979
 126.7675     -0.818813886
 118.6695     -0.763704437
 110.9430     -0.689415606
# T= 800.000000 K
 188.4475     -0.897066722
 183.1165     -0.902233851
 177.8865     -0.906164699
 172.7240     -0.908874505
 167.6965     -0.910282648
 162.7700     -0.909783606
 153.2210     -0.903808249
 144.0095     -0.888635283
 135.2030     -0.863047127
 126.7675     -0.823801607
 118.6695     -0.768613806
 110.9430     -0.694329806
# T= 900.000000 K
 188.4475     -0.903886530
 183.1165     -0.908915681
 177.8865     -0.912699640
 172.7240     -0.915261290
 167.6965     -0.916553827
 162.7700     -0.915905117
 153.2210     -0.909715815
 144.0095     -0.894327181
 135.2030     -0.868605243
 126.7675     -0.829223619
 118.6695     -0.773950166
 110.9430     -0.699661819
# T= 1000.000000 K
 188.4475     -0.911118131
 183.1165     -0.916008582
 177.8865     -0.919644862
 172.7240     -0.922056603
 167.6965     -0.923232866
 162.7700     -0.922433196
 153.2210     -0.916027172
 144.0095     -0.900420267
 135.2030     -0.874560664
 126.7675     -0.835038808
 118.6695     -0.779674181
 110.9430     -0.705374393
# T= 1100.000000 K
 188.4475     -0.918722042
 183.1165     -0.923473291
 177.8865     -0.926961355
 172.7240     -0.929221785
 167.6965     -0.930281352
 162.7700     -0.929329786
 153.2210     -0.922704977
 144.0095     -0.906877985
 135.2030     -0.880877771
 126.7675     -0.841212600
 118.6695     -0.785752507
 110.9430     -0.711435650
# T= 1200.000000 K
 188.4475     -0.926665564
 183.1165     -0.931277255
 177.8865     -0.934616731
 172.7240     -0.936724698
 167.6965     -0.937667308
 162.7700     -0.936563154
 153.2210     -0.929717986
 144.0095     -0.913669621
 135.2030     -0.887526499
 126.7675     -0.847715658
 118.6695     -0.792156681
 110.9430     -0.717818186
# T= 1300.000000 K
 188.4475     -0.934921197
 183.1165     -0.939393075
 177.8865     -0.942583706
 172.7240     -0.944538238
 167.6965     -0.945363741
 162.7700     -0.944106475
 153.2210     -0.937039720
 144.0095     -0.920769066
 135.2030     -0.894481204
 126.7675     -0.854522857
 118.6695     -0.798862216
 110.9430     -0.724498297
# T= 1400.000000 K
 188.4475     -0.943465513
 183.1165     -0.947797393
 177.8865     -0.950839003
 172.7240     -0.952639264
 167.6965     -0.953347583
 162.7700     -0.951936802
 153.2210     -0.944647483
 144.0095     -0.928153884
 135.2030     -0.901719796
 126.7675     -0.861612486
 118.6695     -0.805847876
 110.9430     -0.731455341
# T= 1500.000000 K
 188.4475     -0.952278317
 183.1165     -0.956470067
 177.8865     -0.959362536
 172.7240     -0.961007796
 167.6965     -0.961598909
 162.7700     -0.960034297
 153.2210     -0.952521623
 144.0095     -0.935804616
 135.2030     -0.909223071
 126.7675     -0.868965626
 118.6695     -0.813095104
 110.9430     -0.738671218
# T= 1600.000000 K
 188.4475     -0.961342032
 183.1165     -0.965393558
 177.8865     -0.968136808
 172.7240     -0.969626421
 167.6965     -0.970100342
 162.7700     -0.968381652
 153.2210     -0.960644973
 144.0095     -0.943704231
 135.2030     -0.916974198
 126.7675     -0.876565661
 118.6695     -0.820587568
 110.9430     -0.746129954
# T= 1700.000000 K
 188.4475     -0.970641225
 183.1165     -0.974552459
 177.8865     -0.977146444
 172.7240     -0.978479830
 167.6965     -0.978836600
 162.7700     -0.976963634
 153.2210     -0.969002410
 144.0095     -0.951837713
 135.2030     -0.924958314
 126.7675     -0.884397894
 118.6695     -0.828310793
 110.9430     -0.753817361
# T= 1800.000000 K
 188.4475     -0.980162236
 183.1165     -0.983933134
 177.8865     -0.986377829
 172.7240     -0.987554465
 167.6965     -0.987794144
 162.7700     -0.985766744
 153.2210     -0.977580521
 144.0095     -0.960191727
 135.2030     -0.933162207
 126.7675     -0.892449245
 118.6695     -0.836251876
 110.9430     -0.761720771
# T= 1900.000000 K
 188.4475     -0.989892896
 183.1165     -0.993523429
 177.8865     -0.995818828
 172.7240     -0.996838236
 167.6965     -0.996960898
 162.7700     -0.994778936
 153.2210     -0.986367326
 144.0095     -0.968754354
 135.2030     -0.941574057
 126.7675     -0.900707998
 118.6695     -0.844399248
 110.9430     -0.769828803
# T= 2000.000000 K
 188.4475     -0.999822294
 183.1165     -1.003312444
 177.8865     -1.005458555
 172.7240     -1.006320296
 167.6965     -1.006326025
 162.7700     -1.003989398
 153.2210     -0.995352069
 144.0095     -0.977514885
 135.2030     -0.950183234
 126.7675     -0.909163606
 118.6695     -0.852742481
 110.9430     -0.778131191
# T= 2100.000000 K
 188.4475     -1.009940591
 183.1165     -1.013290354
 177.8865     -1.015287194
 172.7240     -1.015990860
 167.6965     -1.015879748
 162.7700     -1.013388372
 153.2210     -1.004525037
 144.0095     -0.986463643
 135.2030     -0.958980127
 126.7675     -0.917806527
 118.6695     -0.861272133
 110.9430     -0.786618625
# T= 2200.000000 K
 188.4475     -1.020238876
 183.1165     -1.023448252
 177.8865     -1.025295846
 172.7240     -1.025841060
 167.6965     -1.025613202
 162.7700     -1.022967010
 153.2210     -1.013877417
 144.0095     -0.995591843
 135.2030     -0.967956008
 126.7675     -0.926628088
 118.6695     -0.869979613
 110.9430     -0.795282629
# T= 2300.000000 K
 188.4475     -1.030709034
 183.1165     -1.033778031
 177.8865     -1.035476411
 172.7240     -1.035862818
 167.6965     -1.035518313
 162.7700     -1.032717249
 153.2210     -1.023401179
 144.0095     -1.004891480
 135.2030     -0.977102915
 126.7675     -0.935620374
 118.6695     -0.878857079
 110.9430     -0.804115457
# T= 2400.000000 K
 188.4475     -1.041343650
 183.1165     -1.044272279
 177.8865     -1.045821481
 172.7240     -1.046048750
 167.6965     -1.045587700
 162.7700     -1.042631719
 153.2210     -1.033088978
 144.0095     -1.014355221
 135.2030     -0.986413557
 126.7675     -0.944776132
 118.6695     -0.887897339
 110.9430     -0.813110003
# T= 2500.000000 K
 188.4475     -1.052135917
 183.1165     -1.054924196
 177.8865     -1.056324259
 172.7240     -1.056392077
 167.6965     -1.055814584
 162.7700     -1.052703651
 153.2210     -1.042934065
 144.0095     -1.023976336
 135.2030     -0.995881236
 126.7675     -0.954088697
 118.6695     -0.897093779
 110.9430     -0.822259725
# T= 2600.000000 K
 188.4475     -1.063079572
 183.1165     -1.065727518
 177.8865     -1.066978485
 172.7240     -1.066886555
 167.6965     -1.066192723
 162.7700     -1.062926809
 153.2210     -1.052930223
 144.0095     -1.033748618
 135.2030     -1.005499773
 126.7675     -0.963551917
 118.6695     -0.906440294
 110.9430     -0.831558583
# T= 2700.000000 K
 188.4475     -1.074168825
 183.1165     -1.076676460
 177.8865     -1.077778375
 172.7240     -1.077526418
 167.6965     -1.076716349
 162.7700     -1.073295432
 153.2210     -1.063071707
 144.0095     -1.043666327
 135.2030     -1.015263455
 126.7675     -0.973160103
 118.6695     -0.915931234
 110.9430     -0.841000986
# T= 2800.000000 K
 188.4475     -1.085398313
 183.1165     -1.087765661
 177.8865     -1.088718569
 172.7240     -1.088306317
 167.6965     -1.087380115
 162.7700     -1.083804176
 153.2210     -1.073353188
 144.0095     -1.053724144
 135.2030     -1.025166983
 126.7675     -0.982907976
 118.6695     -0.925561356
 110.9430     -0.850581739
# T= 2900.000000 K
 188.4475     -1.096763054
 183.1165     -1.098990139
 177.8865     -1.099794089
 172.7240     -1.099221286
 167.6965     -1.098179052
 162.7700     -1.094448079
 153.2210     -1.083769714
 144.0095     -1.063917120
 135.2030     -1.035205428
 126.7675     -0.992790624
 118.6695     -0.935325780
 110.9430     -0.860296007
# T= 3000.000000 K
 188.4475     -1.108258405
 183.1165     -1.110345254
 177.8865     -1.111000292
 172.7240     -1.110266696
 167.6965     -1.109108530
 162.7700     -1.105222514
 153.2210     -1.094316668
 144.0095     -1.074240644
 135.2030     -1.045374195
 126.7675     -1.002803468
 118.6695     -0.945219952
 110.9430     -0.870139279
# T= 3100.000000 K
 188.4475     -1.119880033
 183.1165     -1.121826672
 177.8865     -1.122332847
 172.7240     -1.121438224
 167.6965     -1.120164226
 162.7700     -1.116123161
 153.2210     -1.104989739
 144.0095     -1.084690407
 135.2030     -1.055668990
 126.7675     -1.012942226
 118.6695     -0.955239617
 110.9430     -0.880107335
# T= 3200.000000 K
 188.4475     -1.131623880
 183.1165     -1.133430338
 177.8865     -1.133787697
 172.7240     -1.132731824
 167.6965     -1.131342092
 162.7700     -1.127145974
 153.2210     -1.115784890
 144.0095     -1.095262372
 135.2030     -1.066085791
 126.7675     -1.023202887
 118.6695     -0.965380787
 110.9430     -0.890196220
# T= 3300.000000 K
 188.4475     -1.143486143
 183.1165     -1.145152446
 177.8865     -1.145361040
 172.7240     -1.144143700
 167.6965     -1.142638332
 162.7700     -1.138287159
 153.2210     -1.126698333
 144.0095     -1.105952756
 135.2030     -1.076620823
 126.7675     -1.033581688
 118.6695     -0.975639718
 110.9430     -0.900402222
# T= 3400.000000 K
 188.4475     -1.155463246
 183.1165     -1.156989423
 177.8865     -1.157049299
 172.7240     -1.155670286
 167.6965     -1.154049377
 162.7700     -1.149543149
 153.2210     -1.137726508
 144.0095     -1.116757997
 135.2030     -1.087270539
 126.7675     -1.044075089
 118.6695     -0.986012888
 110.9430     -0.910721845
# T= 3500.000000 K
 188.4475     -1.167551822
 183.1165     -1.168937903
 177.8865     -1.168849108
 172.7240     -1.167308222
 167.6965     -1.165571866
 162.7700     -1.160910586
 153.2210     -1.148866062
 144.0095     -1.127674743
 135.2030     -1.098031594
 126.7675     -1.054679755
 118.6695     -0.996496978
 110.9430     -0.921151796
# T= 3600.000000 K
 188.4475     -1.179748698
 183.1165     -1.180994710
 177.8865     -1.180757294
 172.7240     -1.179054342
 167.6965     -1.177202631
 162.7700     -1.172386303
 153.2210     -1.160113833
 144.0095     -1.138699833
 135.2030     -1.108900835
 126.7675     -1.065392537
 118.6695     -1.007088858
 110.9430     -0.931688968
# T= 3700.000000 K
 188.4475     -1.192050875
 183.1165     -1.193156847
 177.8865     -1.192770857
 172.7240     -1.190905651
 167.6965     -1.188938677
 162.7700     -1.183967306
 153.2210     -1.171466830
 144.0095     -1.149830275
 135.2030     -1.119875281
 126.7675     -1.076210462
 118.6695     -1.017785564
 110.9430     -0.942330420
# T= 3800.000000 K
 188.4475     -1.204455513
 183.1165     -1.205421475
 177.8865     -1.204886958
 172.7240     -1.202859318
 167.6965     -1.200777170
 162.7700     -1.195650761
 153.2210     -1.182922226
 144.0095     -1.161063241
 135.2030     -1.130952110
 126.7675     -1.087130713
 118.6695     -1.028584295
 110.9430     -0.953073368
# T= 3900.000000 K
 188.4475     -1.216959925
 183.1165     -1.217785905
 177.8865     -1.217102908
 172.7240     -1.214912659
 167.6965     -1.212715425
 162.7700     -1.207433986
 153.2210     -1.194477339
 144.0095     -1.172396051
 135.2030     -1.142128646
 126.7675     -1.098150619
 118.6695     -1.039482391
 110.9430     -0.963915174
# T= 4000.000000 K
 188.4475     -1.229561559
 183.1165     -1.230247585
 177.8865     -1.229416154
 172.7240     -1.227063127
 167.6965     -1.224750893
 162.7700     -1.219314431
 153.2210     -1.206129626
 144.0095     -1.183826157
 135.2030     -1.153402350
 126.7675     -1.109267646
 118.6695     -1.050477329
 110.9430     -0.974853329
# T= 4100.000000 K
 188.4475     -1.242257991
 183.1165     -1.242804092
 177.8865     -1.241824273
 172.7240     -1.239308302
 167.6965     -1.236881153
 162.7700     -1.231289677
 153.2210     -1.217876667
 144.0095     -1.195351141
 135.2030     -1.164770809
 126.7675     -1.120479384
 118.6695     -1.061566709
 110.9430     -0.985885451
# T= 4200.000000 K
 188.4475     -1.255046913
 183.1165     -1.255453117
 177.8865     -1.254324955
 172.7240     -1.251645880
 167.6965     -1.249103900
 162.7700     -1.243357419
 153.2210     -1.229716162
 144.0095     -1.206968702
 135.2030     -1.176231726
 126.7675     -1.131783540
 118.6695     -1.072748248
 110.9430     -0.997009271
# T= 4300.000000 K
 188.4475     -1.267926129
 183.1165     -1.268192463
 177.8865     -1.266916004
 172.7240     -1.264073668
 167.6965     -1.261416939
 162.7700     -1.255515462
 153.2210     -1.241645919
 144.0095     -1.218676645
 135.2030     -1.187782912
 126.7675     -1.143177928
 118.6695     -1.084019769
 110.9430     -1.008222626
# T= 4400.000000 K
 188.4475     -1.280893543
 183.1165     -1.281020036
 177.8865     -1.279595323
 172.7240     -1.276589575
 167.6965     -1.273818178
 162.7700     -1.267761715
 153.2210     -1.253663847
 144.0095     -1.230472880
 135.2030     -1.199422279
 126.7675     -1.154660465
 118.6695     -1.095379195
 110.9430     -1.019523454
# T= 4500.000000 K
 188.4475     -1.293947154
 183.1165     -1.293933834
 177.8865     -1.292360910
 172.7240     -1.289191602
 167.6965     -1.286305616
 162.7700     -1.280094178
 153.2210     -1.265767950
 144.0095     -1.242355407
 135.2030     -1.211147835
 126.7675     -1.166229158
 118.6695     -1.106824543
 110.9430     -1.030909783
# T= 4600.000000 K
 188.4475     -1.307085052
 183.1165     -1.306931945
 177.8865     -1.305210854
 172.7240     -1.301877842
 167.6965     -1.298877345
 162.7700     -1.292510941
 153.2210     -1.277956320
 144.0095     -1.254322319
 135.2030     -1.222957674
 126.7675     -1.177882106
 118.6695     -1.118353918
 110.9430     -1.042379729
# T= 4700.000000 K
 188.4475     -1.320305407
 183.1165     -1.320012540
 177.8865     -1.318143324
 172.7240     -1.314646467
 167.6965     -1.311531536
 162.7700     -1.305010178
 153.2210     -1.290227131
 144.0095     -1.266371788
 135.2030     -1.234849972
 126.7675     -1.189617487
 118.6695     -1.129965505
 110.9430     -1.053931489
# T= 4800.000000 K
 188.4475     -1.333606467
 183.1165     -1.333173867
 177.8865     -1.331156569
 172.7240     -1.327495729
 167.6965     -1.324266440
 162.7700     -1.317590139
 153.2210     -1.302578634
 144.0095     -1.278502065
 135.2030     -1.246822983
 126.7675     -1.201433556
 118.6695     -1.141657566
 110.9430     -1.065563335
# T= 4900.000000 K
 188.4475     -1.346986555
 183.1165     -1.346414249
 177.8865     -1.344248908
 172.7240     -1.340423952
 167.6965     -1.337080378
 162.7700     -1.330249146
 153.2210     -1.315009156
 144.0095     -1.290711472
 135.2030     -1.258875033
 126.7675     -1.213328642
 118.6695     -1.153428435
 110.9430     -1.077273612
# T= 5000.000000 K
 188.4475     -1.360444061
 183.1165     -1.359732073
 177.8865     -1.357418732
 172.7240     -1.353429528
 167.6965     -1.349971743
 162.7700     -1.342985590
 153.2210     -1.327517086
 144.0095     -1.302998400
 135.2030     -1.271004516
 126.7675     -1.225301140
 118.6695     -1.165276513
 110.9430     -1.089060730
# T= 5100.000000 K
 188.4475     -1.373977437
 183.1165     -1.373125795
 177.8865     -1.370664493
 172.7240     -1.366510912
 167.6965     -1.362938988
 162.7700     -1.355797927
 153.2210     -1.340100883
 144.0095     -1.315361305
 135.2030     -1.283209890
 126.7675     -1.237349510
 118.6695     -1.177200265
 110.9430     -1.100923162
# T= 5200.000000 K
 188.4475     -1.387585200
 183.1165     -1.386593928
 177.8865     -1.383984706
 172.7240     -1.379666623
 167.6965     -1.375980630
 162.7700     -1.368684671
 153.2210     -1.352759063
 144.0095     -1.327798702
 135.2030     -1.295489672
 126.7675     -1.249472270
 118.6695     -1.189198216
 110.9430     -1.112859441
# T= 5300.000000 K
 188.4475     -1.401265920
 183.1165     -1.400135044
 177.8865     -1.397377940
 172.7240     -1.392895232
 167.6965     -1.389095240
 162.7700     -1.381644396
 153.2210     -1.365490198
 144.0095     -1.340309163
 135.2030     -1.307842437
 126.7675     -1.261667997
 118.6695     -1.201268945
 110.9430     -1.124868156
# T= 5400.000000 K
 188.4475     -1.415018223
 183.1165     -1.413747767
 177.8865     -1.410842820
 172.7240     -1.406195368
 167.6965     -1.402281444
 162.7700     -1.394675727
 153.2210     -1.378292917
 144.0095     -1.352891313
 135.2030     -1.320266813
 126.7675     -1.273935319
 118.6695     -1.213411087
 110.9430     -1.136947948
# T= 5500.000000 K
 188.4475     -1.428840785
 183.1165     -1.427430774
 177.8865     -1.424378022
 172.7240     -1.419565707
 167.6965     -1.415537920
 162.7700     -1.407777342
 153.2210     -1.391165896
 144.0095     -1.365543830
 135.2030     -1.332761479
 126.7675     -1.286272917
 118.6695     -1.225623326
 110.9430     -1.149097509
# T= 5600.000000 K
 188.4475     -1.442732330
 183.1165     -1.441182789
 177.8865     -1.437982269
 172.7240     -1.433004975
 167.6965     -1.428863392
 162.7700     -1.420947964
 153.2210     -1.404107862
 144.0095     -1.378265436
 135.2030     -1.345325161
 126.7675     -1.298679517
 118.6695     -1.237904393
 110.9430     -1.161315578
# T= 5700.000000 K
 188.4475     -1.456691628
 183.1165     -1.455002581
 177.8865     -1.451654331
 172.7240     -1.446511945
 167.6965     -1.442256630
 162.7700     -1.434186364
 153.2210     -1.417117586
 144.0095     -1.391054903
 135.2030     -1.357956630
 126.7675     -1.311153893
 118.6695     -1.250253064
 110.9430     -1.173600937
# T= 5800.000000 K
 188.4475     -1.470717492
 183.1165     -1.468888962
 177.8865     -1.465393018
 172.7240     -1.460085429
 167.6965     -1.455716447
 162.7700     -1.447491356
 153.2210     -1.430193881
 144.0095     -1.403911042
 135.2030     -1.370654702
 126.7675     -1.323694860
 118.6695     -1.262668160
 110.9430     -1.185952412
# T= 5900.000000 K
 188.4475     -1.484808776
 183.1165     -1.482840786
 177.8865     -1.479197184
 172.7240     -1.473724284
 167.6965     -1.469241697
 162.7700     -1.460861792
 153.2210     -1.443335602
 144.0095     -1.416832708
 135.2030     -1.383418230
 126.7675     -1.336301274
 118.6695     -1.275148538
 110.9430     -1.198368868
# T= 6000.000000 K
 188.4475     -1.498964372
 183.1165     -1.496856946
 177.8865     -1.493065721
 172.7240     -1.487427401
 167.6965     -1.482831274
 162.7700     -1.474296567
 153.2210     -1.456541642
 144.0095     -1.429818792
 135.2030     -1.396246110
 126.7675     -1.348972028
 118.6695     -1.287693099
 110.9430     -1.210849211
