#T (K)      V (a.u.^3)
# P= 0.000000 GPa
    0.0     164.3765426325319
  100.0     164.4039573803869
  200.0     164.5328912765581
  300.0     164.7539751215424
  400.0     165.0328815376877
  500.0     165.3463820270298
  600.0     165.6823889912415
  700.0     166.0345890005678
  800.0     166.3995230940560
  900.0     166.7752090451237
 1000.0     167.1604767356655
 1100.0     167.5546284025348
 1200.0     167.9572571103759
 1300.0     168.3681425222447
 1400.0     168.7871899218748
 1500.0     169.2143929664271
 1600.0     169.6498099142241
 1700.0     170.0935481323957
 1800.0     170.5457531474719
 1900.0     171.0066043062603
 2000.0     171.4763066071327
 2100.0     171.9550916843188
 2200.0     172.4432111612264
 2300.0     172.9409409057806
 2400.0     173.4485764790653
 2500.0     173.9664319436181
 2600.0     174.4948453666130
 2700.0     175.0341750776280
 2800.0     175.5848003291886
 2900.0     176.1471228272844
 3000.0     176.7215713361030
 3100.0     177.3085952422868
 3200.0     177.9086742286347
 3300.0     178.5223140726295
 3400.0     179.1500531728168
 3500.0     179.7924624117414
 3600.0     180.4501444608655
 3700.0     181.1237411011734
 3800.0     181.8139352861366
 3900.0     182.5214522624892
 4000.0     183.2470665574385
 4100.0     183.9916003899426
 4200.0     184.7559321319552
 4300.0     185.5410054061787
 4400.0     186.3478202312210
 4500.0     187.1774554346217
 4600.0     188.0310678362806
 4700.0     188.9098881343616
 4800.0     189.8151929022257
 4900.0     190.7482948920224
 5000.0     191.7105577883733
 5100.0     192.7034088290629
 5200.0     193.7283088004624
 5300.0     194.7867444917365
 5400.0     195.8803367043474
 5500.0     197.0106601963080
 5600.0     198.1793477115243
 5700.0     199.3883218753235
 5800.0     200.6391942463124
 5900.0     201.9339577764586
 6000.0     203.2744105996862
# P= 1.000000 GPa
    0.0     163.4797962426150
  100.0     163.5057755932157
  200.0     163.6284963218926
  300.0     163.8403790205471
  400.0     164.1086806380169
  500.0     164.4108025905481
  600.0     164.7348891837742
  700.0     165.0747208895566
  800.0     165.4268776900169
  900.0     165.7893932482053
 1000.0     166.1610999646998
 1100.0     166.5412969035347
 1200.0     166.9295683768744
 1300.0     167.3256836694669
 1400.0     167.7295341299391
 1500.0     168.1410990350053
 1600.0     168.5604192395888
 1700.0     168.9875846495198
 1800.0     169.4227206679546
 1900.0     169.8659859757752
 2000.0     170.3175630467437
 2100.0     170.7776592263107
 2200.0     171.2465012942986
 2300.0     171.7243370809028
 2400.0     172.2114335842973
 2500.0     172.7080741539604
 2600.0     173.2145633195735
 2700.0     173.7312246710214
 2800.0     174.2583999169490
 2900.0     174.7964504752277
 3000.0     175.3457622066633
 3100.0     175.9067390242489
 3200.0     176.4798110296042
 3300.0     177.0654315368297
 3400.0     177.6640821924730
 3500.0     178.2762730016081
 3600.0     178.9025412061494
 3700.0     179.5434580509205
 3800.0     180.1996304163312
 3900.0     180.8717011424456
 4000.0     181.5603556453339
 4100.0     182.2663198202036
 4200.0     182.9903673652502
 4300.0     183.7333276363004
 4400.0     184.4960771384864
 4500.0     185.2795595845477
 4600.0     186.0847823234682
 4700.0     186.9128261845113
 4800.0     187.7648515807008
 4900.0     188.6420950260231
 5000.0     189.5458484290441
 5100.0     190.4774556994885
 5200.0     191.4383191794639
 5300.0     192.4298328247562
 5400.0     193.4535361379742
 5500.0     194.5109204956361
 5600.0     195.6035804199573
 5700.0     196.7332426722442
 5800.0     197.9015287006005
 5900.0     199.1102702436729
 6000.0     200.3612322446752
# P= 2.000000 GPa
    0.0     162.6067084804943
  100.0     162.6313145640675
  200.0     162.7481369831964
  300.0     162.9512828939847
  400.0     163.2095092973324
  500.0     163.5008206405669
  600.0     163.8135847246856
  700.0     164.1416733513798
  800.0     164.4817051934718
  900.0     164.8317294994809
 1000.0     165.1905826222354
 1100.0     165.5575606070053
 1200.0     165.9322412567897
 1300.0     166.3143837036112
 1400.0     166.7038680858018
 1500.0     167.1006597300494
 1600.0     167.5047850990331
 1700.0     167.9163174406999
 1800.0     168.3353650633994
 1900.0     168.7620677074174
 2000.0     169.1965877807955
 2100.0     169.6391115372740
 2200.0     170.0898425563737
 2300.0     170.5490050871957
 2400.0     171.0168397578326
 2500.0     171.4936029608083
 2600.0     171.9795701601982
 2700.0     172.4750333448017
 2800.0     172.9803016083324
 2900.0     173.4957011277050
 3000.0     174.0215796467508
 3100.0     174.5583013250898
 3200.0     175.1062533282762
 3300.0     175.6658425801014
 3400.0     176.2375016077564
 3500.0     176.8216874650718
 3600.0     177.4188807673326
 3700.0     178.0295916652610
 3800.0     178.6543613608478
 3900.0     179.2937619352623
 4000.0     179.9484022803588
 4100.0     180.6189257622832
 4200.0     181.3060169566120
 4300.0     182.0104079118501
 4400.0     182.7328706080749
 4500.0     183.4742341761888
 4600.0     184.2353814077066
 4700.0     185.0172572837999
 4800.0     185.8208731519021
 4900.0     186.6473066734766
 5000.0     187.4977172642724
 5100.0     188.3733563378858
 5200.0     189.2755546055884
 5300.0     190.2056302018217
 5400.0     191.1650391773068
 5500.0     192.1551943875312
 5600.0     193.1776317383876
 5700.0     194.2339325879484
 5800.0     195.3256879637943
 5900.0     196.4545979215882
 6000.0     197.6223742874281
# P= 3.000000 GPa
    0.0     161.7561804157194
  100.0     161.7794714428273
  200.0     161.8906888184148
  300.0     162.0855303419713
  400.0     162.3341747079912
  500.0     162.6152039296558
  600.0     162.9172017768590
  700.0     163.2341284902787
  800.0     163.5626412714969
  900.0     163.9008047166844
 1000.0     164.2474601549582
 1100.0     164.6019011255595
 1200.0     164.9637001761687
 1300.0     165.3326074372393
 1400.0     165.7084931476150
 1500.0     166.0913101433579
 1600.0     166.4810721173380
 1700.0     166.8778372646407
 1800.0     167.2816989077451
 1900.0     167.6927792399067
 2000.0     168.1112236130138
 2100.0     168.5371983415382
 2200.0     168.9708875780790
 2300.0     169.4124932730056
 2400.0     169.8622335233112
 2500.0     170.3203405054350
 2600.0     170.7870633353204
 2700.0     171.2626671482657
 2800.0     171.7474310219847
 2900.0     172.2416506451046
 3000.0     172.7456403586306
 3100.0     173.2597286831491
 3200.0     173.7842653061179
 3300.0     174.3196170870106
 3400.0     174.8661729489924
 3500.0     175.4243438312122
 3600.0     175.9945612627959
 3700.0     176.5772821948036
 3800.0     177.1729908600488
 3900.0     177.7821981819502
 4000.0     178.4054471156819
 4100.0     179.0433100914033
 4200.0     179.6963951295229
 4300.0     180.3653511165886
 4400.0     181.0508607144568
 4500.0     181.7536558333230
 4600.0     182.4745137205617
 4700.0     183.2142643752837
 4800.0     183.9737940713058
 4900.0     184.7540442718611
 5000.0     185.5560259490351
 5100.0     186.3808256751407
 5200.0     187.2296227813273
 5300.0     188.1036335637127
 5400.0     189.0042303203121
 5500.0     189.9327512780064
 5600.0     190.8906600374022
 5700.0     191.8794292685805
 5800.0     192.9005910784592
 5900.0     193.9557367070620
 6000.0     195.0465099073931
# P= 4.000000 GPa
    0.0     160.9271853613543
  100.0     160.9492159400643
  200.0     161.0551017361923
  300.0     161.2420421584421
  400.0     161.4815644444432
  500.0     161.7528041722135
  600.0     162.0445539725427
  700.0     162.3508599449106
  800.0     162.6684172680885
  900.0     162.9953060684016
 1000.0     163.3303728357599
 1100.0     163.6729099407278
 1200.0     164.0224848796317
 1300.0     164.3788405950105
 1400.0     164.7418377634910
 1500.0     165.1114190028664
 1600.0     165.4875855121520
 1700.0     165.8703830547132
 1800.0     166.2598903970395
 1900.0     166.6562152557084
 2000.0     167.0594863118083
 2100.0     167.4698533806445
 2200.0     167.8874820203797
 2300.0     168.3125552159534
 2400.0     168.7452704220533
 2500.0     169.1858381089243
 2600.0     169.6344848255845
 2700.0     170.0914503418041
 2800.0     170.5569887507225
 2900.0     171.0313675966634
 3000.0     171.5148717413797
 3100.0     172.0077991950945
 3200.0     172.5104655257311
 3300.0     173.0232026953177
 3400.0     173.5463617760929
 3500.0     174.0803127006446
 3600.0     174.6254442220338
 3700.0     175.1821672468413
 3800.0     175.7509160932081
 3900.0     176.3321486022018
 4000.0     176.9263505850840
 4100.0     177.5340332868836
 4200.0     178.1557386024717
 4300.0     178.7920438374857
 4400.0     179.4435553950635
 4500.0     180.1109216554752
 4600.0     180.7948299983769
 4700.0     181.4960127722355
 4800.0     182.2152501504617
 4900.0     182.9533688423127
 5000.0     183.7112544822774
 5100.0     184.4898561854652
 5200.0     185.2902022701469
 5300.0     186.1133469313717
 5400.0     186.9604940649441
 5500.0     187.8328605730878
 5600.0     188.7318236876072
 5700.0     189.6587703602802
 5800.0     190.6151570871662
 5900.0     191.6024824969608
 6000.0     192.6223122839059
# P= 5.000000 GPa
    0.0     160.1187627702185
  100.0     160.1395841290362
  200.0     160.2403938298647
  300.0     160.4198097333280
  400.0     160.6506394297009
  500.0     160.9125495936556
  600.0     161.1945348180643
  700.0     161.4907247062413
  800.0     161.7978516992504
  900.0     162.1140116769317
 1000.0     162.4380565113254
 1100.0     162.7692782561026
 1200.0     163.1072399384404
 1300.0     163.4516784719767
 1400.0     163.8024458923409
 1500.0     164.1594755952813
 1600.0     164.5227577934180
 1700.0     164.8923268326624
 1800.0     165.2682487243280
 1900.0     165.6506176926919
 2000.0     166.0395479642224
 2100.0     166.4351740835152
 2200.0     166.8376452786008
 2300.0     167.2471274223282
 2400.0     167.6637992084864
 2500.0     168.0878524364807
 2600.0     168.5194923336537
 2700.0     168.9589376281918
 2800.0     169.4064185483879
 2900.0     169.8621787289777
 3000.0     170.3264767287173
 3100.0     170.7995827253223
 3200.0     171.2817834399862
 3300.0     171.7733789562476
 3400.0     172.2746871101364
 3500.0     172.7860425829108
 3600.0     173.3077957594930
 3700.0     173.8403172429874
 3800.0     174.3839982747363
 3900.0     174.9392499695728
 4000.0     175.5065084337397
 4100.0     176.0862317769975
 4200.0     176.6789048565893
 4300.0     177.2850428834901
 4400.0     177.9051864799330
 4500.0     178.5399124008351
 4600.0     179.1898309462055
 4700.0     179.8555909228714
 4800.0     180.5378820665036
 4900.0     181.2374335710259
 5000.0     181.9550249335192
 5100.0     182.6914893535769
 5200.0     183.4477275431414
 5300.0     184.2246597966925
 5400.0     185.0233352818163
 5500.0     185.8448097484391
 5600.0     186.6902811670676
 5700.0     187.5609935091752
 5800.0     188.4583050324979
 5900.0     189.3836311881662
 6000.0     190.3384545963746
# P= 6.000000 GPa
    0.0     159.3300127329951
  100.0     159.3496730679491
  200.0     159.4456456117545
  300.0     159.6178891144247
  400.0     159.8404278799633
  500.0     160.0934384479808
  600.0     160.3661107926874
  700.0     160.6526558722412
  800.0     160.9498425496204
  900.0     161.2557826851260
 1000.0     161.5693336855938
 1100.0     161.8897879878964
 1200.0     162.2167048758859
 1300.0     162.5498158139252
 1400.0     162.8889654791826
 1500.0     163.2340786084350
 1600.0     163.5851360695794
 1700.0     163.9421612447884
 1800.0     164.3052093842604
 1900.0     164.6743618368947
 2000.0     165.0497206006566
 2100.0     165.4314056084027
 2200.0     165.8195522428396
 2300.0     166.2143100929221
 2400.0     166.6158421215620
 2500.0     167.0243222224491
 2600.0     167.4399377766142
 2700.0     167.8628873444491
 2800.0     168.2933810749835
 2900.0     168.7316405860425
 3000.0     169.1779010086822
 3100.0     169.6324085314498
 3200.0     170.0954230024836
 3300.0     170.5672175577514
 3400.0     171.0480800715057
 3500.0     171.5383136787239
 3600.0     172.0382359494424
 3700.0     172.5481813112047
 3800.0     173.0685031918569
 3900.0     173.5995723702100
 4000.0     174.1417809747643
 4100.0     174.6955409379848
 4200.0     175.2612874220337
 4300.0     175.8394820095832
 4400.0     176.4306080175691
 4500.0     177.0351804095241
 4600.0     177.6537431092201
 4700.0     178.2868732182578
 4800.0     178.9351828046632
 4900.0     179.5993177825615
 5000.0     180.2799672275933
 5100.0     180.9778659356587
 5200.0     181.6938063747012
 5300.0     182.4285960041811
 5400.0     183.1831537593015
 5500.0     183.9584009898763
 5600.0     184.7553809951299
 5700.0     185.5751740730388
 5800.0     186.4189555020583
 5900.0     187.2879786775481
 6000.0     188.1836100241575
# P= 7.000000 GPa
    0.0     158.5600910532002
  100.0     158.5786357385610
  200.0     158.6699948868612
  300.0     158.8353957151075
  400.0     159.0500196195038
  500.0     159.2945331217161
  600.0     159.5583151868837
  700.0     159.8356561117230
  800.0     160.1233604330128
  900.0     160.4195559915691
 1000.0     160.7231060633946
 1100.0     161.0333037965734
 1200.0     161.3497056196278
 1300.0     161.6720379447855
 1400.0     162.0001392286430
 1500.0     162.3339261248958
 1600.0     162.6733713167555
 1700.0     163.0184882082733
 1800.0     163.3693222910446
 1900.0     163.7259434730807
 2000.0     164.0884423569271
 2100.0     164.4569262220611
 2200.0     164.8315173373029
 2300.0     165.2123513669526
 2400.0     165.5995763560827
 2500.0     165.9933507784697
 2600.0     166.3938453601623
 2700.0     166.8012411918048
 2800.0     167.2157300997376
 2900.0     167.6375139457311
 3000.0     168.0668074933442
 3100.0     168.5038344650576
 3200.0     168.9488323054705
 3300.0     169.4020487432600
 3400.0     169.8637459711219
 3500.0     170.3341991767008
 3600.0     170.8136961000815
 3700.0     171.3025404222884
 3800.0     171.8010514638637
 3900.0     172.3095644567264
 4000.0     172.8284336698404
 4100.0     173.3580300109328
 4200.0     173.8987453002929
 4300.0     174.4509944506751
 4400.0     175.0152110195593
 4500.0     175.5918562352791
 4600.0     176.1814164888249
 4700.0     176.7844069449066
 4800.0     177.4013730063541
 4900.0     178.0328887762356
 5000.0     178.6795659507761
 5100.0     179.3420552360874
 5200.0     180.0210568452595
 5300.0     180.7172825781608
 5400.0     181.4315409033044
 5500.0     182.1646399999111
 5600.0     182.9174931690672
 5700.0     183.6910433337632
 5800.0     184.4863133637777
 5900.0     185.3043913550422
 6000.0     186.1464580928220
# P= 8.000000 GPa
    0.0     157.8082049012658
  100.0     157.8256767073026
  200.0     157.9126322475288
  300.0     158.0714995194754
  400.0     158.2785611150295
  500.0     158.5149547790393
  600.0     158.7702425352004
  700.0     159.0387919053353
  800.0     159.3174424429261
  900.0     159.6043378697475
 1000.0     159.8983476385172
 1100.0     160.1987659313954
 1200.0     160.5051469428556
 1300.0     160.8172126589452
 1400.0     161.1347959919719
 1500.0     161.4578064132592
 1600.0     161.7862090359842
 1700.0     162.1200085661185
 1800.0     162.4592412411977
 1900.0     162.8039671282646
 2000.0     163.1542659516355
 2100.0     163.5102341221805
 2200.0     163.8719815627151
 2300.0     164.2396318286308
 2400.0     164.6133189691136
 2500.0     164.9931882323509
 2600.0     165.3793946733924
 2700.0     165.7721043833134
 2800.0     166.1714919506368
 2900.0     166.5777424933052
 3000.0     166.9910513563402
 3100.0     167.4116236649842
 3200.0     167.8396752004801
 3300.0     168.2754325216394
 3400.0     168.7191340672812
 3500.0     169.1710302808503
 3600.0     169.6313832011500
 3700.0     170.1004680190632
 3800.0     170.5785750881343
 3900.0     171.0660078013820
 4000.0     171.5630867012727
 4100.0     172.0701474121194
 4200.0     172.5875432314445
 4300.0     173.1156481395774
 4400.0     173.6548526624717
 4500.0     174.2055708417435
 4600.0     174.7682391396490
 4700.0     175.3433189538023
 4800.0     175.9312979682912
 4900.0     176.5326883713743
 5000.0     177.1480351288430
 5100.0     177.7779166894703
 5200.0     178.4229543111576
 5300.0     179.0837781421508
 5400.0     179.7611024671418
 5500.0     180.4556394516313
 5600.0     181.1681924432628
 5700.0     181.8995883913375
 5800.0     182.6507222003331
 5900.0     183.4225433882426
 6000.0     184.2160793833215
# P= 9.000000 GPa
    0.0     157.0736087484358
  100.0     157.0900480124490
  200.0     157.1727968915811
  300.0     157.3254207458005
  400.0     157.5252509997310
  500.0     157.7538788562017
  600.0     158.0010436608633
  700.0     158.2611883306735
  800.0     158.5311866348643
  900.0     158.8091980890831
 1000.0     159.0940985844760
 1100.0     159.3851836361201
 1200.0     159.6820057573227
 1300.0     159.9842830123772
 1400.0     160.2918433505908
 1500.0     160.6045899286669
 1600.0     160.9224808507013
 1700.0     161.2455131250201
 1800.0     161.5737144058418
 1900.0     161.9071360206503
 2000.0     162.2458477647026
 2100.0     162.5899361189917
 2200.0     162.9395000723701
 2300.0     163.2946518010384
 2400.0     163.6555133860258
 2500.0     164.0222172216525
 2600.0     164.3949052303809
 2700.0     164.7737290018869
 2800.0     165.1588486237275
 2900.0     165.5504330955810
 3000.0     165.9486614287251
 3100.0     166.3537209888096
 3200.0     166.7658092487881
 3300.0     167.1851329952607
 3400.0     167.6119098213837
 3500.0     168.0463684040071
 3600.0     168.4887469912239
 3700.0     168.9392968187219
 3800.0     169.3982812247677
 3900.0     169.8659762497091
 4000.0     170.3426725744364
 4100.0     170.8286740952590
 4200.0     171.3243010500572
 4300.0     171.8298908895228
 4400.0     172.3457962317381
 4500.0     172.8723905181067
 4600.0     173.4100660826892
 4700.0     173.9592374642494
 4800.0     174.5203423185116
 4900.0     175.0938391787442
 5000.0     175.6802151141404
 5100.0     176.2799862607847
 5200.0     176.8937058373190
 5300.0     177.5219340856858
 5400.0     178.1653043406737
 5500.0     178.8244470465720
 5600.0     179.5000718146744
 5700.0     180.1929071986931
 5800.0     180.9037399599098
 5900.0     181.6334026384255
 6000.0     182.3827939247429
# P= 10.000000 GPa
    0.0     156.3556007129861
  100.0     156.3710455750289
  200.0     156.4497728930383
  300.0     156.5964259564270
  400.0     156.7893358900967
  500.0     157.0105305458218
  600.0     157.2499212186998
  700.0     157.5020242675147
  800.0     157.7637470885017
  900.0     158.0332647572916
 1000.0     158.3094598573608
 1100.0     158.5916295362024
 1200.0     158.8793249458886
 1300.0     159.1722608632701
 1400.0     159.4702608119751
 1500.0     159.7732222186021
 1600.0     160.0810968077841
 1700.0     160.3938747223962
 1800.0     160.7115757798078
 1900.0     161.0342433019556
 2000.0     161.3619382318818
 2100.0     161.6947377931348
 2200.0     162.0327313587816
 2300.0     162.3760204851257
 2400.0     162.7247166602362
 2500.0     163.0789404623602
 2600.0     163.4388221680471
 2700.0     163.8045000046639
 2800.0     164.1761211058999
 2900.0     164.5538399912276
 3000.0     164.9378210398762
 3100.0     165.3282354256111
 3200.0     165.7252644565744
 3300.0     166.1290968551282
 3400.0     166.5399321355623
 3500.0     166.9579786309345
 3600.0     167.3834546331925
 3700.0     167.8165885137186
 3800.0     168.2576210697021
 3900.0     168.7068029696174
 4000.0     169.1643987183314
 4100.0     169.6306846633443
 4200.0     170.1059507591648
 4300.0     170.5905033399984
 4400.0     171.0846611907287
 4500.0     171.5887616125605
 4600.0     172.1031591370347
 4700.0     172.6282268769764
 4800.0     173.1643584952190
 4900.0     173.7119662758924
 5000.0     174.2714867790313
 5100.0     174.8433820382591
 5200.0     175.4281463755753
 5300.0     176.0262798691168
 5400.0     176.6383460966140
 5500.0     177.2649054526793
 5600.0     177.9065870445299
 5700.0     178.5640356644018
 5800.0     179.2379459443840
 5900.0     179.9290512361776
 6000.0     180.6381414135374
# P= 11.000000 GPa
    0.0     155.6535193670097
  100.0     155.6680058520188
  200.0     155.7428857579095
  300.0     155.8838245419649
  400.0     156.0701067414128
  500.0     156.2841810559761
  600.0     156.5161255554841
  700.0     156.7605282552573
  800.0     157.0143294431924
  900.0     157.2757196264722
 1000.0     157.5435882358330
 1100.0     157.8172342798194
 1200.0     158.0962079781996
 1300.0     158.3802212765189
 1400.0     158.6690936359319
 1500.0     158.9627174648800
 1600.0     159.2610386895591
 1700.0     159.5640411496800
 1800.0     159.8717376232298
 1900.0     160.1841640034025
 2000.0     160.5013734103407
 2100.0     160.8234344234754
 2200.0     161.1504278694650
 2300.0     161.4824455076183
 2400.0     161.8195892578242
 2500.0     162.1619690950865
 2600.0     162.5097043968443
 2700.0     162.8629218754827
 2800.0     163.2217563780227
 2900.0     163.5863499198119
 3000.0     163.9568528605332
 3100.0     164.3334228801863
 3200.0     164.7162255867964
 3300.0     165.1054346063111
 3400.0     165.5012321567420
 3500.0     165.9038094174754
 3600.0     166.3133656324403
 3700.0     166.7301100110685
 3800.0     167.1542621020680
 3900.0     167.5860506812957
 4000.0     168.0257170053748
 4100.0     168.4735121478599
 4200.0     168.9297005318436
 4300.0     169.3945596058051
 4400.0     169.8683791352315
 4500.0     170.3514645803148
 4600.0     170.8441363258807
 4700.0     171.3467321113746
 4800.0     171.8596067596487
 4900.0     172.3831315253124
 5000.0     172.9176996358763
 5100.0     173.4637256849350
 5200.0     174.0216526620651
 5300.0     174.5919286314723
 5400.0     175.1750569189671
 5500.0     175.7715373329070
 5600.0     176.3819297261156
 5700.0     177.0068071449064
 5800.0     177.6467852761200
 5900.0     178.3025128768864
 6000.0     178.9746871690200
# P= 12.000000 GPa
    0.0     154.9667406761226
  100.0     154.9803029232608
  200.0     155.0514994366766
  300.0     155.1869654744283
  400.0     155.3668955172465
  500.0     155.5741440601700
  600.0     155.7989511221614
  700.0     156.0359745612411
  800.0     156.2821868362293
  900.0     156.5357938061805
 1000.0     156.7956918489941
 1100.0     157.0611820476098
 1200.0     157.3318139586531
 1300.0     157.6072971884934
 1400.0     157.8874475352451
 1500.0     158.1721528758270
 1600.0     158.4613539286312
 1700.0     158.7550287184474
 1800.0     159.0531837251766
 1900.0     159.3558479939772
 2000.0     159.6630675446568
 2100.0     159.9749031026811
 2200.0     160.2914276289756
 2300.0     160.6127240864960
 2400.0     160.9388854948793
 2500.0     161.2700125410355
 2600.0     161.6062143191143
 2700.0     161.9476074511290
 2800.0     162.2943153211163
 2900.0     162.6464688755475
 3000.0     163.0042057521533
 3100.0     163.3676713104861
 3200.0     163.7370172484002
 3300.0     164.1124033283120
 3400.0     164.4939964108176
 3500.0     164.8819721427098
 3600.0     165.2765128056100
 3700.0     165.6778102939930
 3800.0     166.0860651574048
 3900.0     166.5014869389450
 4000.0     166.9242953881127
 4100.0     167.3547203088501
 4200.0     167.7930018944755
 4300.0     168.2393934019015
 4400.0     168.6941578729943
 4500.0     169.1575728599678
 4600.0     169.6299292796478
 4700.0     170.1115323368801
 4800.0     170.6027037907151
 4900.0     171.1037786799028
 5000.0     171.6151116333419
 5100.0     172.1370764700659
 5200.0     172.6700712061667
 5300.0     173.2144982608480
 5400.0     173.7708088938475
 5500.0     174.3394505876417
 5600.0     174.9209230314637
 5700.0     175.5157372970023
 5800.0     176.1244413969489
 5900.0     176.7476114716647
 6000.0     177.3858654285751
# P= 13.000000 GPa
    0.0     154.2946753525545
  100.0     154.3073456906811
  200.0     154.3750134293238
  300.0     154.5052344350136
  400.0     154.6790721138208
  500.0     154.8797725438783
  600.0     155.0977331103487
  700.0     155.3276797003994
  800.0     155.5666163202665
  900.0     155.8127640139549
 1000.0     156.0650261971987
 1100.0     156.3227061899917
 1200.0     156.5853531841455
 1300.0     156.8526748462247
 1400.0     157.1244836627792
 1500.0     157.4006634434586
 1600.0     157.6811501903761
 1700.0     157.9659165992743
 1800.0     158.2549634571922
 1900.0     158.5483135207630
 2000.0     158.8460063513587
 2100.0     159.1480954557486
 2200.0     159.4546466771546
 2300.0     159.7657350226602
 2400.0     160.0814452253078
 2500.0     160.4018696855402
 2600.0     160.7271080684599
 2700.0     161.0572677667668
 2800.0     161.3924619340009
 2900.0     161.7328112375848
 3000.0     162.0784421280089
 3100.0     162.4294883312768
 3200.0     162.7860896104989
 3300.0     163.1483924696280
 3400.0     163.5165507637404
 3500.0     163.8907251488320
 3600.0     164.2710837700856
 3700.0     164.6578018760899
 3800.0     165.0510640607451
 3900.0     165.4510615054722
 4000.0     165.8579959535508
 4100.0     166.2720767779697
 4200.0     166.6935240682608
 4300.0     167.1225683060733
 4400.0     167.5594495216545
 4500.0     168.0044203694651
 4600.0     168.4577449621086
 4700.0     168.9197011887871
 4800.0     169.3905799957658
 4900.0     169.8706854787214
 5000.0     170.3603384080416
 5100.0     170.8598759127400
 5200.0     171.3696574173945
 5300.0     171.8900454679942
 5400.0     172.4214451700739
 5500.0     172.9642589928324
 5600.0     173.5189344127406
 5700.0     174.0859285335544
 5800.0     174.6657308771822
 5900.0     175.2588552016639
 6000.0     175.8658511054485
# P= 14.000000 GPa
    0.0     153.6367663219809
  100.0     153.6485754162473
  200.0     153.7128602772759
  300.0     153.8380511065674
  400.0     154.0060415388601
  500.0     154.2004558804894
  600.0     154.4118444569938
  700.0     154.6349993285180
  800.0     154.8669554594223
  900.0     155.1059490624162
 1000.0     155.3508904994369
 1100.0     155.6010854654719
 1200.0     155.8560831694673
 1300.0     156.1155896016157
 1400.0     156.3794142451475
 1500.0     156.6474372977625
 1600.0     156.9195905044403
 1700.0     157.1958416079941
 1800.0     157.4761862677286
 1900.0     157.7606415091572
 2000.0     158.0492408939942
 2100.0     158.3420314860928
 2200.0     158.6390724360954
 2300.0     158.9404316427964
 2400.0     159.2461862287441
 2500.0     159.5564209617849
 2600.0     159.8712270606818
 2700.0     160.1907033561786
 2800.0     160.5149538468578
 2900.0     160.8440896481790
 3000.0     161.1782274247683
 3100.0     161.5174899327319
 3200.0     161.8620063839865
 3300.0     162.2119112254381
 3400.0     162.5673464425047
 3500.0     162.9284595436106
 3600.0     163.2954053005649
 3700.0     163.6683446776421
 3800.0     164.0474472180160
 3900.0     164.4328882804959
 4000.0     164.8248527719057
 4100.0     165.2235326313815
 4200.0     165.6291291548280
 4300.0     166.0418528540189
 4400.0     166.4619233870802
 4500.0     166.8895706610554
 4600.0     167.3250359969220
 4700.0     167.7685715588000
 4800.0     168.2204426532902
 4900.0     168.6809247424484
 5000.0     169.1503090299818
 5100.0     169.6289010952464
 5200.0     170.1170250738915
 5300.0     170.6150094899065
 5400.0     171.1232189682996
 5500.0     171.6420160304109
 5600.0     172.1718030339414
 5700.0     172.7129903712484
 5800.0     173.2660162901701
 5900.0     173.8313405619369
 6000.0     174.4094540120842
# P= 15.000000 GPa
    0.0     152.9924864474058
  100.0     153.0034634065142
  200.0     153.0645031940886
  300.0     153.1848667029414
  400.0     153.3472414601638
  500.0     153.5356173174316
  600.0     153.7406930482223
  700.0     153.9573252997135
  800.0     154.1825794282895
  900.0     154.4147067184557
 1000.0     154.6526243677235
 1100.0     154.8956406019991
 1200.0     155.1433050312441
 1300.0     155.3953220800208
 1400.0     155.6514985914595
 1500.0     155.9117115531320
 1600.0     156.1758888130244
 1700.0     156.4439935924381
 1800.0     156.7160168750603
 1900.0     156.9919704257356
 2000.0     157.2718823087467
 2100.0     157.5557937275788
 2200.0     157.8437576510174
 2300.0     158.1358354870961
 2400.0     158.4320974775932
 2500.0     158.7326213251991
 2600.0     159.0374905581158
 2700.0     159.3467961351795
 2800.0     159.6606339498328
 2900.0     159.9791061671029
 3000.0     160.3023205664293
 3100.0     160.6303901874970
 3200.0     160.9634342679366
 3300.0     161.3015768115262
 3400.0     161.6449484960249
 3500.0     161.9936854991498
 3600.0     162.3479299511368
 3700.0     162.7078305537924
 3800.0     163.0735425762047
 3900.0     163.4452278762874
 4000.0     163.8230555210424
 4100.0     164.2072023093978
 4200.0     164.5978522036402
 4300.0     164.9951986502124
 4400.0     165.3994418880508
 4500.0     165.8107928995714
 4600.0     166.2294712431966
 4700.0     166.6557076947459
 4800.0     167.0897433004586
 4900.0     167.5318292706754
 5000.0     167.9822302356074
 5100.0     168.4412232352377
 5200.0     168.9091026443998
 5300.0     169.3861655663836
 5400.0     169.8727418195682
 5500.0     170.3691591184873
 5600.0     170.8757794307786
 5700.0     171.3929728960229
 5800.0     171.9211331957829
 5900.0     172.4606727338909
 6000.0     173.0120313532877
# P= 16.000000 GPa
    0.0     152.3613364204493
  100.0     152.3715088925952
  200.0     152.4294338569666
  300.0     152.5451618224770
  400.0     152.7021399617033
  500.0     152.8847114375780
  600.0     153.0837192167455
  700.0     153.2940830368632
  800.0     153.5128982490232
  900.0     153.7384308670780
 1000.0     153.9696048615093
 1100.0     154.2057312338810
 1200.0     154.4463601757033
 1300.0     154.6911947411356
 1400.0     154.9400394518158
 1500.0     155.1927684985728
 1600.0     155.4493060573117
 1700.0     155.7096112364466
 1800.0     155.9736708340964
 1900.0     156.2414916822302
 2000.0     156.5130968527355
 2100.0     156.7885221749134
 2200.0     157.0678149501166
 2300.0     157.3510306186288
 2400.0     157.6382331271387
 2500.0     157.9294937149267
 2600.0     158.2248889423184
 2700.0     158.5245025157597
 2800.0     158.8284228722132
 2900.0     159.1367441330026
 3000.0     159.4495658400552
 3100.0     159.7669923608382
 3200.0     160.0891336804609
 3300.0     160.4161045042220
 3400.0     160.7480250650212
 3500.0     161.0850213723941
 3600.0     161.4272241221288
 3700.0     161.7747707184250
 3800.0     162.1278039956546
 3900.0     162.4864729488279
 4000.0     162.8509332161658
 4100.0     163.2213470814932
 4200.0     163.5978838206289
 4300.0     163.9807204650517
 4400.0     164.3700411549017
 4500.0     164.7660386356659
 4600.0     165.1689142006484
 4700.0     165.5788784473079
 4800.0     165.9961516431778
 4900.0     166.4209629890088
 5000.0     166.8535533030918
 5100.0     167.2941752144684
 5200.0     167.7430953083468
 5300.0     168.2005845680338
 5400.0     168.6669407810067
 5500.0     169.1424614005194
 5600.0     169.6274735630231
 5700.0     170.1223108980686
 5800.0     170.6273288081912
 5900.0     171.1428984917279
 6000.0     171.6694147962282
# P= 17.000000 GPa
    0.0     151.7428428095340
  100.0     151.7522371022333
  200.0     151.8071705102950
  300.0     151.9184445156121
  400.0     152.0702334262088
  500.0     152.2472219860700
  600.0     152.4403934413986
  700.0     152.6447292320661
  800.0     152.8573542741235
  900.0     153.0765488394983
 1000.0     153.3012436553511
 1100.0     153.5307528969376
 1200.0     153.7646273154569
 1300.0     154.0025687735539
 1400.0     154.2443798183936
 1500.0     154.4899321716667
 1600.0     154.7391465564589
 1700.0     154.9919783509090
 1800.0     155.2484105556514
 1900.0     155.5084454892694
 2000.0     155.7721015036053
 2100.0     156.0394096850684
 2200.0     156.3104120008770
 2300.0     156.5851584546824
 2400.0     156.8637072388114
 2500.0     157.1461236165464
 2600.0     157.4324777806650
 2700.0     157.7228468483630
 2800.0     158.0173123882663
 2900.0     158.3159611834094
 3000.0     158.6188852627923
 3100.0     158.9261810765033
 3200.0     159.2379501756589
 3300.0     159.5542987713013
 3400.0     159.8753377130627
 3500.0     160.2011835714580
 3600.0     160.5319569889449
 3700.0     160.8677846758137
 3800.0     161.2087987310690
 3900.0     161.5551360085962
 4000.0     161.9069404226601
 4100.0     162.2643608404523
 4200.0     162.6275535817878
 4300.0     162.9966807343905
 4400.0     163.3719120383376
 4500.0     163.7534237565320
 4600.0     164.1414009703385
 4700.0     164.5360360258584
 4800.0     164.9375310314029
 4900.0     165.3460947318555
 5000.0     165.7619479484259
 5100.0     166.1853200766608
 5200.0     166.6164546558776
 5300.0     167.0555979392400
 5400.0     167.5030205568792
 5500.0     167.9589927536406
 5600.0     168.4238103713042
 5700.0     168.8977762672067
 5800.0     169.3812108698456
 5900.0     169.8744497612805
 6000.0     170.3778487138466
# P= 18.000000 GPa
    0.0     151.1365565857735
  100.0     151.1451977235332
  200.0     151.1972563865172
  300.0     151.3042484366223
  400.0     151.4510445166806
  500.0     151.6226598270178
  600.0     151.8102142105164
  700.0     152.0087497295048
  800.0     152.2154199083124
  900.0     152.4285190053805
 1000.0     152.6469847306485
 1100.0     152.8701345520754
 1200.0     153.0975197453787
 1300.0     153.3288411512338
 1400.0     153.5638999030610
 1500.0     153.8025652165366
 1600.0     154.0447546597116
 1700.0     154.2904203640860
 1800.0     154.5395417734294
 1900.0     154.7921169412339
 2000.0     155.0481600711722
 2100.0     155.3076977796168
 2200.0     155.5707671533135
 2300.0     155.8374131540465
 2400.0     156.1076887987142
 2500.0     156.3816537100491
 2600.0     156.6593724028303
 2700.0     156.9409158416981
 2800.0     157.2263592895321
 2900.0     157.5157829328222
 3000.0     157.8092717757630
 3100.0     158.1069151640536
 3200.0     158.4088069119682
 3300.0     158.7150454315168
 3400.0     159.0257331066602
 3500.0     159.3409777778969
 3600.0     159.6608911507965
 3700.0     159.9855900788214
 3800.0     160.3151968811252
 3900.0     160.6498376141715
 4000.0     160.9896452740884
 4100.0     161.3347569725066
 4200.0     161.6853168089014
 4300.0     162.0414741095314
 4400.0     162.4033847936421
 4500.0     162.7712112082593
 4600.0     163.1451228891437
 4700.0     163.5252968730228
 4800.0     163.9119177313869
 4900.0     164.3051774040584
 5000.0     164.7052771868664
 5100.0     165.1124274278742
 5200.0     165.5268495447446
 5300.0     165.9487690660069
 5400.0     166.3784317275818
 5500.0     166.8160838171955
 5600.0     167.2619941247927
 5700.0     167.7164368926435
 5800.0     168.1797033037013
 5900.0     168.6520964376789
 6000.0     169.1339380731943
# P= 19.000000 GPa
    0.0     150.5420515041857
  100.0     150.5499633379970
  200.0     150.5992579380871
  300.0     150.7021310024117
  400.0     150.8441203081114
  500.0     151.0105610297163
  600.0     151.1927064245165
  700.0     151.3856573945436
  800.0     151.5865954537800
  900.0     151.7938286792368
 1000.0     152.0063020963805
 1100.0     152.2233361924879
 1200.0     152.4444828273928
 1300.0     152.6694422782871
 1400.0     152.8980144098855
 1500.0     153.1300660354302
 1600.0     153.3655118697797
 1700.0     153.6043012701400
 1800.0     153.8464101953478
 1900.0     154.0918327776650
 2000.0     154.3405795542544
 2100.0     154.5926729230816
 2200.0     154.8481454323947
 2300.0     155.1070375267117
 2400.0     155.3693973831897
 2500.0     155.6352794781817
 2600.0     155.9047430074080
 2700.0     156.1778534241948
 2800.0     156.4546801135527
 2900.0     156.7352972578912
 3000.0     157.0197834468170
 3100.0     157.3082214569868
 3200.0     157.6006980441811
 3300.0     157.8973044985586
 3400.0     158.1981355347258
 3500.0     158.5032909690289
 3600.0     158.8128743568257
 3700.0     159.1269936319730
 3800.0     159.4457621460037
 3900.0     159.7692962845020
 4000.0     160.0977188988487
 4100.0     160.4311568345628
 4200.0     160.7697427289811
 4300.0     161.1136146171859
 4400.0     161.4629157946508
 4500.0     161.8177961987182
 4600.0     162.1784112905278
 4700.0     162.5449241600773
 4800.0     162.9175040398310
 4900.0     163.2963272419577
 5000.0     163.6815782263359
 5100.0     164.0734495939716
 5200.0     164.4721435553417
 5300.0     164.8778669408003
 5400.0     165.2908430881887
 5500.0     165.7112976445884
 5600.0     166.1394741774658
 5700.0     166.5756232574825
 5800.0     167.0200083988235
 5900.0     167.4729053982898
 6000.0     167.9346053498952
# P= 20.000000 GPa
    0.0     149.9589223778100
  100.0     149.9661276352560
  200.0     150.0127631241801
  300.0     150.1116716924257
  400.0     150.2490306696746
  500.0     150.4104855918559
  600.0     150.5874193537452
  700.0     150.7749902261363
  800.0     150.9704071447886
  900.0     151.1719922573872
 1000.0     151.3786975789999
 1100.0     151.5898465537957
 1200.0     151.8049917688057
 1300.0     152.0238334759807
 1400.0     152.2461700852291
 1500.0     152.4718662034361
 1600.0     152.7008341839346
 1700.0     152.9330207527457
 1800.0     153.1683985355864
 1900.0     153.4069581698200
 2000.0     153.6487068934558
 2100.0     153.8936630356510
 2200.0     154.1418550158511
 2300.0     154.3933192357556
 2400.0     154.6480992401731
 2500.0     154.9062447884380
 2600.0     155.1678103648663
 2700.0     155.4328561833766
 2800.0     155.7014462325420
 2900.0     155.9736492664344
 3000.0     156.2495379150437
 3100.0     156.5291888888431
 3200.0     156.8126826667665
 3300.0     157.1001038385136
 3400.0     157.3915401934581
 3500.0     157.6870841731321
 3600.0     157.9868319094258
 3700.0     158.2908832369813
 3800.0     158.5993432573796
 3900.0     158.9123196989106
 4000.0     159.2299260340059
 4100.0     159.5522798625777
 4200.0     159.8795034215456
 4300.0     160.2117244439470
 4400.0     160.5490750161324
 4500.0     160.8916933997027
 4600.0     161.2397230928016
 4700.0     161.5933137684432
 4800.0     161.9526216274860
 4900.0     162.3178081611796
 5000.0     162.6890434250206
 5100.0     163.0665034166632
 5200.0     163.4503739198938
 5300.0     163.8408440760895
 5400.0     164.2381183451431
 5500.0     164.6424026213014
 5600.0     165.0539196275957
 5700.0     165.4728970857363
 5800.0     165.8995756382532
 5900.0     166.3342056744097
 6000.0     166.7770516683605
# P= 21.000000 GPa
    0.0     149.3867835950222
  100.0     149.3933039348142
  200.0     149.4373799194560
  300.0     149.5324707136560
  400.0     149.6653672542826
  500.0     149.8220156443721
  600.0     149.9939249612715
  700.0     150.1763096114496
  800.0     150.3664057339338
  900.0     150.5625492878145
 1000.0     150.7636989341389
 1100.0     150.9691811125123
 1200.0     151.1785497309850
 1300.0     151.3915048190415
 1400.0     151.6078434105289
 1500.0     151.8274281514438
 1600.0     152.0501695754849
 1700.0     152.2760116231375
 1800.0     152.5049238723092
 1900.0     152.7368939976299
 2000.0     152.9719260138037
 2100.0     153.2100344345250
 2200.0     153.4512439762036
 2300.0     153.6955873186995
 2400.0     153.9431036772866
 2500.0     154.1938384556238
 2600.0     154.4478418454321
 2700.0     154.7051691845107
 2800.0     154.9658795228065
 2900.0     155.2300366153536
 3000.0     155.4977076117281
 3100.0     155.7689637018347
 3200.0     156.0438795077173
 3300.0     156.3225335640558
 3400.0     156.6050072306892
 3500.0     156.8913863115625
 3600.0     157.1817600573376
 3700.0     157.4762209585563
 3800.0     157.7748665732579
 3900.0     158.0777967202659
 4000.0     158.3851163466464
 4100.0     158.6969345744728
 4200.0     159.0133643971020
 4300.0     159.3345238602720
 4400.0     159.6605352890811
 4500.0     159.9915260212100
 4600.0     160.3276288361292
 4700.0     160.6689813562625
 4800.0     161.0157278732298
 4900.0     161.3680167905479
 5000.0     161.7260047700911
 5100.0     162.0898534260884
 5200.0     162.4597330456985
 5300.0     162.8358178244781
 5400.0     163.2182943368217
 5500.0     163.6073518806136
 5600.0     164.0031933332226
 5700.0     164.4060272880209
 5800.0     164.8160729989250
 5900.0     165.2335588325680
 6000.0     165.6587256450840
# P= 22.000000 GPa
    0.0     148.8252682360250
  100.0     148.8311243767417
  200.0     148.8727355918761
  300.0     148.9641481901461
  400.0     149.0927417763754
  500.0     149.2447537937245
  600.0     149.4118163518258
  700.0     149.5891990714341
  800.0     149.7741648065031
  900.0     149.9650626938368
 1000.0     150.1608580350476
 1100.0     150.3608806172113
 1200.0     150.5646857828422
 1300.0     150.7719731219780
 1400.0     150.9825384727853
 1500.0     151.1962431339845
 1600.0     151.4129956938507
 1700.0     151.6327374452486
 1800.0     151.8554352373069
 1900.0     152.0810742103011
 2000.0     152.3096551202451
 2100.0     152.5411889718231
 2200.0     152.7756973265350
 2300.0     153.0132091894199
 2400.0     153.2537597498765
 2500.0     153.4973905839004
 2600.0     153.7441477963127
 2700.0     153.9940821981080
 2800.0     154.2472483262352
 2900.0     154.5037054016563
 3000.0     154.7635154625215
 3100.0     155.0267445463926
 3200.0     155.2934620526862
 3300.0     155.5637408139880
 3400.0     155.8376563755665
 3500.0     156.1152884683166
 3600.0     156.3967199357943
 3700.0     156.6820367032005
 3800.0     156.9713292743920
 3900.0     157.2646903092937
 4000.0     157.5622170790087
 4100.0     157.8640108057317
 4200.0     158.1701761899247
 4300.0     158.4808223778484
 4400.0     158.7960629060721
 4500.0     159.1160151280270
 4600.0     159.4408020878266
 4700.0     159.7705506804160
 4800.0     160.1053940800874
 4900.0     160.4454692939926
 5000.0     160.7909203878887
 5100.0     161.1418965707073
 5200.0     161.4985536619701
 5300.0     161.8610528427955
 5400.0     162.2295642214841
 5500.0     162.6042625813276
 5600.0     162.9853327631380
 5700.0     163.3729664787905
 5800.0     163.7673635434883
 5900.0     164.1687332555514
 6000.0     164.5772945945973
# P= 23.000000 GPa
    0.0     148.2740271950435
  100.0     148.2792389080860
  200.0     148.3184753971875
  300.0     148.4063423630822
  400.0     148.5307844366802
  500.0     148.6783217622746
  600.0     148.8407067529607
  700.0     149.0132629619625
  800.0     149.1932790383956
  900.0     149.3791171208473
 1000.0     149.5697494248915
 1100.0     149.7645093033138
 1200.0     149.9629530621517
 1300.0     150.1647800326806
 1400.0     150.3697853652494
 1500.0     150.5778291402422
 1600.0     150.7888178023259
 1700.0     151.0026902939615
 1800.0     151.2194113605292
 1900.0     151.4389634388459
 2000.0     151.6613442008460
 2100.0     151.8865615908576
 2200.0     152.1146343086940
 2300.0     152.3455877796252
 2400.0     152.5794534425240
 2500.0     152.8162695844888
 2600.0     153.0560783392209
 2700.0     153.2989263137309
 2800.0     153.5448640168992
 2900.0     153.7939464271705
 3000.0     154.0462307543663
 3100.0     154.3017784862939
 3200.0     154.5606541430738
 3300.0     154.8229252254176
 3400.0     155.0886620641096
 3500.0     155.3579387323668
 3600.0     155.6308322129402
 3700.0     155.9074224169374
 3800.0     156.1877934237282
 3900.0     156.4720313093599
 4000.0     156.7602262809774
 4100.0     157.0524724740143
 4200.0     157.3488668650045
 4300.0     157.6495106511326
 4400.0     157.9545092026956
 4500.0     158.2639709696418
 4600.0     158.5780099539520
 4700.0     158.8967435573678
 4800.0     159.2202945748118
 4900.0     159.5487899627567
 5000.0     159.8823622807575
 5100.0     160.2211494109352
 5200.0     160.5652944416090
 5300.0     160.9149463327469
 5400.0     161.2702610747686
 5500.0     161.6313994892580
 5600.0     161.9985312188219
 5700.0     162.3718317998351
 5800.0     162.7514847861636
 5900.0     163.1376812107636
 6000.0     163.5306217824162
# P= 24.000000 GPa
    0.0     147.7327273537659
  100.0     147.7373135247863
  200.0     147.7742608828315
  300.0     147.8587081984315
  400.0     147.9791429114974
  500.0     148.1223598047326
  600.0     148.2802283587410
  700.0     148.4481246746423
  800.0     148.6233627110882
  900.0     148.8043178000426
 1000.0     148.9899691271690
 1100.0     149.1796531065567
 1200.0     149.3729270950047
 1300.0     149.5694906230299
 1400.0     149.7691384078948
 1500.0     149.9717289831979
 1600.0     150.1771668437379
 1700.0     150.3853891415240
 1800.0     150.5963585837933
 1900.0     150.8100548394127
 2000.0     151.0264727817833
 2100.0     151.2456179381898
 2200.0     151.4675059500507
 2300.0     151.6921588490104
 2400.0     151.9196049702748
 2500.0     152.1498793597565
 2600.0     152.3830204186324
 2700.0     152.6190708645127
 2800.0     152.8580777019306
 2900.0     153.1000917378546
 3000.0     153.3451657797490
 3100.0     153.5933572740369
 3200.0     153.8447260747367
 3300.0     154.0993348176634
 3400.0     154.3572490705885
 3500.0     154.6185376923585
 3600.0     154.8832722403556
 3700.0     155.1515271286775
 3800.0     155.4233805939051
 3900.0     155.6989125827560
 4000.0     155.9782069426145
 4100.0     156.2613511730248
 4200.0     156.5484354100431
 4300.0     156.8395534058812
 4400.0     157.1348030980667
 4500.0     157.4342849816990
 4600.0     157.7381046356654
 4700.0     158.0463709337829
 4800.0     158.3591972616863
 4900.0     158.6767013078829
 5000.0     158.9990054448228
 5100.0     159.3262369810852
 5200.0     159.6585278946266
 5300.0     159.9960156525150
 5400.0     160.3388438930889
 5500.0     160.6871606041653
 5600.0     161.0411219087246
 5700.0     161.4008887396651
 5800.0     161.7666299531958
 5900.0     162.1385204440851
 6000.0     162.5167442563656
# P= 25.000000 GPa
    0.0     147.2010506525291
  100.0     147.2050293769740
  200.0     147.2397691491124
  300.0     147.3209170342944
  400.0     147.4374820137623
  500.0     147.5765252927267
  600.0     147.7300305506843
  700.0     147.8934253228590
  800.0     148.0640489055029
  900.0     148.2402895202617
 1000.0     148.4211327800114
 1100.0     148.6059181666971
 1200.0     148.7942046094423
 1300.0     148.9856920295653
 1400.0     149.1801743073028
 1500.0     149.3775085588426
 1600.0     149.5775978982635
 1700.0     149.7803778814468
 1800.0     149.9858088994592
 1900.0     150.1938680914027
 2000.0     150.4045481867501
 2100.0     150.6178521931081
 2200.0     150.8337927726825
 2300.0     151.0523888947574
 2400.0     151.2736662880439
 2500.0     151.4976567080822
 2600.0     151.7243950246925
 2700.0     151.9539206556576
 2800.0     152.1862772282288
 2900.0     152.4215115418504
 3000.0     152.6596725285278
 3100.0     152.9008138807909
 3200.0     153.1449910191687
 3300.0     153.3922621814526
 3400.0     153.6426885880781
 3500.0     153.8963342247254
 3600.0     154.1532656563911
 3700.0     154.4135523160670
 3800.0     154.6772670074722
 3900.0     154.9444839896760
 4000.0     155.2152814551023
 4100.0     155.4897407145567
 4200.0     155.7679455538743
 4300.0     156.0499831045220
 4400.0     156.3359444080668
 4500.0     156.6259226633551
 4600.0     156.9200158432385
 4700.0     157.2183249972187
 4800.0     157.5209550159478
 4900.0     157.8280150458079
 5000.0     158.1396183774452
 5100.0     158.4558825213045
 5200.0     158.7769295358719
 5300.0     159.1028864659241
 5400.0     159.4338856138437
 5500.0     159.7700637455700
 5600.0     160.1115642087718
 5700.0     160.4585355475666
 5800.0     160.8111325313919
 5900.0     161.1695164259078
 6000.0     161.5338554500070
# P= 26.000000 GPa
    0.0     146.6786942257027
  100.0     146.6820828132931
  200.0     146.7146927252649
  300.0     146.7926556643466
  400.0     146.9054818162724
  500.0     147.0404910918563
  600.0     147.1897788764976
  700.0     147.3488234204114
  800.0     147.5149885191947
  900.0     147.6866747906272
 1000.0     147.8628742312081
 1100.0     148.0429299392283
 1200.0     148.2264024025929
 1300.0     148.4129915866573
 1400.0     148.6024905734229
 1500.0     148.7947556366726
 1600.0     148.9896887284783
 1700.0     149.1872234881365
 1800.0     149.3873181229724
 1900.0     149.5899478490458
 2000.0     149.7951033802964
 2100.0     150.0027850199104
 2200.0     150.2130026820924
 2300.0     150.4257729728290
 2400.0     150.6411188622223
 2500.0     150.8590689487110
 2600.0     151.0796549172229
 2700.0     151.3029133991844
 2800.0     151.5288845225786
 2900.0     151.7576114312211
 3000.0     151.9891397176731
 3100.0     152.2235194104307
 3200.0     152.4608017728760
 3300.0     152.7010411491057
 3400.0     152.9442946769313
 3500.0     153.1906218127242
 3600.0     153.4400845001035
 3700.0     153.6927477272573
 3800.0     153.9486791366949
 3900.0     154.2079478631184
 4000.0     154.4706268743569
 4100.0     154.7367917672241
 4200.0     155.0065205624369
 4300.0     155.2798942888851
 4400.0     155.5569976769247
 4500.0     155.8379172697974
 4600.0     156.1227441451276
 4700.0     156.4115720551438
 4800.0     156.7044982803446
 4900.0     157.0016241155825
 5000.0     157.3030546445660
 5100.0     157.6088984512960
 5200.0     157.9192684759777
 5300.0     158.2342825689684
 5400.0     158.5540624058337
 5500.0     158.8787349942198
 5600.0     159.2084318001275
 5700.0     159.5432903424830
 5800.0     159.8834526142243
 5900.0     160.2290675964270
 6000.0     160.5802894867605
# P= 27.000000 GPa
    0.0     146.1653684780128
  100.0     146.1681834908740
  200.0     146.1987375491452
  300.0     146.2736244876790
  400.0     146.3828364912906
  500.0     146.5139451989109
  600.0     146.6591550358933
  700.0     146.8139935351483
  800.0     146.9758484181201
  900.0     147.1431326361293
 1000.0     147.3148450713039
 1100.0     147.4903321455831
 1200.0     147.6691555506861
 1300.0     147.8510153904002
 1400.0     148.0357045577358
 1500.0     148.2230786022242
 1600.0     148.4130379489198
 1700.0     148.6055144080077
 1800.0     148.8004646293623
 1900.0     148.9978620878831
 2000.0     149.1976951746857
 2100.0     149.3999616901008
 2200.0     149.6046694221254
 2300.0     149.8118326901938
 2400.0     150.0214715548833
 2500.0     150.2336117318692
 2600.0     150.4482824133535
 2700.0     150.6655172952684
 2800.0     150.8853531128041
 2900.0     151.1078298839680
 3000.0     151.3329901559204
 3100.0     151.5608802967341
 3200.0     151.7915478110277
 3300.0     152.0250436559714
 3400.0     152.2614209882322
 3500.0     152.5007349849577
 3600.0     152.7430436552324
 3700.0     152.9884076375884
 3800.0     153.2368898352842
 3900.0     153.4885547483424
 4000.0     153.7434705200185
 4100.0     154.0017074483564
 4200.0     154.2633382791124
 4300.0     154.5284384891981
 4400.0     154.7970869627689
 4500.0     155.0693641617589
 4600.0     155.3453548522212
 4700.0     155.6251461442325
 4800.0     155.9088283322067
 4900.0     156.1964955696614
 5000.0     156.4882454101050
 5100.0     156.7841783869498
 5200.0     157.0843990607787
 5300.0     157.3890169968092
 5400.0     157.6981441725692
 5500.0     158.0118987414700
 5600.0     158.3304014152430
 5700.0     158.6537796834172
 5800.0     158.9821642650951
 5900.0     159.3156925404127
 6000.0     159.6545066061220
# P= 28.000000 GPa
    0.0     145.6607961223044
  100.0     145.6630534518289
  200.0     145.6916223162937
  300.0     145.7635374486970
  400.0     145.8692547104136
  500.0     145.9965902966380
  600.0     146.1378549960378
  700.0     146.2886245988465
  800.0     146.4463106310237
  900.0     146.6093385288559
 1000.0     146.7767134800991
 1100.0     146.9477849819380
 1200.0     147.1221161273875
 1300.0     147.2994077255052
 1400.0     147.4794524238171
 1500.0     147.6621046743212
 1600.0     147.8472635274972
 1700.0     148.0348595482812
 1800.0     148.2248480040431
 1900.0     148.4172002798936
 2000.0     148.6119025756577
 2100.0     148.8089507988558
 2200.0     149.0083507735189
 2300.0     149.2101142790412
 2400.0     149.4142586653888
 2500.0     149.6208074286931
 2600.0     149.8297872764018
 2700.0     150.0412288668015
 2800.0     150.2551659363932
 2900.0     150.4716359321021
 3000.0     150.6906782401196
 3100.0     150.9123357344461
 3200.0     151.1366527534150
 3300.0     151.3636769819899
 3400.0     151.5934578021758
 3500.0     151.8260464977764
 3600.0     152.0614975668014
 3700.0     152.2998674669254
 3800.0     152.5412147153954
 3900.0     152.7855997278834
 4000.0     153.0330860407014
 4100.0     153.2837390652707
 4200.0     153.5376268130827
 4300.0     153.7948196016462
 4400.0     154.0553908658167
 4500.0     154.3194156257512
 4600.0     154.5869727742565
 4700.0     154.8581433292380
 4800.0     155.1330112914796
 4900.0     155.4116641816697
 5000.0     155.6941926853056
 5100.0     155.9806900613411
 5200.0     156.2712531563963
 5300.0     156.5659840280598
 5400.0     156.8649858299294
 5500.0     157.1683686430140
 5600.0     157.4762435142641
 5700.0     157.7887286052067
 5800.0     158.1059447190414
 5900.0     158.4280184808229
 6000.0     158.7550812500217
# P= 29.000000 GPa
    0.0     145.1647128927958
  100.0     145.1664277887506
  200.0     145.1930789323587
  300.0     145.2621216646672
  400.0     145.3644579317450
  500.0     145.4881416859651
  600.0     145.6255878472886
  700.0     145.7724198579199
  800.0     145.9260724217783
  900.0     146.0849828338308
 1000.0     146.2481624486250
 1100.0     146.4149641720066
 1200.0     146.5849529719221
 1300.0     146.7578299627461
 1400.0     146.9333873173790
 1500.0     147.1114785839943
 1600.0     147.2920020821139
 1700.0     147.4748871413937
 1800.0     147.6600872457047
 1900.0     147.8475718749201
 2000.0     148.0373256451663
 2100.0     148.2293427467752
 2200.0     148.4236266943559
 2300.0     148.6201868443900
 2400.0     148.8190385604785
 2500.0     149.0202031891486
 2600.0     149.2237047166772
 2700.0     149.4295710141828
 2800.0     149.6378335276805
 2900.0     149.8485269949899
 3000.0     150.0616876738649
 3100.0     150.2773553675678
 3200.0     150.4955717700365
 3300.0     150.7163811580413
 3400.0     150.9398293561262
 3500.0     151.1659643929532
 3600.0     151.3948373279353
 3700.0     151.6265006759283
 3800.0     151.8610089868524
 3900.0     152.0984190027359
 4000.0     152.3387898322655
 4100.0     152.5821824549812
 4200.0     152.8286605828891
 4300.0     153.0782897115890
 4400.0     153.3311382583497
 4500.0     153.5872762684660
 4600.0     153.8467773055424
 4700.0     154.1097166637971
 4800.0     154.3761726674998
 4900.0     154.6462267685553
 5000.0     154.9199632966831
 5100.0     155.1974689678551
 5200.0     155.4788334843599
 5300.0     155.7641521026750
 5400.0     156.0535199266088
 5500.0     156.3470396259522
 5600.0     156.6448136050107
 5700.0     156.9469514226807
 5800.0     157.2535649149700
 5900.0     157.5647710338003
 6000.0     157.8806911900163
# P= 30.000000 GPa
    0.0     144.6768653610864
  100.0     144.6780524473436
  200.0     144.7028502118316
  300.0     144.7691152858764
  400.0     144.8681791446217
  500.0     144.9883273067391
  600.0     145.1220764171709
  700.0     145.2650962747587
  800.0     145.4148442128671
  900.0     145.5697692912622
 1000.0     145.7288894542299
 1100.0     145.8915610242128
 1200.0     146.0573503295267
 1300.0     146.2259587474025
 1400.0     146.3971783053939
 1500.0     146.5708622467594
 1600.0     146.7469078319472
 1700.0     146.9252429210858
 1800.0     147.1058194040489
 1900.0     147.2886055422502
 2000.0     147.4735843504351
 2100.0     147.6607479509304
 2200.0     147.8500977458162
 2300.0     148.0416413080713
 2400.0     148.2353921002690
 2500.0     148.4313690489468
 2600.0     148.6295935768761
 2700.0     148.8300914950479
 2800.0     149.0328919195318
 2900.0     149.2380267947882
 3000.0     149.4455294627519
 3100.0     149.6554374076266
 3200.0     149.8677894063557
 3300.0     150.0826265474842
 3400.0     150.2999915010493
 3500.0     150.5199294610901
 3600.0     150.7424879866278
 3700.0     150.9677159079065
 3800.0     151.1956645003595
 3900.0     151.4263867900403
 4000.0     151.6599378021702
 4100.0     151.8963745226141
 4200.0     152.1357567465846
 4300.0     152.3781453924720
 4400.0     152.6236042649329
 4500.0     152.8721989670606
 4600.0     153.1239980417955
 4700.0     153.3790714979468
 4800.0     153.6374925804507
 4900.0     153.8993370845205
 5000.0     154.1646835204437
 5100.0     154.4336126170326
 5200.0     154.7062075791171
 5300.0     154.9825573750381
 5400.0     155.2627498713535
 5500.0     155.5468808734922
 5600.0     155.8350449260780
 5700.0     156.1273437892596
 5800.0     156.4238811062867
 5900.0     156.7247650615049
 6000.0     157.0301080354440
# P= 31.000000 GPa
    0.0     144.1970106383676
  100.0     144.1976839512600
  200.0     144.2206899270555
  300.0     144.2842682001499
  400.0     144.3801638423118
  500.0     144.4968875588052
  600.0     144.6270553550719
  700.0     144.7663824861527
  800.0     144.9123488979724
  900.0     145.0634154509790
 1000.0     145.2186061841524
 1100.0     145.3772805137215
 1200.0     145.5390062076866
 1300.0     145.7034854843401
 1400.0     145.8705104094265
 1500.0     146.0399334578631
 1600.0     146.2116507509573
 1700.0     146.3855890039420
 1800.0     146.5616991750173
 1900.0     146.7399480156690
 2000.0     146.9203166994726
 2100.0     147.1027954607243
 2200.0     147.2873842935684
 2300.0     147.4740889963600
 2400.0     147.6629207886353
 2500.0     147.8538963251805
 2600.0     148.0470352213941
 2700.0     148.2423612060099
 2800.0     148.4399008458365
 2900.0     148.6396834918514
 3000.0     148.8417403283329
 3100.0     149.0461063765410
 3200.0     149.2528174641494
 3300.0     149.4619117764577
 3400.0     149.6734295358107
 3500.0     149.8874128770376
 3600.0     150.1039060322037
 3700.0     150.3229546594219
 3800.0     150.5446070427366
 3900.0     150.7689125430167
 4000.0     150.9959224237231
 4100.0     151.2256902661891
 4200.0     151.4582719756904
 4300.0     151.6937242158508
 4400.0     151.9321067558199
 4500.0     152.1734810400374
 4600.0     152.4179107934581
 4700.0     152.6654614111897
 4800.0     152.9162013708873
 4900.0     153.1702012200347
 5000.0     153.4275341627487
 5100.0     153.6882754883389
 5200.0     153.9525024086269
 5300.0     154.2202980821649
 5400.0     154.4917438678078
 5500.0     154.7669292026984
 5600.0     155.0459414997775
 5700.0     155.3288754251833
 5800.0     155.6158271115689
 5900.0     155.9068968052993
 6000.0     156.2021885987384
# P= 32.000000 GPa
    0.0     143.7249169226288
  100.0     143.7250899396289
  200.0     143.7463629747196
  300.0     143.8073411454374
  400.0     143.9001678358971
  500.0     144.0135730468912
  600.0     144.1402702409613
  700.0     144.2760194054428
  800.0     144.4183224041965
  900.0     144.5656513838713
 1000.0     144.7170363816565
 1100.0     144.8718402528876
 1200.0     145.0296326239953
 1300.0     145.1901162177948
 1400.0     145.3530828027749
 1500.0     145.5183841840409
 1600.0     145.6859159033858
 1700.0     145.8556038626863
 1800.0     146.0273976138882
 1900.0     146.2012622859473
 2000.0     146.3771775605252
 2100.0     146.5551324820378
 2200.0     146.7351253200438
 2300.0     146.9171598701456
 2400.0     147.1012453329041
 2500.0     147.2873968076975
 2600.0     147.4756320372443
 2700.0     147.6659723807047
 2800.0     147.8584420834535
 2900.0     148.0530685519725
 3000.0     148.2498808330977
 3100.0     148.4489112762840
 3200.0     148.6501930348109
 3300.0     148.8537621018244
 3400.0     149.0596560496304
 3500.0     149.2679140194720
 3600.0     149.4785772424219
 3700.0     149.6916888418266
 3800.0     149.9072938947668
 3900.0     150.1254383385178
 4000.0     150.3461701771480
 4100.0     150.5695398729113
 4200.0     150.7955994753996
 4300.0     151.0244017854015
 4400.0     151.2560031403957
 4500.0     151.4904608002562
 4600.0     151.7278341374159
 4700.0     151.9681843992274
 4800.0     152.2115755918070
 4900.0     152.4580734115448
 5000.0     152.7077462361292
 5100.0     152.9606643955933
 5200.0     153.2168994895749
 5300.0     153.4765294381945
 5400.0     153.7396295975397
 5500.0     154.0062835857998
 5600.0     154.2765722744981
 5700.0     154.5505839155056
 5800.0     154.8284076686714
 5900.0     155.1101366739893
 6000.0     155.3958674033755
# P= 33.000000 GPa
    0.0     143.2603609192289
  100.0     143.2600465966844
  200.0     143.2796429573028
  300.0     143.3381039648611
  400.0     143.4279569540942
  500.0     143.5381456122634
  600.0     143.6614785140796
  700.0     143.7937593040948
  800.0     143.9325113157267
  900.0     144.0762181075397
 1000.0     144.2239160345425
 1100.0     144.3749711822853
 1200.0     144.5289546145478
 1300.0     144.6855694673820
 1400.0     144.8446075876303
 1500.0     145.0059206459503
 1600.0     145.1694034140787
 1700.0     145.3349805812340
 1800.0     145.5026003807913
 1900.0     145.6722268531581
 2000.0     145.8438386090838
 2100.0     146.0174230297214
 2200.0     146.1929765614465
 2300.0     146.3705013112979
 2400.0     146.5500051429491
 2500.0     146.7315013836670
 2600.0     146.9150056172861
 2700.0     147.1005371000145
 2800.0     147.2881184234337
 2900.0     147.4777750547110
 3000.0     147.6695335746763
 3100.0     147.8634239241972
 3200.0     148.0594772707927
 3300.0     148.2577273407101
 3400.0     148.4582089515116
 3500.0     148.6609585035405
 3600.0     148.8660149181804
 3700.0     149.0734186213628
 3800.0     149.2832115478487
 3900.0     149.4954365884831
 4000.0     149.7101390797526
 4100.0     149.9273661387326
 4200.0     150.1471662866983
 4300.0     150.3695890226940
 4400.0     150.5946873399578
 4500.0     150.8225145538750
 4600.0     151.0531260793154
 4700.0     151.2865795274842
 4800.0     151.5229345162136
 4900.0     151.7622523219048
 5000.0     152.0045970511117
 5100.0     152.2500343053140
 5200.0     152.4986304875431
 5300.0     152.7504588846436
 5400.0     153.0055892456338
 5500.0     153.2640998365089
 5600.0     153.5260655949855
 5700.0     153.7915688419225
 5800.0     154.0606923757143
 5900.0     154.3335228751966
 6000.0     154.6101498288217
# P= 34.000000 GPa
    0.0     142.8031293008151
  100.0     142.8023401012655
  200.0     142.8203137367281
  300.0     142.8763371624539
  400.0     142.9633076827188
  500.0     143.0703770545017
  600.0     143.1904469223535
  700.0     143.3193640244946
  800.0     143.4546730695274
  900.0     143.5948686995734
 1000.0     143.7389931088732
 1100.0     143.8864154212301
 1200.0     144.0367083885496
 1300.0     144.1895760894849
 1400.0     144.3448104572135
 1500.0     144.5022625709477
 1600.0     144.6618263157137
 1700.0     144.8234255111416
 1800.0     144.9870076663310
 1900.0     145.1525356672473
 2000.0     145.3199865744884
 2100.0     145.4893461864362
 2200.0     145.6606096547788
 2300.0     145.8337778844625
 2400.0     146.0088569357009
 2500.0     146.1858582313939
 2600.0     146.3647955093608
 2700.0     146.5456866634017
 2800.0     146.7285523669450
 2900.0     146.9134159159263
 3000.0     147.1003016613152
 3100.0     147.2892378477563
 3200.0     147.4802535853977
 3300.0     147.6733800870629
 3400.0     147.8686496868132
 3500.0     148.0660967019703
 3600.0     148.2657577449507
 3700.0     148.4676703557862
 3800.0     148.6718736365696
 3900.0     148.8784081419972
 4000.0     149.0873163465974
 4100.0     149.2986421429634
 4200.0     149.5124309415392
 4300.0     149.7287294418099
 4400.0     149.9475871379045
 4500.0     150.1690537199514
 4600.0     150.3931812695687
 4700.0     150.6200238028053
 4800.0     150.8496368435421
 4900.0     151.0820776709737
 5000.0     151.3174065609570
 5100.0     151.5556845609185
 5200.0     151.7969733703686
 5300.0     152.0413420903688
 5400.0     152.2888552534553
 5500.0     152.5395860968325
 5600.0     152.7936043431328
 5700.0     153.0509867434117
 5800.0     153.3118102658457
 5900.0     153.5761556835431
 6000.0     153.8441061733680
# P= 35.000000 GPa
    0.0     142.3530170948348
  100.0     142.3517650141123
  200.0     142.3681674970850
  300.0     142.4218292958865
  400.0     142.5060045048852
  500.0     142.6100478313045
  600.0     142.7269522257888
  700.0     142.8526064682894
  800.0     142.9845759752814
  900.0     143.1213661900305
 1000.0     143.2620252931140
 1100.0     143.4059258634283
 1200.0     143.5526423616176
 1300.0     143.7018793939569
 1400.0     143.8534287591847
 1500.0     144.0071411681557
 1600.0     144.1629101517219
 1700.0     144.3206588672350
 1800.0     144.4803336325678
 1900.0     144.6418960211266
 2000.0     144.8053218242807
 2100.0     144.9705959251270
 2200.0     145.1377121535271
 2300.0     145.3066697244794
 2400.0     145.4774729837653
 2500.0     145.6501319191616
 2600.0     145.8246589897179
 2700.0     146.0010702215123
 2800.0     146.1793842958318
 2900.0     146.3596225986934
 3000.0     146.5418080193448
 3100.0     146.7259668480462
 3200.0     146.9121259027106
 3300.0     147.1003141617199
 3400.0     147.2905621670387
 3500.0     147.4829020668180
 3600.0     147.6773679495738
 3700.0     147.8739947320230
 3800.0     148.0728194521249
 3900.0     148.2738801393950
 4000.0     148.4772163482483
 4100.0     148.6828691183873
 4200.0     148.8908813870815
 4300.0     149.1012968483950
 4400.0     149.3141617009323
 4500.0     149.5295224108508
 4600.0     149.7474281845049
 4700.0     149.9679293603376
 4800.0     150.1910777127936
 4900.0     150.4169271712553
 5000.0     150.6455341555667
 5100.0     150.8769555111629
 5200.0     151.1112487680697
 5300.0     151.3484791318381
 5400.0     151.5887062183577
 5500.0     151.8319987279836
 5600.0     152.0784216055051
 5700.0     152.3280464743372
 5800.0     152.5809448603908
 5900.0     152.8371923189573
 6000.0     153.0968660952058
# P= 36.000000 GPa
    0.0     141.9098271274861
  100.0     141.9081237087814
  200.0     141.9230045343313
  300.0     141.9743777854212
  400.0     142.0558416489485
  500.0     142.1569485718508
  600.0     142.2707807348344
  700.0     142.3932681523564
  800.0     142.5219968452107
  900.0     142.6554832293598
 1000.0     142.7927813288883
 1100.0     142.9332667689025
 1200.0     143.0765154671406
 1300.0     143.2222327117249
 1400.0     143.3702106666085
 1500.0     143.5202999391691
 1600.0     143.6723933171346
 1700.0     143.8264129939569
 1800.0     143.9823042796943
 1900.0     144.1400279546482
 2000.0     144.2995589041520
 2100.0     144.4608806064787
 2200.0     144.6239853964088
 2300.0     144.7888710326502
 2400.0     144.9555408116790
 2500.0     145.1240033414720
 2600.0     145.2942693424072
 2700.0     145.4663529866177
 2800.0     145.6402714517022
 2900.0     145.8160447618953
 3000.0     145.9936939376020
 3100.0     146.1732431808916
 3200.0     146.3547173125492
 3300.0     146.5381438019473
 3400.0     146.7235511690167
 3500.0     146.9109692289943
 3600.0     147.1004296933714
 3700.0     147.2919657002423
 3800.0     147.4856120224503
 3900.0     147.6814040746301
 4000.0     147.8793787304317
 4100.0     148.0795748156789
 4200.0     148.2820327471781
 4300.0     148.4867931696972
 4400.0     148.6938993081213
 4500.0     148.9033951556632
 4600.0     149.1153267008161
 4700.0     149.3297408964729
 4800.0     149.5466862460400
 4900.0     149.7662136475422
 5000.0     149.9883757196469
 5100.0     150.2132254267206
 5200.0     150.4408167507625
 5300.0     150.6712110519628
 5400.0     150.9044633722638
 5500.0     151.1406384367537
 5600.0     151.3797967055600
 5700.0     151.6220050019623
 5800.0     151.8673299523301
 5900.0     152.1158423306825
 6000.0     152.3676138707544
# P= 37.000000 GPa
    0.0     141.4733709287063
  100.0     141.4712272892975
  200.0     141.4846338519851
  300.0     141.5337883994010
  400.0     141.6126210206096
  500.0     141.7108771115588
  600.0     141.8217264095224
  700.0     141.9411395950874
  800.0     142.0667227553124
  900.0     142.1970027674203
 1000.0     142.3310392830300
 1100.0     142.4682111374490
 1200.0     142.6080961331998
 1300.0     142.7504004056787
 1400.0     142.8949161175038
 1500.0     143.0414934541331
 1600.0     143.1900245857908
 1700.0     143.3404312129696
 1800.0     143.4926580357495
 1900.0     143.6466647334594
 2000.0     143.8024249334060
 2100.0     143.9599208070707
 2200.0     144.1191437245871
 2300.0     144.2800904340394
 2400.0     144.4427627436378
 2500.0     144.6071676537674
 2600.0     144.7733143247159
 2700.0     144.9412157828485
 2800.0     145.1108878129483
 2900.0     145.2823486040220
 3000.0     145.4556172966031
 3100.0     145.6307164820120
 3200.0     145.8076695880374
 3300.0     145.9865021495680
 3400.0     146.1672405422512
 3500.0     146.3499125296567
 3600.0     146.5345482205196
 3700.0     146.7211787020167
 3800.0     146.9098363027784
 3900.0     147.1005540921568
 4000.0     147.2933669740374
 4100.0     147.4883115097437
 4200.0     147.6854253651452
 4300.0     147.8847464481221
 4400.0     148.0863157848584
 4500.0     148.2901746097869
 4600.0     148.4963658306504
 4700.0     148.7049333327899
 4800.0     148.9159230251698
 4900.0     149.1293824966434
 5000.0     149.3453608685648
 5100.0     149.5639077838623
 5200.0     149.7850738930414
 5300.0     150.0089168034861
 5400.0     150.2354874015423
 5500.0     150.4648469703519
 5600.0     150.6970516010438
 5700.0     150.9321636704777
 5800.0     151.1702455435435
 5900.0     151.4113633916326
 6000.0     151.6555838772073
# P= 38.000000 GPa
    0.0     141.0434660864393
  100.0     141.0408929335449
  200.0     141.0528707130739
  300.0     141.0998736997095
  400.0     141.1761523356824
  500.0     141.2716402413147
  600.0     141.3795927638164
  700.0     141.4960203074687
  800.0     141.6185486999415
  900.0     141.7457153584970
 1000.0     141.8765858435412
 1100.0     142.0105421356687
 1200.0     142.1471635401840
 1300.0     142.2861567785794
 1400.0     142.4273141455058
 1500.0     142.5704858454621
 1600.0     142.7155637910197
 1700.0     142.8624689046999
 1800.0     143.0111448949413
 1900.0     143.1615503954997
 2000.0     143.3136582105734
 2100.0     143.4674497181566
 2200.0     143.6229150816156
 2300.0     143.7800496222681
 2400.0     143.9388537380501
 2500.0     144.0993333354880
 2600.0     144.2614964787682
 2700.0     144.4253547163109
 2800.0     144.5909221164648
 2900.0     144.7582152629670
 3000.0     144.9272520243229
 3100.0     145.0980536236796
 3200.0     145.2706415783675
 3300.0     145.4450395013641
 3400.0     145.6212720738455
 3500.0     145.7993656054387
 3600.0     145.9793482526775
 3700.0     146.1612488746579
 3800.0     146.3450976808179
 3900.0     146.5309260899987
 4000.0     146.7187668592730
 4100.0     146.9086541296369
 4200.0     147.1006230433810
 4300.0     147.2947095140662
 4400.0     147.4909522191725
 4500.0     147.6893895406433
 4600.0     147.8900616253908
 4700.0     148.0930100110973
 4800.0     148.2982777751069
 4900.0     148.5059093171455
 5000.0     148.7159506486235
 5100.0     148.9284486663866
 5200.0     149.1434505520646
 5300.0     149.3610103575938
 5400.0     149.5811755035100
 5500.0     149.8040039729381
 5600.0     150.0295476155071
 5700.0     150.2578648623903
 5800.0     150.4890142303812
 5900.0     150.7230575402251
 6000.0     150.9600567646708
# P= 39.000000 GPa
    0.0     140.6199386493353
  100.0     140.6169462961322
  200.0     140.6275389455452
  300.0     140.6724547660675
  400.0     140.7462533205400
  500.0     140.8390518747359
  600.0     140.9441897883722
  700.0     141.0577166875819
  800.0     141.1772779411062
  900.0     141.3014211516633
 1000.0     141.4292173784404
 1100.0     141.5600515691505
 1200.0     141.6935047475824
 1300.0     141.8292846268415
 1400.0     141.9671838381230
 1500.0     142.1070522630536
 1600.0     142.2487812366312
 1700.0     142.3922909517991
 1800.0     142.5375245617973
 1900.0     142.6844400961956
 2000.0     142.8330093732903
 2100.0     142.9832125591531
 2200.0     143.1350385916784
 2300.0     143.2884817503584
 2400.0     143.4435415967805
 2500.0     143.6002227786388
 2600.0     143.7585318786548
 2700.0     143.9184789426343
 2800.0     144.0800767898359
 2900.0     144.2433409614672
 3000.0     144.4082877684824
 3100.0     144.5749366987847
 3200.0     144.7433075600783
 3300.0     144.9134226597967
 3400.0     145.0853052420517
 3500.0     145.2589797050501
 3600.0     145.4344722246423
 3700.0     145.6118098579083
 3800.0     145.7910213400232
 3900.0     145.9721360704062
 4000.0     146.1551845498218
 4100.0     146.3401987055531
 4200.0     146.5272119808868
 4300.0     146.7162580852711
 4400.0     146.9073731335482
 4500.0     147.1005930085802
 4600.0     147.2959557548739
 4700.0     147.4935004584292
 4800.0     147.6932672650576
 4900.0     147.8952977344530
 5000.0     148.0996354527744
 5100.0     148.3063243882557
 5200.0     148.5154083619199
 5300.0     148.7269383218903
 5400.0     148.9409587275452
 5500.0     149.1575241309357
 5600.0     149.3766824959168
 5700.0     149.5984888404504
 5800.0     149.8229980549118
 5900.0     150.0502677916687
 6000.0     150.2803557775595
# P= 40.000000 GPa
    0.0     140.2026198754730
  100.0     140.1992182776691
  200.0     140.2084676803270
  300.0     140.2513581163951
  400.0     140.3227477233524
  500.0     140.4129331145641
  600.0     140.5153359241627
  700.0     140.6260441031621
  800.0     140.7427220333085
  900.0     140.8639274413060
 1000.0     140.9887370730524
 1100.0     141.1165391185911
 1200.0     141.2469162567613
 1300.0     141.3795768248549
 1400.0     141.5143135428899
 1500.0     141.6509761206420
 1600.0     141.7894557391838
 1700.0     141.9296722274716
 1800.0     142.0715679486064
 1900.0     142.2150999493692
 2000.0     142.3602390079957
 2100.0     142.5069644732063
 2200.0     142.6552645638431
 2300.0     142.8051325033729
 2400.0     142.9565665707779
 2500.0     143.1095700182658
 2600.0     143.2641483492858
 2700.0     143.4203106377474
 2800.0     143.5780685029869
 2900.0     143.7374359328249
 3000.0     143.8984276699841
 3100.0     144.0610618447589
 3200.0     144.2253572333120
 3300.0     144.3913345650385
 3400.0     144.5590152741061
 3500.0     144.7284220010861
 3600.0     144.8995795324714
 3700.0     145.0725134877206
 3800.0     145.2472506475699
 3900.0     145.4238183554218
 4000.0     145.6022452355751
 4100.0     145.7825617243445
 4200.0     145.9647991564557
 4300.0     146.1489889478104
 4400.0     146.3351649292645
 4500.0     146.5233612028168
 4600.0     146.7136135534726
 4700.0     146.9059584508214
 4800.0     147.1004334012194
 4900.0     147.2970778519165
 5000.0     147.4959328130853
 5100.0     147.6970392813230
 5200.0     147.9004380397117
 5300.0     148.1061776928496
 5400.0     148.3142994654393
 5500.0     148.5248546194196
 5600.0     148.7378877976640
 5700.0     148.9534510093777
 5800.0     149.1715954835859
 5900.0     149.3923749487386
 6000.0     149.6158436298013
