# T (K)      C-ph_V_V (J K^-1 mol^-1)
# V = 57.968300 (a.u.^3)
    5.0       3.9257980704294
   50.0      47.2503586965638
  100.0      49.2056557775895
  150.0      49.5822036857581
  200.0      49.7151048512287
  250.0      49.7768155736664
  300.0      49.8103897416513
  350.0      49.8306517291472
  400.0      49.8438097212488
  450.0      49.8528340665392
  500.0      49.8592907598411
  550.0      49.8640688591569
  600.0      49.8677034947542
  650.0      49.8705323944114
  700.0      49.8727772256223
  750.0      49.8745883608071
  800.0      49.8760707219371
  850.0      49.8772993209400
  900.0      49.8783289368069
  950.0      49.8792003277128
 1000.0      49.8799443267545
 1050.0      49.8805846069235
 1100.0      49.8811395874600
 1150.0      49.8816237733107
 1200.0      49.8820487124758
 1250.0      49.8824236909241
 1300.0      49.8827562441817
 1350.0      49.8830525388565
 1400.0      49.8833176605584
 1450.0      49.8835558335683
 1500.0      49.8837705901410
 1550.0      49.8839649022187
 1600.0      49.8841412847986
 1650.0      49.8843018777182
 1700.0      49.8844485108602
 1750.0      49.8845827565065
 1800.0      49.8847059716610
 1850.0      49.8848193324746
 1900.0      49.8849238624168
 1950.0      49.8850204554562
 2000.0      49.8851098952372
 2050.0      49.8851928710238
 2100.0      49.8852699910179
 2150.0      49.8853417935365
 2200.0      49.8854087564309
 2250.0      49.8854713050566
 2300.0      49.8855298190456
 2350.0      49.8855846380795
 2400.0      49.8856360668304
 2450.0      49.8856843792030
 2500.0      49.8857298219901
 2550.0      49.8857726180287
 2600.0      49.8858129689386
 2650.0      49.8858510575004
 2700.0      49.8858870497298
 2750.0      49.8859210966884
 2800.0      49.8859533360728
 2850.0      49.8859838936079
 2900.0      49.8860128842747
 2950.0      49.8860404133937
 3000.0      49.8860665775827
 3050.0      49.8860914656059
 3100.0      49.8861151591275
 3150.0      49.8861377333816
 3200.0      49.8861592577721
 3250.0      49.8861797964053
 3300.0      49.8861994085678
 3350.0      49.8862181491557
 3400.0      49.8862360690580
 3450.0      49.8862532155041
 3500.0      49.8862696323728
 3550.0      49.8862853604761
 3600.0      49.8863004378112
 3650.0      49.8863148997903
 3700.0      49.8863287794502
 3750.0      49.8863421076393
 3800.0      49.8863549131900
 3850.0      49.8863672230750
 3900.0      49.8863790625492
 3950.0      49.8863904552790
 4000.0      49.8864014234616
 4050.0      49.8864119879315
 4100.0      49.8864221682615
 4150.0      49.8864319828524
 4200.0      49.8864414490156
 4250.0      49.8864505830509
 4300.0      49.8864594003157
 4350.0      49.8864679152904
 4400.0      49.8864761416364
 4450.0      49.8864840922527
 4500.0      49.8864917793257
 4550.0      49.8864992143755
 4600.0      49.8865064082998
 4650.0      49.8865133714135
 4700.0      49.8865201134859
 4750.0      49.8865266437747
 4800.0      49.8865329710581
 4850.0      49.8865391036639
 4900.0      49.8865450494977
 4950.0      49.8865508160674
 5000.0      49.8865564105073
# V = 57.225900 (a.u.^3)
    5.0       3.7543447732080
   50.0      47.1703389059069
  100.0      49.1842425992516
  150.0      49.5725641109886
  200.0      49.7096581562590
  250.0      49.7733224151201
  300.0      49.8079611852922
  350.0      49.8288662617049
  400.0      49.8424421139705
  450.0      49.8517531571326
  500.0      49.8584150307616
  550.0      49.8633449977969
  600.0      49.8670951739934
  650.0      49.8700140109859
  700.0      49.8723302169172
  750.0      49.8741989414507
  800.0      49.8757284404713
  850.0      49.8769961097720
  900.0      49.8780584694181
  950.0      49.8789575731576
 1000.0      49.8797252342542
 1050.0      49.8803858783051
 1100.0      49.8809585101646
 1150.0      49.8814580959704
 1200.0      49.8818965509110
 1250.0      49.8822834562307
 1300.0      49.8826265870792
 1350.0      49.8829323061635
 1400.0      49.8832058608209
 1450.0      49.8834516096722
 1500.0      49.8836731973065
 1550.0      49.8838736901833
 1600.0      49.8840556832855
 1650.0      49.8842213845069
 1700.0      49.8843726819287
 1750.0      49.8845111978398
 1800.0      49.8846383324038
 1850.0      49.8847552991804
 1900.0      49.8848631541918
 1950.0      49.8849628198400
 2000.0      49.8850551046952
 2050.0      49.8851407199444
 2100.0      49.8852202931353
 2150.0      49.8852943797070
 2200.0      49.8853634727098
 2250.0      49.8854280110295
 2300.0      49.8854883863734
 2350.0      49.8855449492272
 2400.0      49.8855980139546
 2450.0      49.8856478631727
 2500.0      49.8856947515241
 2550.0      49.8857389089348
 2600.0      49.8857805434371
 2650.0      49.8858198436261
 2700.0      49.8858569807981
 2750.0      49.8858921108200
 2800.0      49.8859253757685
 2850.0      49.8859569053671
 2900.0      49.8859868182553
 2950.0      49.8860152231030
 3000.0      49.8860422196021
 3050.0      49.8860678993398
 3100.0      49.8860923465777
 3150.0      49.8861156389442
 3200.0      49.8861378480500
 3250.0      49.8861590400410
 3300.0      49.8861792760897
 3350.0      49.8861986128381
 3400.0      49.8862171027945
 3450.0      49.8862347946900
 3500.0      49.8862517338003
 3550.0      49.8862679622347
 3600.0      49.8862835191992
 3650.0      49.8862984412330
 3700.0      49.8863127624232
 3750.0      49.8863265145998
 3800.0      49.8863397275126
 3850.0      49.8863524289919
 3900.0      49.8863646450963
 3950.0      49.8863764002450
 4000.0      49.8863877173406
 4050.0      49.8863986178814
 4100.0      49.8864091220624
 4150.0      49.8864192488694
 4200.0      49.8864290161650
 4250.0      49.8864384407675
 4300.0      49.8864475385226
 4350.0      49.8864563243711
 4400.0      49.8864648124095
 4450.0      49.8864730159469
 4500.0      49.8864809475571
 4550.0      49.8864886191273
 4600.0      49.8864960419010
 4650.0      49.8865032265223
 4700.0      49.8865101830706
 4750.0      49.8865169210979
 4800.0      49.8865234496620
 4850.0      49.8865297773558
 4900.0      49.8865359123358
 4950.0      49.8865418623491
 5000.0      49.8865476347571
# V = 56.483600 (a.u.^3)
    5.0       3.5936551301307
   50.0      47.0911742489903
  100.0      49.1630153642760
  150.0      49.5630045386699
  200.0      49.7042559272485
  250.0      49.7698575542452
  300.0      49.8055522190925
  350.0      49.8270951598445
  400.0      49.8410854917396
  450.0      49.8506809198401
  500.0      49.8575463217435
  550.0      49.8626269354417
  600.0      49.8664917242512
  650.0      49.8694997768230
  700.0      49.8718867850533
  750.0      49.8738126373111
  800.0      49.8753888965329
  850.0      49.8766953231900
  900.0      49.8777901644237
  950.0      49.8787167591431
 1000.0      49.8795078929083
 1050.0      49.8801887378809
 1100.0      49.8807788798329
 1150.0      49.8812937423919
 1200.0      49.8817456049927
 1250.0      49.8821443417883
 1300.0      49.8824979656318
 1350.0      49.8828130337587
 1400.0      49.8830949539378
 1450.0      49.8833482180543
 1500.0      49.8835765821331
 1550.0      49.8837832063928
 1600.0      49.8839707651633
 1650.0      49.8841415338492
 1700.0      49.8842974582645
 1750.0      49.8844402103050
 1800.0      49.8845712329488
 1850.0      49.8846917768652
 1900.0      49.8848029303681
 1950.0      49.8849056440667
 2000.0      49.8850007512566
 2050.0      49.8850889848727
 2100.0      49.8851709916534
 2150.0      49.8852473440237
 2200.0      49.8853185501115
 2250.0      49.8853850622239
 2300.0      49.8854472840468
 2350.0      49.8855055767849
 2400.0      49.8855602644146
 2450.0      49.8856116381968
 2500.0      49.8856599605609
 2550.0      49.8857054684643
 2600.0      49.8857483763017
 2650.0      49.8857888784360
 2700.0      49.8858271514013
 2750.0      49.8858633558319
 2800.0      49.8858976381489
 2850.0      49.8859301320441
 2900.0      49.8859609597843
 2950.0      49.8859902333632
 3000.0      49.8860180555215
 3050.0      49.8860445206472
 3100.0      49.8860697155793
 3150.0      49.8860937203200
 3200.0      49.8861166086702
 3250.0      49.8861384487979
 3300.0      49.8861593037476
 3350.0      49.8861792318933
 3400.0      49.8861982873489
 3450.0      49.8862165203359
 3500.0      49.8862339775148
 3550.0      49.8862507022825
 3600.0      49.8862667350443
 3650.0      49.8862821134570
 3700.0      49.8862968726498
 3750.0      49.8863110454261
 3800.0      49.8863246624460
 3850.0      49.8863377523908
 3900.0      49.8863503421158
 3950.0      49.8863624567877
 4000.0      49.8863741200089
 4050.0      49.8863853539354
 4100.0      49.8863961793796
 4150.0      49.8864066159084
 4200.0      49.8864166819305
 4250.0      49.8864263947784
 4300.0      49.8864357707827
 4350.0      49.8864448253409
 4400.0      49.8864535729810
 4450.0      49.8864620274187
 4500.0      49.8864702016127
 4550.0      49.8864781078129
 4600.0      49.8864857576083
 4650.0      49.8864931619669
 4700.0      49.8865003312771
 4750.0      49.8865072753836
 4800.0      49.8865140036203
 4850.0      49.8865205248431
 4900.0      49.8865268474581
 4950.0      49.8865329794495
 5000.0      49.8865389284035
# V = 55.741300 (a.u.^3)
    5.0       3.5424880845943
   50.0      47.0251856730629
  100.0      49.1451632853834
  150.0      49.5549516333650
  200.0      49.6997024793747
  250.0      49.7669362820331
  300.0      49.8035208764367
  350.0      49.8256015480644
  400.0      49.8399413442769
  450.0      49.8497765717338
  500.0      49.8568136044700
  550.0      49.8620212613066
  600.0      49.8659827085893
  650.0      49.8690660031683
  700.0      49.8715127254549
  750.0      49.8734867595943
  800.0      49.8751024572259
  850.0      49.8764415729306
  900.0      49.8775638103194
  950.0      49.8785135921233
 1000.0      49.8793245238939
 1050.0      49.8800224074218
 1100.0      49.8806273184131
 1150.0      49.8811550663404
 1200.0      49.8816182378441
 1250.0      49.8820269541196
 1300.0      49.8823894285031
 1350.0      49.8827123823003
 1400.0      49.8830013585936
 1450.0      49.8832609616674
 1500.0      49.8834950415350
 1550.0      49.8837068374976
 1600.0      49.8838990908088
 1650.0      49.8840741338157
 1700.0      49.8842339610277
 1750.0      49.8843802861811
 1800.0      49.8845145883670
 1850.0      49.8846381495547
 1900.0      49.8847520852957
 1950.0      49.8848573699902
 2000.0      49.8849548577892
 2050.0      49.8850452999716
 2100.0      49.8851293594627
 2150.0      49.8852076230139
 2200.0      49.8852806114711
 2250.0      49.8853487884619
 2300.0      49.8854125677764
 2350.0      49.8854723196593
 2400.0      49.8855283761967
 2450.0      49.8855810359389
 2500.0      49.8856305678840
 2550.0      49.8856772149207
 2600.0      49.8857211968097
 2650.0      49.8857627127781
 2700.0      49.8858019437797
 2750.0      49.8858390544691
 2800.0      49.8858741949327
 2850.0      49.8859075022077
 2900.0      49.8859391016221
 2950.0      49.8859691079728
 3000.0      49.8859976265716
 3050.0      49.8860247541701
 3100.0      49.8860505797798
 3150.0      49.8860751854057
 3200.0      49.8860986466966
 3250.0      49.8861210335266
 3300.0      49.8861424105177
 3350.0      49.8861628375054
 3400.0      49.8861823699585
 3450.0      49.8862010593551
 3500.0      49.8862189535237
 3550.0      49.8862360969477
 3600.0      49.8862525310438
 3650.0      49.8862682944109
 3700.0      49.8862834230582
 3750.0      49.8862979506100
 3800.0      49.8863119084937
 3850.0      49.8863253261087
 3900.0      49.8863382309828
 3950.0      49.8863506489114
 4000.0      49.8863626040894
 4050.0      49.8863741192264
 4100.0      49.8863852156563
 4150.0      49.8863959134350
 4200.0      49.8864062314328
 4250.0      49.8864161874154
 4300.0      49.8864257981226
 4350.0      49.8864350793374
 4400.0      49.8864440459512
 4450.0      49.8864527120232
 4500.0      49.8864610908365
 4550.0      49.8864691949477
 4600.0      49.8864770362355
 4650.0      49.8864846259428
 4700.0      49.8864919747178
 4750.0      49.8864990926517
 4800.0      49.8865059893122
 4850.0      49.8865126737768
 4900.0      49.8865191546621
 4950.0      49.8865254401520
 5000.0      49.8865315380227
# V = 55.066500 (a.u.^3)
    5.0       3.3752905248640
   50.0      46.9440566955122
  100.0      49.1233498508707
  150.0      49.5451228363734
  200.0      49.6941470639649
  250.0      49.7633728615354
  300.0      49.8010432702652
  350.0      49.8237799309047
  400.0      49.8385460043016
  450.0      49.8486737205299
  500.0      49.8559200858932
  550.0      49.8612826881105
  600.0      49.8653620198999
  650.0      49.8685370777759
  700.0      49.8710566247800
  750.0      49.8730894187960
  800.0      49.8747532128038
  850.0      49.8761321935130
  900.0      49.8772878408884
  950.0      49.8782658995051
 1000.0      49.8791009749684
 1050.0      49.8798196369526
 1100.0      49.8804425586715
 1150.0      49.8809860201569
 1200.0      49.8814629827007
 1250.0      49.8818838687760
 1300.0      49.8822571362159
 1350.0      49.8825897064120
 1400.0      49.8828872874649
 1450.0      49.8831546207316
 1500.0      49.8833956708459
 1550.0      49.8836137735496
 1600.0      49.8838117517102
 1650.0      49.8839920071165
 1700.0      49.8841565936612
 1750.0      49.8843072761055
 1800.0      49.8844455775793
 1850.0      49.8845728182226
 1900.0      49.8846901468017
 1950.0      49.8847985667307
 2000.0      49.8848989575931
 2050.0      49.8849920930380
 2100.0      49.8850786557295
 2150.0      49.8851592498908
 2200.0      49.8852344118765
 2250.0      49.8853046191198
 2300.0      49.8853702977315
 2350.0      49.8854318289820
 2400.0      49.8854895548451
 2450.0      49.8855437827618
 2500.0      49.8855947897402
 2550.0      49.8856428259013
 2600.0      49.8856881175499
 2650.0      49.8857308698461
 2700.0      49.8857712691317
 2750.0      49.8858094849641
 2800.0      49.8858456718994
 2850.0      49.8858799710557
 2900.0      49.8859125114927
 2950.0      49.8859434114259
 3000.0      49.8859727793033
 3050.0      49.8860007147569
 3100.0      49.8860273094497
 3150.0      49.8860526478285
 3200.0      49.8860768077944
 3250.0      49.8860998613027
 3300.0      49.8861218748996
 3350.0      49.8861429102025
 3400.0      49.8861630243318
 3450.0      49.8861822702991
 3500.0      49.8862006973564
 3550.0      49.8862183513125
 3600.0      49.8862352748170
 3650.0      49.8862515076186
 3700.0      49.8862670867984
 3750.0      49.8862820469825
 3800.0      49.8862964205338
 3850.0      49.8863102377274
 3900.0      49.8863235269103
 3950.0      49.8863363146471
 4000.0      49.8863486258526
 4050.0      49.8863604839125
 4100.0      49.8863719107961
 4150.0      49.8863829271570
 4200.0      49.8863935524269
 4250.0      49.8864038049012
 4300.0      49.8864137018177
 4350.0      49.8864232594293
 4400.0      49.8864324930711
 4450.0      49.8864414172212
 4500.0      49.8864500455578
 4550.0      49.8864583910117
 4600.0      49.8864664658155
 4650.0      49.8864742815464
 4700.0      49.8864818491703
 4750.0      49.8864891790784
 4800.0      49.8864962811237
 4850.0      49.8865031646540
 4900.0      49.8865098385423
 4950.0      49.8865163112163
 5000.0      49.8865225906836
# V = 54.459100 (a.u.^3)
    5.0       3.2252213347528
   50.0      46.8657226733440
  100.0      49.1022417282866
  150.0      49.5356078532303
  200.0      49.6887682264806
  250.0      49.7599224666227
  300.0      49.7986441595963
  350.0      49.8220159861377
  400.0      49.8371948207129
  450.0      49.8476057587322
  500.0      49.8550548278838
  550.0      49.8605674707719
  600.0      49.8647609565664
  650.0      49.8680248744921
  700.0      49.8706149425513
  750.0      49.8727046379505
  800.0      49.8744150072830
  850.0      49.8758325923792
  900.0      49.8770205933269
  950.0      49.8780260347088
 1000.0      49.8788844905394
 1050.0      49.8796232740802
 1100.0      49.8802636371508
 1150.0      49.8808223154564
 1200.0      49.8813126330907
 1250.0      49.8817453042765
 1300.0      49.8821290236096
 1350.0      49.8824709062422
 1400.0      49.8827768200740
 1450.0      49.8830516392006
 1500.0      49.8832994392518
 1550.0      49.8835236493613
 1600.0      49.8837271714301
 1650.0      49.8839124744931
 1700.0      49.8840816699490
 1750.0      49.8842365719706
 1800.0      49.8843787463349
 1850.0      49.8845095501448
 1900.0      49.8846301643336
 1950.0      49.8847416204100
 2000.0      49.8848448225870
 2050.0      49.8849405661764
 2100.0      49.8850295529580
 2150.0      49.8851124040733
 2200.0      49.8851896708966
 2250.0      49.8852618442294
 2300.0      49.8853293621149
 2350.0      49.8853926164993
 2400.0      49.8854519589328
 2450.0      49.8855077054654
 2500.0      49.8855601408620
 2550.0      49.8856095222473
 2600.0      49.8856560822638
 2650.0      49.8857000318166
 2700.0      49.8857415624653
 2750.0      49.8857808485159
 2800.0      49.8858180488522
 2850.0      49.8858533085439
 2900.0      49.8858867602652
 2950.0      49.8859185255420
 3000.0      49.8859487158586
 3050.0      49.8859774336378
 3100.0      49.8860047731094
 3150.0      49.8860308210848
 3200.0      49.8860556576462
 3250.0      49.8860793567644
 3300.0      49.8861019868494
 3350.0      49.8861236112440
 3400.0      49.8861442886677
 3450.0      49.8861640736169
 3500.0      49.8861830167231
 3550.0      49.8862011650778
 3600.0      49.8862185625245
 3650.0      49.8862352499256
 3700.0      49.8862512654006
 3750.0      49.8862666445452
 3800.0      49.8862814206283
 3850.0      49.8862956247733
 3900.0      49.8863092861206
 3950.0      49.8863224319789
 4000.0      49.8863350879606
 4050.0      49.8863472781067
 4100.0      49.8863590250016
 4150.0      49.8863703498772
 4200.0      49.8863812727091
 4250.0      49.8863918123054
 4300.0      49.8864019863866
 4350.0      49.8864118116608
 4400.0      49.8864213038923
 4450.0      49.8864304779647
 4500.0      49.8864393479396
 4550.0      49.8864479271094
 4600.0      49.8864562280496
 4650.0      49.8864642626619
 4700.0      49.8864720422188
 4750.0      49.8864795774025
 4800.0      49.8864868783423
 4850.0      49.8864939546475
 4900.0      49.8865008154397
 4950.0      49.8865074693822
 5000.0      49.8865139247080
# V = 53.784300 (a.u.^3)
    5.0       3.0868332512636
   50.0      46.7877900635136
  100.0      49.0811942693860
  150.0      49.5261161119492
  200.0      49.6834017091441
  250.0      49.7564797306478
  300.0      49.7962502816401
  350.0      49.8202558473625
  400.0      49.8358465317519
  450.0      49.8465400734049
  500.0      49.8541914075143
  550.0      49.8598537681800
  600.0      49.8641611634144
  650.0      49.8675137516716
  700.0      49.8701741906300
  750.0      49.8723206665202
  800.0      49.8740775123997
  850.0      49.8755336201293
  900.0      49.8767539062166
  950.0      49.8777866725049
 1000.0      49.8786684593440
 1050.0      49.8794273219939
 1100.0      49.8800850896465
 1150.0      49.8806589527110
 1200.0      49.8811625973106
 1250.0      49.8816070287987
 1300.0      49.8820011780320
 1350.0      49.8823523535123
 1400.0      49.8826665826002
 1450.0      49.8829488718490
 1500.0      49.8832034076507
 1550.0      49.8834337123323
 1600.0      49.8836427666622
 1650.0      49.8838331067788
 1700.0      49.8840069014665
 1750.0      49.8841660142049
 1800.0      49.8843120533284
 1850.0      49.8844464128257
 1900.0      49.8845703057273
 1950.0      49.8846847915788
 2000.0      49.8847907991707
 2050.0      49.8848891454319
 2100.0      49.8849805512171
 2150.0      49.8850656545519
 2200.0      49.8851450217969
 2250.0      49.8852191570951
 2300.0      49.8852885103960
 2350.0      49.8853534843003
 2400.0      49.8854144399137
 2450.0      49.8854717018768
 2500.0      49.8855255626959
 2550.0      49.8855762864849
 2600.0      49.8856241122099
 2650.0      49.8856692565086
 2700.0      49.8857119161485
 2750.0      49.8857522701734
 2800.0      49.8857904817860
 2850.0      49.8858266999996
 2900.0      49.8858610610945
 2950.0      49.8858936899006
 3000.0      49.8859247009327
 3050.0      49.8859541993975
 3100.0      49.8859822820864
 3150.0      49.8860090381706
 3200.0      49.8860345499096
 3250.0      49.8860588932850
 3300.0      49.8860821385659
 3350.0      49.8861043508170
 3400.0      49.8861255903545
 3450.0      49.8861459131562
 3500.0      49.8861653712295
 3550.0      49.8861840129462
 3600.0      49.8862018833425
 3650.0      49.8862190243906
 3700.0      49.8862354752462
 3750.0      49.8862512724731
 3800.0      49.8862664502447
 3850.0      49.8862810405297
 3900.0      49.8862950732616
 3950.0      49.8863085764912
 4000.0      49.8863215765268
 4050.0      49.8863340980633
 4100.0      49.8863461642986
 4150.0      49.8863577970423
 4200.0      49.8863690168127
 4250.0      49.8863798429293
 4300.0      49.8863902935946
 4350.0      49.8864003859703
 4400.0      49.8864101362497
 4450.0      49.8864195597209
 4500.0      49.8864286708275
 4550.0      49.8864374832240
 4600.0      49.8864460098267
 4650.0      49.8864542628617
 4700.0      49.8864622539074
 4750.0      49.8864699939368
 4800.0      49.8864774933542
 4850.0      49.8864847620303
 4900.0      49.8864918093349
 4950.0      49.8864986441668
 5000.0      49.8865052749818
# V = 53.244400 (a.u.^3)
    5.0       2.9607551151017
   50.0      46.7109070279389
  100.0      49.0603820858018
  150.0      49.5167263079991
  200.0      49.6780919950266
  250.0      49.7530731871615
  300.0      49.7938814756057
  350.0      49.8185141010032
  400.0      49.8345123104028
  450.0      49.8454854953853
  500.0      49.8533369793480
  550.0      49.8591474941347
  600.0      49.8635676102497
  650.0      49.8670079442966
  700.0      49.8697380208314
  750.0      49.8719406857807
  800.0      49.8737435242802
  850.0      49.8752377536562
  900.0      49.8764899889080
  950.0      49.8775497958060
 1000.0      49.8784546709546
 1050.0      49.8792334038752
 1100.0      49.8799083951120
 1150.0      49.8804972850411
 1200.0      49.8810141180434
 1250.0      49.8814701875708
 1300.0      49.8818746582815
 1350.0      49.8822350300133
 1400.0      49.8825574879284
 1450.0      49.8828471696595
 1500.0      49.8831083712073
 1550.0      49.8833447071236
 1600.0      49.8835592362236
 1650.0      49.8837545610509
 1700.0      49.8839329071786
 1750.0      49.8840961868808
 1800.0      49.8842460506063
 1850.0      49.8843839288456
 1900.0      49.8845110663936
 1950.0      49.8846285505415
 2000.0      49.8847373344012
 2050.0      49.8848382562939
 2100.0      49.8849320559510
 2150.0      49.8850193881064
 2200.0      49.8851008339522
 2250.0      49.8851769108334
 2300.0      49.8852480804825
 2350.0      49.8853147560430
 2400.0      49.8853773080780
 2450.0      49.8854360697295
 2500.0      49.8854913411637
 2550.0      49.8855433934112
 2600.0      49.8855924716962
 2650.0      49.8856387983304
 2700.0      49.8856825752335
 2750.0      49.8857239861389
 2800.0      49.8857631985229
 2850.0      49.8858003653018
 2900.0      49.8858356263243
 2950.0      49.8858691096900
 3000.0      49.8859009329124
 3050.0      49.8859312039539
 3100.0      49.8859600221400
 3150.0      49.8859874789778
 3200.0      49.8860136588813
 3250.0      49.8860386398216
 3300.0      49.8860624939080
 3350.0      49.8860852879099
 3400.0      49.8861070837228
 3450.0      49.8861279387901
 3500.0      49.8861479064818
 3550.0      49.8861670364365
 3600.0      49.8861853748694
 3650.0      49.8862029648523
 3700.0      49.8862198465667
 3750.0      49.8862360575332
 3800.0      49.8862516328209
 3850.0      49.8862666052356
 3900.0      49.8862810054950
 3950.0      49.8862948623837
 4000.0      49.8863082028998
 4050.0      49.8863210523842
 4100.0      49.8863334346433
 4150.0      49.8863453720574
 4200.0      49.8863568856826
 4250.0      49.8863679953436
 4300.0      49.8863787197198
 4350.0      49.8863890764230
 4400.0      49.8863990820701
 4450.0      49.8864087523498
 4500.0      49.8864181020837
 4550.0      49.8864271452840
 4600.0      49.8864358952060
 4650.0      49.8864443643948
 4700.0      49.8864525647328
 4750.0      49.8864605074803
 4800.0      49.8864682033140
 4850.0      49.8864756623632
 4900.0      49.8864828942427
 4950.0      49.8864899080846
 5000.0      49.8864967125671
# V = 52.637100 (a.u.^3)
    5.0       2.8487835707692
   50.0      46.6368052054501
  100.0      49.0402752829997
  150.0      49.5076506447897
  200.0      49.6729591009625
  250.0      49.7497798412625
  300.0      49.7915912907750
  350.0      49.8168301220236
  400.0      49.8332223193671
  450.0      49.8444658657476
  500.0      49.8525108597744
  550.0      49.8584646157330
  600.0      49.8629937158825
  650.0      49.8665188874874
  700.0      49.8693162939522
  750.0      49.8715732862341
  800.0      49.8734205936437
  850.0      49.8749516818368
  900.0      49.8762348079790
  950.0      49.8773207598620
 1000.0      49.8782479586442
 1050.0      49.8790459037714
 1100.0      49.8797375482058
 1150.0      49.8803409673782
 1200.0      49.8808705520580
 1250.0      49.8813378742492
 1300.0      49.8817523246659
 1350.0      49.8821215881441
 1400.0      49.8824520024198
 1450.0      49.8827488318629
 1500.0      49.8830164784534
 1550.0      49.8832586459122
 1600.0      49.8834784685164
 1650.0      49.8836786130169
 1700.0      49.8838613598933
 1750.0      49.8840286685989
 1800.0      49.8841822303016
 1850.0      49.8843235107859
 1900.0      49.8844537855590
 1950.0      49.8845741687385
 2000.0      49.8846856369521
 2050.0      49.8847890492056
 2100.0      49.8848851634820
 2150.0      49.8849746506702
 2200.0      49.8850581063020
 2250.0      49.8851360604878
 2300.0      49.8852089863534
 2350.0      49.8852773072361
 2400.0      49.8853414028420
 2450.0      49.8854016145337
 2500.0      49.8854582498840
 2550.0      49.8855115866107
 2600.0      49.8855618759900
 2650.0      49.8856093458180
 2700.0      49.8856542029976
 2750.0      49.8856966357954
 2800.0      49.8857368158204
 2850.0      49.8857748997621
 2900.0      49.8858110309208
 2950.0      49.8858453405561
 3000.0      49.8858779490816
 3050.0      49.8859089671235
 3100.0      49.8859384964590
 3150.0      49.8859666308527
 3200.0      49.8859934568012
 3250.0      49.8860190542003
 3300.0      49.8860434969386
 3350.0      49.8860668534326
 3400.0      49.8860891871056
 3450.0      49.8861105568182
 3500.0      49.8861310172580
 3550.0      49.8861506192879
 3600.0      49.8861694102635
 3650.0      49.8861874343197
 3700.0      49.8862047326296
 3750.0      49.8862213436399
 3800.0      49.8862373032841
 3850.0      49.8862526451786
 3900.0      49.8862674007983
 3950.0      49.8862815996388
 4000.0      49.8862952693640
 4050.0      49.8863084359408
 4100.0      49.8863211237622
 4150.0      49.8863333557609
 4200.0      49.8863451535126
 4250.0      49.8863565373317
 4300.0      49.8863675263582
 4350.0      49.8863781386387
 4400.0      49.8863883911998
 4450.0      49.8863983001177
 4500.0      49.8864078805797
 4550.0      49.8864171469437
 4600.0      49.8864261127917
 4650.0      49.8864347909789
 4700.0      49.8864431936811
 4750.0      49.8864513324358
 4800.0      49.8864592181836
 4850.0      49.8864668613037
 4900.0      49.8864742716487
 4950.0      49.8864814585751
 5000.0      49.8864884309753
# V = 52.097200 (a.u.^3)
    5.0       2.7451322908159
   50.0      46.5627356247965
  100.0      49.0201305522669
  150.0      49.4985538190932
  200.0      49.6678134305365
  250.0      49.7464780564681
  300.0      49.7892951456091
  350.0      49.8151417191066
  400.0      49.8319289185050
  450.0      49.8434435292734
  500.0      49.8516825400663
  550.0      49.8577799141721
  600.0      49.8624182862583
  650.0      49.8660285201838
  700.0      49.8688934353602
  750.0      49.8712048994916
  800.0      49.8730967942764
  850.0      49.8746648395963
  900.0      49.8759789391033
  950.0      49.8770911058332
 1000.0      49.8780406879431
 1050.0      49.8788578966821
 1100.0      49.8795662388957
 1150.0      49.8801842262251
 1200.0      49.8807265967485
 1250.0      49.8812052017642
 1300.0      49.8816296586441
 1350.0      49.8820078377154
 1400.0      49.8823462296947
 1450.0      49.8826502260285
 1500.0      49.8829243349577
 1550.0      49.8831723496120
 1600.0      49.8833974799317
 1650.0      49.8836024570456
 1700.0      49.8837896164881
 1750.0      49.8839609650176
 1800.0      49.8841182346308
 1850.0      49.8842629264996
 1900.0      49.8843963469260
 1950.0      49.8845196369258
 2000.0      49.8846337967060
 2050.0      49.8847397060126
 2100.0      49.8848381411287
 2150.0      49.8849297891412
 2200.0      49.8850152599612
 2250.0      49.8850950964977
 2300.0      49.8851697833002
 2350.0      49.8852397539276
 2400.0      49.8853053972540
 2450.0      49.8853670628841
 2500.0      49.8854250658175
 2550.0      49.8854796904774
 2600.0      49.8855311942070
 2650.0      49.8855798103026
 2700.0      49.8856257506632
 2750.0      49.8856692081012
 2800.0      49.8857103583695
 2850.0      49.8857493619408
 2900.0      49.8857863655751
 2950.0      49.8858215037020
 3000.0      49.8858548996425
 3050.0      49.8858866666941
 3100.0      49.8859169090913
 3150.0      49.8859457228628
 3200.0      49.8859731965942
 3250.0      49.8859994121102
 3300.0      49.8860244450834
 3350.0      49.8860483655825
 3400.0      49.8860712385622
 3450.0      49.8860931243050
 3500.0      49.8861140788179
 3550.0      49.8861341541927
 3600.0      49.8861533989285
 3650.0      49.8861718582257
 3700.0      49.8861895742517
 3750.0      49.8862065863813
 3800.0      49.8862229314166
 3850.0      49.8862386437847
 3900.0      49.8862537557207
 3950.0      49.8862682974330
 4000.0      49.8862822972529
 4050.0      49.8862957817746
 4100.0      49.8863087759802
 4150.0      49.8863213033562
 4200.0      49.8863333859990
 4250.0      49.8863450447139
 4300.0      49.8863562991026
 4350.0      49.8863671676479
 4400.0      49.8863776677875
 4450.0      49.8863878159854
 4500.0      49.8863976277961
 4550.0      49.8864071179242
 4600.0      49.8864163002792
 4650.0      49.8864251880273
 4700.0      49.8864337936378
 4750.0      49.8864421289275
 4800.0      49.8864502051006
 4850.0      49.8864580327870
 4900.0      49.8864656220766
 4950.0      49.8864729825534
 5000.0      49.8864801233234
# V = 51.557300 (a.u.^3)
    5.0       2.6505245542488
   50.0      46.4908463586995
  100.0      49.0005383685469
  150.0      49.4897029932915
  200.0      49.6628062093022
  250.0      49.7432649000794
  300.0      49.7870605556298
  350.0      49.8134985437508
  400.0      49.8306701466324
  450.0      49.8424485548504
  500.0      49.8508763841184
  550.0      49.8571135300673
  600.0      49.8618582485719
  650.0      49.8655512680234
  700.0      49.8684818853130
  750.0      49.8708463638005
  800.0      49.8727816530952
  850.0      49.8743856669149
  900.0      49.8757299113008
  950.0      49.8768675917256
 1000.0      49.8778389585269
 1050.0      49.8786749157054
 1100.0      49.8793995091647
 1150.0      49.8800316750839
 1200.0      49.8805864895566
 1250.0      49.8810760757023
 1300.0      49.8815102714872
 1350.0      49.8818971277675
 1400.0      49.8822432841482
 1450.0      49.8825542557528
 1500.0      49.8828346542415
 1550.0      49.8830883597614
 1600.0      49.8833186558920
 1650.0      49.8835283364187
 1700.0      49.8837197904582
 1750.0      49.8838950708085
 1800.0      49.8840559492033
 1850.0      49.8842039612565
 1900.0      49.8843404432407
 1950.0      49.8844665623512
 2000.0      49.8845833417436
 2050.0      49.8846916813482
 2100.0      49.8847923752610
 2150.0      49.8848861263325
 2200.0      49.8849735584687
 2250.0      49.8850552270357
 2300.0      49.8851316277010
 2350.0      49.8852032039714
 2400.0      49.8852703536444
 2450.0      49.8853334343462
 2500.0      49.8853927683039
 2550.0      49.8854486464676
 2600.0      49.8855013320854
 2650.0      49.8855510638071
 2700.0      49.8855980583932
 2750.0      49.8856425130813
 2800.0      49.8856846076563
 2850.0      49.8857245062740
 2900.0      49.8857623590616
 2950.0      49.8857983035332
 3000.0      49.8858324658403
 3050.0      49.8858649618793
 3100.0      49.8858958982772
 3150.0      49.8859253732660
 3200.0      49.8859534774643
 3250.0      49.8859802945738
 3300.0      49.8860059020045
 3350.0      49.8860303714323
 3400.0      49.8860537693025
 3450.0      49.8860761572810
 3500.0      49.8860975926601
 3550.0      49.8861181287270
 3600.0      49.8861378150935
 3650.0      49.8861566979974
 3700.0      49.8861748205737
 3750.0      49.8861922231007
 3800.0      49.8862089432245
 3850.0      49.8862250161631
 3900.0      49.8862404748914
 3950.0      49.8862553503102
 4000.0      49.8862696714012
 4050.0      49.8862834653689
 4100.0      49.8862967577687
 4150.0      49.8863095726263
 4200.0      49.8863219325450
 4250.0      49.8863338588073
 4300.0      49.8863453714652
 4350.0      49.8863564894251
 4400.0      49.8863672305251
 4450.0      49.8863776116069
 4500.0      49.8863876485824
 4550.0      49.8863973564931
 4600.0      49.8864067495678
 4650.0      49.8864158412752
 4700.0      49.8864246443704
 4750.0      49.8864331709412
 4800.0      49.8864414324493
 4850.0      49.8864494397681
 4900.0      49.8864572032199
 4950.0      49.8864647326076
 5000.0      49.8864720372469
# V = 51.085000 (a.u.^3)
    5.0       2.5621297445137
   50.0      46.4195552325215
  100.0      48.9810692261100
  150.0      49.4809042704709
  200.0      49.6578277683336
  250.0      49.7400700039697
  300.0      49.7848385854992
  350.0      49.8118646126653
  400.0      49.8294184384316
  450.0      49.8414591537790
  500.0      49.8500747378498
  550.0      49.8564508699058
  600.0      49.8613013379309
  650.0      49.8650766788118
  700.0      49.8680726302355
  750.0      49.8704898263851
  800.0      49.8724682674825
  850.0      49.8741080487308
  900.0      49.8754822695508
  950.0      49.8766453211545
 1000.0      49.8776383509978
 1050.0      49.8784929519481
 1100.0      49.8792337059476
 1150.0      49.8798799713342
 1200.0      49.8804471603257
 1250.0      49.8809476663423
 1300.0      49.8813915467100
 1350.0      49.8817870318044
 1400.0      49.8821409092875
 1450.0      49.8824588172685
 1500.0      49.8827454702485
 1550.0      49.8830048349060
 1600.0      49.8832402680487
 1650.0      49.8834546257695
 1700.0      49.8836503504672
 1750.0      49.8838295407230
 1800.0      49.8839940077858
 1850.0      49.8841453215189
 1900.0      49.8842848479985
 1950.0      49.8844137804532
 2000.0      49.8845331648591
 2050.0      49.8846439212197
 2100.0      49.8847468613418
 2150.0      49.8848427037540
 2200.0      49.8849320862780
 2250.0      49.8850155766674
 2300.0      49.8850936816462
 2350.0      49.8851668546135
 2400.0      49.8852355022402
 2450.0      49.8852999901294
 2500.0      49.8853606476961
 2550.0      49.8854177723803
 2600.0      49.8854716333016
 2650.0      49.8855224744340
 2700.0      49.8855705173729
 2750.0      49.8856159637551
 2800.0      49.8856589973764
 2850.0      49.8856997860543
 2900.0      49.8857384832644
 2950.0      49.8857752295892
 3000.0      49.8858101539932
 3050.0      49.8858433749588
 3100.0      49.8858750014917
 3150.0      49.8859051340146
 3200.0      49.8859338651674
 3250.0      49.8859612805197
 3300.0      49.8859874592077
 3350.0      49.8860124745065
 3400.0      49.8860363943436
 3450.0      49.8860592817602
 3500.0      49.8860811953271
 3550.0      49.8861021895200
 3600.0      49.8861223150572
 3650.0      49.8861416192082
 3700.0      49.8861601460701
 3750.0      49.8861779368199
 3800.0      49.8861950299435
 3850.0      49.8862114614444
 3900.0      49.8862272650327
 3950.0      49.8862424722990
 4000.0      49.8862571128720
 4050.0      49.8862712145622
 4100.0      49.8862848034957
 4150.0      49.8862979042333
 4200.0      49.8863105398837
 4250.0      49.8863227322031
 4300.0      49.8863345016915
 4350.0      49.8863458676768
 4400.0      49.8863568483952
 4450.0      49.8863674610641
 4500.0      49.8863777219498
 4550.0      49.8863876464302
 4600.0      49.8863972490515
 4650.0      49.8864065435819
 4700.0      49.8864155430616
 4750.0      49.8864242598482
 4800.0      49.8864327056590
 4850.0      49.8864408916104
 4900.0      49.8864488282541
 4950.0      49.8864565256121
 5000.0      49.8864639932079
# V = 50.545100 (a.u.^3)
    5.0       2.4779626222084
   50.0      46.3480359791020
  100.0      48.9614987608987
  150.0      49.4720563537018
  200.0      49.6528208122926
  250.0      49.7368566052023
  300.0      49.7826036700246
  350.0      49.8102211276845
  400.0      49.8281593939084
  450.0      49.8404639442190
  500.0      49.8492683796785
  550.0      49.8557843111984
  600.0      49.8607411485122
  650.0      49.8645992938326
  700.0      49.8676609630702
  750.0      49.8701311866913
  800.0      49.8721530333299
  850.0      49.8738287924237
  900.0      49.8752331660967
  950.0      49.8764217382441
 1000.0      49.8774365587001
 1050.0      49.8783099132396
 1100.0      49.8790669229888
 1150.0      49.8797273709254
 1200.0      49.8803070073653
 1250.0      49.8808184976180
 1300.0      49.8812721196596
 1350.0      49.8816762844411
 1400.0      49.8820379285524
 1450.0      49.8823628138118
 1500.0      49.8826557581678
 1550.0      49.8829208153386
 1600.0      49.8831614157926
 1650.0      49.8833804782951
 1700.0      49.8835804988425
 1750.0      49.8837636220683
 1800.0      49.8839316989697
 1850.0      49.8840863338610
 1900.0      49.8842289227977
 1950.0      49.8843606851953
 2000.0      49.8844826899849
 2050.0      49.8845958773606
 2100.0      49.8847010769462
 2150.0      49.8847990230392
 2200.0      49.8848903674598
 2250.0      49.8849756904223
 2300.0      49.8850555097717
 2350.0      49.8851302888584
 2400.0      49.8852004432784
 2450.0      49.8852663466596
 2500.0      49.8853283356463
 2550.0      49.8853867142073
 2600.0      49.8854417573687
 2650.0      49.8854937144589
 2700.0      49.8855428119377
 2750.0      49.8855892558670
 2800.0      49.8856332340766
 2850.0      49.8856749180677
 2900.0      49.8857144646848
 2950.0      49.8857520175948
 3000.0      49.8857877085943
 3050.0      49.8858216587655
 3100.0      49.8858539795061
 3150.0      49.8858847734442
 3200.0      49.8859141352525
 3250.0      49.8859421523785
 3300.0      49.8859689056956
 3350.0      49.8859944700874
 3400.0      49.8860189149723
 3450.0      49.8860423047753
 3500.0      49.8860646993523
 3550.0      49.8860861543749
 3600.0      49.8861067216753
 3650.0      49.8861264495601
 3700.0      49.8861453830938
 3750.0      49.8861635643580
 3800.0      49.8861810326831
 3850.0      49.8861978248625
 3900.0      49.8862139753468
 3950.0      49.8862295164198
 4000.0      49.8862444783601
 4050.0      49.8862588895894
 4100.0      49.8862727768067
 4150.0      49.8862861651124
 4200.0      49.8862990781217
 4250.0      49.8863115380690
 4300.0      49.8863235659038
 4350.0      49.8863351813787
 4400.0      49.8863464031299
 4450.0      49.8863572487531
 4500.0      49.8863677348712
 4550.0      49.8863778771995
 4600.0      49.8863876906038
 4650.0      49.8863971891547
 4700.0      49.8864063861783
 4750.0      49.8864152943039
 4800.0      49.8864239255056
 4850.0      49.8864322911434
 4900.0      49.8864404020013
 4950.0      49.8864482683212
 5000.0      49.8864558998354
