# T (K)               Helmholtz Free Energy (Ry.)
# V=  57.9683000000000
    0.00      -0.1097653120668
   50.00      -0.1110310193868
  100.00      -0.1142901251342
  150.00      -0.1185262536923
  200.00      -0.1234036770812
  250.00      -0.1287594514469
  300.00      -0.1344969426258
  350.00      -0.1405520963831
  400.00      -0.1468793081446
  450.00      -0.1534444435111
  500.00      -0.1602209891132
  550.00      -0.1671877541250
  600.00      -0.1743274123914
  650.00      -0.1816255328062
  700.00      -0.1890699092153
  750.00      -0.1966500824172
  800.00      -0.2043569899992
  850.00      -0.2121827039329
  900.00      -0.2201202300490
  950.00      -0.2281633521590
 1000.00      -0.2363065090514
 1050.00      -0.2445446961257
 1100.00      -0.2528733857905
 1150.00      -0.2612884623517
 1200.00      -0.2697861682384
 1250.00      -0.2783630592008
 1300.00      -0.2870159666824
 1350.00      -0.2957419659877
 1400.00      -0.3045383491683
 1450.00      -0.3134026017866
 1500.00      -0.3223323828856
 1550.00      -0.3313255076324
 1600.00      -0.3403799322017
 1650.00      -0.3494937405502
 1700.00      -0.3586651327955
 1750.00      -0.3678924149621
 1800.00      -0.3771739899001
 1850.00      -0.3865083492140
 1900.00      -0.3958940660636
 1950.00      -0.4053297887232
 2000.00      -0.4148142348023
 2050.00      -0.4243461860436
 2100.00      -0.4339244836289
 2150.00      -0.4435480239328
 2200.00      -0.4532157546706
 2250.00      -0.4629266713975
 2300.00      -0.4726798143178
 2350.00      -0.4824742653732
 2400.00      -0.4923091455774
 2450.00      -0.5021836125742
 2500.00      -0.5120968583941
 2550.00      -0.5220481073908
 2600.00      -0.5320366143394
 2650.00      -0.5420616626813
 2700.00      -0.5521225629009
 2750.00      -0.5622186510234
 2800.00      -0.5723492872212
 2850.00      -0.5825138545200
 2900.00      -0.5927117575963
 2950.00      -0.6029424216567
 3000.00      -0.6132052913946
 3050.00      -0.6234998300151
 3100.00      -0.6338255183249
 3150.00      -0.6441818538803
 3200.00      -0.6545683501895
 3250.00      -0.6649845359648
 3300.00      -0.6754299544210
 3350.00      -0.6859041626158
 3400.00      -0.6964067308302
 3450.00      -0.7069372419848
 3500.00      -0.7174952910903
 3550.00      -0.7280804847294
 3600.00      -0.7386924405678
 3650.00      -0.7493307868920
 3700.00      -0.7599951621735
 3750.00      -0.7706852146550
 3800.00      -0.7814006019603
 3850.00      -0.7921409907235
 3900.00      -0.8029060562381
 3950.00      -0.8136954821237
 4000.00      -0.8245089600102
 4050.00      -0.8353461892370
 4100.00      -0.8462068765676
 4150.00      -0.8570907359182
 4200.00      -0.8679974880986
 4250.00      -0.8789268605664
 4300.00      -0.8898785871925
 4350.00      -0.9008524080369
 4400.00      -0.9118480691354
 4450.00      -0.9228653222962
 4500.00      -0.9339039249051
 4550.00      -0.9449636397392
 4600.00      -0.9560442347900
 4650.00      -0.9671454830925
 4700.00      -0.9782671625630
 4750.00      -0.9894090558431
 4800.00      -1.0005709501505
 4850.00      -1.0117526371363
 4900.00      -1.0229539127473
 4950.00      -1.0341745770948
 5000.00      -1.0454144343287
# V=  57.2259000000000
    0.00      -0.0798423561749
   50.00      -0.0810893952384
  100.00      -0.0843201135996
  150.00      -0.0885273180568
  200.00      -0.0933756799419
  250.00      -0.0987023375164
  300.00      -0.1044106841924
  350.00      -0.1104366775918
  400.00      -0.1167347190787
  450.00      -0.1232706775564
  500.00      -0.1300180416382
  550.00      -0.1369556217607
  600.00      -0.1440660926104
  650.00      -0.1513350236644
  700.00      -0.1587502091847
  750.00      -0.1663011902756
  800.00      -0.1739789047533
  850.00      -0.1817754247648
  900.00      -0.1896837562769
  950.00      -0.1976976832090
 1000.00      -0.2058116444353
 1050.00      -0.2140206354254
 1100.00      -0.2223201286447
 1150.00      -0.2307060084462
 1200.00      -0.2391745172984
 1250.00      -0.2477222109843
 1300.00      -0.2563459209755
 1350.00      -0.2650427226001
 1400.00      -0.2738099079303
 1450.00      -0.2826449625457
 1500.00      -0.2915455455049
 1550.00      -0.3005094719882
 1600.00      -0.3095346981816
 1650.00      -0.3186193080524
 1700.00      -0.3277615017270
 1750.00      -0.3369595852377
 1800.00      -0.3462119614421
 1850.00      -0.3555171219507
 1900.00      -0.3648736399289
 1950.00      -0.3742801636564
 2000.00      -0.3837354107470
 2050.00      -0.3932381629475
 2100.00      -0.4027872614436
 2150.00      -0.4123816026133
 2200.00      -0.4220201341748
 2250.00      -0.4317018516862
 2300.00      -0.4414257953543
 2350.00      -0.4511910471232
 2400.00      -0.4609967280087
 2450.00      -0.4708419956567
 2500.00      -0.4807260420993
 2550.00      -0.4906480916919
 2600.00      -0.5006073992114
 2650.00      -0.5106032481003
 2700.00      -0.5206349488445
 2750.00      -0.5307018374704
 2800.00      -0.5408032741515
 2850.00      -0.5509386419146
 2900.00      -0.5611073454371
 2950.00      -0.5713088099267
 3000.00      -0.5815424800775
 3050.00      -0.5918078190954
 3100.00      -0.6021043077879
 3150.00      -0.6124314437119
 3200.00      -0.6227887403763
 3250.00      -0.6331757264942
 3300.00      -0.6435919452808
 3350.00      -0.6540369537944
 3400.00      -0.6645103223165
 3450.00      -0.6750116337681
 3500.00      -0.6855404831605
 3550.00      -0.6960964770767
 3600.00      -0.7066792331829
 3650.00      -0.7172883797660
 3700.00      -0.7279235552976
 3750.00      -0.7385844080212
 3800.00      -0.7492705955606
 3850.00      -0.7599817845503
 3900.00      -0.7707176502840
 3950.00      -0.7814778763817
 4000.00      -0.7922621544735
 4050.00      -0.8030701838991
 4100.00      -0.8139016714223
 4150.00      -0.8247563309593
 4200.00      -0.8356338833203
 4250.00      -0.8465340559631
 4300.00      -0.8574565827587
 4350.00      -0.8684012037674
 4400.00      -0.8793676650251
 4450.00      -0.8903557183402
 4500.00      -0.9013651210986
 4550.00      -0.9123956360778
 4600.00      -0.9234470312691
 4650.00      -0.9345190797078
 4700.00      -0.9456115593104
 4750.00      -0.9567242527186
 4800.00      -0.9678569471502
 4850.00      -0.9790094342564
 4900.00      -0.9901815099841
 4950.00      -1.0013729744448
 5000.00      -1.0125836317884
# V=  56.4836000000000
    0.00      -0.0501744750444
   50.00      -0.0514035948708
  100.00      -0.0546069486136
  150.00      -0.0587862566026
  200.00      -0.0636065857655
  250.00      -0.0689051557823
  300.00      -0.0745853874140
  350.00      -0.0805832500420
  400.00      -0.0868531509206
  450.00      -0.0933609622288
  500.00      -0.1000801745469
  550.00      -0.1069895995636
  600.00      -0.1140719128005
  650.00      -0.1213126843129
  700.00      -0.1286997087761
  750.00      -0.1362225275974
  800.00      -0.1438720788201
  850.00      -0.1516404347652
  900.00      -0.1595206015348
  950.00      -0.1675063631547
 1000.00      -0.1755921585849
 1050.00      -0.1837729833638
 1100.00      -0.1920443100136
 1150.00      -0.2004020229340
 1200.00      -0.2088423646324
 1250.00      -0.2173618909245
 1300.00      -0.2259574333097
 1350.00      -0.2346260671396
 1400.00      -0.2433650845065
 1450.00      -0.2521719710077
 1500.00      -0.2610443857167
 1550.00      -0.2699801438268
 1600.00      -0.2789772015360
 1650.00      -0.2880336428213
 1700.00      -0.2971476678181
 1750.00      -0.3063175825668
 1800.00      -0.3155417899317
 1850.00      -0.3248187815299
 1900.00      -0.3341471305322
 1950.00      -0.3435254852234
 2000.00      -0.3529525632219
 2050.00      -0.3624271462785
 2100.00      -0.3719480755826
 2150.00      -0.3815142475154
 2200.00      -0.3911246097985
 2250.00      -0.4007781579925
 2300.00      -0.4104739323069
 2350.00      -0.4202110146880
 2400.00      -0.4299885261539
 2450.00      -0.4398056243521
 2500.00      -0.4496615013169
 2550.00      -0.4595553814052
 2600.00      -0.4694865193953
 2650.00      -0.4794541987313
 2700.00      -0.4894577299004
 2750.00      -0.4994964489301
 2800.00      -0.5095697159950
 2850.00      -0.5196769141232
 2900.00      -0.5298174479928
 2950.00      -0.5399907428125
 3000.00      -0.5501962432772
 3050.00      -0.5604334125938
 3100.00      -0.5707017315703
 3150.00      -0.5810006977645
 3200.00      -0.5913298246858
 3250.00      -0.6016886410479
 3300.00      -0.6120766900667
 3350.00      -0.6224935288009
 3400.00      -0.6329387275326
 3450.00      -0.6434118691833
 3500.00      -0.6539125487646
 3550.00      -0.6644403728602
 3600.00      -0.6749949591364
 3650.00      -0.6855759358807
 3700.00      -0.6961829415650
 3750.00      -0.7068156244331
 3800.00      -0.7174736421091
 3850.00      -0.7281566612278
 3900.00      -0.7388643570834
 3950.00      -0.7495964132959
 4000.00      -0.7603525214958
 4050.00      -0.7711323810231
 4100.00      -0.7819356986416
 4150.00      -0.7927621882680
 4200.00      -0.8036115707126
 4250.00      -0.8144835734334
 4300.00      -0.8253779303016
 4350.00      -0.8362943813776
 4400.00      -0.8472326726977
 4450.00      -0.8581925560703
 4500.00      -0.8691737888815
 4550.00      -0.8801761339089
 4600.00      -0.8911993591440
 4650.00      -0.9022432376223
 4700.00      -0.9133075472603
 4750.00      -0.9243920706999
 4800.00      -0.9354965951591
 4850.00      -0.9466209122891
 4900.00      -0.9577648180370
 4950.00      -0.9689281125145
 5000.00      -0.9801105998714
# V=  55.7413000000000
    0.00      -0.0206338434340
   50.00      -0.0218521715278
  100.00      -0.0250380415084
  150.00      -0.0291994191939
  200.00      -0.0340017033038
  250.00      -0.0392821820514
  300.00      -0.0449442992401
  350.00      -0.0509240341635
  400.00      -0.0571757990420
  450.00      -0.0636654688166
  500.00      -0.0703665357261
  550.00      -0.0772578125154
  600.00      -0.0843219754103
  650.00      -0.0915445949538
  700.00      -0.0989134661696
  750.00      -0.1064181307206
  800.00      -0.1140495268420
  850.00      -0.1217997270012
  900.00      -0.1296617374143
  950.00      -0.1376293421974
 1000.00      -0.1456969803823
 1050.00      -0.1538596475660
 1100.00      -0.1621128163181
 1150.00      -0.1704523710778
 1200.00      -0.1788745543855
 1250.00      -0.1873759220845
 1300.00      -0.1959533056973
 1350.00      -0.2046037805957
 1400.00      -0.2133246388889
 1450.00      -0.2221133661889
 1500.00      -0.2309676215819
 1550.00      -0.2398852202725
 1600.00      -0.2488641184682
 1650.00      -0.2579024001546
 1700.00      -0.2669982654746
 1750.00      -0.2761500204753
 1800.00      -0.2853560680271
 1850.00      -0.2946148997520
 1900.00      -0.3039250888260
 1950.00      -0.3132852835377
 2000.00      -0.3226942015096
 2050.00      -0.3321506244958
 2100.00      -0.3416533936890
 2150.00      -0.3512014054731
 2200.00      -0.3607936075723
 2250.00      -0.3704289955495
 2300.00      -0.3801066096165
 2350.00      -0.3898255317213
 2400.00      -0.3995848828839
 2450.00      -0.4093838207536
 2500.00      -0.4192215373661
 2550.00      -0.4290972570797
 2600.00      -0.4390102346740
 2650.00      -0.4489597535942
 2700.00      -0.4589451243287
 2750.00      -0.4689656829061
 2800.00      -0.4790207895018
 2850.00      -0.4891098271449
 2900.00      -0.4992322005142
 2950.00      -0.5093873348193
 3000.00      -0.5195746747558
 3050.00      -0.5297936835311
 3100.00      -0.5400438419541
 3150.00      -0.5503246475829
 3200.00      -0.5606356139277
 3250.00      -0.5709762697026
 3300.00      -0.5813461581239
 3350.00      -0.5917448362510
 3400.00      -0.6021718743661
 3450.00      -0.6126268553914
 3500.00      -0.6231093743388
 3550.00      -0.6336190377922
 3600.00      -0.6441554634185
 3650.00      -0.6547182795052
 3700.00      -0.6653071245249
 3750.00      -0.6759216467213
 3800.00      -0.6865615037190
 3850.00      -0.6972263621531
 3900.00      -0.7079158973178
 3950.00      -0.7186297928336
 4000.00      -0.7293677403311
 4050.00      -0.7401294391504
 4100.00      -0.7509145960558
 4150.00      -0.7617229249639
 4200.00      -0.7725541466853
 4250.00      -0.7834079886782
 4300.00      -0.7942841848139
 4350.00      -0.8051824751529
 4400.00      -0.8161026057318
 4450.00      -0.8270443283591
 4500.00      -0.8380074004210
 4550.00      -0.8489915846952
 4600.00      -0.8599966491734
 4650.00      -0.8710223668912
 4700.00      -0.8820685157652
 4750.00      -0.8931348784375
 4800.00      -0.9042212421260
 4850.00      -0.9153273984822
 4900.00      -0.9264531434531
 4950.00      -0.9375982771506
 5000.00      -0.9487626037247
# V=  55.0665000000000
    0.00       0.0088130816330
   50.00       0.0076129922828
  100.00       0.0044549726354
  150.00       0.0003219915348
  200.00      -0.0044517559105
  250.00      -0.0097036416048
  300.00      -0.0153371374718
  350.00      -0.0212882348984
  400.00      -0.0275113521626
  450.00      -0.0339723675745
  500.00      -0.0406447753959
  550.00      -0.0475073896595
  600.00      -0.0545428874501
  650.00      -0.0617368399056
  700.00      -0.0690770424745
  750.00      -0.0765530371313
  800.00      -0.0841557623452
  850.00      -0.0918772907622
  900.00      -0.0997106287375
  950.00      -0.1076495604971
 1000.00      -0.1156885251606
 1050.00      -0.1238225183961
 1100.00      -0.1320470128314
 1150.00      -0.1403578929538
 1200.00      -0.1487514013437
 1250.00      -0.1572240938781
 1300.00      -0.1657728021080
 1350.00      -0.1743946014293
 1400.00      -0.1830867839722
 1450.00      -0.1918468353665
 1500.00      -0.2006724147140
 1550.00      -0.2095613372328
 1600.00      -0.2185115591421
 1650.00      -0.2275211644382
 1700.00      -0.2365883532730
 1750.00      -0.2457114317018
 1800.00      -0.2548888026021
 1850.00      -0.2641189576025
 1900.00      -0.2734004698846
 1950.00      -0.2827319877424
 2000.00      -0.2921122288028
 2050.00      -0.3015399748243
 2100.00      -0.3110140670033
 2150.00      -0.3205334017273
 2200.00      -0.3300969267235
 2250.00      -0.3397036375576
 2300.00      -0.3493525744441
 2350.00      -0.3590428193335
 2400.00      -0.3687734932478
 2450.00      -0.3785437538385
 2500.00      -0.3883527931429
 2550.00      -0.3981998355211
 2600.00      -0.4080841357544
 2650.00      -0.4180049772894
 2700.00      -0.4279616706157
 2750.00      -0.4379535517633
 2800.00      -0.4479799809087
 2850.00      -0.4580403410820
 2900.00      -0.4681340369633
 2950.00      -0.4782604937628
 3000.00      -0.4884191561772
 3050.00      -0.4986094874146
 3100.00      -0.5088309682846
 3150.00      -0.5190830963461
 3200.00      -0.5293653851101
 3250.00      -0.5396773632911
 3300.00      -0.5500185741061
 3350.00      -0.5603885746151
 3400.00      -0.5707869351007
 3450.00      -0.5812132384857
 3500.00      -0.5916670797824
 3550.00      -0.6021480655752
 3600.00      -0.6126558135313
 3650.00      -0.6231899519388
 3700.00      -0.6337501192705
 3750.00      -0.6443359637704
 3800.00      -0.6549471430637
 3850.00      -0.6655833237855
 3900.00      -0.6762441812304
 3950.00      -0.6869293990193
 4000.00      -0.6976386687830
 4050.00      -0.7083716898618
 4100.00      -0.7191281690203
 4150.00      -0.7299078201753
 4200.00      -0.7407103641376
 4250.00      -0.7515355283657
 4300.00      -0.7623830467310
 4350.00      -0.7732526592944
 4400.00      -0.7841441120924
 4450.00      -0.7950571569338
 4500.00      -0.8059915512050
 4550.00      -0.8169470576838
 4600.00      -0.8279234443621
 4650.00      -0.8389204842756
 4700.00      -0.8499379553411
 4750.00      -0.8609756402007
 4800.00      -0.8720333260727
 4850.00      -0.8831108046084
 4900.00      -0.8942078717551
 4950.00      -0.9053243276249
 5000.00      -0.9164599763676
# V=  54.4591000000000
    0.00       0.0375857865675
   50.00       0.0364026512187
  100.00       0.0332706676303
  150.00       0.0291642509584
  200.00       0.0244172035399
  250.00       0.0191920724680
  300.00       0.0135853585949
  350.00       0.0076610588249
  400.00       0.0014647490143
  450.00      -0.0049694524092
  500.00      -0.0116150416662
  550.00      -0.0184508340367
  600.00      -0.0254595074371
  650.00      -0.0326266335812
  700.00      -0.0399400083292
  750.00      -0.0473891739574
  800.00      -0.0549650691611
  850.00      -0.0626597667598
  900.00      -0.0704662732433
  950.00      -0.0783783729437
 1000.00      -0.0863905050659
 1050.00      -0.0944976653468
 1100.00      -0.1026953264705
 1150.00      -0.1109793729710
 1200.00      -0.1193460474673
 1250.00      -0.1277919058691
 1300.00      -0.1363137797549
 1350.00      -0.1449087445443
 1400.00      -0.1535740923874
 1450.00      -0.1623073089314
 1500.00      -0.1711060532933
 1550.00      -0.1799681407040
 1600.00      -0.1888915273946
 1650.00      -0.1978742973711
 1700.00      -0.2069146507944
 1750.00      -0.2160108937277
 1800.00      -0.2251614290555
 1850.00      -0.2343647484127
 1900.00      -0.2436194249864
 1950.00      -0.2529241070756
 2000.00      -0.2622775123117
 2050.00      -0.2716784224575
 2100.00      -0.2811256787128
 2150.00      -0.2906181774685
 2200.00      -0.3001548664549
 2250.00      -0.3097347412406
 2300.00      -0.3193568420423
 2350.00      -0.3290202508130
 2400.00      -0.3387240885769
 2450.00      -0.3484675129872
 2500.00      -0.3582497160833
 2550.00      -0.3680699222268
 2600.00      -0.3779273862004
 2650.00      -0.3878213914523
 2700.00      -0.3977512484734
 2750.00      -0.4077162932947
 2800.00      -0.4177158860941
 2850.00      -0.4277494099025
 2900.00      -0.4378162694011
 2950.00      -0.4479158898010
 3000.00      -0.4580477157997
 3050.00      -0.4682112106061
 3100.00      -0.4784058550306
 3150.00      -0.4886311466328
 3200.00      -0.4988865989242
 3250.00      -0.5091717406201
 3300.00      -0.5194861149380
 3350.00      -0.5298292789383
 3400.00      -0.5402008029044
 3450.00      -0.5506002697593
 3500.00      -0.5610272745158
 3550.00      -0.5714814237589
 3600.00      -0.5819623351560
 3650.00      -0.5924696369957
 3700.00      -0.6030029677510
 3750.00      -0.6135619756665
 3800.00      -0.6241463183674
 3850.00      -0.6347556624894
 3900.00      -0.6453896833273
 3950.00      -0.6560480645023
 4000.00      -0.6667304976452
 4050.00      -0.6774366820969
 4100.00      -0.6881663246221
 4150.00      -0.6989191391378
 4200.00      -0.7096948464550
 4250.00      -0.7204931740324
 4300.00      -0.7313138557417
 4350.00      -0.7421566316439
 4400.00      -0.7530212477756
 4450.00      -0.7639074559460
 4500.00      -0.7748150135413
 4550.00      -0.7857436833399
 4600.00      -0.7966932333335
 4650.00      -0.8076634365581
 4700.00      -0.8186540709306
 4750.00      -0.8296649190932
 4800.00      -0.8406957682643
 4850.00      -0.8517464100954
 4900.00      -0.8628166405340
 4950.00      -0.8739062596920
 5000.00      -0.8850150717197
# V=  53.7843000000000
    0.00       0.0666715333058
   50.00       0.0655046240817
  100.00       0.0623977070851
  150.00       0.0583168836308
  200.00       0.0535955646877
  250.00       0.0483962165605
  300.00       0.0428153129426
  350.00       0.0369168390562
  400.00       0.0307463649053
  450.00       0.0243380056622
  500.00       0.0177182631517
  550.00       0.0109083208496
  600.00       0.0039255000093
  650.00      -0.0032157716577
  700.00      -0.0105032904222
  750.00      -0.0179265988616
  800.00      -0.0254766358973
  850.00      -0.0331454745213
  900.00      -0.0409261213580
  950.00      -0.0488123608456
 1000.00      -0.0567986322738
 1050.00      -0.0648799314483
 1100.00      -0.0730517311094
 1150.00      -0.0813099158374
 1200.00      -0.0896507282903
 1250.00      -0.0980707244101
 1300.00      -0.1065667358031
 1350.00      -0.1151358379119
 1400.00      -0.1237753229070
 1450.00      -0.1324826764529
 1500.00      -0.1412555576815
 1550.00      -0.1500917818370
 1600.00      -0.1589893051616
 1650.00      -0.1679462116716
 1700.00      -0.1769607015368
 1750.00      -0.1860310808281
 1800.00      -0.1951557524370
 1850.00      -0.2043332080047
 1900.00      -0.2135620207239
 1950.00      -0.2228408388986
 2000.00      -0.2321683801647
 2050.00      -0.2415434262889
 2100.00      -0.2509648184748
 2150.00      -0.2604314531167
 2200.00      -0.2699422779479
 2250.00      -0.2794962885396
 2300.00      -0.2890925251113
 2350.00      -0.2987300696181
 2400.00      -0.3084080430864
 2450.00      -0.3181256031713
 2500.00      -0.3278819419139
 2550.00      -0.3376762836777
 2600.00      -0.3475078832467
 2650.00      -0.3573760240706
 2700.00      -0.3672800166415
 2750.00      -0.3772191969918
 2800.00      -0.3871929253003
 2850.00      -0.3972005845991
 2900.00      -0.4072415795703
 2950.00      -0.4173153354260
 3000.00      -0.4274212968643
 3050.00      -0.4375589270952
 3100.00      -0.4477277069297
 3150.00      -0.4579271339280
 3200.00      -0.4681567216023
 3250.00      -0.4784159986686
 3300.00      -0.4887045083448
 3350.00      -0.4990218076921
 3400.00      -0.5093674669941
 3450.00      -0.5197410691745
 3500.00      -0.5301422092465
 3550.00      -0.5405704937954
 3600.00      -0.5510255404892
 3650.00      -0.5615069776167
 3700.00      -0.5720144436514
 3750.00      -0.5825475868381
 3800.00      -0.5931060648025
 3850.00      -0.6036895441804
 3900.00      -0.6142977002671
 3950.00      -0.6249302166838
 4000.00      -0.6355867850618
 4050.00      -0.6462671047422
 4100.00      -0.6569708824898
 4150.00      -0.6676978322219
 4200.00      -0.6784476747499
 4250.00      -0.6892201375325
 4300.00      -0.7000149544416
 4350.00      -0.7108318655384
 4400.00      -0.7216706168597
 4450.00      -0.7325309602149
 4500.00      -0.7434126529903
 4550.00      -0.7543154579645
 4600.00      -0.7652391431294
 4650.00      -0.7761834815210
 4700.00      -0.7871482510563
 4750.00      -0.7981332343778
 4800.00      -0.8091382187040
 4850.00      -0.8201629956865
 4900.00      -0.8312073612729
 4950.00      -0.8422711155751
 5000.00      -0.8533540627436
# V=  53.2444000000000
    0.00       0.0956934741372
   50.00       0.0945419506841
  100.00       0.0914589506649
  150.00       0.0874025646988
  200.00       0.0827058170397
  250.00       0.0775310940880
  300.00       0.0719748426690
  350.00       0.0661010364461
  400.00       0.0599552396324
  450.00       0.0535715641793
  500.00       0.0469765099775
  550.00       0.0401912592711
  600.00       0.0332331324924
  650.00       0.0261165567841
  700.00       0.0188537354691
  750.00       0.0114551256718
  800.00       0.0039297882473
  850.00      -0.0037143499673
  900.00      -0.0114702957294
  950.00      -0.0193318335822
 1000.00      -0.0272934028995
 1050.00      -0.0353499995548
 1100.00      -0.0434970963443
 1150.00      -0.0517305778942
 1200.00      -0.0600466869008
 1250.00      -0.0684419793382
 1300.00      -0.0769132868399
 1350.00      -0.0854576848718
 1400.00      -0.0940724656244
 1450.00      -0.1027551147791
 1500.00      -0.1115032914829
 1550.00      -0.1203148109927
 1600.00      -0.1291876295621
 1650.00      -0.1381198312175
 1700.00      -0.1471096161373
 1750.00      -0.1561552904002
 1800.00      -0.1652552569047
 1850.00      -0.1744080072981
 1900.00      -0.1836121147786
 1950.00      -0.1928662276552
 2000.00      -0.2021690635682
 2050.00      -0.2115194042884
 2100.00      -0.2209160910231
 2150.00      -0.2303580201697
 2200.00      -0.2398441394646
 2250.00      -0.2493734444817
 2300.00      -0.2589449754431
 2350.00      -0.2685578143061
 2400.00      -0.2782110820991
 2450.00      -0.2879039364793
 2500.00      -0.2976355694895
 2550.00      -0.3074052054948
 2600.00      -0.3172120992807
 2650.00      -0.3270555342983
 2700.00      -0.3369348210411
 2750.00      -0.3468492955425
 2800.00      -0.3567983179826
 2850.00      -0.3667812713945
 2900.00      -0.3767975604610
 2950.00      -0.3868466103954
 3000.00      -0.3969278658965
 3050.00      -0.4070407901751
 3100.00      -0.4171848640429
 3150.00      -0.4273595850609
 3200.00      -0.4375644667419
 3250.00      -0.4477990378024
 3300.00      -0.4580628414610
 3350.00      -0.4683554347792
 3400.00      -0.4786763880414
 3450.00      -0.4890252841715
 3500.00      -0.4994017181834
 3550.00      -0.5098052966627
 3600.00      -0.5202356372777
 3650.00      -0.5306923683178
 3700.00      -0.5411751282566
 3750.00      -0.5516835653394
 3800.00      -0.5622173371921
 3850.00      -0.5727761104510
 3900.00      -0.5833595604114
 3950.00      -0.5939673706950
 4000.00      -0.6045992329334
 4050.00      -0.6152548464677
 4100.00      -0.6259339180631
 4150.00      -0.6366361616372
 4200.00      -0.6473612980013
 4250.00      -0.6581090546146
 4300.00      -0.6688791653491
 4350.00      -0.6796713702661
 4400.00      -0.6904854154028
 4450.00      -0.7013210525684
 4500.00      -0.7121780391498
 4550.00      -0.7230561379253
 4600.00      -0.7339551168873
 4650.00      -0.7448747490718
 4700.00      -0.7558148123960
 4750.00      -0.7667750895025
 4800.00      -0.7777553676098
 4850.00      -0.7887554383697
 4900.00      -0.7997750977299
 4950.00      -0.8108141458025
 5000.00      -0.8218723867381
# V=  52.6371000000000
    0.00       0.1241255868665
   50.00       0.1229883120820
  100.00       0.1199276044677
  150.00       0.1158940135508
  200.00       0.1112201902512
  250.00       0.1060684437551
  300.00       0.1005351949166
  350.00       0.0946844062256
  400.00       0.0885616362966
  450.00       0.0822009939671
  500.00       0.0756289772578
  550.00       0.0688667672221
  600.00       0.0619316834982
  650.00       0.0548381526790
  700.00       0.0475983776943
  750.00       0.0402228153807
  800.00       0.0327205263770
  850.00       0.0250994373548
  900.00       0.0173665414283
  950.00       0.0095280539527
 1000.00       0.0015895354731
 1050.00      -0.0064440099500
 1100.00      -0.0145680551664
 1150.00      -0.0227784848468
 1200.00      -0.0310715417245
 1250.00      -0.0394437818047
 1300.00      -0.0478920367474
 1350.00      -0.0564133820409
 1400.00      -0.0650051098948
 1450.00      -0.0736647060071
 1500.00      -0.0823898295391
 1550.00      -0.0911782957605
 1600.00      -0.1000280609356
 1650.00      -0.1089372091003
 1700.00      -0.1179039404418
 1750.00      -0.1269265610462
 1800.00      -0.1360034738187
 1850.00      -0.1451331704124
 1900.00      -0.1543142240311
 1950.00      -0.1635452829883
 2000.00      -0.1728250649289
 2050.00      -0.1821523516274
 2100.00      -0.1915259842946
 2150.00      -0.2009448593311
 2200.00      -0.2104079244763
 2250.00      -0.2199141753068
 2300.00      -0.2294626520469
 2350.00      -0.2390524366562
 2400.00      -0.2486826501653
 2450.00      -0.2583524502330
 2500.00      -0.2680610289039
 2550.00      -0.2778076105446
 2600.00      -0.2875914499423
 2650.00      -0.2974118305492
 2700.00      -0.3072680628601
 2750.00      -0.3171594829096
 2800.00      -0.3270854508788
 2850.00      -0.3370453498019
 2900.00      -0.3470385843626
 2950.00      -0.3570645797750
 3000.00      -0.3671227807388
 3050.00      -0.3772126504655
 3100.00      -0.3873336697675
 3150.00      -0.3974853362065
 3200.00      -0.4076671632958
 3250.00      -0.4178786797526
 3300.00      -0.4281194287961
 3350.00      -0.4383889674882
 3400.00      -0.4486868661138
 3450.00      -0.4590127075974
 3500.00      -0.4693660869530
 3550.00      -0.4797466107669
 3600.00      -0.4901538967077
 3650.00      -0.5005875730651
 3700.00      -0.5110472783131
 3750.00      -0.5215326606974
 3800.00      -0.5320433778442
 3850.00      -0.5425790963898
 3900.00      -0.5531394916301
 3950.00      -0.5637242471870
 4000.00      -0.5743330546922
 4050.00      -0.5849656134872
 4100.00      -0.5956216303374
 4150.00      -0.6063008191605
 4200.00      -0.6170029007682
 4250.00      -0.6277276026197
 4300.00      -0.6384746585872
 4350.00      -0.6492438087323
 4400.00      -0.6600347990923
 4450.00      -0.6708473814767
 4500.00      -0.6816813132723
 4550.00      -0.6925363572577
 4600.00      -0.7034122814254
 4650.00      -0.7143088588116
 4700.00      -0.7252258673335
 4750.00      -0.7361630896339
 4800.00      -0.7471203129315
 4850.00      -0.7580973288781
 4900.00      -0.7690939334216
 4950.00      -0.7801099266741
 5000.00      -0.7911451127863
# V=  52.0972000000000
    0.00       0.1528732583649
   50.00       0.1517497048884
  100.00       0.1487105963773
  150.00       0.1446991079351
  200.00       0.1400475167132
  250.00       0.1349180545192
  300.00       0.1294071161746
  350.00       0.1235786529677
  400.00       0.1174782179003
  450.00       0.1111399166876
  500.00       0.1045902454755
  550.00       0.0978503841238
  600.00       0.0909376514744
  650.00       0.0838664735688
  700.00       0.0766490529431
  750.00       0.0692958461446
  800.00       0.0618159135957
  850.00       0.0542171818021
  900.00       0.0465066437491
  950.00       0.0386905146900
 1000.00       0.0307743550886
 1050.00       0.0227631689394
 1100.00       0.0146614833387
 1150.00       0.0064734135712
 1200.00      -0.0017972831336
 1250.00      -0.0101471628121
 1300.00      -0.0185730571506
 1350.00      -0.0270720416599
 1400.00      -0.0356414085688
 1450.00      -0.0442786435923
 1500.00      -0.0529814059057
 1550.00      -0.0617475107913
 1600.00      -0.0705749145246
 1650.00      -0.0794617011510
 1700.00      -0.0884060708662
 1750.00      -0.0974063297638
 1800.00      -0.1064608807558
 1850.00      -0.1155682155013
 1900.00      -0.1247269072093
 1950.00      -0.1339356041982
 2000.00      -0.1431930241172
 2050.00      -0.1524979487448
 2100.00      -0.1618492192952
 2150.00      -0.1712457321723
 2200.00      -0.1806864351182
 2250.00      -0.1901703237124
 2300.00      -0.1996964381814
 2350.00      -0.2092638604872
 2400.00      -0.2188717116623
 2450.00      -0.2285191493674
 2500.00      -0.2382053656489
 2550.00      -0.2479295848749
 2600.00      -0.2576910618341
 2650.00      -0.2674890799800
 2700.00      -0.2773229498087
 2750.00      -0.2871920073558
 2800.00      -0.2970956128038
 2850.00      -0.3070331491875
 2900.00      -0.3170040211919
 2950.00      -0.3270076540316
 3000.00      -0.3370434924075
 3050.00      -0.3471109995316
 3100.00      -0.3572096562170
 3150.00      -0.3673389600262
 3200.00      -0.3774984244731
 3250.00      -0.3876875782753
 3300.00      -0.3979059646528
 3350.00      -0.4081531406679
 3400.00      -0.4184286766059
 3450.00      -0.4287321553919
 3500.00      -0.4390631720404
 3550.00      -0.4494213331378
 3600.00      -0.4598062563533
 3650.00      -0.4702175699770
 3700.00      -0.4806549124831
 3750.00      -0.4911179321177
 3800.00      -0.5016062865073
 3850.00      -0.5121196422886
 3900.00      -0.5226576747576
 3950.00      -0.5332200675365
 4000.00      -0.5438065122574
 4050.00      -0.5544167082618
 4100.00      -0.5650503623155
 4150.00      -0.5757071883363
 4200.00      -0.5863869071362
 4250.00      -0.5970892461746
 4300.00      -0.6078139393239
 4350.00      -0.6185607266458
 4400.00      -0.6293293541778
 4450.00      -0.6401195737294
 4500.00      -0.6509311426879
 4550.00      -0.6617638238318
 4600.00      -0.6726173851538
 4650.00      -0.6834915996902
 4700.00      -0.6943862453584
 4750.00      -0.7053011048013
 4800.00      -0.7162359652377
 4850.00      -0.7271906183195
 4900.00      -0.7381648599947
 4950.00      -0.7491584903757
 5000.00      -0.7601713136130
# V=  51.5573000000000
    0.00       0.1810760096151
   50.00       0.1799653790595
  100.00       0.1769467141676
  150.00       0.1729561587181
  200.00       0.1683256265789
  250.00       0.1632172742861
  300.00       0.1577274713311
  350.00       0.1519201581021
  400.00       0.1458408821389
  450.00       0.1395237461183
  500.00       0.1329952443614
  550.00       0.1262765555664
  600.00       0.1193849978002
  650.00       0.1123349965678
  700.00       0.1051387540218
  750.00       0.0978067264285
  800.00       0.0903479739991
  850.00       0.0827704230782
  900.00       0.0750810665256
  950.00       0.0672861194954
 1000.00       0.0593911423722
 1050.00       0.0514011390865
 1100.00       0.0433206366817
 1150.00       0.0351537503994
 1200.00       0.0269042374330
 1250.00       0.0185755417156
 1300.00       0.0101708315352
 1350.00       0.0016930313591
 1400.00      -0.0068551510602
 1450.00      -0.0154712014537
 1500.00      -0.0241527790111
 1550.00      -0.0328976990267
 1600.00      -0.0417039177866
 1650.00      -0.0505695193458
 1700.00      -0.0594927039081
 1750.00      -0.0684717775745
 1800.00      -0.0775051432636
 1850.00      -0.0865912926402
 1900.00      -0.0957287989186
 1950.00      -0.1049163104218
 2000.00      -0.1141525448033
 2050.00      -0.1234362838452
 2100.00      -0.1327663687653
 2150.00      -0.1421416959706
 2200.00      -0.1515612132061
 2250.00      -0.1610239160536
 2300.00      -0.1705288447422
 2350.00      -0.1800750812361
 2400.00      -0.1896617465695
 2450.00      -0.1992879984052
 2500.00      -0.2089530287911
 2550.00      -0.2186560620970
 2600.00      -0.2283963531127
 2650.00      -0.2381731852934
 2700.00      -0.2479858691361
 2750.00      -0.2578337406778
 2800.00      -0.2677161601018
 2850.00      -0.2776325104440
 2900.00      -0.2875821963902
 2950.00      -0.2975646431561
 3000.00      -0.3075792954432
 3050.00      -0.3176256164641
 3100.00      -0.3277030870329
 3150.00      -0.3378112047125
 3200.00      -0.3479494830175
 3250.00      -0.3581174506662
 3300.00      -0.3683146508788
 3350.00      -0.3785406407184
 3400.00      -0.3887949904707
 3450.00      -0.3990772830611
 3500.00      -0.4093871135047
 3550.00      -0.4197240883883
 3600.00      -0.4300878253813
 3650.00      -0.4404779527742
 3700.00      -0.4508941090418
 3750.00      -0.4613359424302
 3800.00      -0.4718031105662
 3850.00      -0.4822952800870
 3900.00      -0.4928121262887
 3950.00      -0.5033533327939
 4000.00      -0.5139185912347
 4050.00      -0.5245076009531
 4100.00      -0.5351200687150
 4150.00      -0.5457557084384
 4200.00      -0.5564142409356
 4250.00      -0.5670953936660
 4300.00      -0.5777989005023
 4350.00      -0.5885245015064
 4400.00      -0.5992719427158
 4450.00      -0.6100409759405
 4500.00      -0.6208313585675
 4550.00      -0.6316428533759
 4600.00      -0.6424752283582
 4650.00      -0.6533282565509
 4700.00      -0.6642017158717
 4750.00      -0.6750953889634
 4800.00      -0.6860090630450
 4850.00      -0.6969425297686
 4900.00      -0.7078955850821
 4950.00      -0.7188680290982
 5000.00      -0.7298596659674
# V=  51.0850000000000
    0.00       0.2092727070704
   50.00       0.2081745250835
  100.00       0.2051756494891
  150.00       0.2012053694480
  200.00       0.1965952380575
  250.00       0.1915073370386
  300.00       0.1860380107011
  350.00       0.1802511885954
  400.00       0.1741924128304
  450.00       0.1678957830616
  500.00       0.1613877917959
  550.00       0.1546896165761
  600.00       0.1478185746987
  650.00       0.1407890911351
  700.00       0.1336133676566
  750.00       0.1263018602499
  800.00       0.1188636289165
  850.00       0.1113065998405
  900.00       0.1036377657568
  950.00       0.0958633417213
 1000.00       0.0879888880396
 1050.00       0.0800194085783
 1100.00       0.0719594303288
 1150.00       0.0638130684893
 1200.00       0.0555840802175
 1250.00       0.0472759094161
 1300.00       0.0388917243477
 1350.00       0.0304344494579
 1400.00       0.0219067924803
 1450.00       0.0133112676678
 1500.00       0.0046502158171
 1550.00      -0.0040741783784
 1600.00      -0.0128598712157
 1650.00      -0.0217049467587
 1700.00      -0.0306076052197
 1750.00      -0.0395661527071
 1800.00      -0.0485789921456
 1850.00      -0.0576446152062
 1900.00      -0.0667615951081
 1950.00      -0.0759285801791
 2000.00      -0.0851442880767
 2050.00      -0.0944075005870
 2100.00      -0.1037170589311
 2150.00      -0.1130718595190
 2200.00      -0.1224708500987
 2250.00      -0.1319130262545
 2300.00      -0.1413974282179
 2350.00      -0.1509231379550
 2400.00      -0.1604892765022
 2450.00      -0.1700950015240
 2500.00      -0.1797395050701
 2550.00      -0.1894220115115
 2600.00      -0.1991417756399
 2650.00      -0.2088980809113
 2700.00      -0.2186902378243
 2750.00      -0.2285175824168
 2800.00      -0.2383794748733
 2850.00      -0.2482752982305
 2900.00      -0.2582044571752
 2950.00      -0.2681663769240
 3000.00      -0.2781605021789
 3050.00      -0.2881862961536
 3100.00      -0.2982432396626
 3150.00      -0.3083308302697
 3200.00      -0.3184485814898
 3250.00      -0.3285960220420
 3300.00      -0.3387726951470
 3350.00      -0.3489781578683
 3400.00      -0.3592119804922
 3450.00      -0.3694737459444
 3500.00      -0.3797630492404
 3550.00      -0.3900794969676
 3600.00      -0.4004227067956
 3650.00      -0.4107923070153
 3700.00      -0.4211879361018
 3750.00      -0.4316092423016
 3800.00      -0.4420558832418
 3850.00      -0.4525275255597
 3900.00      -0.4630238445519
 3950.00      -0.4735445238410
 4000.00      -0.4840892550597
 4050.00      -0.4946577375499
 4100.00      -0.5052496780778
 4150.00      -0.5158647905618
 4200.00      -0.5265027958140
 4250.00      -0.5371634212944
 4300.00      -0.5478464008757
 4350.00      -0.5585514746200
 4400.00      -0.5692783885650
 4450.00      -0.5800268945206
 4500.00      -0.5907967498744
 4550.00      -0.6015877174052
 4600.00      -0.6123995651059
 4650.00      -0.6232320660131
 4700.00      -0.6340849980446
 4750.00      -0.6449581438433
 4800.00      -0.6558512906283
 4850.00      -0.6667642300518
 4900.00      -0.6776967580620
 4950.00      -0.6886486747713
 5000.00      -0.6996197843308
# V=  50.5451000000000
    0.00       0.2376381143225
   50.00       0.2365520961413
  100.00       0.2335726429353
  150.00       0.2296222737390
  200.00       0.2250321792265
  250.00       0.2199643658995
  300.00       0.2145151527441
  350.00       0.2087484584106
  400.00       0.2027098195458
  450.00       0.1964333327663
  500.00       0.1899454887542
  550.00       0.1832674638901
  600.00       0.1764165746956
  650.00       0.1694072456054
  700.00       0.1622516780072
  750.00       0.1549603276065
  800.00       0.1475422541938
  850.00       0.1400053837919
  900.00       0.1323567090101
  950.00       0.1246024448053
 1000.00       0.1167481514036
 1050.00       0.1087988326076
 1100.00       0.1007590153562
 1150.00       0.0926328148042
 1200.00       0.0844239880729
 1250.00       0.0761359790349
 1300.00       0.0677719559271
 1350.00       0.0593348431729
 1400.00       0.0508273484875
 1450.00       0.0422519861075
 1500.00       0.0336110968154
 1550.00       0.0249068652925
 1600.00       0.0161413352313
 1650.00       0.0073164225582
 1700.00      -0.0015660729472
 1750.00      -0.0105044574006
 1800.00      -0.0194971337334
 1850.00      -0.0285425936223
 1900.00      -0.0376394102917
 1950.00      -0.0467862320741
 2000.00      -0.0559817766313
 2050.00      -0.0652248257530
 2100.00      -0.0745142206639
 2150.00      -0.0838488577772
 2200.00      -0.0932276848434
 2250.00      -0.1026496974496
 2300.00      -0.1121139358296
 2350.00      -0.1216194819517
 2400.00      -0.1311654568543
 2450.00      -0.1407510182037
 2500.00      -0.1503753580511
 2550.00      -0.1600377007693
 2600.00      -0.1697373011512
 2650.00      -0.1794734426543
 2700.00      -0.1892454357783
 2750.00      -0.1990526165623
 2800.00      -0.2088943451916
 2850.00      -0.2187700047043
 2900.00      -0.2286789997878
 2950.00      -0.2386207556595
 3000.00      -0.2485947170225
 3050.00      -0.2586003470910
 3100.00      -0.2686371266802
 3150.00      -0.2787045533545
 3200.00      -0.2888021406297
 3250.00      -0.2989294172251
 3300.00      -0.3090859263621
 3350.00      -0.3192712251047
 3400.00      -0.3294848837397
 3450.00      -0.3397264851931
 3500.00      -0.3499956244811
 3550.00      -0.3602919081912
 3600.00      -0.3706149539936
 3650.00      -0.3809643901794
 3700.00      -0.3913398552240
 3750.00      -0.4017409973744
 3800.00      -0.4121674742578
 3850.00      -0.4226189525119
 3900.00      -0.4330951074336
 3950.00      -0.4435956226458
 4000.00      -0.4541201897812
 4050.00      -0.4646685081822
 4100.00      -0.4752402846150
 4150.00      -0.4858352329983
 4200.00      -0.4964530741446
 4250.00      -0.5070935355138
 4300.00      -0.5177563509788
 4350.00      -0.5284412606020
 4400.00      -0.5391480104212
 4450.00      -0.5498763522466
 4500.00      -0.5606260434657
 4550.00      -0.5713968468576
 4600.00      -0.5821885304153
 4650.00      -0.5930008671756
 4700.00      -0.6038336350563
 4750.00      -0.6146866167005
 4800.00      -0.6255595993275
 4850.00      -0.6364523745895
 4900.00      -0.6473647384347
 4950.00      -0.6582964909759
 5000.00      -0.6692474363639
