# T (K)      C-ph_V_V (J K^-1 mol^-1)
# V = 157.405100 (a.u.^3)
    5.0      10.9197743318131
   50.0     118.3805467611629
  100.0     123.0814646113083
  150.0     123.9857286029492
  200.0     124.3048061411917
  250.0     124.4529511547242
  300.0     124.5335468014272
  350.0     124.5821849488651
  400.0     124.6137697075061
  450.0     124.6354317284956
  500.0     124.6509302462431
  550.0     124.6623994379904
  600.0     124.6711238616078
  650.0     124.6779142098989
  700.0     124.6833025764435
  750.0     124.6876499148946
  800.0     124.6912080784718
  850.0     124.6941571240089
  900.0     124.6966285412454
  950.0     124.6987201645278
 1000.0     124.7005060042561
 1050.0     124.7020428839181
 1100.0     124.7033750160780
 1150.0     124.7045372175895
 1200.0     124.7055572075822
 1250.0     124.7064572755164
 1300.0     124.7072555091801
 1350.0     124.7079667104883
 1400.0     124.7086030865888
 1450.0     124.7091747771490
 1500.0     124.7096902607407
 1550.0     124.7101566709953
 1600.0     124.7105800447254
 1650.0     124.7109655182369
 1700.0     124.7113174838385
 1750.0     124.7116397155160
 1800.0     124.7119354705144
 1850.0     124.7122075719746
 1900.0     124.7124584765510
 1950.0     124.7126903300534
 2000.0     124.7129050134801
 2050.0     124.7131041812825
 2100.0     124.7132892933398
 2150.0     124.7134616417843
 2200.0     124.7136223736094
 2250.0     124.7137725098045
 2300.0     124.7139129616059
 2350.0     124.7140445443565
 2400.0     124.7141679893655
 2450.0     124.7142839540914
 2500.0     124.7143930309145
 2550.0     124.7144957547131
 2600.0     124.7145926094392
 2650.0     124.7146840338228
 2700.0     124.7147704263542
 2750.0     124.7148521496291
 2800.0     124.7149295341618
 2850.0     124.7150028817314
 2900.0     124.7150724683284
 2950.0     124.7151385467559
 3000.0     124.7152013489265
 3050.0     124.7152610879022
 3100.0     124.7153179597006
 3150.0     124.7153721449104
 3200.0     124.7154238101197
 3250.0     124.7154731092051
 3300.0     124.7155201844728
 3350.0     124.7155651676909
 3400.0     124.7156081810084
 3450.0     124.7156493377900
 3500.0     124.7156887433606
 3550.0     124.7157264956792
 3600.0     124.7157626859520
 3650.0     124.7157973991797
 3700.0     124.7158307146606
 3750.0     124.7158627064404
 3800.0     124.7158934437253
 3850.0     124.7159229912594
 3900.0     124.7159514096618
 3950.0     124.7159787557391
 4000.0     124.7160050827701
 4050.0     124.7160304407674
 4100.0     124.7160548767089
 4150.0     124.7160784347632
 4200.0     124.7161011564829
 4250.0     124.7161230809929
 4300.0     124.7161442451559
 4350.0     124.7161646837280
 4400.0     124.7161844295027
 4450.0     124.7162035134404
 4500.0     124.7162219647927
 4550.0     124.7162398112108
 4600.0     124.7162570788534
 4650.0     124.7162737924786
 4700.0     124.7162899755365
 4750.0     124.7163056502485
 4800.0     124.7163208376845
 4850.0     124.7163355578343
 4900.0     124.7163498296730
 4950.0     124.7163636712223
 5000.0     124.7163770996071
# V = 155.178150 (a.u.^3)
    5.0      10.4778053722136
   50.0     118.1772289609055
  100.0     123.0270911955340
  150.0     123.9612542308625
  200.0     124.2909777270487
  250.0     124.4440825468812
  300.0     124.5273810081119
  350.0     124.5776518007472
  400.0     124.6102973916706
  450.0     124.6326872542750
  500.0     124.6487066617570
  550.0     124.6605613974236
  600.0     124.6695791410789
  650.0     124.6765978105282
  700.0     124.6821673735678
  750.0     124.6866609118719
  800.0     124.6903387424514
  850.0     124.6933869740347
  900.0     124.6959415163984
  950.0     124.6981034929304
 1000.0     124.6999494023565
 1050.0     124.7015379787804
 1100.0     124.7029149214489
 1150.0     124.7041162180208
 1200.0     124.7051705197960
 1250.0     124.7061008658366
 1300.0     124.7069259522550
 1350.0     124.7076610787934
 1400.0     124.7083188631710
 1450.0     124.7089097860962
 1500.0     124.7094426113189
 1550.0     124.7099247124175
 1600.0     124.7103623292610
 1650.0     124.7107607709258
 1700.0     124.7111245774669
 1750.0     124.7114576498185
 1800.0     124.7117633547948
 1850.0     124.7120446105029
 1900.0     124.7123039562377
 1950.0     124.7125436099925
 2000.0     124.7127655160412
 2050.0     124.7129713844922
 2100.0     124.7131627243354
 2150.0     124.7133408711697
 2200.0     124.7135070105754
 2250.0     124.7136621978891
 2300.0     124.7138073749999
 2350.0     124.7139433846820
 2400.0     124.7140709828470
 2450.0     124.7141908490709
 2500.0     124.7143035956619
 2550.0     124.7144097754940
 2600.0     124.7145098887987
 2650.0     124.7146043890678
 2700.0     124.7146936881964
 2750.0     124.7147781609783
 2800.0     124.7148581490487
 2850.0     124.7149339643378
 2900.0     124.7150058921223
 2950.0     124.7150741937100
 3000.0     124.7151391088152
 3050.0     124.7152008576677
 3100.0     124.7152596428814
 3150.0     124.7153156511180
 3200.0     124.7153690545736
 3250.0     124.7154200122983
 3300.0     124.7154686713877
 3350.0     124.7155151680427
 3400.0     124.7155596285219
 3450.0     124.7156021700036
 3500.0     124.7156429013556
 3550.0     124.7156819238349
 3600.0     124.7157193317141
 3650.0     124.7157552128543
 3700.0     124.7157896492212
 3750.0     124.7158227173523
 3800.0     124.7158544887829
 3850.0     124.7158850304332
 3900.0     124.7159144049636
 3950.0     124.7159426710906
 4000.0     124.7159698838877
 4050.0     124.7159960950468
 4100.0     124.7160213531287
 4150.0     124.7160457037870
 4200.0     124.7160691899732
 4250.0     124.7160918521281
 4300.0     124.7161137283544
 4350.0     124.7161348545778
 4400.0     124.7161552646942
 4450.0     124.7161749907074
 4500.0     124.7161940628518
 4550.0     124.7162125097091
 4600.0     124.7162303583184
 4650.0     124.7162476342711
 4700.0     124.7162643618055
 4750.0     124.7162805638907
 4800.0     124.7162962623061
 4850.0     124.7163114777129
 4900.0     124.7163262297262
 4950.0     124.7163405369722
 5000.0     124.7163544171539
# V = 153.052400 (a.u.^3)
    5.0      10.0811135555595
   50.0     117.9792954873561
  100.0     122.9740257490980
  150.0     123.9373571340392
  200.0     124.2774731159031
  250.0     124.4354208400175
  300.0     124.5213587269321
  350.0     124.5732239822917
  400.0     124.6069056393947
  450.0     124.6300063712644
  500.0     124.6465345318660
  550.0     124.6587658336681
  600.0     124.6680700701269
  650.0     124.6753117482026
  700.0     124.6810582928185
  750.0     124.6856946308582
  800.0     124.6894893458722
  850.0     124.6926344574972
  900.0     124.6952701926195
  950.0     124.6975008870967
 1000.0     124.6994054700680
 1050.0     124.7010445417949
 1100.0     124.7024652536179
 1150.0     124.7037047367675
 1200.0     124.7047925530320
 1250.0     124.7057524736475
 1300.0     124.7066037889015
 1350.0     124.7073622847909
 1400.0     124.7080409800579
 1450.0     124.7086506885271
 1500.0     124.7092004524979
 1550.0     124.7096978799156
 1600.0     124.7101494089875
 1650.0     124.7105605175444
 1700.0     124.7109358899539
 1750.0     124.7112795511493
 1800.0     124.7115949749672
 1850.0     124.7118851722750
 1900.0     124.7121527630863
 1950.0     124.7124000359022
 2000.0     124.7126289968002
 2050.0     124.7128414102538
 2100.0     124.7130388332206
 2150.0     124.7132226437591
 2200.0     124.7133940651382
 2250.0     124.7135541862421
 2300.0     124.7137039789057
 2350.0     124.7138443126930
 2400.0     124.7139759675469
 2450.0     124.7140996446471
 2500.0     124.7142159757675
 2550.0     124.7143255313596
 2600.0     124.7144288275563
 2650.0     124.7145263322672
 2700.0     124.7146184704818
 2750.0     124.7147056289091
 2800.0     124.7147881600447
 2850.0     124.7148663857377
 2900.0     124.7149406003320
 2950.0     124.7150110734436
 3000.0     124.7150780524078
 3050.0     124.7151417644553
 3100.0     124.7152024186425
 3150.0     124.7152602075654
 3200.0     124.7153153088934
 3250.0     124.7153678867341
 3300.0     124.7154180928598
 3350.0     124.7154660677998
 3400.0     124.7155119418286
 3450.0     124.7155558358497
 3500.0     124.7155978621925
 3550.0     124.7156381253309
 3600.0     124.7156767225363
 3650.0     124.7157137444634
 3700.0     124.7157492756831
 3750.0     124.7157833951669
 3800.0     124.7158161767236
 3850.0     124.7158476894019
 3900.0     124.7158779978531
 3950.0     124.7159071626620
 4000.0     124.7159352406512
 4050.0     124.7159622851574
 4100.0     124.7159883462850
 4150.0     124.7160134711396
 4200.0     124.7160377040372
 4250.0     124.7160610867046
 4300.0     124.7160836584560
 4350.0     124.7161054563603
 4400.0     124.7161265153899
 4450.0     124.7161468685657
 4500.0     124.7161665470836
 4550.0     124.7161855804352
 4600.0     124.7162039965184
 4650.0     124.7162218217380
 4700.0     124.7162390811032
 4750.0     124.7162557983130
 4800.0     124.7162719958401
 4850.0     124.7162876950020
 4900.0     124.7163029160362
 4950.0     124.7163176781647
 5000.0     124.7163319996498
# V = 151.027900 (a.u.^3)
    5.0       9.7196319634373
   50.0     117.7846227122924
  100.0     122.9217058427329
  150.0     123.9137846417251
  200.0     124.2641496806823
  250.0     124.4268746317562
  300.0     124.5154164587112
  350.0     124.5688548454972
  400.0     124.6035587503983
  450.0     124.6273608897586
  500.0     124.6443910415573
  550.0     124.6569939096792
  600.0     124.6665808380190
  650.0     124.6740425678144
  700.0     124.6799637484814
  750.0     124.6847409944510
  800.0     124.6886510458892
  850.0     124.6918917548057
  900.0     124.6946076078681
  950.0     124.6969061107740
 1000.0     124.6988685908315
 1050.0     124.7005574897154
 1100.0     124.7020213916104
 1150.0     124.7032985561642
 1200.0     124.7044194435894
 1250.0     124.7054085475958
 1300.0     124.7062857447798
 1350.0     124.7070673009506
 1400.0     124.7077666305685
 1450.0     124.7083948761613
 1500.0     124.7089613548894
 1550.0     124.7094739059659
 1600.0     124.7099391633111
 1650.0     124.7103627712769
 1700.0     124.7107495566337
 1750.0     124.7111036666733
 1800.0     124.7114286808393
 1850.0     124.7117277015313
 1900.0     124.7120034284149
 1950.0     124.7122582195642
 2000.0     124.7124941420474
 2050.0     124.7127130139789
 2100.0     124.7129164396532
 2150.0     124.7131058390245
 2200.0     124.7132824725524
 2250.0     124.7134474622271
 2300.0     124.7136018094298
 2350.0     124.7137464101627
 2400.0     124.7138820680806
 2450.0     124.7140095056826
 2500.0     124.7141293739506
 2550.0     124.7142422606797
 2600.0     124.7143486976969
 2650.0     124.7144491671361
 2700.0     124.7145441069088
 2750.0     124.7146339154831
 2800.0     124.7147189560704
 2850.0     124.7147995603062
 2900.0     124.7148760314839
 2950.0     124.7149486474168
 3000.0     124.7150176629603
 3050.0     124.7150833122544
 3100.0     124.7151458107124
 3150.0     124.7152053567848
 3200.0     124.7152621335433
 3250.0     124.7153163100869
 3300.0     124.7153680428002
 3350.0     124.7154174764875
 3400.0     124.7154647453829
 3450.0     124.7155099740667
 3500.0     124.7155532782825
 3550.0     124.7155947656825
 3600.0     124.7156345364953
 3650.0     124.7156726841317
 3700.0     124.7157092957342
 3750.0     124.7157444526738
 3800.0     124.7157782310061
 3850.0     124.7158107018784
 3900.0     124.7158419319073
 3950.0     124.7158719835199
 4000.0     124.7159009152662
 4050.0     124.7159287821056
 4100.0     124.7159556356658
 4150.0     124.7159815244834
 4200.0     124.7160064942238
 4250.0     124.7160305878809
 4300.0     124.7160538459656
 4350.0     124.7160763066725
 4400.0     124.7160980060384
 4450.0     124.7161189780881
 4500.0     124.7161392549660
 4550.0     124.7161588670603
 4600.0     124.7161778431166
 4650.0     124.7161962103440
 4700.0     124.7162139945110
 4750.0     124.7162312200378
 4800.0     124.7162479100793
 4850.0     124.7162640866030
 4900.0     124.7162797704610
 4950.0     124.7162949814583
 5000.0     124.7163097384137
# V = 149.070900 (a.u.^3)
    5.0       9.3876866179817
   50.0     117.5933559336520
  100.0     122.8701786676659
  150.0     123.8905587447532
  200.0     124.2510200464866
  250.0     124.4184521154038
  300.0     124.5095599635792
  350.0     124.5645486745758
  400.0     124.6002600474210
  450.0     124.6247534717022
  500.0     124.6422783793091
  550.0     124.6552474631907
  600.0     124.6651130154715
  650.0     124.6727916321314
  700.0     124.6788849382298
  750.0     124.6838010670754
  800.0     124.6878247978355
  850.0     124.6911597308516
  900.0     124.6939545512303
  950.0     124.6963198888766
 1000.0     124.6983394347649
 1050.0     124.7000774454964
 1100.0     124.7015839174968
 1150.0     124.7028982226065
 1200.0     124.7040517065527
 1250.0     124.7050695751363
 1300.0     124.7059722828354
 1350.0     124.7067765683846
 1400.0     124.7074962362730
 1450.0     124.7081427530122
 1500.0     124.7087257066785
 1550.0     124.7092531644316
 1600.0     124.7097319530931
 1650.0     124.7101678811451
 1700.0     124.7105659157192
 1750.0     124.7109303247075
 1800.0     124.7112647916436
 1850.0     124.7115725091473
 1900.0     124.7118562553920
 1950.0     124.7121184570278
 2000.0     124.7123612412354
 2050.0     124.7125864790038
 2100.0     124.7127958212819
 2150.0     124.7129907293209
 2200.0     124.7131725002365
 2250.0     124.7133422886496
 2300.0     124.7135011250639
 2350.0     124.7136499315404
 2400.0     124.7137895351062
 2450.0     124.7139206792735
 2500.0     124.7140440339563
 2550.0     124.7141602040444
 2600.0     124.7142697368334
 2650.0     124.7143731284794
 2700.0     124.7144708296294
 2750.0     124.7145632503411
 2800.0     124.7146507643890
 2850.0     124.7147337130538
 2900.0     124.7148124084506
 2950.0     124.7148871364720
 3000.0     124.7149581593865
 3050.0     124.7150257181439
 3100.0     124.7150900344207
 3150.0     124.7151513124423
 3200.0     124.7152097406032
 3250.0     124.7152654929202
 3300.0     124.7153187303286
 3350.0     124.7153696018414
 3400.0     124.7154182455988
 3450.0     124.7154647898033
 3500.0     124.7155093535664
 3550.0     124.7155520476708
 3600.0     124.7155929752590
 3650.0     124.7156322324599
 3700.0     124.7156699089502
 3750.0     124.7157060884687
 3800.0     124.7157408492811
 3850.0     124.7157742646056
 3900.0     124.7158064029951
 3950.0     124.7158373286940
 4000.0     124.7158671019540
 4050.0     124.7158957793334
 4100.0     124.7159234139614
 4150.0     124.7159500557863
 4200.0     124.7159757518017
 4250.0     124.7160005462526
 4300.0     124.7160244808271
 4350.0     124.7160475948309
 4400.0     124.7160699253504
 4450.0     124.7160915073984
 4500.0     124.7161123740553
 4550.0     124.7161325565927
 4600.0     124.7161520845923
 4650.0     124.7161709860539
 4700.0     124.7161892874966
 4750.0     124.7162070140505
 4800.0     124.7162241895438
 4850.0     124.7162408365830
 4900.0     124.7162569766267
 4950.0     124.7162726300566
 5000.0     124.7162878162384
# V = 147.248850 (a.u.^3)
    5.0       9.0786941714134
   50.0     117.4048717598340
  100.0     122.8192866007168
  150.0     123.8676092378000
  200.0     124.2380446969546
  250.0     124.4101279958225
  300.0     124.5037716759534
  350.0     124.5602925661403
  400.0     124.5969996536353
  450.0     124.6221763155459
  500.0     124.6401902281472
  550.0     124.6535212757172
  600.0     124.6636622195361
  650.0     124.6715552084746
  700.0     124.6778186453695
  750.0     124.6828720483176
  800.0     124.6870081419992
  850.0     124.6904362082935
  900.0     124.6933090819937
  950.0     124.6957404809572
 1000.0     124.6978164324059
 1050.0     124.6996029868195
 1100.0     124.7011515364979
 1150.0     124.7025025525867
 1200.0     124.7036882560672
 1250.0     124.7047345565845
 1300.0     124.7056624798087
 1350.0     124.7064892319195
 1400.0     124.7072290029235
 1450.0     124.7078935795665
 1500.0     124.7084928177026
 1550.0     124.7090350098014
 1600.0     124.7095271733538
 1650.0     124.7099752790750
 1700.0     124.7103844328304
 1750.0     124.7107590217196
 1800.0     124.7111028321630
 1850.0     124.7114191459552
 1900.0     124.7117108188707
 1950.0     124.7119803453414
 2000.0     124.7122299119660
 2050.0     124.7124614419957
 2100.0     124.7126766324974
 2150.0     124.7128769855375
 2200.0     124.7130638344673
 2250.0     124.7132383661588
 2300.0     124.7134016399037
 2350.0     124.7135546035185
 2400.0     124.7136981071335
 2450.0     124.7138329150300
 2500.0     124.7139597158371
 2550.0     124.7140791313417
 2600.0     124.7141917241273
 2650.0     124.7142980042101
 2700.0     124.7143984348267
 2750.0     124.7144934374894
 2800.0     124.7145833964148
 2850.0     124.7146686624162
 2900.0     124.7147495563292
 2950.0     124.7148263720330
 3000.0     124.7148993791215
 3050.0     124.7149688252765
 3100.0     124.7150349383674
 3150.0     124.7150979283239
 3200.0     124.7151579888046
 3250.0     124.7152152986869
 3300.0     124.7152700234019
 3350.0     124.7153223161261
 3400.0     124.7153723188587
 3450.0     124.7154201633833
 3500.0     124.7154659721390
 3550.0     124.7155098590032
 3600.0     124.7155519300015
 3650.0     124.7155922839455
 3700.0     124.7156310130191
 3750.0     124.7156682032997
 3800.0     124.7157039352400
 3850.0     124.7157382841026
 3900.0     124.7157713203577
 3950.0     124.7158031100420
 4000.0     124.7158337150921
 4050.0     124.7158631936458
 4100.0     124.7158916003160
 4150.0     124.7159189864482
 4200.0     124.7159454003463
 4250.0     124.7159708874932
 4300.0     124.7159954907410
 4350.0     124.7160192504941
 4400.0     124.7160422048733
 4450.0     124.7160643898723
 4500.0     124.7160858394934
 4550.0     124.7161065858817
 4600.0     124.7161266594468
 4650.0     124.7161460889704
 4700.0     124.7161649017118
 4750.0     124.7161831235033
 4800.0     124.7162007788388
 4850.0     124.7162178909581
 4900.0     124.7162344819167
 4950.0     124.7162505726663
 5000.0     124.7162661831142
# V = 145.494250 (a.u.^3)
    5.0       8.7896427850079
   50.0     117.2188304628836
  100.0     122.7689431578118
  150.0     123.8448975259430
  200.0     124.2252018831424
  250.0     124.4018883367790
  300.0     124.4980419076953
  350.0     124.5560793949455
  400.0     124.5937721077847
  450.0     124.6196251011229
  500.0     124.6381230842470
  550.0     124.6518124475117
  600.0     124.6622260099529
  650.0     124.6703312141966
  700.0     124.6767630710248
  750.0     124.6819523682415
  800.0     124.6861996958224
  850.0     124.6897199598725
  900.0     124.6926701030463
  950.0     124.6951669000469
 1000.0     124.6972986908234
 1050.0     124.6991333016860
 1100.0     124.7007235067627
 1150.0     124.7021108654525
 1200.0     124.7033284651915
 1250.0     124.7044029123950
 1300.0     124.7053557981854
 1350.0     124.7062047914922
 1400.0     124.7069644639671
 1450.0     124.7076469193720
 1500.0     124.7082622786547
 1550.0     124.7088190573272
 1600.0     124.7093244616397
 1650.0     124.7097846229090
 1700.0     124.7102047843440
 1750.0     124.7105894510547
 1800.0     124.7109425113145
 1850.0     124.7112673352000
 1900.0     124.7115668553067
 1950.0     124.7118436331695
 2000.0     124.7120999142082
 2050.0     124.7123376734128
 2100.0     124.7125586535032
 2150.0     124.7127643969543
 2200.0     124.7129562729872
 2250.0     124.7131355004046
 2300.0     124.7133031669926
 2350.0     124.7134602460694
 2400.0     124.7136076106348
 2450.0     124.7137460455324
 2500.0     124.7138762579167
 2550.0     124.7139988863024
 2600.0     124.7141145084081
 2650.0     124.7142236479723
 2700.0     124.7143267806942
 2750.0     124.7144243394245
 2800.0     124.7145167187190
 2850.0     124.7146042788282
 2900.0     124.7146873492192
 2950.0     124.7147662316769
 3000.0     124.7148412030503
 3050.0     124.7149125176831
 3100.0     124.7149804095765
 3150.0     124.7150450943081
 3200.0     124.7151067707458
 3250.0     124.7151656225807
 3300.0     124.7152218196942
 3350.0     124.7152755193838
 3400.0     124.7153268674691
 3450.0     124.7153759992800
 3500.0     124.7154230405490
 3550.0     124.7154681082175
 3600.0     124.7155113111630
 3650.0     124.7155527508578
 3700.0     124.7155925219640
 3750.0     124.7156307128755
 3800.0     124.7156674062093
 3850.0     124.7157026792535
 3900.0     124.7157366043735
 3950.0     124.7157692493834
 4000.0     124.7158006778865
 4050.0     124.7158309495837
 4100.0     124.7158601205581
 4150.0     124.7158882435362
 4200.0     124.7159153681226
 4250.0     124.7159415410223
 4300.0     124.7159668062413
 4350.0     124.7159912052706
 4400.0     124.7160147772573
 4450.0     124.7160375591628
 4500.0     124.7160595859038
 4550.0     124.7160808904927
 4600.0     124.7161015041551
 4650.0     124.7161214564474
 4700.0     124.7161407753630
 4750.0     124.7161594874288
 4800.0     124.7161776177977
 4850.0     124.7161951903334
 4900.0     124.7162122276876
 4950.0     124.7162287513741
 5000.0     124.7162447818358
# V = 143.773450 (a.u.^3)
    5.0       8.5183990226465
   50.0     117.0349885487891
  100.0     122.7190861627617
  150.0     123.8223958421152
  200.0     124.2124759562321
  250.0     124.3937231122929
  300.0     124.4923636909404
  350.0     124.5519040383552
  400.0     124.5905734853806
  450.0     124.6170967256256
  500.0     124.6360744326650
  550.0     124.6501188986445
  600.0     124.6608026376939
  650.0     124.6691181578106
  700.0     124.6757169280716
  750.0     124.6810409046051
  800.0     124.6853984720096
  850.0     124.6890101101386
  900.0     124.6920368326672
  950.0     124.6945984437512
 1000.0     124.6967855753534
 1050.0     124.6986678137160
 1100.0     124.7002993024338
 1150.0     124.7017226794228
 1200.0     124.7029718908274
 1250.0     124.7040742336040
 1300.0     124.7050518592751
 1350.0     124.7059228953836
 1400.0     124.7067022918187
 1450.0     124.7074024665270
 1500.0     124.7080338031792
 1550.0     124.7086050383438
 1600.0     124.7091235653405
 1650.0     124.7095956746563
 1700.0     124.7100267456168
 1750.0     124.7104214002898
 1800.0     124.7107836278924
 1850.0     124.7111168859948
 1900.0     124.7114241833295
 1950.0     124.7117081479342
 2000.0     124.7119710835261
 2050.0     124.7122150163711
 2100.0     124.7124417344357
 2150.0     124.7126528202443
 2200.0     124.7128496785646
 2250.0     124.7130335598470
 2300.0     124.7132055801199
 2350.0     124.7133667379724
 2400.0     124.7135179290719
 2450.0     124.7136599586386
 2500.0     124.7137935521890
 2550.0     124.7139193648169
 2600.0     124.7140379892411
 2650.0     124.7141499627982
 2700.0     124.7142557735394
 2750.0     124.7143558655549
 2800.0     124.7144506436442
 2850.0     124.7145404774125
 2900.0     124.7146257048814
 2950.0     124.7147066356723
 3000.0     124.7147835538224
 3050.0     124.7148567202796
 3100.0     124.7149263751208
 3150.0     124.7149927395210
 3200.0     124.7150560175138
 3250.0     124.7151163975581
 3300.0     124.7151740539459
 3350.0     124.7152291480613
 3400.0     124.7152818295086
 3450.0     124.7153322371321
 3500.0     124.7153804999292
 3550.0     124.7154267378782
 3600.0     124.7154710626828
 3650.0     124.7155135784514
 3700.0     124.7155543823031
 3750.0     124.7155935649269
 3800.0     124.7156312110859
 3850.0     124.7156674000748
 3900.0     124.7157022061383
 3950.0     124.7157356988510
 4000.0     124.7157679434675
 4050.0     124.7157990012402
 4100.0     124.7158289297066
 4150.0     124.7158577829631
 4200.0     124.7158856119036
 4250.0     124.7159124644445
 4300.0     124.7159383857348
 4350.0     124.7159634183431
 4400.0     124.7159876024339
 4450.0     124.7160109759256
 4500.0     124.7160335746445
 4550.0     124.7160554324584
 4600.0     124.7160765814044
 4650.0     124.7160970518066
 4700.0     124.7161168723848
 4750.0     124.7161360703552
 4800.0     124.7161546715237
 4850.0     124.7161727003739
 4900.0     124.7161901801447
 4950.0     124.7162071329101
 5000.0     124.7162235796424
# V = 142.153850 (a.u.^3)
    5.0       8.2659462324011
   50.0     116.8537674233119
  100.0     122.6698292244896
  150.0     123.8001553805850
  200.0     124.1998958511469
  250.0     124.3856508811525
  300.0     124.4867499285799
  350.0     124.5477759822981
  400.0     124.5874110519350
  450.0     124.6145969310392
  500.0     124.6340489250107
  550.0     124.6484444736437
  600.0     124.6593953332487
  650.0     124.6679187918304
  700.0     124.6746825896963
  750.0     124.6801397245254
  800.0     124.6846062871541
  850.0     124.6883082680364
  900.0     124.6914107057753
  950.0     124.6940363997012
 1000.0     124.6962782478673
 1050.0     124.6982075765518
 1100.0     124.6998798833384
 1150.0     124.7013388724775
 1200.0     124.7026193391206
 1250.0     124.7037492629672
 1300.0     124.7047513496136
 1350.0     124.7056441800418
 1400.0     124.7064430781057
 1450.0     124.7071607723932
 1500.0     124.7078079063342
 1550.0     124.7083934350571
 1600.0     124.7089249368431
 1650.0     124.7094088595534
 1700.0     124.7098507170952
 1750.0     124.7102552471744
 1800.0     124.7106265388150
 1850.0     124.7109681360934
 1900.0     124.7112831230196
 1950.0     124.7115741933849
 2000.0     124.7118437085470
 2050.0     124.7120937454704
 2100.0     124.7123261368567
 2150.0     124.7125425048271
 2200.0     124.7127442893006
 2250.0     124.7129327720117
 2300.0     124.7131090969176
 2350.0     124.7132742875909
 2400.0     124.7134292621120
 2450.0     124.7135748458490
 2500.0     124.7137117824719
 2550.0     124.7138407434674
 2600.0     124.7139623363845
 2650.0     124.7140771120070
 2700.0     124.7141855705968
 2750.0     124.7142881673573
 2800.0     124.7143853172165
 2850.0     124.7144773990296
 2900.0     124.7145647592756
 2950.0     124.7146477153233
 3000.0     124.7147265583183
 3050.0     124.7148015557378
 3100.0     124.7148729536669
 3150.0     124.7149409788146
 3200.0     124.7150058403186
 3250.0     124.7150677313562
 3300.0     124.7151268305805
 3350.0     124.7151833034124
 3400.0     124.7152373032011
 3450.0     124.7152889722649
 3500.0     124.7153384428295
 3550.0     124.7153858378756
 3600.0     124.7154312719022
 3650.0     124.7154748516215
 3700.0     124.7155166765847
 3750.0     124.7155568397497
 3800.0     124.7155954280010
 3850.0     124.7156325226162
 3900.0     124.7156681996988
 3950.0     124.7157025305649
 4000.0     124.7157355821019
 4050.0     124.7157674170940
 4100.0     124.7157980945204
 4150.0     124.7158276698298
 4200.0     124.7158561951891
 4250.0     124.7158837197154
 4300.0     124.7159102896867
 4350.0     124.7159359487367
 4400.0     124.7159607380352
 4450.0     124.7159846964497
 4500.0     124.7160078607033
 4550.0     124.7160302655102
 4600.0     124.7160519437106
 4650.0     124.7160729263861
 4700.0     124.7160932429762
 4750.0     124.7161129213779
 4800.0     124.7161319880430
 4850.0     124.7161504680667
 4900.0     124.7161683852713
 4950.0     124.7161857622808
 5000.0     124.7162026205958
# V = 140.601700 (a.u.^3)
    5.0       8.0322216525501
   50.0     116.6754039205082
  100.0     122.6212379147848
  150.0     123.7782058072665
  200.0     124.1874783455067
  250.0     124.3776823987273
  300.0     124.4812080895241
  350.0     124.5437007089055
  400.0     124.5842889980078
  450.0     124.6121290214837
  500.0     124.6320492308647
  550.0     124.6467913723513
  600.0     124.6580059390421
  650.0     124.6667346804373
  700.0     124.6736613992487
  750.0     124.6792499931623
  800.0     124.6838241605593
  850.0     124.6876153319694
  900.0     124.6907925194502
  950.0     124.6934814792166
 1000.0     124.6957773464586
 1050.0     124.6977531652663
 1100.0     124.6994657699240
 1150.0     124.7009599174016
 1200.0     124.7022712410262
 1250.0     124.7034283945292
 1300.0     124.7044546305097
 1350.0     124.7053689776055
 1400.0     124.7061871288673
 1450.0     124.7069221195630
 1500.0     124.7075848495679
 1550.0     124.7081844897863
 1600.0     124.7087288011019
 1650.0     124.7092243867450
 1700.0     124.7096768934874
 1750.0     124.7100911732006
 1800.0     124.7104714134426
 1850.0     124.7108212436948
 1900.0     124.7111438222847
 1950.0     124.7114419079206
 2000.0     124.7117179188643
 2050.0     124.7119739821331
 2100.0     124.7122119745955
 2150.0     124.7124335574651
 2200.0     124.7126402053616
 2250.0     124.7128332309092
 2300.0     124.7130138056330
 2350.0     124.7131829777755
 2400.0     124.7133416875420
 2450.0     124.7134907801928
 2500.0     124.7136310173208
 2550.0     124.7137630865951
 2600.0     124.7138876102079
 2650.0     124.7140051522163
 2700.0     124.7141162249402
 2750.0     124.7142212945533
 2800.0     124.7143207859846
 2850.0     124.7144150872185
 2900.0     124.7145045530858
 2950.0     124.7145895086048
 3000.0     124.7146702519367
 3050.0     124.7147470570070
 3100.0     124.7148201758289
 3150.0     124.7148898405782
 3200.0     124.7149562654335
 3250.0     124.7150196482262
 3300.0     124.7150801719162
 3350.0     124.7151380059110
 3400.0     124.7151933072560
 3450.0     124.7152462216998
 3500.0     124.7152968846550
 3550.0     124.7153454220653
 3600.0     124.7153919511912
 3650.0     124.7154365813163
 3700.0     124.7154794143895
 3750.0     124.7155205456119
 3800.0     124.7155600639605
 3850.0     124.7155980526722
 3900.0     124.7156345896843
 3950.0     124.7156697480337
 4000.0     124.7157035962173
 4050.0     124.7157361985338
 4100.0     124.7157676153842
 4150.0     124.7157979035536
 4200.0     124.7158271164656
 4250.0     124.7158553044216
 4300.0     124.7158825148152
 4350.0     124.7159087923318
 4400.0     124.7159341791327
 4450.0     124.7159587150242
 4500.0     124.7159824376111
 4550.0     124.7160053824482
 4600.0     124.7160275831639
 4650.0     124.7160490715917
 4700.0     124.7160698778784
 4750.0     124.7160900305947
 4800.0     124.7161095568292
 4850.0     124.7161284822832
 4900.0     124.7161468313523
 4950.0     124.7161646272059
 5000.0     124.7161818918621
# V = 139.117100 (a.u.^3)
    5.0       7.8144194004366
   50.0     116.4996325708260
  100.0     122.5732459305475
  150.0     123.7565176601162
  200.0     124.1752068720089
  250.0     124.3698070664089
  300.0     124.4757308175179
  350.0     124.5396728169931
  400.0     124.5812031913490
  450.0     124.6096897346939
  500.0     124.6300727102623
  550.0     124.6451574152335
  600.0     124.6566326257371
  650.0     124.6655642668328
  700.0     124.6726520161813
  750.0     124.6783705444287
  800.0     124.6830510689202
  850.0     124.6869303969690
  900.0     124.6901814678875
  950.0     124.6929329604173
 1000.0     124.6952822209013
 1050.0     124.6973039912964
 1100.0     124.6990564270729
 1150.0     124.7005853257083
 1200.0     124.7019271489795
 1250.0     124.7031112168338
 1300.0     124.7041613225328
 1350.0     124.7050969371767
 1400.0     124.7059341187364
 1450.0     124.7066862056033
 1500.0     124.7073643511293
 1550.0     124.7079779394919
 1600.0     124.7085349120624
 1650.0     124.7090420256394
 1700.0     124.7095050583223
 1750.0     124.7099289748237
 1800.0     124.7103180600963
 1850.0     124.7106760280352
 1900.0     124.7110061104266
 1950.0     124.7113111301426
 2000.0     124.7115935616914
 2050.0     124.7118555815640
 2100.0     124.7120991102839
 2150.0     124.7123258477023
 2200.0     124.7125373027396
 2250.0     124.7127348185526
 2300.0     124.7129195939155
 2350.0     124.7130927014538
 2400.0     124.7132551032425
 2450.0     124.7134076642027
 2500.0     124.7135511636427
 2550.0     124.7136863052286
 2600.0     124.7138137256248
 2650.0     124.7139340020092
 2700.0     124.7140476586180
 2750.0     124.7141551724697
 2800.0     124.7142569783777
 2850.0     124.7143534733523
 2900.0     124.7144450204765
 2950.0     124.7145319523305
 3000.0     124.7146145740111
 3050.0     124.7146931658143
 3100.0     124.7147679856191
 3150.0     124.7148392709993
 3200.0     124.7149072411160
 3250.0     124.7149720984032
 3300.0     124.7150340300760
 3350.0     124.7150932094846
 3400.0     124.7151497973269
 3450.0     124.7152039427410
 3500.0     124.7152557842898
 3550.0     124.7153054508474
 3600.0     124.7153530624021
 3650.0     124.7153987307782
 3700.0     124.7154425602990
 3750.0     124.7154846483777
 3800.0     124.7155250860616
 3850.0     124.7155639585255
 3900.0     124.7156013455186
 3950.0     124.7156373217754
 4000.0     124.7156719573890
 4050.0     124.7157053181520
 4100.0     124.7157374658717
 4150.0     124.7157684586526
 4200.0     124.7157983511629
 4250.0     124.7158271948729
 4300.0     124.7158550382793
 4350.0     124.7158819271065
 4400.0     124.7159079044972
 4450.0     124.7159330111822
 4500.0     124.7159572856447
 4550.0     124.7159807642627
 4600.0     124.7160034814492
 4650.0     124.7160254697766
 4700.0     124.7160467600949
 4750.0     124.7160673816377
 4800.0     124.7160873621253
 4850.0     124.7161067278555
 4900.0     124.7161255037920
 4950.0     124.7161437136440
 5000.0     124.7161613799409
# V = 137.666200 (a.u.^3)
    5.0       7.6094607378327
   50.0     116.3258277279368
  100.0     122.5256887957796
  150.0     123.7350171279668
  200.0     124.1630397741348
  250.0     124.3619981862321
  300.0     124.4702995604206
  350.0     124.5356786729960
  400.0     124.5781431935229
  450.0     124.6072708240693
  500.0     124.6281126850438
  550.0     124.6435370849433
  600.0     124.6552707590712
  650.0     124.6644036041174
  700.0     124.6716510390686
  750.0     124.6774984170066
  800.0     124.6822844111453
  850.0     124.6862511605119
  900.0     124.6895754987817
  950.0     124.6923890027684
 1000.0     124.6947912114728
 1050.0     124.6968585505281
 1100.0     124.6986504855528
 1150.0     124.7002138458386
 1200.0     124.7015859146993
 1250.0     124.7027966727366
 1300.0     124.7038704493607
 1350.0     124.7048271544482
 1400.0     124.7056832078418
 1450.0     124.7064522485312
 1500.0     124.7071456812304
 1550.0     124.7077731016127
 1600.0     124.7083426300334
 1650.0     124.7088611755778
 1700.0     124.7093346465798
 1750.0     124.7097681196528
 1800.0     124.7101659763320
 1850.0     124.7105320142242
 1900.0     124.7108695379613
 1950.0     124.7111814340453
 2000.0     124.7114702327625
 2050.0     124.7117381596636
 2100.0     124.7119871785649
 2150.0     124.7122190276349
 2200.0     124.7124352498083
 2250.0     124.7126372185176
 2300.0     124.7128261595631
 2350.0     124.7130031697473
 2400.0     124.7131692328339
 2450.0     124.7133252332428
 2500.0     124.7134719678483
 2550.0     124.7136101561795
 2600.0     124.7137404492542
 2650.0     124.7138634372610
 2700.0     124.7139796562544
 2750.0     124.7140895940065
 2800.0     124.7141936951333
 2850.0     124.7142923655941
 2900.0     124.7143859766577
 2950.0     124.7144748684020
 3000.0     124.7145593528017
 3050.0     124.7146397164735
 3100.0     124.7147162231060
 3150.0     124.7147891156330
 3200.0     124.7148586181537
 3250.0     124.7149249376671
 3300.0     124.7149882656093
 3350.0     124.7150487792365
 3400.0     124.7151066428714
 3450.0     124.7151620090142
 3500.0     124.7152150193502
 3550.0     124.7152658056611
 3600.0     124.7153144906378
 3650.0     124.7153611886278
 3700.0     124.7154060063046
 3750.0     124.7154490432786
 3800.0     124.7154903926494
 3850.0     124.7155301415123
 3900.0     124.7155683714144
 3950.0     124.7156051587741
 4000.0     124.7156405752658
 4050.0     124.7156746881659
 4100.0     124.7157075606732
 4150.0     124.7157392522038
 4200.0     124.7157698186577
 4250.0     124.7157993126662
 4300.0     124.7158277838185
 4350.0     124.7158552788703
 4400.0     124.7158818419375
 4450.0     124.7159075146683
 4500.0     124.7159323364137
 4550.0     124.7159563443722
 4600.0     124.7159795737319
 4650.0     124.7160020578014
 4700.0     124.7160238281234
 4750.0     124.7160449145928
 4800.0     124.7160653455537
 4850.0     124.7160851478977
 4900.0     124.7161043471506
 4950.0     124.7161229675563
 5000.0     124.7161410321518
# V = 136.282800 (a.u.^3)
    5.0       7.4167950060053
   50.0     116.1545584281308
  100.0     122.4787262838944
  150.0     123.7137767752818
  200.0     124.1510181866298
  250.0     124.3542821837185
  300.0     124.4649327103814
  350.0     124.5317318104548
  400.0     124.5751193786996
  450.0     124.6048804950207
  500.0     124.6261758079670
  550.0     124.6419358847215
  600.0     124.6539249675736
  650.0     124.6632566398395
  700.0     124.6706618749669
  750.0     124.6766365818136
  800.0     124.6815268011377
  850.0     124.6855799405695
  900.0     124.6889766820817
  950.0     124.6918514662929
 1000.0     124.6943059989504
 1050.0     124.6964183694711
 1100.0     124.6982493381491
 1150.0     124.6998467539119
 1200.0     124.7012487119088
 1250.0     124.7024858455994
 1300.0     124.7035830142176
 1350.0     124.7045605612389
 1400.0     124.7054352641107
 1450.0     124.7062210588745
 1500.0     124.7069295986431
 1550.0     124.7075706880912
 1600.0     124.7081526244454
 1650.0     124.7086824672873
 1700.0     124.7091662536459
 1750.0     124.7096091707183
 1800.0     124.7100156954834
 1850.0     124.7103897082725
 1900.0     124.7107345857050
 1950.0     124.7110532771627
 2000.0     124.7113483680521
 2050.0     124.7116221324089
 2100.0     124.7118765768279
 2150.0     124.7121134773450
 2200.0     124.7123344105078
 2250.0     124.7125407796703
 2300.0     124.7127338373362
 2350.0     124.7129147042044
 2400.0     124.7130843854691
 2450.0     124.7132437848190
 2500.0     124.7133937164896
 2550.0     124.7135349156850
 2600.0     124.7136680476071
 2650.0     124.7137937153017
 2700.0     124.7139124665034
 2750.0     124.7140247996113
 2800.0     124.7141311689258
 2850.0     124.7142319892531
 2900.0     124.7143276399514
 2950.0     124.7144184685055
 3000.0     124.7145047936887
 3050.0     124.7145869083614
 3100.0     124.7146650819589
 3150.0     124.7147395627051
 3200.0     124.7148105795847
 3250.0     124.7148783441052
 3300.0     124.7149430518735
 3350.0     124.7150048840092
 3400.0     124.7150640084131
 3450.0     124.7151205809087
 3500.0     124.7151747462696
 3550.0     124.7152266391464
 3600.0     124.7152763849056
 3650.0     124.7153241003844
 3700.0     124.7153698945817
 3750.0     124.7154138692766
 3800.0     124.7154561195993
 3850.0     124.7154967345407
 3900.0     124.7155357974255
 3950.0     124.7155733863375
 4000.0     124.7156095745123
 4050.0     124.7156444306915
 4100.0     124.7156780194523
 4150.0     124.7157104015046
 4200.0     124.7157416339667
 4250.0     124.7157717706155
 4300.0     124.7158008621220
 4350.0     124.7158289562602
 4400.0     124.7158560981062
 4450.0     124.7158823302182
 4500.0     124.7159076928021
 4550.0     124.7159322238670
 4600.0     124.7159559593702
 4650.0     124.7159789333427
 4700.0     124.7160011780167
 4750.0     124.7160227239385
 4800.0     124.7160436000685
 4850.0     124.7160638338846
 4900.0     124.7160834514695
 4950.0     124.7161024775938
 5000.0     124.7161209357989
