# T (K)       E-ph (Ry.)
# V = 157.405100 (a.u.^3)
    5.0       0.0018080044379
   50.0       0.0049985083964
  100.0       0.0096258627909
  150.0       0.0143343829407
  200.0       0.0190636531473
  250.0       0.0238012697592
  300.0       0.0285430691722
  350.0       0.0332872615838
  400.0       0.0380329506541
  450.0       0.0427796379364
  500.0       0.0475270241758
  550.0       0.0522749188551
  600.0       0.0570231949237
  650.0       0.0617717644034
  700.0       0.0665205644412
  750.0       0.0712695489390
  800.0       0.0760186833192
  850.0       0.0807679411379
  900.0       0.0855173018260
  950.0       0.0902667491439
 1000.0       0.0950162700991
 1050.0       0.0997658541735
 1100.0       0.1045154927610
 1150.0       0.1092651787522
 1200.0       0.1140149062221
 1250.0       0.1187646701938
 1300.0       0.1235144664560
 1350.0       0.1282642914211
 1400.0       0.1330141420141
 1450.0       0.1377640155839
 1500.0       0.1425139098332
 1550.0       0.1472638227606
 1600.0       0.1520137526154
 1650.0       0.1567636978587
 1700.0       0.1615136571328
 1750.0       0.1662636292350
 1800.0       0.1710136130965
 1850.0       0.1757636077639
 1900.0       0.1805136123840
 1950.0       0.1852636261913
 2000.0       0.1900136484968
 2050.0       0.1947636786787
 2100.0       0.1995137161744
 2150.0       0.2042637604736
 2200.0       0.2090138111126
 2250.0       0.2137638676686
 2300.0       0.2185139297558
 2350.0       0.2232639970212
 2400.0       0.2280140691410
 2450.0       0.2327641458182
 2500.0       0.2375142267792
 2550.0       0.2422643117721
 2600.0       0.2470144005643
 2650.0       0.2517644929407
 2700.0       0.2565145887023
 2750.0       0.2612646876643
 2800.0       0.2660147896553
 2850.0       0.2707648945160
 2900.0       0.2755150020978
 2950.0       0.2802651122624
 3000.0       0.2850152248807
 3050.0       0.2897653398320
 3100.0       0.2945154570035
 3150.0       0.2992655762893
 3200.0       0.3040156975904
 3250.0       0.3087658208139
 3300.0       0.3135159458722
 3350.0       0.3182660726832
 3400.0       0.3230162011697
 3450.0       0.3277663312588
 3500.0       0.3325164628817
 3550.0       0.3372665959737
 3600.0       0.3420167304736
 3650.0       0.3467668663235
 3700.0       0.3515170034687
 3750.0       0.3562671418574
 3800.0       0.3610172814405
 3850.0       0.3657674221714
 3900.0       0.3705175640060
 3950.0       0.3752677069025
 4000.0       0.3800178508209
 4050.0       0.3847679957234
 4100.0       0.3895181415741
 4150.0       0.3942682883386
 4200.0       0.3990184359843
 4250.0       0.4037685844801
 4300.0       0.4085187337964
 4350.0       0.4132688839049
 4400.0       0.4180190347785
 4450.0       0.4227691863916
 4500.0       0.4275193387193
 4550.0       0.4322694917382
 4600.0       0.4370196454257
 4650.0       0.4417697997603
 4700.0       0.4465199547213
 4750.0       0.4512701102889
 4800.0       0.4560202664442
 4850.0       0.4607704231689
 4900.0       0.4655205804458
 4950.0       0.4702707382579
 5000.0       0.4750208965894
# V = 155.178150 (a.u.^3)
    5.0       0.0018367868055
   50.0       0.0050067337538
  100.0       0.0096300682693
  150.0       0.0143371984106
  200.0       0.0190657678524
  250.0       0.0238029626564
  300.0       0.0285444804168
  350.0       0.0332884714641
  400.0       0.0380340094234
  450.0       0.0427805791282
  500.0       0.0475278712780
  550.0       0.0522756889576
  600.0       0.0570239008481
  650.0       0.0617724160148
  700.0       0.0665211694924
  750.0       0.0712701136331
  800.0       0.0760192126969
  850.0       0.0807684393507
  900.0       0.0855177723338
  950.0       0.0902671948605
 1000.0       0.0950166935013
 1050.0       0.0997662573845
 1100.0       0.1045158776146
 1150.0       0.1092655468429
 1200.0       0.1140152589452
 1250.0       0.1187650087773
 1300.0       0.1235147919861
 1350.0       0.1282646048633
 1400.0       0.1330144442306
 1450.0       0.1377643073477
 1500.0       0.1425141918399
 1550.0       0.1472640956387
 1600.0       0.1520140169343
 1650.0       0.1567639541360
 1700.0       0.1615139058406
 1750.0       0.1662638708050
 1800.0       0.1710138479242
 1850.0       0.1757638362127
 1900.0       0.1805138347889
 1950.0       0.1852638428614
 2000.0       0.1900138597179
 2050.0       0.1947638847158
 2100.0       0.1995139172737
 2150.0       0.2042639568639
 2200.0       0.2090140030072
 2250.0       0.2137640552666
 2300.0       0.2185141132432
 2350.0       0.2232641765722
 2400.0       0.2280142449191
 2450.0       0.2327643179765
 2500.0       0.2375143954620
 2550.0       0.2422644771150
 2600.0       0.2470145626951
 2650.0       0.2517646519800
 2700.0       0.2565147447640
 2750.0       0.2612648408560
 2800.0       0.2660149400790
 2850.0       0.2707650422682
 2900.0       0.2755151472701
 2950.0       0.2802652549417
 3000.0       0.2850153651495
 3050.0       0.2897654777688
 3100.0       0.2945155926830
 3150.0       0.2992657097827
 3200.0       0.3040158289654
 3250.0       0.3087659501352
 3300.0       0.3135160732015
 3350.0       0.3182661980796
 3400.0       0.3230163246895
 3450.0       0.3277664529558
 3500.0       0.3325165828077
 3550.0       0.3372667141781
 3600.0       0.3420168470037
 3650.0       0.3467669812247
 3700.0       0.3515171167847
 3750.0       0.3562672536299
 3800.0       0.3610173917097
 3850.0       0.3657675309759
 3900.0       0.3705176713831
 3950.0       0.3752678128877
 4000.0       0.3800179554487
 4050.0       0.3847680990269
 4100.0       0.3895182435852
 4150.0       0.3942683890880
 4200.0       0.3990185355018
 4250.0       0.4037686827942
 4300.0       0.4085188309347
 4350.0       0.4132689798941
 4400.0       0.4180191296443
 4450.0       0.4227692801588
 4500.0       0.4275194314120
 4550.0       0.4322695833797
 4600.0       0.4370197360385
 4650.0       0.4417698893661
 4700.0       0.4465200433412
 4750.0       0.4512701979434
 4800.0       0.4560203531529
 4850.0       0.4607705089512
 4900.0       0.4655206653200
 4950.0       0.4702708222423
 5000.0       0.4750209797012
# V = 153.052400 (a.u.^3)
    5.0       0.0018643961413
   50.0       0.0050147592292
  100.0       0.0096341748895
  150.0       0.0143399481130
  200.0       0.0190678332566
  250.0       0.0238046161111
  300.0       0.0285458587821
  350.0       0.0332896531481
  400.0       0.0380350435051
  450.0       0.0427814983585
  500.0       0.0475286985975
  550.0       0.0522764410580
  600.0       0.0570245902526
  650.0       0.0617730523589
  700.0       0.0665217603486
  750.0       0.0712706650601
  800.0       0.0760197296182
  850.0       0.0807689258213
  900.0       0.0855182317331
  950.0       0.0902676300346
 1000.0       0.0950171068696
 1050.0       0.0997666510208
 1100.0       0.1045162533099
 1150.0       0.1092659061548
 1200.0       0.1140156032365
 1250.0       0.1187653392474
 1300.0       0.1235151096960
 1350.0       0.1282649107563
 1400.0       0.1330147391487
 1450.0       0.1377645920459
 1500.0       0.1425144669977
 1550.0       0.1472643618699
 1600.0       0.1520142747950
 1650.0       0.1567642041321
 1700.0       0.1615141484330
 1750.0       0.1662641064153
 1800.0       0.1710140769388
 1850.0       0.1757640589868
 1900.0       0.1805140516495
 1950.0       0.1852640541103
 2000.0       0.1900140656345
 2050.0       0.1947640855589
 2100.0       0.1995141132835
 2150.0       0.2042641482642
 2200.0       0.2090141900062
 2250.0       0.2137642380588
 2300.0       0.2185142920104
 2350.0       0.2232643514845
 2400.0       0.2280144161360
 2450.0       0.2327644856479
 2500.0       0.2375145597285
 2550.0       0.2422646381092
 2600.0       0.2470147205418
 2650.0       0.2517648067971
 2700.0       0.2565148966626
 2750.0       0.2612649899414
 2800.0       0.2660150864507
 2850.0       0.2707651860204
 2900.0       0.2755152884923
 2950.0       0.2802653937188
 3000.0       0.2850155015622
 3050.0       0.2897656118937
 3100.0       0.2945157245930
 3150.0       0.2992658395473
 3200.0       0.3040159566510
 3250.0       0.3087660758048
 3300.0       0.3135161969155
 3350.0       0.3182663198955
 3400.0       0.3230164446624
 3450.0       0.3277665711384
 3500.0       0.3325166992503
 3550.0       0.3372668289291
 3600.0       0.3420169601093
 3650.0       0.3467670927294
 3700.0       0.3515172267308
 3750.0       0.3562673620585
 3800.0       0.3610174986599
 3850.0       0.3657676364856
 3900.0       0.3705177754884
 3950.0       0.3752679156236
 4000.0       0.3800180568487
 4050.0       0.3847681991235
 4100.0       0.3895183424094
 4150.0       0.3942684866699
 4200.0       0.3990186318703
 4250.0       0.4037687779773
 4300.0       0.4085189249593
 4350.0       0.4132690727862
 4400.0       0.4180192214292
 4450.0       0.4227693708607
 4500.0       0.4275195210544
 4550.0       0.4322696719853
 4600.0       0.4370198236293
 4650.0       0.4417699759634
 4700.0       0.4465201289655
 4750.0       0.4512702826147
 4800.0       0.4560204368905
 4850.0       0.4607705917738
 4900.0       0.4655207472458
 4950.0       0.4702709032887
 5000.0       0.4750210598855
# V = 151.027900 (a.u.^3)
    5.0       0.0018911748495
   50.0       0.0050226700135
  100.0       0.0096382260852
  150.0       0.0143426611181
  200.0       0.0190698711988
  250.0       0.0238062476133
  300.0       0.0285472188564
  350.0       0.0332908191508
  400.0       0.0380360638598
  450.0       0.0427824053797
  500.0       0.0475295149207
  550.0       0.0522771831532
  600.0       0.0570252704767
  650.0       0.0617736802197
  700.0       0.0665223433180
  750.0       0.0712712091168
  800.0       0.0760202396204
  850.0       0.0807694057702
  900.0       0.0855186849636
  950.0       0.0902680593550
 1000.0       0.0950175146672
 1050.0       0.0997670393419
 1100.0       0.1045166239220
 1150.0       0.1092662605946
 1200.0       0.1140159428492
 1250.0       0.1187656652163
 1300.0       0.1235154230681
 1350.0       0.1282652124622
 1400.0       0.1330150300194
 1450.0       0.1377648728265
 1500.0       0.1425147383587
 1550.0       0.1472646244170
 1600.0       0.1520145290771
 1650.0       0.1567644506481
 1700.0       0.1615143876379
 1750.0       0.1662643387250
 1800.0       0.1710143027347
 1850.0       0.1757642786193
 1900.0       0.1805142654412
 1950.0       0.1852642623593
 2000.0       0.1900142686163
 2050.0       0.1947642835289
 2100.0       0.1995143064789
 2150.0       0.2042643369056
 2200.0       0.2090143742992
 2250.0       0.2137644181952
 2300.0       0.2185144681696
 2350.0       0.2232645238345
 2400.0       0.2280145848341
 2450.0       0.2327646508419
 2500.0       0.2375147215574
 2550.0       0.2422647967037
 2600.0       0.2470148760252
 2650.0       0.2517649592855
 2700.0       0.2565150462658
 2750.0       0.2612651367632
 2800.0       0.2660152305893
 2850.0       0.2707653275689
 2900.0       0.2755154275389
 2950.0       0.2802655303473
 3000.0       0.2850156358521
 3050.0       0.2897657439207
 3100.0       0.2945158544291
 3150.0       0.2992659672611
 3200.0       0.3040160823078
 3250.0       0.3087661994669
 3300.0       0.3135163186425
 3350.0       0.3182664397442
 3400.0       0.3230165626871
 3450.0       0.3277666873911
 3500.0       0.3325168137808
 3550.0       0.3372669417849
 3600.0       0.3420170713362
 3650.0       0.3467672023711
 3700.0       0.3515173348294
 3750.0       0.3562674686541
 3800.0       0.3610176037915
 3850.0       0.3657677401903
 3900.0       0.3705178778019
 3950.0       0.3752680165805
 4000.0       0.3800181564821
 4050.0       0.3847682974652
 4100.0       0.3895184394902
 4150.0       0.3942685825195
 4200.0       0.3990187265172
 4250.0       0.4037688714492
 4300.0       0.4085190172827
 4350.0       0.4132691639868
 4400.0       0.4180193115318
 4450.0       0.4227694598893
 4500.0       0.4275196090322
 4550.0       0.4322697589347
 4600.0       0.4370199095720
 4650.0       0.4417700609203
 4700.0       0.4465202129570
 4750.0       0.4512703656604
 4800.0       0.4560205190096
 4850.0       0.4607706729846
 4900.0       0.4655208275663
 4950.0       0.4702709827362
 5000.0       0.4750211384769
# V = 149.070900 (a.u.^3)
    5.0       0.0019171523431
   50.0       0.0050304591259
  100.0       0.0096422180953
  150.0       0.0143453348931
  200.0       0.0190718797809
  250.0       0.0238078556521
  300.0       0.0285485593902
  350.0       0.0332919684121
  400.0       0.0380370695711
  450.0       0.0427832993886
  500.0       0.0475303195363
  550.0       0.0522779146083
  600.0       0.0570259409501
  650.0       0.0617742990826
  700.0       0.0665229179349
  750.0       0.0712717453803
  800.0       0.0760207423189
  850.0       0.0807698788476
  900.0       0.0855191317067
  950.0       0.0902684825318
 1000.0       0.0950179166308
 1050.0       0.0997674221093
 1100.0       0.1045169892351
 1150.0       0.1092666099684
 1200.0       0.1140162776091
 1250.0       0.1187659865289
 1300.0       0.1235157319654
 1350.0       0.1282655098615
 1400.0       0.1330153167398
 1450.0       0.1377651496022
 1500.0       0.1425150058507
 1550.0       0.1472648832222
 1600.0       0.1520147797365
 1650.0       0.1567646936536
 1700.0       0.1615146234379
 1750.0       0.1662645677296
 1800.0       0.1710145253196
 1850.0       0.1757644951299
 1900.0       0.1805144761957
 1950.0       0.1852644676513
 2000.0       0.1900144687174
 2050.0       0.1947644786908
 2100.0       0.1995144969354
 2150.0       0.2042645228742
 2200.0       0.2090145559824
 2250.0       0.2137645957823
 2300.0       0.2185146418373
 2350.0       0.2232646937483
 2400.0       0.2280147511492
 2450.0       0.2327648137040
 2500.0       0.2375148811034
 2550.0       0.2422649530624
 2600.0       0.2470150293180
 2650.0       0.2517651096270
 2700.0       0.2565151937643
 2750.0       0.2612652815209
 2800.0       0.2660153727031
 2850.0       0.2707654671305
 2900.0       0.2755155646353
 2950.0       0.2802656650610
 3000.0       0.2850157682615
 3050.0       0.2897658741005
 3100.0       0.2945159824501
 3150.0       0.2992660931910
 3200.0       0.3040162062109
 3250.0       0.3087663214048
 3300.0       0.3135164386737
 3350.0       0.3182665579248
 3400.0       0.3230166790707
 3450.0       0.3277668020288
 3500.0       0.3325169267217
 3550.0       0.3372670530760
 3600.0       0.3420171810224
 3650.0       0.3467673104956
 3700.0       0.3515174414336
 3750.0       0.3562675737778
 3800.0       0.3610177074728
 3850.0       0.3657678424659
 3900.0       0.3705179787072
 3950.0       0.3752681161492
 4000.0       0.3800182547470
 4050.0       0.3847683944578
 4100.0       0.3895185352408
 4150.0       0.3942686770573
 4200.0       0.3990188198703
 4250.0       0.4037689636448
 4300.0       0.4085191083471
 4350.0       0.4132692539453
 4400.0       0.4180194004088
 4450.0       0.4227695477084
 4500.0       0.4275196958163
 4550.0       0.4322698447059
 4600.0       0.4370199943516
 4650.0       0.4417701447291
 4700.0       0.4465202958150
 4750.0       0.4512704475869
 4800.0       0.4560206000234
 4850.0       0.4607707531040
 4900.0       0.4655209068089
 4950.0       0.4702710611192
 5000.0       0.4750212160167
# V = 147.248850 (a.u.^3)
    5.0       0.0019424664931
   50.0       0.0050381505540
  100.0       0.0096461629614
  150.0       0.0143479774728
  200.0       0.0190738650315
  250.0       0.0238094450518
  300.0       0.0285498844051
  350.0       0.0332931043801
  400.0       0.0380380636570
  450.0       0.0427841830690
  500.0       0.0475311148607
  550.0       0.0522786376208
  600.0       0.0570266036885
  650.0       0.0617749108091
  700.0       0.0665234859288
  750.0       0.0712722754659
  800.0       0.0760212392290
  850.0       0.0807703464806
  900.0       0.0855195733112
  950.0       0.0902689008440
 1000.0       0.0950183139764
 1050.0       0.0997678004819
 1100.0       0.1045173503566
 1150.0       0.1092669553362
 1200.0       0.1140166085334
 1250.0       0.1187663041627
 1300.0       0.1235160373287
 1350.0       0.1282658038611
 1400.0       0.1330156001851
 1450.0       0.1377654232192
 1500.0       0.1425152702927
 1550.0       0.1472651390791
 1600.0       0.1520150275432
 1650.0       0.1567649338962
 1700.0       0.1615148565597
 1750.0       0.1662647941357
 1800.0       0.1710147453817
 1850.0       0.1757647091892
 1900.0       0.1805146845668
 1950.0       0.1852646706243
 2000.0       0.1900146665608
 2050.0       0.1947646716535
 2100.0       0.1995146852485
 2150.0       0.2042647067525
 2200.0       0.2090147356264
 2250.0       0.2137647713787
 2300.0       0.2185148135610
 2350.0       0.2232648617629
 2400.0       0.2280149156080
 2450.0       0.2327649747510
 2500.0       0.2375150388739
 2550.0       0.2422651076839
 2600.0       0.2470151809105
 2650.0       0.2517652583037
 2700.0       0.2565153396321
 2750.0       0.2612654246811
 2800.0       0.2660155132512
 2850.0       0.2707656051572
 2900.0       0.2755157002266
 2950.0       0.2802657982985
 3000.0       0.2850158992228
 3050.0       0.2897660028591
 3100.0       0.2945161090764
 3150.0       0.2992662177516
 3200.0       0.3040163287696
 3250.0       0.3087664420222
 3300.0       0.3135165574079
 3350.0       0.3182666748312
 3400.0       0.3230167942021
 3450.0       0.3277669154360
 3500.0       0.3325170384530
 3550.0       0.3372671631779
 3600.0       0.3420172895394
 3650.0       0.3467674174702
 3700.0       0.3515175469069
 3750.0       0.3562676777890
 3800.0       0.3610178100597
 3850.0       0.3657679436647
 3900.0       0.3705180785528
 3950.0       0.3752682146752
 4000.0       0.3800183519856
 4050.0       0.3847684904401
 4100.0       0.3895186299968
 4150.0       0.3942687706158
 4200.0       0.3990189122593
 4250.0       0.4037690548909
 4300.0       0.4085191984764
 4350.0       0.4132693429828
 4400.0       0.4180194883787
 4450.0       0.4227696346341
 4500.0       0.4275197817203
 4550.0       0.4322699296100
 4600.0       0.4370200782771
 4650.0       0.4417702276963
 4700.0       0.4465203778437
 4750.0       0.4512705286963
 4800.0       0.4560206802320
 4850.0       0.4607708324298
 4900.0       0.4655209852694
 4950.0       0.4702711387313
 5000.0       0.4750212927968
# V = 145.494250 (a.u.^3)
    5.0       0.0019671900262
   50.0       0.0050457574456
  100.0       0.0096500672983
  150.0       0.0143505932713
  200.0       0.0190758302611
  250.0       0.0238110184600
  300.0       0.0285511961061
  350.0       0.0332942289434
  400.0       0.0380390477684
  450.0       0.0427850578868
  500.0       0.0475319022116
  550.0       0.0522793533872
  600.0       0.0570272597867
  650.0       0.0617755164084
  700.0       0.0665240482350
  750.0       0.0712728002448
  800.0       0.0760217311661
  850.0       0.0807708094348
  900.0       0.0855200104987
  950.0       0.0902693149733
 1000.0       0.0950187073500
 1050.0       0.0997681750734
 1100.0       0.1045177078706
 1150.0       0.1092672972550
 1200.0       0.1140169361541
 1250.0       0.1187666186268
 1300.0       0.1235163396459
 1350.0       0.1282660949290
 1400.0       0.1330158808053
 1450.0       0.1377656941102
 1500.0       0.1425155321011
 1550.0       0.1472653923892
 1600.0       0.1520152728844
 1650.0       0.1567651717496
 1700.0       0.1615150873642
 1750.0       0.1662650182925
 1800.0       0.1710149632586
 1850.0       0.1757649211242
 1900.0       0.1805148908710
 1950.0       0.1852648715852
 2000.0       0.1900148624441
 2050.0       0.1947648627057
 2100.0       0.1995148716981
 2150.0       0.2042648888125
 2200.0       0.2090149134949
 2250.0       0.2137649452409
 2300.0       0.2185149835899
 2350.0       0.2232650281204
 2400.0       0.2280150784459
 2450.0       0.2327651342119
 2500.0       0.2375151950918
 2550.0       0.2422652607848
 2600.0       0.2470153310133
 2650.0       0.2517654055206
 2700.0       0.2565154840689
 2750.0       0.2612655664378
 2800.0       0.2660156524226
 2850.0       0.2707657418331
 2900.0       0.2755158344921
 2950.0       0.2802659302344
 3000.0       0.2850160289058
 3050.0       0.2897661303622
 3100.0       0.2945162344690
 3150.0       0.2992663410999
 3200.0       0.3040164501366
 3250.0       0.3087665614680
 3300.0       0.3135166749899
 3350.0       0.3182667906042
 3400.0       0.3230169082185
 3450.0       0.3277670277460
 3500.0       0.3325171491045
 3550.0       0.3372672722169
 3600.0       0.3420173970099
 3650.0       0.3467675234145
 3700.0       0.3515176513654
 3750.0       0.3562677808007
 3800.0       0.3610179116618
 3850.0       0.3657680438933
 3900.0       0.3705181774423
 3950.0       0.3752683122588
 4000.0       0.3800184482954
 4050.0       0.3847685855067
 4100.0       0.3895187238500
 4150.0       0.3942688632841
 4200.0       0.3990190037702
 4250.0       0.4037691452712
 4300.0       0.4085192877516
 4350.0       0.4132694311777
 4400.0       0.4180195755173
 4450.0       0.4227697207394
 4500.0       0.4275198668148
 4550.0       0.4322700137153
 4600.0       0.4370201614140
 4650.0       0.4417703098851
 4700.0       0.4465204591040
 4750.0       0.4512706090470
 4800.0       0.4560207596916
 4850.0       0.4607709110161
 4900.0       0.4655210629996
 4950.0       0.4702712156222
 5000.0       0.4750213688646
# V = 143.773450 (a.u.^3)
    5.0       0.0019913758581
   50.0       0.0050532892522
  100.0       0.0096539358680
  150.0       0.0143531854677
  200.0       0.0190777778551
  250.0       0.0238125777849
  300.0       0.0285524960830
  350.0       0.0332953434641
  400.0       0.0380400230971
  450.0       0.0427859249007
  500.0       0.0475326825412
  550.0       0.0522800627726
  600.0       0.0570279100374
  650.0       0.0617761166114
  700.0       0.0665246055318
  750.0       0.0712733203496
  800.0       0.0760222187225
  850.0       0.0807712682672
  900.0       0.0855204437946
  950.0       0.0902697254170
 1000.0       0.0950190972234
 1050.0       0.0997685463326
 1100.0       0.1045180622050
 1150.0       0.1092676361335
 1200.0       0.1140172608623
 1250.0       0.1187669302960
 1300.0       0.1235166392769
 1350.0       0.1282663834114
 1400.0       0.1330161589333
 1450.0       0.1377659625961
 1500.0       0.1425157915857
 1550.0       0.1472656434516
 1600.0       0.1520155160491
 1650.0       0.1567654074937
 1700.0       0.1615153161225
 1750.0       0.1662652404628
 1800.0       0.1710151792052
 1850.0       0.1757651311821
 1900.0       0.1805150953488
 1950.0       0.1852650707675
 2000.0       0.1900150565945
 2050.0       0.1947650520682
 2100.0       0.1995150564995
 2150.0       0.2042650692636
 2200.0       0.2090150897923
 2250.0       0.2137651175680
 2300.0       0.2185151521181
 2350.0       0.2232651930102
 2400.0       0.2280152398480
 2450.0       0.2327652922673
 2500.0       0.2375153499334
 2550.0       0.2422654125376
 2600.0       0.2470154797951
 2650.0       0.2517655514424
 2700.0       0.2565156272356
 2750.0       0.2612657069487
 2800.0       0.2660157903717
 2850.0       0.2707658773092
 2900.0       0.2755159675796
 2950.0       0.2802660610133
 3000.0       0.2850161574522
 3050.0       0.2897662567484
 3100.0       0.2945163587639
 3150.0       0.2992664633690
 3200.0       0.3040165704423
 3250.0       0.3087666798700
 3300.0       0.3135167915450
 3350.0       0.3182669053668
 3400.0       0.3230170212405
 3450.0       0.3277671390771
 3500.0       0.3325172587923
 3550.0       0.3372673803068
 3600.0       0.3420175035456
 3650.0       0.3467676284379
 3700.0       0.3515177549166
 3750.0       0.3562678829182
 3800.0       0.3610180123828
 3850.0       0.3657681432532
 3900.0       0.3705182754753
 3950.0       0.3752684089980
 4000.0       0.3800185437723
 4050.0       0.3847686797520
 4100.0       0.3895188168929
 4150.0       0.3942689551530
 4200.0       0.3990190944925
 4250.0       0.4037692348731
 4300.0       0.4085193762587
 4350.0       0.4132695186144
 4400.0       0.4180196619073
 4450.0       0.4227698061058
 4500.0       0.4275199511796
 4550.0       0.4322700971000
 4600.0       0.4370202438393
 4650.0       0.4417703913711
 4700.0       0.4465205396701
 4750.0       0.4512706887120
 4800.0       0.4560208384737
 4850.0       0.4607709889330
 4900.0       0.4655211400683
 4950.0       0.4702712918594
 5000.0       0.4750214442864
# V = 142.153850 (a.u.^3)
    5.0       0.0020149689739
   50.0       0.0050607288026
  100.0       0.0096577598710
  150.0       0.0143557481689
  200.0       0.0190797033861
  250.0       0.0238141194819
  300.0       0.0285537813806
  350.0       0.0332964454086
  400.0       0.0380409874252
  450.0       0.0427867821389
  500.0       0.0475334540749
  550.0       0.0522807641633
  600.0       0.0570285529610
  650.0       0.0617767100522
  700.0       0.0665251565506
  750.0       0.0712738345961
  800.0       0.0760227007877
  850.0       0.0807717219325
  900.0       0.0855208722114
  950.0       0.0902701312395
 1000.0       0.0950194827077
 1050.0       0.0997689134126
 1100.0       0.1045184125510
 1150.0       0.1092679711981
 1200.0       0.1140175819164
 1250.0       0.1187672384582
 1300.0       0.1235169355367
 1350.0       0.1282666686483
 1400.0       0.1330164339328
 1450.0       0.1377662280622
 1500.0       0.1425160481522
 1550.0       0.1472658916908
 1600.0       0.1520157564799
 1650.0       0.1567656405876
 1700.0       0.1615155423096
 1750.0       0.1662654601361
 1800.0       0.1710153927251
 1850.0       0.1757653388799
 1900.0       0.1805152975294
 1950.0       0.1852652677126
 2000.0       0.1900152485644
 2050.0       0.1947652393044
 2100.0       0.1995152392261
 2150.0       0.2042652476891
 2200.0       0.2090152641111
 2250.0       0.2137652879614
 2300.0       0.2185153187556
 2350.0       0.2232653560505
 2400.0       0.2280153994398
 2450.0       0.2327654485504
 2500.0       0.2375155030391
 2550.0       0.2422655625894
 2600.0       0.2470156269094
 2650.0       0.2517656957291
 2700.0       0.2565157687986
 2750.0       0.2612658458859
 2800.0       0.2660159267760
 2850.0       0.2707660112686
 2900.0       0.2755160991774
 2950.0       0.2802661903287
 3000.0       0.2850162845605
 3050.0       0.2897663817211
 3100.0       0.2945164816689
 3150.0       0.2992665842711
 3200.0       0.3040166894034
 3250.0       0.3087667969490
 3300.0       0.3135169067981
 3350.0       0.3182670188477
 3400.0       0.3230171330006
 3450.0       0.3277672491655
 3500.0       0.3325173672560
 3550.0       0.3372674871908
 3600.0       0.3420176088931
 3650.0       0.3467677322902
 3700.0       0.3515178573135
 3750.0       0.3562679838979
 3800.0       0.3610181119817
 3850.0       0.3657682415065
 3900.0       0.3705183724170
 3950.0       0.3752685046605
 4000.0       0.3800186381870
 4050.0       0.3847687729490
 4100.0       0.3895189089012
 4150.0       0.3942690460008
 4200.0       0.3990191842067
 4250.0       0.4037693234798
 4300.0       0.4085194637829
 4350.0       0.4132696050805
 4400.0       0.4180197473388
 4450.0       0.4227698905253
 4500.0       0.4275200346090
 4550.0       0.4322701795605
 4600.0       0.4370203253513
 4650.0       0.4417704719545
 4700.0       0.4465206193441
 4750.0       0.4512707674953
 4800.0       0.4560209163842
 4850.0       0.4607710659881
 4900.0       0.4655212162851
 4950.0       0.4702713672541
 5000.0       0.4750215188751
# V = 140.601700 (a.u.^3)
    5.0       0.0020379463973
   50.0       0.0050680662061
  100.0       0.0096615341940
  150.0       0.0143582779423
  200.0       0.0190816042718
  250.0       0.0238156414802
  300.0       0.0285550502696
  350.0       0.0332975332912
  400.0       0.0380419394498
  450.0       0.0427876284404
  500.0       0.0475342157645
  550.0       0.0522814566034
  600.0       0.0570291876785
  650.0       0.0617772959164
  700.0       0.0665257005322
  750.0       0.0712743422727
  800.0       0.0760231766917
  850.0       0.0807721697971
  900.0       0.0855212951479
  950.0       0.0902705318680
 1000.0       0.0950198632556
 1050.0       0.0997692757893
 1100.0       0.1045187584055
 1150.0       0.1092683019644
 1200.0       0.1140178988494
 1250.0       0.1187675426620
 1300.0       0.1235172279883
 1350.0       0.1282669502161
 1400.0       0.1330167053920
 1450.0       0.1377664901080
 1500.0       0.1425163014104
 1550.0       0.1472661367264
 1600.0       0.1520159938051
 1650.0       0.1567658706680
 1700.0       0.1615157655696
 1750.0       0.1662656769639
 1800.0       0.1710156034766
 1850.0       0.1757655438819
 1900.0       0.1805154970832
 1950.0       0.1852654620960
 2000.0       0.1900154380347
 2050.0       0.1947654240998
 2100.0       0.1995154195680
 2150.0       0.2042654237833
 2200.0       0.2090154361494
 2250.0       0.2137654561228
 2300.0       0.2185154832076
 2350.0       0.2232655169497
 2400.0       0.2280155569331
 2450.0       0.2327656027757
 2500.0       0.2375156541260
 2550.0       0.2422657106600
 2600.0       0.2470157720786
 2650.0       0.2517658381053
 2700.0       0.2565159084842
 2750.0       0.2612659829779
 2800.0       0.2660160613659
 2850.0       0.2707661434433
 2900.0       0.2755162290193
 2950.0       0.2802663179159
 3000.0       0.2850164099671
 3050.0       0.2897665050179
 3100.0       0.2945166029230
 3150.0       0.2992667035465
 3200.0       0.3040168067611
 3250.0       0.3087669124471
 3300.0       0.3135170204922
 3350.0       0.3182671307908
 3400.0       0.3230172432434
 3450.0       0.3277673577564
 3500.0       0.3325174742415
 3550.0       0.3372675926154
 3600.0       0.3420177127993
 3650.0       0.3467678347190
 3700.0       0.3515179583040
 3750.0       0.3562680834876
 3800.0       0.3610182102069
 3850.0       0.3657683384020
 3900.0       0.3705184680161
 3950.0       0.3752685989953
 4000.0       0.3800187312884
 4050.0       0.3847688648468
 4100.0       0.3895189996242
 4150.0       0.3942691355766
 4200.0       0.3990192726619
 4250.0       0.4037694108401
 4300.0       0.4085195500733
 4350.0       0.4132696903249
 4400.0       0.4180198315602
 4450.0       0.4227699737462
 4500.0       0.4275201168511
 4550.0       0.4322702608446
 4600.0       0.4370204056977
 4650.0       0.4417705513827
 4700.0       0.4465206978731
 4750.0       0.4512708451435
 4800.0       0.4560209931694
 4850.0       0.4607711419274
 4900.0       0.4655212913953
 4950.0       0.4702714415514
 5000.0       0.4750215923751
# V = 139.117100 (a.u.^3)
    5.0       0.0020603690107
   50.0       0.0050753115680
  100.0       0.0096652638900
  150.0       0.0143607781577
  200.0       0.0190834830403
  250.0       0.0238171458033
  300.0       0.0285563044372
  350.0       0.0332986085589
  400.0       0.0380428804380
  450.0       0.0427884649322
  500.0       0.0475349686254
  550.0       0.0522821410171
  600.0       0.0570298150377
  650.0       0.0617778749877
  700.0       0.0665262382053
  750.0       0.0712748440604
  800.0       0.0760236470740
  850.0       0.0807726124638
  900.0       0.0855217131742
  950.0       0.0902709278438
 1000.0       0.0950202393825
 1050.0       0.0997696339544
 1100.0       0.1045191002387
 1150.0       0.1092686288833
 1200.0       0.1140182120941
 1250.0       0.1187678433241
 1300.0       0.1235175170332
 1350.0       0.1282672285022
 1400.0       0.1330169736858
 1450.0       0.1377667490966
 1500.0       0.1425165517120
 1550.0       0.1472663788998
 1600.0       0.1520162283563
 1650.0       0.1567660980574
 1700.0       0.1615159862167
 1750.0       0.1662658912524
 1800.0       0.1710158117582
 1850.0       0.1757657464797
 1900.0       0.1805156942948
 1950.0       0.1852656541963
 2000.0       0.1900156252778
 2050.0       0.1947656067212
 2100.0       0.1995155977865
 2150.0       0.2042655978024
 2200.0       0.2090156061587
 2250.0       0.2137656222993
 2300.0       0.2185156457166
 2350.0       0.2232656759462
 2400.0       0.2280157125622
 2450.0       0.2327657551738
 2500.0       0.2375158034211
 2550.0       0.2422658569727
 2600.0       0.2470159155226
 2650.0       0.2517659787878
 2700.0       0.2565160465064
 2750.0       0.2612661184356
 2800.0       0.2660161943496
 2850.0       0.2707662740389
 2900.0       0.2755163573081
 2950.0       0.2802664439752
 3000.0       0.2850165338703
 3050.0       0.2897666268347
 3100.0       0.2945167227199
 3150.0       0.2992668213868
 3200.0       0.3040169227049
 3250.0       0.3087670265520
 3300.0       0.3135171328130
 3350.0       0.3182672413800
 3400.0       0.3230173521511
 3450.0       0.3277674650305
 3500.0       0.3325175799279
 3550.0       0.3372676967581
 3600.0       0.3420178154404
 3650.0       0.3467679358987
 3700.0       0.3515180580612
 3750.0       0.3562681818595
 3800.0       0.3610183072292
 3850.0       0.3657684341089
 3900.0       0.3705185624407
 3950.0       0.3752686921694
 4000.0       0.3800188232426
 4050.0       0.3847689556105
 4100.0       0.3895190892258
 4150.0       0.3942692240433
 4200.0       0.3990193600201
 4250.0       0.4037694971154
 4300.0       0.4085196352900
 4350.0       0.4132697745068
 4400.0       0.4180199147302
 4450.0       0.4227700559264
 4500.0       0.4275201980628
 4550.0       0.4322703411085
 4600.0       0.4370204850339
 4650.0       0.4417706298105
 4700.0       0.4465207754113
 4750.0       0.4512709218101
 4800.0       0.4560210689820
 4850.0       0.4607712169032
 4900.0       0.4655213655506
 4950.0       0.4702715149023
 5000.0       0.4750216649372
# V = 137.666200 (a.u.^3)
    5.0       0.0020823433825
   50.0       0.0050824898179
  100.0       0.0096689616388
  150.0       0.0143632572970
  200.0       0.0190853460612
  250.0       0.0238186375506
  300.0       0.0285575481350
  350.0       0.0332996748579
  400.0       0.0380438135815
  450.0       0.0427892944527
  500.0       0.0475357152132
  550.0       0.0522828197288
  600.0       0.0570304371706
  650.0       0.0617784492351
  700.0       0.0665267713992
  750.0       0.0712753416678
  800.0       0.0760241135374
  850.0       0.0807730514422
  900.0       0.0855221277172
  950.0       0.0902713205197
 1000.0       0.0950206123745
 1050.0       0.0997699891339
 1100.0       0.1045194392222
 1150.0       0.1092689530762
 1200.0       0.1140185227264
 1250.0       0.1187681414782
 1300.0       0.1235178036668
 1350.0       0.1282675044663
 1400.0       0.1330172397404
 1450.0       0.1377670059231
 1500.0       0.1425167999237
 1550.0       0.1472666190506
 1600.0       0.1520164609482
 1650.0       0.1567663235467
 1700.0       0.1615162050197
 1750.0       0.1662661037494
 1800.0       0.1710160182980
 1850.0       0.1757659473828
 1900.0       0.1805158898563
 1950.0       0.1852658446887
 2000.0       0.1900158109532
 2050.0       0.1947657878132
 2100.0       0.1995157745120
 2150.0       0.2042657703631
 2200.0       0.2090157747427
 2250.0       0.2137657870821
 2300.0       0.2185158068623
 2350.0       0.2232658336082
 2400.0       0.2280158668847
 2450.0       0.2327659062918
 2500.0       0.2375159514618
 2550.0       0.2422660020556
 2600.0       0.2470160577604
 2650.0       0.2517661182868
 2700.0       0.2565161833670
 2750.0       0.2612662527527
 2800.0       0.2660163262131
 2850.0       0.2707664035338
 2900.0       0.2755164845152
 2950.0       0.2802665689712
 3000.0       0.2850166567279
 3050.0       0.2897667476231
 3100.0       0.2945168415049
 3150.0       0.2992669382310
 3200.0       0.3040170376683
 3250.0       0.3087671396915
 3300.0       0.3135172441831
 3350.0       0.3182673510326
 3400.0       0.3230174601359
 3450.0       0.3277675713951
 3500.0       0.3325176847178
 3550.0       0.3372678000167
 3600.0       0.3420179172096
 3650.0       0.3467680362186
 3700.0       0.3515181569701
 3750.0       0.3562682793944
 3800.0       0.3610184034254
 3850.0       0.3657685290006
 3900.0       0.3705186560606
 3950.0       0.3752687845489
 4000.0       0.3800189144120
 4050.0       0.3847690455991
 4100.0       0.3895191780616
 4150.0       0.3942693117535
 4200.0       0.3990194466308
 4250.0       0.4037695826517
 4300.0       0.4085197197764
 4350.0       0.4132698579668
 4400.0       0.4180199971865
 4450.0       0.4227701374008
 4500.0       0.4275202785766
 4550.0       0.4322704206822
 4600.0       0.4370205636873
 4650.0       0.4417707075628
 4700.0       0.4465208522810
 4750.0       0.4512709978153
 4800.0       0.4560211441402
 4850.0       0.4607712912311
 4900.0       0.4655214390647
 4950.0       0.4702715876185
 5000.0       0.4750217368708
# V = 136.282800 (a.u.^3)
    5.0       0.0021038136384
   50.0       0.0050895769047
  100.0       0.0096726149541
  150.0       0.0143657069777
  200.0       0.0190871870336
  250.0       0.0238201116770
  300.0       0.0285587771576
  350.0       0.0333007285834
  400.0       0.0380447357268
  450.0       0.0427901141999
  500.0       0.0475364530074
  550.0       0.0522834904483
  600.0       0.0570310519793
  650.0       0.0617790167234
  700.0       0.0665272983187
  750.0       0.0712758334207
  800.0       0.0760245745137
  850.0       0.0807734852580
  900.0       0.0855225373859
  950.0       0.0902717085795
 1000.0       0.0950209809827
 1050.0       0.0997703401400
 1100.0       0.1045197742234
 1150.0       0.1092692734616
 1200.0       0.1140188297115
 1250.0       0.1187684361325
 1300.0       0.1235180869366
 1350.0       0.1282677771928
 1400.0       0.1330175026746
 1450.0       0.1377672597383
 1500.0       0.1425170452261
 1550.0       0.1472668563874
 1600.0       0.1520166908156
 1650.0       0.1567665463957
 1700.0       0.1615164212615
 1750.0       0.1662663137600
 1800.0       0.1710162224219
 1850.0       0.1757661459368
 1900.0       0.1805160831322
 1950.0       0.1852660329556
 2000.0       0.1900159944602
 2050.0       0.1947659667912
 2100.0       0.1995159491754
 2150.0       0.2042659409113
 2200.0       0.2090159413615
 2250.0       0.2137659499449
 2300.0       0.2185159661311
 2350.0       0.2232659894350
 2400.0       0.2280160194117
 2450.0       0.2327660556525
 2500.0       0.2375160977818
 2550.0       0.2422661454531
 2600.0       0.2470161983467
 2650.0       0.2517662561671
 2700.0       0.2565163186404
 2750.0       0.2612663855130
 2800.0       0.2660164565492
 2850.0       0.2707665315297
 2900.0       0.2755166102507
 2950.0       0.2802666925219
 3000.0       0.2850167781658
 3050.0       0.2897668670166
 3100.0       0.2945169589191
 3150.0       0.2992670537279
 3200.0       0.3040171513069
 3250.0       0.3087672515281
 3300.0       0.3135173542716
 3350.0       0.3182674594243
 3400.0       0.3230175668799
 3450.0       0.3277676765384
 3500.0       0.3325177883053
 3550.0       0.3372679020916
 3600.0       0.3420180178131
 3650.0       0.3467681353902
 3700.0       0.3515182547478
 3750.0       0.3562683758147
 3800.0       0.3610184985233
 3850.0       0.3657686228097
 3900.0       0.3705187486132
 3950.0       0.3752688758762
 4000.0       0.3800190045440
 4050.0       0.3847691345645
 4100.0       0.3895192658883
 4150.0       0.3942693984683
 4200.0       0.3990195322595
 4250.0       0.4037696672193
 4300.0       0.4085198033069
 4350.0       0.4132699404833
 4400.0       0.4180200787115
 4450.0       0.4227702179560
 4500.0       0.4275203581830
 4550.0       0.4322704993600
 4600.0       0.4370206414561
 4650.0       0.4417707844416
 4700.0       0.4465209282881
 4750.0       0.4512710729685
 4800.0       0.4560212184567
 4850.0       0.4607713647276
 4900.0       0.4655215117575
 4950.0       0.4702716595231
 5000.0       0.4750218080026
