# T (K)      Entropy-ph (J K^-1 mol^-1)
# V = 157.405100 (a.u.^3)
    5.0       3.3372336706558
   50.0     170.5264342503016
  100.0     254.5593108849121
  150.0     304.6720235805849
  200.0     340.3907364866502
  250.0     368.1463011830849
  300.0     390.8445483773399
  350.0     410.0454200019440
  400.0     426.6832550378372
  450.0     441.3619688065438
  500.0     454.4944672540285
  550.0     466.3755337340730
  600.0     477.2229713259665
  650.0     487.2022646511064
  700.0     496.4420966339925
  750.0     505.0445091192720
  800.0     513.0917829367125
  850.0     520.6512314681266
  900.0     527.7786236806324
  950.0     534.5206814503625
 1000.0     540.9169361970876
 1050.0     547.0011324588799
 1100.0     552.8023049092709
 1150.0     558.3456159408454
 1200.0     563.6530149741253
 1250.0     568.7437631683042
 1300.0     573.6348552157145
 1350.0     578.3413615297512
 1400.0     582.8767082003507
 1450.0     587.2529078224800
 1500.0     591.4807511921859
 1550.0     595.5699675704691
 1600.0     599.5293595032763
 1650.0     603.3669168961997
 1700.0     607.0899140600548
 1750.0     610.7049926896036
 1800.0     614.2182331532982
 1850.0     617.6352160158945
 1900.0     620.9610753569152
 1950.0     624.2005451637127
 2000.0     627.3579998512846
 2050.0     630.4374897790262
 2100.0     633.4427724879064
 2150.0     636.3773402622672
 2200.0     639.2444445232728
 2250.0     642.0471174812981
 2300.0     644.7881914086340
 2350.0     647.4703158397585
 2400.0     650.0959729608563
 2450.0     652.6674914126501
 2500.0     655.1870586989351
 2550.0     657.6567323664058
 2600.0     660.0784500990524
 2650.0     662.4540388510279
 2700.0     664.7852231260202
 2750.0     667.0736324969071
 2800.0     669.3208084479909
 2850.0     671.5282106116665
 2900.0     673.6972224627239
 2950.0     675.8291565259384
 3000.0     677.9252591460562
 3050.0     679.9867148634986
 3100.0     682.0146504343371
 3150.0     684.0101385286249
 3200.0     685.9742011375337
 3250.0     687.9078127163435
 3300.0     689.8119030875050
 3350.0     691.6873601254148
 3400.0     693.5350322423126
 3450.0     695.3557306927179
 3500.0     697.1502317120668
 3550.0     698.9192785036759
 3600.0     700.6635830867638
 3650.0     702.3838280169792
 3700.0     704.0806679899172
 3750.0     705.7547313370139
 3800.0     707.4066214223433
 3850.0     709.0369179481521
 3900.0     710.6461781761276
 3950.0     712.2349380709123
 4000.0     713.8037133716739
 4050.0     715.3530005971094
 4100.0     716.8832779888298
 4150.0     718.3950063975180
 4200.0     719.8886301160541
 4250.0     721.3645776633325
 4300.0     722.8232625222533
 4350.0     724.2650838350133
 4400.0     725.6904270587369
 4450.0     727.0996645839834
 4500.0     728.4931563187607
 4550.0     729.8712502402462
 4600.0     731.2342829163557
 4650.0     732.5825799991349
 4700.0     733.9164566917593
 4750.0     735.2362181908097
 4800.0     736.5421601054076
 4850.0     737.8345688546412
 4900.0     739.1137220445801
 4950.0     740.3798888261886
 5000.0     741.6333302352158
# V = 155.178150 (a.u.^3)
    5.0       3.1818399948231
   50.0     168.6803261445211
  100.0     252.6343419164134
  150.0     302.7318548078497
  200.0     338.4452019903242
  250.0     366.1982749859483
  300.0     388.8951664817868
  350.0     408.0952199092733
  400.0     424.7325235932623
  450.0     439.4108729227910
  500.0     452.5431106127003
  550.0     464.4239841180233
  600.0     475.2712749099867
  650.0     485.2504539726473
  700.0     494.4901952795227
  750.0     503.0925346031179
  800.0     511.1397485363171
  850.0     518.6991474318233
  900.0     525.8264980446551
  950.0     532.5685206050130
 1000.0     538.9647452875336
 1050.0     545.0489156742714
 1100.0     550.8500656949111
 1150.0     556.3933571562613
 1200.0     561.7007390124649
 1250.0     566.7914720476880
 1300.0     571.6825506499333
 1350.0     576.3890449835338
 1400.0     580.9243809330319
 1450.0     585.3005709227698
 1500.0     589.5284056061477
 1550.0     593.6176141241089
 1600.0     597.5769989210260
 1650.0     601.4145498160551
 1700.0     605.1375410460990
 1750.0     608.7526142424085
 1800.0     612.2658497186156
 1850.0     615.6828279919706
 1900.0     619.0086831006524
 1950.0     622.2481489958951
 2000.0     625.4056000610368
 2050.0     628.4850866276345
 2100.0     631.4903662120749
 2150.0     634.4249310769584
 2200.0     637.2920326241423
 2250.0     640.0947030468092
 2300.0     642.8357746019170
 2350.0     645.5178968102224
 2400.0     648.1435518455891
 2450.0     650.7150683376775
 2500.0     653.2346337803066
 2550.0     655.7043057111687
 2600.0     658.1260218061053
 2650.0     660.5016090118895
 2700.0     662.8327918254820
 2750.0     665.1211998136666
 2800.0     667.3683744551894
 2850.0     669.5757753773462
 2900.0     671.7447860502810
 2950.0     673.8767189945236
 3000.0     675.9728205509090
 3050.0     678.0342752562684
 3100.0     680.0622098633738
 3150.0     682.0576970392347
 3200.0     684.0217587722185
 3250.0     685.9553695150125
 3300.0     687.8594590876689
 3350.0     689.7349153623708
 3400.0     691.5825867492914
 3450.0     693.4032845010439
 3500.0     695.1977848512876
 3550.0     696.9668310017014
 3600.0     698.7111349699506
 3650.0     700.4313793102550
 3700.0     702.1282187168842
 3750.0     703.8022815200146
 3800.0     705.4541710825600
 3850.0     707.0844671056703
 3900.0     708.6937268500169
 3950.0     710.2824862792851
 4000.0     711.8512611317370
 4050.0     713.4005479252359
 4100.0     714.9308249005945
 4150.0     716.4425529077553
 4200.0     717.9361762388947
 4250.0     719.4121234122508
 4300.0     720.8708079100923
 4350.0     722.3126288740469
 4400.0     723.7379717606747
 4450.0     725.1472089600110
 4500.0     726.5407003795766
 4550.0     727.9187939960799
 4600.0     729.2818263769989
 4650.0     730.6301231739544
 4700.0     731.9639995897313
 4750.0     733.2837608205313
 4800.0     734.5897024751313
 4850.0     735.8821109722652
 4900.0     737.1612639176998
 4950.0     738.4274304620809
 5000.0     739.6808716408833
# V = 153.052400 (a.u.^3)
    5.0       3.0447764432250
   50.0     166.9506590275932
  100.0     250.8278064491849
  150.0     300.9104816226203
  200.0     336.6185891873495
  250.0     364.3692287218269
  300.0     387.0647961115516
  350.0     406.2640503701334
  400.0     422.9008350398538
  450.0     437.5788283804333
  500.0     450.7108113509478
  550.0     462.5914963442635
  600.0     473.4386437266211
  650.0     483.4177111619994
  700.0     492.6573638810459
  750.0     501.2596317252074
  800.0     509.3067871488876
  850.0     516.8661375459947
  900.0     523.9934475107742
  950.0     530.7354356656714
 1000.0     537.1316309690386
 1050.0     543.2157760690937
 1100.0     549.0169041688857
 1150.0     554.5601765030076
 1200.0     559.8675415700200
 1250.0     564.9582597877421
 1300.0     569.8493252468766
 1350.0     574.5558078684571
 1400.0     579.0911333363679
 1450.0     583.4673139082818
 1500.0     587.6951400982173
 1550.0     591.7843409298533
 1600.0     595.7437187483184
 1650.0     599.5812632883276
 1700.0     603.3042487145691
 1750.0     606.9193165962465
 1800.0     610.4325471934360
 1850.0     613.8495209769731
 1900.0     617.1753719446364
 1950.0     620.4148340123720
 2000.0     623.5722815325921
 2050.0     626.6517648096417
 2100.0     629.6570413359093
 2150.0     632.5916033527278
 2200.0     635.4587022431041
 2250.0     638.2613701834144
 2300.0     641.0024394156405
 2350.0     643.6845594471167
 2400.0     646.3102124396845
 2450.0     648.8817270121841
 2500.0     651.4012906486869
 2550.0     653.8709608780965
 2600.0     656.2926753682710
 2650.0     658.6682610587812
 2700.0     660.9994424400244
 2750.0     663.2878490728234
 2800.0     665.5350224304696
 2850.0     667.7424221353089
 2900.0     669.9114316529379
 2950.0     672.0433634997187
 3000.0     674.1394640126751
 3050.0     676.2009177251301
 3100.0     678.2288513866274
 3150.0     680.2243376612028
 3200.0     682.1883985344825
 3250.0     684.1220084566170
 3300.0     686.0260972453160
 3350.0     687.9015527705965
 3400.0     689.7492234406160
 3450.0     691.5699205061200
 3500.0     693.3644201990388
 3550.0     695.1334657194263
 3600.0     696.8777690834545
 3650.0     698.5980128439406
 3700.0     700.2948516938457
 3750.0     701.9689139621310
 3800.0     703.6208030105635
 3850.0     705.2510985392294
 3900.0     706.8603578078014
 3950.0     708.4491167790268
 4000.0     710.0178911902879
 4050.0     711.5671775586303
 4100.0     713.0974541240869
 4150.0     714.6091817358670
 4200.0     716.1028046854722
 4250.0     717.5787514904890
 4300.0     719.0374356325809
 4350.0     720.4792562528014
 4400.0     721.9045988071666
 4450.0     723.3138356852079
 4500.0     724.7073267939571
 4550.0     726.0854201096683
 4600.0     727.4484521993813
 4650.0     728.7967487143256
 4700.0     730.1306248568831
 4750.0     731.4503858228975
 4800.0     732.7563272207888
 4850.0     734.0487354689728
 4900.0     735.3278881728909
 4950.0     736.5940544829033
 5000.0     737.8474954341881
# V = 151.027900 (a.u.^3)
    5.0       2.9217314859973
   50.0     165.3094959181559
  100.0     249.1109478835929
  150.0     299.1789903478154
  200.0     334.8819290299159
  250.0     362.6301676521230
  300.0     385.3244285605186
  350.0     404.5228942551489
  400.0     421.1591667826037
  450.0     435.8368088391970
  500.0     448.9685404514723
  550.0     460.8490394165698
  600.0     471.6960452760796
  650.0     481.6750025506324
  700.0     490.9145678438741
  750.0     499.5167651447451
  800.0     507.5638628239427
  850.0     515.1231653557073
  900.0     522.2504352020735
  950.0     528.9923893989719
 1000.0     535.3885557045422
 1050.0     541.4726758454591
 1100.0     547.2737823077531
 1150.0     552.8170357613310
 1200.0     558.1243842551853
 1250.0     563.2150878455996
 1300.0     568.1061403298945
 1350.0     572.8126113890056
 1400.0     577.3479265088122
 1450.0     581.7240977824887
 1500.0     585.9519155865161
 1550.0     590.0411088288449
 1600.0     594.0004797566606
 1650.0     597.8380180213463
 1700.0     601.5609977163264
 1750.0     605.1760603495654
 1800.0     608.6892861282900
 1850.0     612.1062554775148
 1900.0     615.4321023551583
 1950.0     618.6715606423503
 2000.0     621.8290046609595
 2050.0     624.9084846884874
 2100.0     627.9137581936229
 2150.0     630.8483173967302
 2200.0     633.7154136621945
 2250.0     636.5180791498180
 2300.0     639.2591460867854
 2350.0     641.9412639671963
 2400.0     644.5669149410180
 2450.0     647.1384276164125
 2500.0     649.6579894678358
 2550.0     652.1276580154987
 2600.0     654.5493709194106
 2650.0     656.9249551120007
 2700.0     659.2561350772133
 2750.0     661.5445403699664
 2800.0     663.7917124581909
 2850.0     665.9991109593236
 2900.0     668.1681193344765
 2950.0     670.3000500959122
 3000.0     672.3961495768744
 3050.0     674.4576023072344
 3100.0     676.4855350333410
 3150.0     678.4810204163020
 3200.0     680.4450804390341
 3250.0     682.3786895491870
 3300.0     684.2827775621552
 3350.0     686.1582323458093
 3400.0     688.0059023063285
 3450.0     689.8265986926104
 3500.0     691.6210977348745
 3550.0     693.3901426315796
 3600.0     695.1344453974140
 3650.0     696.8546885838142
 3700.0     698.5515268824502
 3750.0     700.2255886210755
 3800.0     701.8774771603391
 3850.0     703.5077721992634
 3900.0     705.1170309965437
 3950.0     706.7057895139945
 4000.0     708.2745634881409
 4050.0     709.8238494352040
 4100.0     711.3541255944573
 4150.0     712.8658528143897
 4200.0     714.3594753858220
 4250.0     715.8354218257122
 4300.0     717.2941056151191
 4350.0     718.7359258945266
 4400.0     720.1612681194214
 4450.0     721.5705046788335
 4500.0     722.9639954793080
 4550.0     724.3420884966520
 4600.0     725.7051202974868
 4650.0     727.0534165326258
 4700.0     728.3872924040794
 4750.0     729.7070531073258
 4800.0     731.0129942504362
 4850.0     732.3054022515087
 4900.0     733.5845547156674
 4950.0     734.8507207929856
 5000.0     736.1041615183539
# V = 149.070900 (a.u.^3)
    5.0       2.8099572494298
   50.0     163.7482917590291
  100.0     247.4752836504613
  150.0     297.5289118325902
  200.0     333.2267572246507
  250.0     360.9726297706924
  300.0     383.6656030813678
  350.0     402.8632915854189
  400.0     419.4990593476741
  450.0     434.1763551761758
  500.0     447.3078390460195
  550.0     459.1881546580320
  600.0     470.0350210294113
  650.0     480.0138697267691
  700.0     489.2533488509532
  750.0     497.8554766226124
  800.0     505.9025173874627
  850.0     513.4617727420592
  900.0     520.5890030468826
  950.0     527.3309237741430
 1000.0     533.7270614990121
 1050.0     539.8111570398837
 1100.0     545.6122421760359
 1150.0     551.1554770208279
 1200.0     556.4628091801204
 1250.0     561.5534983538738
 1300.0     566.4445380502368
 1350.0     571.1509977134946
 1400.0     575.6863026343461
 1450.0     580.0624647438589
 1500.0     584.2902742829410
 1550.0     588.3794600454682
 1600.0     592.3388241820999
 1650.0     596.1763562620870
 1700.0     599.8993303086004
 1750.0     603.5143877692543
 1800.0     607.0276087991782
 1850.0     610.4445737782397
 1900.0     613.7704166250545
 1950.0     617.0098711864316
 2000.0     620.1673117541571
 2050.0     623.2467885792574
 2100.0     626.2520591070703
 2150.0     629.1866155372880
 2200.0     632.0537092159392
 2250.0     634.8563722864951
 2300.0     637.5974369615541
 2350.0     640.2795527221776
 2400.0     642.9052017066192
 2450.0     645.4767125125278
 2500.0     647.9962726048711
 2550.0     650.4659394953022
 2600.0     652.8876508360851
 2650.0     655.2632335526222
 2700.0     657.5944121224795
 2750.0     659.8828160947700
 2800.0     662.1299869321309
 2850.0     664.3373842471673
 2900.0     666.5063914965765
 2950.0     668.6383211885654
 3000.0     670.7344196526715
 3050.0     672.7958714153485
 3100.0     674.8238032198051
 3150.0     676.8192877242568
 3200.0     678.7833469089488
 3250.0     680.7169552190682
 3300.0     682.6210424677358
 3350.0     684.4964965206981
 3400.0     686.3441657821885
 3450.0     688.1648614992775
 3500.0     689.9593599004975
 3550.0     691.7284041827487
 3600.0     693.4727063592447
 3650.0     695.1929489800664
 3700.0     696.8897867356064
 3750.0     698.5638479524353
 3800.0     700.2157359900921
 3850.0     701.8460305465610
 3900.0     703.4552888795598
 3950.0     705.0440469500001
 4000.0     706.6128204935439
 4050.0     708.1621060256141
 4100.0     709.6923817847324
 4150.0     711.2041086186775
 4200.0     712.6977308176031
 4250.0     714.1736768978355
 4300.0     715.6323603398462
 4350.0     717.0741802835602
 4400.0     718.4995221839328
 4450.0     719.9087584295053
 4500.0     721.3022489263478
 4550.0     722.6803416498279
 4600.0     724.0433731661396
 4650.0     725.3916691257074
 4700.0     726.7255447301546
 4750.0     728.0453051746044
 4800.0     729.3512460667997
 4850.0     730.6436538245079
 4900.0     731.9228060525517
 4950.0     733.1889719007048
 5000.0     734.4424124036093
# V = 147.248850 (a.u.^3)
    5.0       2.7067367010815
   50.0     162.2523200779261
  100.0     245.9058521951294
  150.0     295.9452406906229
  200.0     331.6380530225887
  250.0     359.3815872148656
  300.0     382.0732879468950
  350.0     401.2702083037607
  400.0     417.9054771659187
  450.0     432.5824307859100
  500.0     445.7136697881031
  550.0     457.5938041741027
  600.0     468.4405326753982
  650.0     478.4192740550920
  700.0     487.6586680099413
  750.0     496.2607270592203
  800.0     504.3077115703545
  850.0     511.8669202955780
  900.0     518.9941115181629
  950.0     525.7359991647311
 1000.0     532.1321086411908
 1050.0     538.2161798681617
 1100.0     544.0172439263861
 1150.0     549.5604603790980
 1200.0     554.8677763941716
 1250.0     559.9584513193727
 1300.0     564.8494783770140
 1350.0     569.5559267774829
 1400.0     574.0912216185667
 1450.0     578.4673746710846
 1500.0     582.6951760419541
 1550.0     586.7843544122983
 1600.0     590.7437118373724
 1650.0     594.5812378052254
 1700.0     598.3042062696202
 1750.0     601.9192586185047
 1800.0     605.4324749555138
 1850.0     608.8494356158947
 1900.0     612.1752744794164
 1950.0     615.4147253589670
 2000.0     618.5721625165869
 2050.0     621.6516361771535
 2100.0     624.6569037629092
 2150.0     627.5914574531166
 2200.0     630.4585485756718
 2250.0     633.2612092578956
 2300.0     636.0022716979771
 2350.0     638.6843853640710
 2400.0     641.3100323828772
 2450.0     643.8815413416336
 2500.0     646.4010996959491
 2550.0     648.8707649490059
 2600.0     651.2924747454121
 2650.0     653.6680560036345
 2700.0     655.9992331949281
 2750.0     658.2876358626661
 2800.0     660.5348054642636
 2850.0     662.7422016075444
 2900.0     664.9112077448394
 2950.0     667.0431363803530
 3000.0     669.1392338399525
 3050.0     671.2006846467145
 3100.0     673.2286155407508
 3150.0     675.2240991774185
 3200.0     677.1881575343175
 3250.0     679.1217650542071
 3300.0     681.0258515479442
 3350.0     682.9013048791974
 3400.0     684.7489734502583
 3450.0     686.5696685064138
 3500.0     688.3641662745167
 3550.0     690.1332099499164
 3600.0     691.8775115443855
 3650.0     693.5977536066548
 3700.0     695.2945908258615
 3750.0     696.9686515274088
 3800.0     698.6205390697227
 3850.0     700.2508331497779
 3900.0     701.8600910243240
 3950.0     703.4488486533695
 4000.0     705.0176217717383
 4050.0     706.5669068940575
 4100.0     708.0971822581017
 4150.0     709.6089087109528
 4200.0     711.1025305420984
 4250.0     712.5784762672557
 4300.0     714.0371593663037
 4350.0     715.4789789786129
 4400.0     716.9043205586294
 4450.0     718.3135564943890
 4500.0     719.7070466915092
 4550.0     721.0851391249125
 4600.0     722.4481703603800
 4650.0     723.7964660479419
 4700.0     725.1303413888540
 4750.0     726.4501015778806
 4800.0     727.7560422224326
 4850.0     729.0484497399547
 4900.0     730.3276017349804
 4950.0     731.5937673569889
 5000.0     732.8472076403449
# V = 145.494250 (a.u.^3)
    5.0       2.6107842759251
   50.0     160.8141578527966
  100.0     244.3951019821066
  150.0     294.4204013152210
  200.0     330.1082323671309
  250.0     357.8494520110257
  300.0     380.5398930533075
  350.0     399.7360530206004
  400.0     416.3708280123509
  450.0     431.0474428700032
  500.0     444.1784394686726
  550.0     456.0583944514747
  600.0     466.9049864689976
  650.0     476.8836216099246
  700.0     486.1229312515898
  750.0     494.7249222692976
  800.0     502.7718510922035
  850.0     510.3310136568276
  900.0     517.4581661901221
  950.0     524.2000210886591
 1000.0     530.5961026008206
 1050.0     536.6801497584906
 1100.0     542.4811929508760
 1150.0     548.0243911966166
 1200.0     553.3316912300108
 1250.0     558.4223520501423
 1300.0     563.3133665963850
 1350.0     568.0198038475621
 1400.0     572.5550887104869
 1450.0     576.9312327973500
 1500.0     581.1590260824056
 1550.0     585.2481971351768
 1600.0     589.2075479164522
 1650.0     593.0450678339180
 1700.0     596.7680307726004
 1750.0     600.3830780613920
 1800.0     603.8962897529632
 1850.0     607.3132461383631
 1900.0     610.6390810589216
 1950.0     613.8785282939416
 2000.0     617.0359620760280
 2050.0     620.1154326041453
 2100.0     623.1206972777027
 2150.0     626.0552482557226
 2200.0     628.9223368481464
 2250.0     631.7249951663175
 2300.0     634.4660553941477
 2350.0     637.1481669870357
 2400.0     639.7738120602269
 2450.0     642.3453191906607
 2500.0     644.8648758246662
 2550.0     647.3345394570634
 2600.0     649.7562477248658
 2650.0     652.1318275396740
 2700.0     654.4630033664969
 2750.0     656.7514047430428
 2800.0     658.9985731215322
 2850.0     661.2059681050704
 2900.0     663.3749731416571
 2950.0     665.5069007315379
 3000.0     667.6029971969540
 3050.0     669.6644470576329
 3100.0     671.6923770506177
 3150.0     673.6878598284342
 3200.0     675.6519173660764
 3250.0     677.5855241038878
 3300.0     679.4896098504937
 3350.0     681.3650624674996
 3400.0     683.2127303552794
 3450.0     685.0334247573377
 3500.0     686.8279218988874
 3550.0     688.5969649737272
 3600.0     690.3412659922137
 3650.0     692.0615075017389
 3700.0     693.7583441901912
 3750.0     695.4324043818162
 3800.0     697.0842914339614
 3850.0     698.7145850425702
 3900.0     700.3238424634528
 3950.0     701.9125996557215
 4000.0     703.4813723533648
 4050.0     705.0306570702282
 4100.0     706.5609320433397
 4150.0     708.0726581190952
 4200.0     709.5662795863352
 4250.0     711.0422249601478
 4300.0     712.5009077198440
 4350.0     713.9427270042478
 4400.0     715.3680682672859
 4450.0     716.7773038965108
 4500.0     718.1707937970823
 4550.0     719.5488859434785
 4600.0     720.9119169010849
 4650.0     722.2602123195308
 4700.0     723.5940873997065
 4750.0     724.9138473360316
 4800.0     726.2197877355766
 4850.0     727.5121950154804
 4900.0     728.7913467799709
 4950.0     730.0575121782534
 5000.0     731.3109522444131
# V = 143.773450 (a.u.^3)
    5.0       2.5213203817918
   50.0     159.4285324778043
  100.0     242.9376681715224
  150.0     292.9490115544929
  200.0     328.6319070266846
  250.0     356.3708331093443
  300.0     379.0600258184672
  350.0     398.2554322292031
  400.0     414.8897177797533
  450.0     429.5659969092895
  500.0     442.6967532736931
  550.0     454.5765304578139
  600.0     465.4229872117058
  650.0     475.4015170633491
  700.0     484.6407431452124
  750.0     493.2426667391663
  800.0     501.2895403713506
  850.0     508.8486571877590
  900.0     515.9757713774064
  950.0     522.7175938204804
 1000.0     529.1136476182040
 1050.0     535.1976709216443
 1100.0     540.9986934346603
 1150.0     546.5418736361643
 1200.0     551.8491578307394
 1250.0     556.9398046719158
 1300.0     561.8308068186395
 1350.0     566.5372330202437
 1400.0     571.0725079942737
 1450.0     575.4486431957018
 1500.0     579.6764284673167
 1550.0     583.7655922680215
 1600.0     587.7249364649886
 1650.0     591.5624503862582
 1700.0     595.2854078487354
 1750.0     598.9004501227823
 1800.0     602.4136572105546
 1850.0     605.8306093593109
 1900.0     609.1564403722783
 1950.0     612.3958839954743
 2000.0     615.5533144323196
 2050.0     618.6327818561223
 2100.0     621.6380436436317
 2150.0     624.5725919338381
 2200.0     627.4396780188792
 2250.0     630.2423339942484
 2300.0     632.9833920297312
 2350.0     635.6655015680702
 2400.0     638.2911447131568
 2450.0     640.8626500317399
 2500.0     643.3822049609429
 2550.0     645.8518669872818
 2600.0     648.2735737402685
 2650.0     650.6491521246883
 2700.0     652.9803265993635
 2750.0     655.2687266963695
 2800.0     657.5158938628057
 2850.0     659.7232876970837
 2900.0     661.8922916429199
 2950.0     664.0242181966349
 3000.0     666.1203136768598
 3050.0     668.1817626000293
 3100.0     670.2096917001326
 3150.0     672.2051736268857
 3200.0     674.1692303527093
 3250.0     676.1028363155356
 3300.0     678.0069213217978
 3350.0     679.8823732310435
 3400.0     681.7300404417541
 3450.0     683.5507341956692
 3500.0     685.3452307163668
 3550.0     687.1142731961265
 3600.0     688.8585736438793
 3650.0     690.5788146056980
 3700.0     692.2756507682457
 3750.0     693.9497104546014
 3800.0     695.6015970210511
 3850.0     697.2318901625280
 3900.0     698.8411471338977
 3950.0     700.4299038933909
 4000.0     701.9986761741601
 4050.0     703.5479604892802
 4100.0     705.0782350750502
 4150.0     706.5899607771772
 4200.0     708.0835818838489
 4250.0     709.5595269095519
 4300.0     711.0182093330167
 4350.0     712.4600282925328
 4400.0     713.8853692415137
 4450.0     715.2946045670275
 4500.0     716.6880941737824
 4550.0     718.0661860358331
 4600.0     719.4292167181418
 4650.0     720.7775118699603
 4700.0     722.1113866918129
 4750.0     723.4311463777721
 4800.0     724.7370865345863
 4850.0     726.0294935790735
 4900.0     727.3086451151752
 4950.0     728.5748102918083
 5000.0     729.8282501427916
# V = 142.153850 (a.u.^3)
    5.0       2.4386946140380
   50.0     158.0988004237829
  100.0     241.5370713939666
  150.0     291.5346238160250
  200.0     327.2126406344651
  250.0     354.9492993570233
  300.0     377.6372579265949
  350.0     396.8319193259705
  400.0     413.4657209763812
  450.0     428.1416681745399
  500.0     441.2721870194712
  550.0     453.1517884130786
  600.0     463.9981114305165
  650.0     473.9765371812978
  700.0     483.2156806463182
  750.0     491.8175375772769
  800.0     499.8643566414008
  850.0     507.4234282256762
  900.0     514.5505045042116
  950.0     521.2922948579304
 1000.0     527.6883212538326
 1050.0     533.7723209721237
 1100.0     539.5733230390424
 1150.0     545.1164853998624
 1200.0     550.4237539342981
 1250.0     555.5143869542218
 1300.0     560.4053768413222
 1350.0     565.1117921180277
 1400.0     569.6470573147507
 1450.0     574.0231837310138
 1500.0     578.2509610796228
 1550.0     582.3401177101100
 1600.0     586.2994553970947
 1650.0     590.1369633898582
 1700.0     593.8599154379615
 1750.0     597.4749527538919
 1800.0     600.9881552898510
 1850.0     604.4051032498144
 1900.0     607.7309303993304
 1950.0     610.9703704514992
 2000.0     614.1277975809023
 2050.0     617.2072619354655
 2100.0     620.2125208695519
 2150.0     623.1470665023215
 2200.0     626.0141501083244
 2250.0     628.8168037673873
 2300.0     631.5578596353155
 2350.0     634.2399671423434
 2400.0     636.8656083811389
 2450.0     639.4371119083678
 2500.0     641.9566651520580
 2550.0     644.4263255905207
 2600.0     646.8480308458389
 2650.0     649.2236078160626
 2700.0     651.5547809539055
 2750.0     653.8431797858710
 2800.0     656.0903457539822
 2850.0     658.2977384520177
 2900.0     660.4667413194641
 2950.0     662.5986668487579
 3000.0     664.6947613549700
 3050.0     666.7562093512556
 3100.0     668.7841375686037
 3150.0     670.7796186539567
 3200.0     672.7436745771647
 3250.0     674.6772797738124
 3300.0     676.5813640481321
 3350.0     678.4568152576596
 3400.0     680.3044817989910
 3450.0     682.1251749121262
 3500.0     683.9196708190270
 3550.0     685.6887127104676
 3600.0     687.4330125939778
 3650.0     689.1532530143198
 3700.0     690.8500886569427
 3750.0     692.5241478437855
 3800.0     694.1760339300646
 3850.0     695.8063266097297
 3900.0     697.4155831367037
 3950.0     699.0043394683499
 4000.0     700.5731113370024
 4050.0     702.1223952549594
 4100.0     703.6526694578005
 4150.0     705.1643947905579
 4200.0     706.6580155407753
 4250.0     708.1339602223363
 4300.0     709.5926423134129
 4350.0     711.0344609517516
 4400.0     712.4598015902618
 4450.0     713.8690366155404
 4500.0     715.2625259318369
 4550.0     716.6406175127836
 4600.0     718.0036479229431
 4650.0     719.3519428111821
 4700.0     720.6858173776681
 4750.0     722.0055768161329
 4800.0     723.3115167329892
 4850.0     724.6039235447610
 4900.0     725.8830748550857
 4950.0     727.1492398126109
 5000.0     728.4026794508869
# V = 140.601700 (a.u.^3)
    5.0       2.3629890162675
   50.0     156.8256941904905
  100.0     240.1941376935717
  150.0     290.1780825232871
  200.0     325.8512841216037
  250.0     353.5857047079567
  300.0     376.2724449749095
  350.0     395.4663708985191
  400.0     412.0996948318410
  450.0     426.7753143346951
  500.0     439.9055986884696
  550.0     451.7850265310843
  600.0     462.6312175146543
  650.0     472.6095404890331
  700.0     481.8486023877120
  750.0     490.4503935028203
  800.0     498.4971586919289
  850.0     506.0561856182205
  900.0     513.1832244665791
  950.0     519.9249831377816
 1000.0     526.3209824790598
 1050.0     532.4049589108530
 1100.0     538.2059407904046
 1150.0     543.7490855361513
 1200.0     549.0563386083434
 1250.0     554.1469579815541
 1300.0     559.0379357637316
 1350.0     563.7443402532870
 1400.0     568.2795957958847
 1450.0     572.6557135375768
 1500.0     576.8834830628388
 1550.0     580.9726326132181
 1600.0     584.9319638719560
 1650.0     588.7694660105815
 1700.0     592.4924127121587
 1750.0     596.1074451320461
 1800.0     599.6206431731268
 1850.0     603.0375869966306
 1900.0     606.3634103309121
 1950.0     609.6028468565771
 2000.0     612.7602707197263
 2050.0     615.8397320432306
 2100.0     618.8449881593408
 2150.0     621.7795311676509
 2200.0     624.6466123253359
 2250.0     627.4492636967641
 2300.0     630.1903174239358
 2350.0     632.8724229247301
 2400.0     635.4980622807374
 2450.0     638.0695640386620
 2500.0     640.5891156175684
 2550.0     643.0587744876429
 2600.0     645.4804782636504
 2650.0     647.8560538369959
 2700.0     650.1872256543389
 2750.0     652.4756232366949
 2800.0     654.7227880210789
 2850.0     656.9301795967016
 2900.0     659.0991813988516
 2950.0     661.2311059161462
 3000.0     663.3271994601271
 3050.0     665.3886465407320
 3100.0     667.4165738859670
 3150.0     669.4120541400431
 3200.0     671.3761092702835
 3250.0     673.3097137099305
 3300.0     675.2137972610783
 3350.0     677.0892477792414
 3400.0     678.9369136591753
 3450.0     680.7576061391597
 3500.0     682.5521014395550
 3550.0     684.3211427496479
 3600.0     686.0654420755859
 3650.0     687.7856819608407
 3700.0     689.4825170896589
 3750.0     691.1565757828596
 3800.0     692.8084613946031
 3850.0     694.4387536178535
 3900.0     696.0480097056202
 3950.0     697.6367656144001
 4000.0     699.2055370757191
 4050.0     700.7548206011191
 4100.0     702.2850944254623
 4150.0     703.7968193931058
 4200.0     705.2904397909654
 4250.0     706.7663841323430
 4300.0     708.2250658948300
 4350.0     709.6668842156575
 4400.0     711.0922245472352
 4450.0     712.5014592756818
 4500.0     713.8949483048129
 4550.0     715.2730396078315
 4600.0     716.6360697489034
 4650.0     717.9843643765341
 4700.0     719.3182386905152
 4750.0     720.6379978842422
 4800.0     721.9439375638163
 4850.0     723.2363441454526
 4900.0     724.5154952325061
 4950.0     725.7816599733403
 5000.0     727.0350994012514
# V = 139.117100 (a.u.^3)
    5.0       2.2930097004140
   50.0     155.6026845253051
  100.0     238.9022383225156
  150.0     288.8727405123489
  200.0     324.5411838801323
  250.0     352.2733925725861
  300.0     374.9589287550036
  350.0     394.1521277628920
  400.0     410.7849795294294
  450.0     425.4602751395906
  500.0     438.5903277207419
  550.0     450.4695840229075
  600.0     461.3156445012261
  650.0     471.2938658884412
  700.0     480.5328471641106
  750.0     489.1345732241827
  800.0     497.1812851607747
  850.0     504.7402679448488
  900.0     511.8672697951314
  950.0     518.6089971493984
 1000.0     525.0049697480936
 1050.0     531.0889231618370
 1100.0     536.8898850866383
 1150.0     542.4330124201856
 1200.0     547.7402502081287
 1250.0     552.8308560916382
 1300.0     557.7218219080895
 1350.0     562.4282157344757
 1400.0     566.9634617338399
 1450.0     571.3395709005422
 1500.0     575.5673326922109
 1550.0     579.6564752436626
 1600.0     583.6158001478143
 1650.0     587.4532964993393
 1700.0     591.1762379155773
 1750.0     594.7912654954067
 1800.0     598.3044590929742
 1850.0     601.7213988272524
 1900.0     605.0472183898307
 1950.0     608.2866514292026
 2000.0     611.4440720633091
 2050.0     614.5235303902576
 2100.0     617.5287837204419
 2150.0     620.4633241341213
 2200.0     623.3304028712923
 2250.0     626.1330519810331
 2300.0     628.8741035917114
 2350.0     631.5562071089892
 2400.0     634.1818446035126
 2450.0     636.7533446121329
 2500.0     639.2728945450411
 2550.0     641.7425518644308
 2600.0     644.1642541777996
 2650.0     646.5398283699809
 2700.0     648.8709988816723
 2750.0     651.1593952284595
 2800.0     653.4065588423997
 2850.0     655.6139493081838
 2900.0     657.7829500569687
 2950.0     659.9148735735694
 3000.0     662.0109661660720
 3050.0     664.0724123412027
 3100.0     666.1003388240466
 3150.0     668.0958182560962
 3200.0     670.0598726021759
 3250.0     671.9934762932404
 3300.0     673.8975591292171
 3350.0     675.7730089636736
 3400.0     677.6206741895195
 3450.0     679.4413660433431
 3500.0     681.2358607439165
 3550.0     683.0049014790604
 3600.0     684.7492002535578
 3650.0     686.4694396095991
 3700.0     688.1662742302462
 3750.0     689.8403324352041
 3800.0     691.4922175775952
 3850.0     693.1225093494151
 3900.0     694.7317650027576
 3950.0     696.3205204932699
 4000.0     697.8892915516792
 4050.0     699.4385746887747
 4100.0     700.9688481387158
 4150.0     702.4805727451949
 4200.0     703.9741927945082
 4250.0     705.4501367993529
 4300.0     706.9088182367861
 4350.0     708.3506362435108
 4400.0     709.7759762714400
 4450.0     711.1852107062331
 4500.0     712.5786994512613
 4550.0     713.9567904793155
 4600.0     715.3198203541721
 4650.0     716.6681147239474
 4700.0     718.0019887880957
 4750.0     719.3217477396805
 4800.0     720.6276871844766
 4850.0     721.9200935384073
 4900.0     723.1992444045296
 4950.0     724.4654089309456
 5000.0     725.7188481506943
# V = 137.666200 (a.u.^3)
    5.0       2.2275540292367
   50.0     154.4209306708348
  100.0     237.6522919846549
  150.0     287.6094705774905
  200.0     323.2731965311697
  250.0     351.0032120684476
  300.0     373.6875543041868
  350.0     392.8800324950515
  400.0     409.5124160473908
  450.0     424.1873904721288
  500.0     437.3172132158513
  550.0     449.1962994086835
  600.0     460.0422304698315
  650.0     470.0203511164185
  700.0     479.2592524406294
  750.0     487.8609139873394
  800.0     495.9075731146639
  850.0     503.4665121238336
  900.0     510.5934772838128
  950.0     517.3351735815936
 1000.0     523.7311196600497
 1050.0     529.8150502470811
 1100.0     535.6159923829605
 1150.0     541.1591024489747
 1200.0     546.4663250796231
 1250.0     551.5569175854528
 1300.0     556.4478715355184
 1350.0     561.1542547872430
 1400.0     565.6894913225633
 1450.0     570.0655919854134
 1500.0     574.2933461076337
 1550.0     578.3824817181945
 1600.0     582.3418003204316
 1650.0     586.1792909328149
 1700.0     589.9022271074975
 1750.0     593.5172498873594
 1800.0     597.0304390782011
 1850.0     600.4473747571102
 1900.0     603.7731905791970
 1950.0     607.0126201611143
 2000.0     610.1700375928799
 2050.0     613.2494929480433
 2100.0     616.2547435153300
 2150.0     619.1892813558130
 2200.0     622.0563576924567
 2250.0     624.8590045591909
 2300.0     627.6000540708382
 2350.0     630.2821556209657
 2400.0     632.9077912693499
 2450.0     635.4792895430907
 2500.0     637.9988378435726
 2550.0     640.4684936250369
 2600.0     642.8901944878104
 2650.0     645.2657673101974
 2700.0     647.5969365269849
 2750.0     649.8853316483599
 2800.0     652.1324941014757
 2850.0     654.3398834665387
 2900.0     656.5088831706008
 2950.0     658.6408056947328
 3000.0     660.7368973435551
 3050.0     662.7983426206467
 3100.0     664.8262682481650
 3150.0     666.8217468649245
 3200.0     668.7858004332667
 3250.0     670.7194033818620
 3300.0     672.6234855085320
 3350.0     674.4989346648704
 3400.0     676.3465992419744
 3450.0     678.1672904747521
 3500.0     679.9617845803959
 3550.0     681.7308247452848
 3600.0     683.4751229728348
 3650.0     685.1953618039801
 3700.0     686.8921959205924
 3750.0     688.5662536412796
 3800.0     690.2181383181426
 3850.0     691.8484296421975
 3900.0     693.4576848646489
 3950.0     695.0464399402907
 4000.0     696.6152105990595
 4050.0     698.1644933510001
 4100.0     699.6947664295753
 4150.0     701.2064906778140
 4200.0     702.7001103813956
 4250.0     704.1760540524410
 4300.0     705.6347351674465
 4350.0     707.0765528626055
 4400.0     708.5018925893391
 4450.0     709.9111267328469
 4500.0     711.3046151960631
 4550.0     712.6827059513683
 4600.0     714.0457355621456
 4650.0     715.3940296761444
 4700.0     716.7279034924765
 4750.0     718.0476622038587
 4800.0     719.3536014157652
 4850.0     720.6460075438106
 4900.0     721.9251581907752
 4950.0     723.1913225044890
 5000.0     724.4447615177443
# V = 136.282800 (a.u.^3)
    5.0       2.1663137718788
   50.0     153.2817110831707
  100.0     236.4458033993908
  150.0     286.3898223025780
  200.0     322.0488875933320
  250.0     349.7767361322013
  300.0     372.4598986007911
  350.0     391.6516645149484
  400.0     408.2835853925612
  450.0     422.9582424283432
  500.0     436.0878380496943
  550.0     447.9667561418721
  600.0     458.8125593136151
  650.0     468.7905804086153
  700.0     478.0294027249403
  750.0     486.6310005196347
  800.0     494.6776074609164
  850.0     502.2365032118042
  900.0     509.3634321145272
  950.0     516.1050977224080
 1000.0     522.5010175937055
 1050.0     528.5849256235383
 1100.0     534.3858482041788
 1150.0     539.9289412066051
 1200.0     545.2361488590169
 1250.0     550.3267281452264
 1300.0     555.2176703691541
 1350.0     559.9240431712172
 1400.0     564.4592703543987
 1450.0     568.8353626139773
 1500.0     573.0631091574750
 1550.0     577.1522379092768
 1600.0     581.1115502842033
 1650.0     584.9490352253962
 1700.0     588.6719662206118
 1750.0     592.2869842573789
 1800.0     595.8001690937325
 1850.0     599.2171007653421
 1900.0     602.5429128913114
 1950.0     605.7823390567987
 2000.0     608.9397533242357
 2050.0     612.0192057429088
 2100.0     615.0244535801198
 2150.0     617.9589888779803
 2200.0     620.8260628426410
 2250.0     623.6287074930426
 2300.0     626.3697549306441
 2350.0     629.0518545370350
 2400.0     631.6774883612765
 2450.0     634.2489849208057
 2500.0     636.7685316083191
 2550.0     639.2381858702133
 2600.0     641.6598852996975
 2650.0     644.0354567686518
 2700.0     646.3666247059973
 2750.0     648.6550186166102
 2800.0     650.9021799227877
 2850.0     653.1095682002973
 2900.0     655.2785668721515
 2950.0     657.4104884156988
 3000.0     659.5065791321589
 3050.0     661.5680235219783
 3100.0     663.5959483044322
 3150.0     665.5914261156876
 3200.0     667.5554789156444
 3250.0     669.4890811307021
 3300.0     671.3931625565908
 3350.0     673.2686110429722
 3400.0     675.1162749791517
 3450.0     676.9369655983600
 3500.0     678.7314591162600
 3550.0     680.5004987177749
 3600.0     682.2447964049865
 3650.0     683.9650347175758
 3700.0     685.6618683362511
 3750.0     687.3359255785352
 3800.0     688.9878097954984
 3850.0     690.6181006772230
 3900.0     692.2273554740026
 3950.0     693.8161101398119
 4000.0     695.3848804038009
 4050.0     696.9341627752679
 4100.0     698.4644354869945
 4150.0     699.9761593813540
 4200.0     701.4697787434176
 4250.0     702.9457220847258
 4300.0     704.4044028812436
 4350.0     705.8462202686412
 4400.0     707.2715596978647
 4450.0     708.6807935536494
 4500.0     710.0742817385043
 4550.0     711.4523722244019
 4600.0     712.8154015743389
 4650.0     714.1636954357085
 4700.0     715.4975690072555
 4750.0     716.8173274813959
 4800.0     718.1232664632729
 4850.0     719.4156723682212
 4900.0     720.6948227987289
 4950.0     721.9609869023755
 5000.0     723.2144257116807
