# T (K)               Helmholtz Free Energy (Ry.)
# V= 314.8102000000000
    0.00       0.4204230740887
   50.00       0.4171754656000
  100.00       0.4089066260538
  150.00       0.3981935380848
  200.00       0.3858767820895
  250.00       0.3723639756042
  300.00       0.3578967905045
  350.00       0.3426353995142
  400.00       0.3266938326523
  450.00       0.3101574362432
  500.00       0.2930924999038
  550.00       0.2755520046382
  600.00       0.2575792684593
  650.00       0.2392103709472
  700.00       0.2204758287828
  750.00       0.2014017909181
  800.00       0.1820109140959
  850.00       0.1623230189294
  900.00       0.1423555912635
  950.00       0.1221241719013
 1000.00       0.1016426641371
 1050.00       0.0809235796860
 1100.00       0.0599782377018
 1150.00       0.0388169275639
 1200.00       0.0174490433193
 1250.00      -0.0041168043065
 1300.00      -0.0258726938382
 1350.00      -0.0478113134643
 1400.00      -0.0699258932527
 1450.00      -0.0922101470559
 1500.00      -0.1146582224361
 1550.00      -0.1372646572711
 1600.00      -0.1600243419628
 1650.00      -0.1829324863731
 1700.00      -0.2059845907689
 1750.00      -0.2291764201878
 1800.00      -0.2525039817345
 1850.00      -0.2759635044016
 1900.00      -0.2995514210718
 1950.00      -0.3232643524165
 2000.00      -0.3470990924459
 2050.00      -0.3710525955049
 2100.00      -0.3951219645374
 2150.00      -0.4193044404701
 2200.00      -0.4435973925828
 2250.00      -0.4679983097549
 2300.00      -0.4925047924906
 2350.00      -0.5171145456371
 2400.00      -0.5418253717230
 2450.00      -0.5666351648521
 2500.00      -0.5915419050958
 2550.00      -0.6165436533336
 2600.00      -0.6416385464993
 2650.00      -0.6668247931921
 2700.00      -0.6921006696200
 2750.00      -0.7174645158422
 2800.00      -0.7429147322869
 2850.00      -0.7684497765156
 2900.00      -0.7940681602168
 2950.00      -0.8197684464049
 3000.00      -0.8455492468109
 3050.00      -0.8714092194456
 3100.00      -0.8973470663237
 3150.00      -0.9233615313342
 3200.00      -0.9494513982461
 3250.00      -0.9756154888386
 3300.00      -1.0018526611473
 3350.00      -1.0281618078149
 3400.00      -1.0545418545428
 3450.00      -1.0809917586311
 3500.00      -1.1075105076059
 3550.00      -1.1340971179226
 3600.00      -1.1607506337444
 3650.00      -1.1874701257871
 3700.00      -1.2142546902281
 3750.00      -1.2411034476739
 3800.00      -1.2680155421829
 3850.00      -1.2949901403396
 3900.00      -1.3220264303772
 3950.00      -1.3491236213443
 4000.00      -1.3762809423148
 4050.00      -1.4034976416369
 4100.00      -1.4307729862188
 4150.00      -1.4581062608502
 4200.00      -1.4854967675555
 4250.00      -1.5129438249784
 4300.00      -1.5404467677953
 4350.00      -1.5680049461559
 4400.00      -1.5956177251498
 4450.00      -1.6232844842969
 4500.00      -1.6510046170611
 4550.00      -1.6787775303856
 4600.00      -1.7066026442481
 4650.00      -1.7344793912361
 4700.00      -1.7624072161402
 4750.00      -1.7903855755641
 4800.00      -1.8184139375521
 4850.00      -1.8464917812313
 4900.00      -1.8746185964686
 4950.00      -1.9027938835425
 5000.00      -1.9310171528271
# V= 310.3563000000000
    0.00       0.5064141262648
   50.00       0.5032140799489
  100.00       0.4950175417711
  150.00       0.4843781181893
  200.00       0.4721353754461
  250.00       0.4586967225813
  300.00       0.4443037614575
  350.00       0.4291166346971
  400.00       0.4132493572426
  450.00       0.3967872670342
  500.00       0.3797966486551
  550.00       0.3623304799043
  600.00       0.3444320766573
  650.00       0.3261375170143
  700.00       0.3074773165989
  750.00       0.2884776235873
  800.00       0.2691610941406
  850.00       0.2495475484271
  900.00       0.2296544719458
  950.00       0.2094974052263
 1000.00       0.1890902513446
 1050.00       0.1684455218384
 1100.00       0.1475745357171
 1150.00       0.1264875822403
 1200.00       0.1051940553552
 1250.00       0.0837025657036
 1300.00       0.0620210346901
 1350.00       0.0401567740656
 1400.00       0.0181165537105
 1450.00      -0.0040933402722
 1500.00      -0.0264670554835
 1550.00      -0.0489991298348
 1600.00      -0.0716844537576
 1650.00      -0.0945182371396
 1700.00      -0.1174959802705
 1750.00      -0.1406134482082
 1800.00      -0.1638666480755
 1850.00      -0.1872518088808
 1900.00      -0.2107653635214
 1950.00      -0.2344039326816
 2000.00      -0.2581643103832
 2050.00      -0.2820434509812
 2100.00      -0.3060384574295
 2150.00      -0.3301465706631
 2200.00      -0.3543651599696
 2250.00      -0.3786917142357
 2300.00      -0.4031238339719
 2350.00      -0.4276592240314
 2400.00      -0.4522956869483
 2450.00      -0.4770311168315
 2500.00      -0.5018634937568
 2550.00      -0.5267908786081
 2600.00      -0.5518114083230
 2650.00      -0.5769232915045
 2700.00      -0.6021248043637
 2750.00      -0.6274142869632
 2800.00      -0.6527901397338
 2850.00      -0.6782508202400
 2900.00      -0.7037948401725
 2950.00      -0.7294207625483
 3000.00      -0.7551271991003
 3050.00      -0.7809128078415
 3100.00      -0.8067762907886
 3150.00      -0.8327163918322
 3200.00      -0.8587318947430
 3250.00      -0.8848216213018
 3300.00      -0.9109844295457
 3350.00      -0.9372192121188
 3400.00      -0.9635248947237
 3450.00      -0.9899004346619
 3500.00      -1.0163448194604
 3550.00      -1.0428570655760
 3600.00      -1.0694362171728
 3650.00      -1.0960813449675
 3700.00      -1.1227915451385
 3750.00      -1.1495659382931
 3800.00      -1.1764036684906
 3850.00      -1.2033039023164
 3900.00      -1.2302658280042
 3950.00      -1.2572886546035
 4000.00      -1.2843716111887
 4050.00      -1.3115139461087
 4100.00      -1.3387149262725
 4150.00      -1.3659738364702
 4200.00      -1.3932899787267
 4250.00      -1.4206626716863
 4300.00      -1.4480912500260
 4350.00      -1.4755750638959
 4400.00      -1.5031134783860
 4450.00      -1.5307058730166
 4500.00      -1.5583516412522
 4550.00      -1.5860501900362
 4600.00      -1.6138009393468
 4650.00      -1.6416033217719
 4700.00      -1.6694567821023
 4750.00      -1.6973607769421
 4800.00      -1.7253147743360
 4850.00      -1.7533182534113
 4900.00      -1.7813707040354
 4950.00      -1.8094716264868
 5000.00      -1.8376205311399
# V= 306.1048000000000
    0.00       0.5912663514063
   50.00       0.5881106344475
  100.00       0.5799819119134
  150.00       0.5694116335781
  200.00       0.5572383766919
  250.00       0.5438693467626
  300.00       0.5295460772875
  350.00       0.5144286814926
  400.00       0.4986311595962
  450.00       0.4822388413496
  500.00       0.4653180064192
  550.00       0.4479216294737
  600.00       0.4300930243009
  650.00       0.4118682675553
  700.00       0.3932778738275
  750.00       0.3743479905363
  800.00       0.3551012732746
  850.00       0.3355575417760
  900.00       0.3157342812014
  950.00       0.2956470318135
 1000.00       0.2753096964747
 1050.00       0.2547347865499
 1100.00       0.2339336209069
 1150.00       0.2129164886886
 1200.00       0.1916927837447
 1250.00       0.1702711166351
 1300.00       0.1486594086952
 1350.00       0.1268649716170
 1400.00       0.1048945752303
 1450.00       0.0827545055944
 1500.00       0.0604506150707
 1550.00       0.0379883657147
 1600.00       0.0153728670662
 1650.00      -0.0073910907878
 1700.00      -0.0302990081594
 1750.00      -0.0533466501262
 1800.00      -0.0765300238287
 1850.00      -0.0998453582910
 1900.00      -0.1232890864242
 1950.00      -0.1468578289254
 2000.00      -0.1705483798276
 2050.00      -0.1943576934963
 2100.00      -0.2182828728943
 2150.00      -0.2423211589653
 2200.00      -0.2664699210044
 2250.00      -0.2907266479053
 2300.00      -0.3150889401848
 2350.00      -0.3395545027020
 2400.00      -0.3641211379963
 2450.00      -0.3887867401814
 2500.00      -0.4135492893377
 2550.00      -0.4384068463532
 2600.00      -0.4633575481694
 2650.00      -0.4883996033928
 2700.00      -0.5135312882378
 2750.00      -0.5387509427700
 2800.00      -0.5640569674231
 2850.00      -0.5894478197641
 2900.00      -0.6149220114863
 2950.00      -0.6404781056088
 3000.00      -0.6661147138668
 3050.00      -0.6918304942754
 3100.00      -0.7176241488528
 3150.00      -0.7434944214915
 3200.00      -0.7694400959640
 3250.00      -0.7954599940525
 3300.00      -0.8215529737954
 3350.00      -0.8477179278385
 3400.00      -0.8739537818854
 3450.00      -0.9002594932389
 3500.00      -0.9266340494271
 3550.00      -0.9530764669079
 3600.00      -0.9795857898464
 3650.00      -1.0061610889602
 3700.00      -1.0328014604287
 3750.00      -1.0595060248600
 3800.00      -1.0862739263143
 3850.00      -1.1131043313777
 3900.00      -1.1399964282846
 3950.00      -1.1669494260851
 4000.00      -1.1939625538545
 4050.00      -1.2210350599422
 4100.00      -1.2481662112578
 4150.00      -1.2753552925919
 4200.00      -1.3026016059701
 4250.00      -1.3299044700371
 4300.00      -1.3572632194703
 4350.00      -1.3846772044205
 4400.00      -1.4121457899779
 4450.00      -1.4396683556635
 4500.00      -1.4672442949420
 4550.00      -1.4948730147573
 4600.00      -1.5225539350879
 4650.00      -1.5502864885221
 4700.00      -1.5780701198509
 4750.00      -1.6059042856791
 4800.00      -1.6337884540513
 4850.00      -1.6617221040953
 4900.00      -1.6897047256787
 4950.00      -1.7177358190804
 5000.00      -1.7458148946751
# V= 302.0558000000000
    0.00       0.6756925591629
   50.00       0.6725786933419
  100.00       0.6645143854594
  150.00       0.6540098320868
  200.00       0.6419026361221
  250.00       0.6285998023508
  300.00       0.6143427968301
  350.00       0.5992917037837
  400.00       0.5835605089025
  450.00       0.5672345338577
  500.00       0.5503800534643
  550.00       0.5330500393023
  600.00       0.5152878030993
  650.00       0.4971294200833
  700.00       0.4786054038257
  750.00       0.4597419009977
  800.00       0.4405615666314
  850.00       0.4210842200316
  900.00       0.4013273460255
  950.00       0.3813064846126
 1000.00       0.3610355384442
 1050.00       0.3405270187150
 1100.00       0.3197922441529
 1150.00       0.2988415037854
 1200.00       0.2776841913663
 1250.00       0.2563289173746
 1300.00       0.2347836030775
 1350.00       0.2130555601086
 1400.00       0.1911515582480
 1450.00       0.1690778835119
 1500.00       0.1468403882242
 1550.00       0.1244445344082
 1600.00       0.1018954315751
 1650.00       0.0791978697870
 1700.00       0.0563563487098
 1750.00       0.0333751032463
 1800.00       0.0102581262387
 1850.00      -0.0129908113527
 1900.00      -0.0363681424528
 1950.00      -0.0598704877710
 2000.00      -0.0834946413517
 2050.00      -0.1072375575704
 2100.00      -0.1310963393991
 2150.00      -0.1550682277897
 2200.00      -0.1791505920449
 2250.00      -0.2033409210652
 2300.00      -0.2276368153738
 2350.00      -0.2520359798354
 2400.00      -0.2765362169948
 2450.00      -0.3011354209704
 2500.00      -0.3258315718471
 2550.00      -0.3506227305170
 2600.00      -0.3755070339255
 2650.00      -0.4004826906824
 2700.00      -0.4255479770054
 2750.00      -0.4507012329631
 2800.00      -0.4759408589921
 2850.00      -0.5012653126619
 2900.00      -0.5266731056682
 2950.00      -0.5521628010325
 3000.00      -0.5777330104919
 3050.00      -0.6033823920635
 3100.00      -0.6291096477674
 3150.00      -0.6549135214980
 3200.00      -0.6807927970290
 3250.00      -0.7067462961445
 3300.00      -0.7327728768842
 3350.00      -0.7588714318951
 3400.00      -0.7850408868821
 3450.00      -0.8112801991494
 3500.00      -0.8375883562261
 3550.00      -0.8639643745710
 3600.00      -0.8904072983504
 3650.00      -0.9169161982828
 3700.00      -0.9434901705485
 3750.00      -0.9701283357564
 3800.00      -0.9968298379675
 3850.00      -1.0235938437686
 3900.00      -1.0504195413950
 3950.00      -1.0773061398974
 4000.00      -1.1042528683517
 4050.00      -1.1312589751080
 4100.00      -1.1583237270763
 4150.00      -1.1854464090480
 4200.00      -1.2126263230492
 4250.00      -1.2398627877250
 4300.00      -1.2671551377533
 4350.00      -1.2945027232854
 4400.00      -1.3219049094120
 4450.00      -1.3493610756544
 4500.00      -1.3768706154778
 4550.00      -1.4044329358264
 4600.00      -1.4320474566791
 4650.00      -1.4597136106246
 4700.00      -1.4874308424543
 4750.00      -1.5151986087731
 4800.00      -1.5430163776262
 4850.00      -1.5708836281414
 4900.00      -1.5987998501868
 4950.00      -1.6267645440415
 5000.00      -1.6547772200804
# V= 298.1418000000000
    0.00       0.7594702991250
   50.00       0.7563960651129
  100.00       0.7483930948108
  150.00       0.7379511688938
  200.00       0.7259069313801
  250.00       0.7126671893263
  300.00       0.6984733423378
  350.00       0.6834854460576
  400.00       0.6678174718594
  450.00       0.6515547334513
  500.00       0.6347635008667
  550.00       0.6174967426412
  600.00       0.5997977684721
  650.00       0.5817026521814
  700.00       0.5632419063360
  750.00       0.5444416768701
  800.00       0.5253246182632
  850.00       0.5059105493974
  900.00       0.4862169547710
  950.00       0.4662593741239
 1000.00       0.4460517098998
 1050.00       0.4256064731250
 1100.00       0.4049349823901
 1150.00       0.3840475266087
 1200.00       0.3629534994398
 1250.00       0.3416615112830
 1300.00       0.3201794833381
 1350.00       0.2985147271812
 1400.00       0.2766740125433
 1450.00       0.2546636253980
 1500.00       0.2324894180329
 1550.00       0.2101568524388
 1600.00       0.1876710380993
 1650.00       0.1650367650516
 1700.00       0.1422585329398
 1750.00       0.1193405766477
 1800.00       0.0962868890003
 1850.00       0.0731012409427
 1900.00       0.0497871995361
 1950.00       0.0263481440591
 2000.00       0.0027872804561
 2050.00      -0.0208923456581
 2100.00      -0.0446878372648
 2150.00      -0.0685964353239
 2200.00      -0.0926155091457
 2250.00      -0.1167425476372
 2300.00      -0.1409751513280
 2350.00      -0.1653110250885
 2400.00      -0.1897479714684
 2450.00      -0.2142838845911
 2500.00      -0.2389167445459
 2550.00      -0.2636446122289
 2600.00      -0.2884656245890
 2650.00      -0.3133779902398
 2700.00      -0.3383799854020
 2750.00      -0.3634699501472
 2800.00      -0.3886462849147
 2850.00      -0.4139074472767
 2900.00      -0.4392519489312
 2950.00      -0.4646783529018
 3000.00      -0.4901852709278
 3050.00      -0.5157713610282
 3100.00      -0.5414353252251
 3150.00      -0.5671759074142
 3200.00      -0.5929918913712
 3250.00      -0.6188820988814
 3300.00      -0.6448453879860
 3350.00      -0.6708806513334
 3400.00      -0.6969868146297
 3450.00      -0.7231628351802
 3500.00      -0.7494077005151
 3550.00      -0.7757204270944
 3600.00      -0.8021000590852
 3650.00      -0.8285456672071
 3700.00      -0.8550563476411
 3750.00      -0.8816312209971
 3800.00      -0.9082694313367
 3850.00      -0.9349701452477
 3900.00      -0.9617325509659
 3950.00      -0.9885558575428
 4000.00      -1.0154392940549
 4050.00      -1.0423821088528
 4100.00      -1.0693835688472
 4150.00      -1.0964429588301
 4200.00      -1.1235595808279
 4250.00      -1.1507327534865
 4300.00      -1.1779618114842
 4350.00      -1.2052461049726
 4400.00      -1.2325849990429
 4450.00      -1.2599778732169
 4500.00      -1.2874241209601
 4550.00      -1.3149231492172
 4600.00      -1.3424743779673
 4650.00      -1.3700772397996
 4700.00      -1.3977311795057
 4750.00      -1.4254356536910
 4800.00      -1.4531901304007
 4850.00      -1.4809940887633
 4900.00      -1.5088470186468
 4950.00      -1.5367484203308
 5000.00      -1.5646978041904
# V= 294.4977000000000
    0.00       0.8425698622014
   50.00       0.8395334546452
  100.00       0.8315893117113
  150.00       0.8212074865953
  200.00       0.8092236769170
  250.00       0.7960444943965
  300.00       0.7819112729746
  350.00       0.7669840400499
  400.00       0.7513767528458
  450.00       0.7351747172001
  500.00       0.7184441984204
  550.00       0.7012381620332
  600.00       0.6835999157292
  650.00       0.6655655319405
  700.00       0.6471655222411
  750.00       0.6284260318370
  800.00       0.6093697146613
  850.00       0.5900163891784
  900.00       0.5703835395616
  950.00       0.5504867052940
 1000.00       0.5303397886142
 1050.00       0.5099553003821
 1100.00       0.4893445590524
 1150.00       0.4685178534264
 1200.00       0.4474845770693
 1250.00       0.4262533403021
 1300.00       0.4048320642580
 1350.00       0.3832280604564
 1400.00       0.3614480985797
 1450.00       0.3394984645596
 1500.00       0.3173850106473
 1550.00       0.2951131988021
 1600.00       0.2726881384796
 1650.00       0.2501146196931
 1700.00       0.2273971420649
 1750.00       0.2045399404599
 1800.00       0.1815470076861
 1850.00       0.1584221146736
 1900.00       0.1351688284702
 1950.00       0.1117905283422
 2000.00       0.0882904202232
 2050.00       0.0646715497180
 2100.00       0.0409368138367
 2150.00       0.0170889716110
 2200.00      -0.0068693462764
 2250.00      -0.0309356287396
 2300.00      -0.0551074763140
 2350.00      -0.0793825938756
 2400.00      -0.1037587839795
 2450.00      -0.1282339407536
 2500.00      -0.1528060442914
 2550.00      -0.1774731554932
 2600.00      -0.2022334113116
 2650.00      -0.2270850203635
 2700.00      -0.2520262588728
 2750.00      -0.2770554669141
 2800.00      -0.3021710449292
 2850.00      -0.3273714504930
 2900.00      -0.3526551953058
 2950.00      -0.3780208423935
 3000.00      -0.4034670034973
 3050.00      -0.4289923366383
 3100.00      -0.4545955438400
 3150.00      -0.4802753690003
 3200.00      -0.5060305958961
 3250.00      -0.5318600463143
 3300.00      -0.5577625782975
 3350.00      -0.5837370844954
 3400.00      -0.6097824906153
 3450.00      -0.6358977539636
 3500.00      -0.6620818620718
 3550.00      -0.6883338314007
 3600.00      -0.7146527061185
 3650.00      -0.7410375569457
 3700.00      -0.7674874800641
 3750.00      -0.7940015960844
 3800.00      -0.8205790490692
 3850.00      -0.8472190056069
 3900.00      -0.8739206539339
 3950.00      -0.9006832031025
 4000.00      -0.9275058821898
 4050.00      -0.9543879395470
 4100.00      -0.9813286420855
 4150.00      -1.0083272745976
 4200.00      -1.0353831391104
 4250.00      -1.0624955542702
 4300.00      -1.0896638547557
 4350.00      -1.1168873907191
 4400.00      -1.1441655272522
 4450.00      -1.1714976438768
 4500.00      -1.1988831340591
 4550.00      -1.2263214047439
 4600.00      -1.2538118759110
 4650.00      -1.2813539801497
 4700.00      -1.3089471622520
 4750.00      -1.3365908788236
 4800.00      -1.3642845979101
 4850.00      -1.3920277986401
 4900.00      -1.4198199708821
 4950.00      -1.4476606149158
 5000.00      -1.4755492411167
# V= 290.9885000000000
    0.00       0.9250260668180
   50.00       0.9220258878123
  100.00       0.9141383480168
  150.00       0.9038143852176
  200.00       0.8918887614801
  250.00       0.8787678952505
  300.00       0.8646930554826
  350.00       0.8498242416184
  400.00       0.8342753968749
  450.00       0.8181318192993
  500.00       0.8014597695210
  550.00       0.7843122100879
  600.00       0.7667324467040
  650.00       0.7487565504257
  700.00       0.7304150318441
  750.00       0.7117340354443
  800.00       0.6927362146186
  850.00       0.6734413874176
  900.00       0.6538670376930
  950.00       0.6340287046739
 1000.00       0.6139402903956
 1050.00       0.5936143055535
 1100.00       0.5730620684674
 1150.00       0.5522938678277
 1200.00       0.5313190971068
 1250.00       0.5101463665477
 1300.00       0.4887835972177
 1350.00       0.4672381005803
 1400.00       0.4455166462695
 1450.00       0.4236255201757
 1500.00       0.4015705745139
 1550.00       0.3793572712122
 1600.00       0.3569907196990
 1650.00       0.3344757099631
 1700.00       0.3118167416059
 1750.00       0.2890180494732
 1800.00       0.2660836263565
 1850.00       0.2430172431708
 1900.00       0.2198224669505
 1950.00       0.1965026769501
 2000.00       0.1730610790923
 2050.00       0.1495007189721
 2100.00       0.1258244935908
 2150.00       0.1020351619723
 2200.00       0.0781353547918
 2250.00       0.0541275831287
 2300.00       0.0300142464414
 2350.00       0.0057976398485
 2400.00      -0.0185200392101
 2450.00      -0.0429366848671
 2500.00      -0.0674502772203
 2550.00      -0.0920588771739
 2600.00      -0.1167606216841
 2650.00      -0.1415537193712
 2700.00      -0.1664364464623
 2750.00      -0.1914071430348
 2800.00      -0.2164642095333
 2850.00      -0.2416061035351
 2900.00      -0.2668313367428
 2950.00      -0.2921384721846
 3000.00      -0.3175261216038
 3050.00      -0.3429929430230
 3100.00      -0.3685376384679
 3150.00      -0.3941589518378
 3200.00      -0.4198556669113
 3250.00      -0.4456266054768
 3300.00      -0.4714706255781
 3350.00      -0.4973866198662
 3400.00      -0.5233735140498
 3450.00      -0.5494302654363
 3500.00      -0.5755558615583
 3550.00      -0.6017493188777
 3600.00      -0.6280096815635
 3650.00      -0.6543360203373
 3700.00      -0.6807274313816
 3750.00      -0.7071830353081
 3800.00      -0.7337019761800
 3850.00      -0.7602834205864
 3900.00      -0.7869265567645
 3950.00      -0.8136305937673
 4000.00      -0.8403947606725
 4050.00      -0.8672183058319
 4100.00      -0.8941004961573
 4150.00      -0.9210406164417
 4200.00      -0.9480379687128
 4250.00      -0.9750918716172
 4300.00      -1.0022016598342
 4350.00      -1.0293666835164
 4400.00      -1.0565863077559
 4450.00      -1.0838599120752
 4500.00      -1.1111868899405
 4550.00      -1.1385666482974
 4600.00      -1.1659986071257
 4650.00      -1.1934821990153
 4700.00      -1.2210168687584
 4750.00      -1.2486020729609
 4800.00      -1.2762372796689
 4850.00      -1.3039219680112
 4900.00      -1.3316556278567
 4950.00      -1.3594377594851
 5000.00      -1.3872678732723
# V= 287.5469000000000
    0.00       1.0068990911312
   50.00       1.0039336898873
  100.00       0.9961007321579
  150.00       0.9858325979209
  200.00       0.9739631233559
  250.00       0.9608985354599
  300.00       0.9468800387977
  350.00       0.9320676051089
  400.00       0.9165751637310
  450.00       0.9004880049905
  500.00       0.8838723848808
  550.00       0.8667812629977
  600.00       0.8492579430767
  650.00       0.8313384948105
  700.00       0.8130534278161
  750.00       0.7944288858642
  800.00       0.7754875218110
  850.00       0.7562491532974
  900.00       0.7367312638561
  950.00       0.7169493924644
 1000.00       0.6969174409561
 1050.00       0.6766479198637
 1100.00       0.6561521473736
 1150.00       0.6354404120656
 1200.00       0.6145221073205
 1250.00       0.5934058433042
 1300.00       0.5720995410184
 1350.00       0.5506105118711
 1400.00       0.5289455254487
 1450.00       0.5071108676003
 1500.00       0.4851123905054
 1550.00       0.4629555560610
 1600.00       0.4406454736682
 1650.00       0.4181869332922
 1700.00       0.3955844345131
 1750.00       0.3728422121581
 1800.00       0.3499642590022
 1850.00       0.3269543459454
 1900.00       0.3038160400092
 1950.00       0.2805527204358
 2000.00       0.2571675931374
 2050.00       0.2336637036995
 2100.00       0.2100439491144
 2150.00       0.1863110883982
 2200.00       0.1624677522189
 2250.00       0.1385164516493
 2300.00       0.1144595861419
 2350.00       0.0902994508097
 2400.00       0.0660382430876
 2450.00       0.0416780688382
 2500.00       0.0172209479596
 2550.00      -0.0073311804563
 2600.00      -0.0319764533694
 2650.00      -0.0567130794034
 2700.00      -0.0815393347884
 2750.00      -0.1064535596047
 2800.00      -0.1314541542995
 2850.00      -0.1565395764528
 2900.00      -0.1817083377693
 2950.00      -0.2069590012793
 3000.00      -0.2322901787282
 3050.00      -0.2577005281406
 3100.00      -0.2831887515439
 3150.00      -0.3087535928390
 3200.00      -0.3343938358059
 3250.00      -0.3601083022346
 3300.00      -0.3858958501703
 3350.00      -0.4117553722653
 3400.00      -0.4376857942294
 3450.00      -0.4636860733711
 3500.00      -0.4897551972242
 3550.00      -0.5158921822515
 3600.00      -0.5420960726230
 3650.00      -0.5683659390612
 3700.00      -0.5947008777495
 3750.00      -0.6211000093004
 3800.00      -0.6475624777777
 3850.00      -0.6740874497715
 3900.00      -0.7006741135196
 3950.00      -0.7273216780754
 4000.00      -0.7540293725175
 4050.00      -0.7807964451982
 4100.00      -0.8076221630300
 4150.00      -0.8345058108062
 4200.00      -0.8614466905551
 4250.00      -0.8884441209238
 4300.00      -0.9154974365922
 4350.00      -0.9426059877131
 4400.00      -0.9697691393791
 4450.00      -0.9969862711132
 4500.00      -1.0242567763819
 4550.00      -1.0515800621312
 4600.00      -1.0789555483413
 4650.00      -1.1063826676022
 4700.00      -1.1338608647068
 4750.00      -1.1613895962611
 4800.00      -1.1889683303115
 4850.00      -1.2165965459870
 4900.00      -1.2442737331568
 4950.00      -1.2719993921012
 5000.00      -1.2997730331959
# V= 284.3077000000000
    0.00       1.0881621305638
   50.00       1.0852299708587
  100.00       1.0774494421500
  150.00       1.0672349679030
  200.00       1.0554194701948
  250.00       1.0424089868343
  300.00       1.0284446587413
  350.00       1.0136864302707
  400.00       0.9982482170383
  450.00       0.9822153017379
  500.00       0.9656539357792
  550.00       0.9486170758396
  600.00       0.9311480237079
  650.00       0.9132828477291
  700.00       0.8950520565569
  750.00       0.8764817932555
  800.00       0.8575947101514
  850.00       0.8384106244799
  900.00       0.8189470194586
  950.00       0.7992194338160
 1000.00       0.7792417691865
 1050.00       0.7590265359415
 1100.00       0.7385850521354
 1150.00       0.7179276062391
 1200.00       0.6970635915425
 1250.00       0.6760016181350
 1300.00       0.6547496069541
 1350.00       0.6333148693524
 1400.00       0.6117041748693
 1450.00       0.5899238093134
 1500.00       0.5679796248287
 1550.00       0.5458770832817
 1600.00       0.5236212940465
 1650.00       0.5012170470647
 1700.00       0.4786688418957
 1750.00       0.4559809133481
 1800.00       0.4331572541805
 1850.00       0.4102016352785
 1900.00       0.3871176236502
 1950.00       0.3639085985262
 2000.00       0.3405777658082
 2050.00       0.3171281710719
 2100.00       0.2935627113013
 2150.00       0.2698841455044
 2200.00       0.2460951043421
 2250.00       0.2221980988808
 2300.00       0.1981955285671
 2350.00       0.1740896885085
 2400.00       0.1498827761350
 2450.00       0.1255768973046
 2500.00       0.1011740719112
 2550.00       0.0766762390427
 2600.00       0.0520852617358
 2650.00       0.0274029313634
 2700.00       0.0026309716924
 2750.00      -0.0222289573604
 2800.00      -0.0471752562448
 2850.00      -0.0722063825431
 2900.00      -0.0973208479626
 2950.00      -0.1225172155356
 3000.00      -0.1477940970094
 3050.00      -0.1731501504105
 3100.00      -0.1985840777680
 3150.00      -0.2240946229845
 3200.00      -0.2496805698415
 3250.00      -0.2753407401305
 3300.00      -0.3010739918979
 3350.00      -0.3268792177974
 3400.00      -0.3527553435398
 3450.00      -0.3787013264350
 3500.00      -0.4047161540177
 3550.00      -0.4307988427516
 3600.00      -0.4569484368079
 3650.00      -0.4831640069098
 3700.00      -0.5094446492416
 3750.00      -0.5357894844165
 3800.00      -0.5621976564993
 3850.00      -0.5886683320804
 3900.00      -0.6152006993987
 3950.00      -0.6417939675082
 4000.00      -0.6684473654879
 4050.00      -0.6951601416908
 4100.00      -0.7219315630299
 4150.00      -0.7487609142992
 4200.00      -0.7756474975273
 4250.00      -0.8025906313619
 4300.00      -0.8295896504832
 4350.00      -0.8566439050446
 4400.00      -0.8837527601392
 4450.00      -0.9109155952901
 4500.00      -0.9381318039646
 4550.00      -0.9654007931086
 4600.00      -0.9927219827029
 4650.00      -1.0200948053378
 4700.00      -1.0475187058065
 4750.00      -1.0749931407154
 4800.00      -1.1025175781110
 4850.00      -1.1300914971228
 4900.00      -1.1577143876202
 4950.00      -1.1853857498836
 5000.00      -1.2131050942892
# V= 281.2034000000000
    0.00       1.1688497766806
   50.00       1.1659493079364
  100.00       1.1582190249553
  150.00       1.1480560102451
  200.00       1.1362922847745
  250.00       1.1233336996772
  300.00       1.1094213330579
  350.00       1.0947151022402
  400.00       1.0793289092948
  450.00       1.0633480293806
  500.00       1.0468387093823
  550.00       1.0298539030964
  600.00       1.0124369103899
  650.00       0.9946237982770
  700.00       0.9764450744604
  750.00       0.9579268813072
  800.00       0.9390918706205
  850.00       0.9199598592355
  900.00       0.9005483300587
  950.00       0.8808728215725
 1000.00       0.8609472352151
 1050.00       0.8407840811984
 1100.00       0.8203946774466
 1150.00       0.7997893123231
 1200.00       0.7789773790279
 1250.00       0.7579674875753
 1300.00       0.7367675588389
 1350.00       0.7153849041170
 1400.00       0.6938262929025
 1450.00       0.6720980109637
 1500.00       0.6502059104100
 1550.00       0.6281554530774
 1600.00       0.6059517483137
 1650.00       0.5835995860370
 1700.00       0.5611034657863
 1750.00       0.5384676223518
 1800.00       0.5156960484761
 1850.00       0.4927925150301
 1900.00       0.4697605890092
 1950.00       0.4466036496323
 2000.00       0.4233249027907
 2050.00       0.3999273940507
 2100.00       0.3764140203876
 2150.00       0.3527875408018
 2200.00       0.3290505859473
 2250.00       0.3052056668839
 2300.00       0.2812551830523
 2350.00       0.2572014295548
 2400.00       0.2330466038163
 2450.00       0.2087928116906
 2500.00       0.1844420730671
 2550.00       0.1599963270302
 2600.00       0.1354574366128
 2650.00       0.1108271931848
 2700.00       0.0861073205098
 2750.00       0.0612994785020
 2800.00       0.0364052667089
 2850.00       0.0114262275458
 2900.00      -0.0136361506969
 2950.00      -0.0387804310534
 3000.00      -0.0640052252733
 3050.00      -0.0893091913846
 3100.00      -0.1146910314184
 3150.00      -0.1401494892786
 3200.00      -0.1656833487485
 3250.00      -0.1912914316209
 3300.00      -0.2169725959435
 3350.00      -0.2427257343712
 3400.00      -0.2685497726161
 3450.00      -0.2944436679892
 3500.00      -0.3204064080260
 3550.00      -0.3464370091916
 3600.00      -0.3725345156579
 3650.00      -0.3986979981488
 3700.00      -0.4249265528498
 3750.00      -0.4512193003747
 3800.00      -0.4775753847890
 3850.00      -0.5039939726840
 3900.00      -0.5304742522991
 3950.00      -0.5570154326889
 4000.00      -0.5836167429332
 4050.00      -0.6102774313854
 4100.00      -0.6369967649591
 4150.00      -0.6637740284488
 4200.00      -0.6906085238837
 4250.00      -0.7174995699119
 4300.00      -0.7444465012142
 4350.00      -0.7714486679442
 4400.00      -0.7985054351954
 4450.00      -0.8256161824916
 4500.00      -0.8527803033001
 4550.00      -0.8799972045674
 4600.00      -0.9072663062746
 4650.00      -0.9345870410124
 4700.00      -0.9619588535741
 4750.00      -0.9893812005665
 4800.00      -1.0168535500366
 4850.00      -1.0443753811139
 4900.00      -1.0719461836681
 4950.00      -1.0995654579800
 5000.00      -1.1272327144259
# V= 278.2342000000000
    0.00       1.2489490547835
   50.00       1.2460789099101
  100.00       1.2383969405742
  150.00       1.2282834378422
  200.00       1.2165695333052
  250.00       1.2036608936828
  300.00       1.1897985350093
  350.00       1.1751423478948
  400.00       1.1598062210236
  450.00       1.1438754221075
  500.00       1.1274161935591
  550.00       1.1104814863270
  600.00       1.0931145983789
  650.00       1.0753515954137
  700.00       1.0572229841944
  750.00       1.0387549063985
  800.00       1.0199700133121
  850.00       1.0008881213751
  900.00       0.9815267131861
  950.00       0.9619013269847
 1000.00       0.9420258640147
 1050.00       0.9219128343306
 1100.00       0.9015735557280
 1150.00       0.8810183164638
 1200.00       0.8602565096495
 1250.00       0.8392967452247
 1300.00       0.8181469440001
 1350.00       0.7968144172204
 1400.00       0.7753059343323
 1450.00       0.7536277810645
 1500.00       0.7317858094920
 1550.00       0.7097854814209
 1600.00       0.6876319061727
 1650.00       0.6653298736425
 1700.00       0.6428838833489
 1750.00       0.6202981700644
 1800.00       0.5975767265151
 1850.00       0.5747233235580
 1900.00       0.5517415281755
 1950.00       0.5286347195752
 2000.00       0.5054061036380
 2050.00       0.4820587259209
 2100.00       0.4585954833907
 2150.00       0.4350191350403
 2200.00       0.4113323115165
 2250.00       0.3875375238730
 2300.00       0.3636371715447
 2350.00       0.3396335496285
 2400.00       0.3155288555445
 2450.00       0.2913251951420
 2500.00       0.2670245883064
 2550.00       0.2426289741182
 2600.00       0.2181402156069
 2650.00       0.1935601041390
 2700.00       0.1688903634755
 2750.00       0.1441326535274
 2800.00       0.1192885738398
 2850.00       0.0943596668256
 2900.00       0.0693474207731
 2950.00       0.0442532726458
 3000.00       0.0190786106924
 3050.00      -0.0061752231173
 3100.00      -0.0315069308156
 3150.00      -0.0569152563083
 3200.00      -0.0823989833802
 3250.00      -0.1079569338253
 3300.00      -0.1335879656928
 3350.00      -0.1592909716387
 3400.00      -0.1850648773764
 3450.00      -0.2109086402179
 3500.00      -0.2368212476998
 3550.00      -0.2628017162881
 3600.00      -0.2888490901556
 3650.00      -0.3149624400272
 3700.00      -0.3411408620891
 3750.00      -0.3673834769559
 3800.00      -0.3936894286940
 3850.00      -0.4200578838952
 3900.00      -0.4464880307995
 3950.00      -0.4729790784624
 4000.00      -0.4995302559641
 4050.00      -0.5261408116587
 4100.00      -0.5528100124603
 4150.00      -0.5795371431639
 4200.00      -0.6063215057991
 4250.00      -0.6331624190146
 4300.00      -0.6600592174915
 4350.00      -0.6870112513841
 4400.00      -0.7140178857861
 4450.00      -0.7410785002216
 4500.00      -0.7681924881585
 4550.00      -0.7953592565435
 4600.00      -0.8225782253582
 4650.00      -0.8498488271934
 4700.00      -0.8771705068429
 4750.00      -0.9045427209137
 4800.00      -0.9319649374531
 4850.00      -0.9594366355910
 4900.00      -0.9869573051972
 4950.00      -1.0145264465528
 5000.00      -1.0421435700344
# V= 275.3324000000000
    0.00       1.3286133018783
   50.00       1.3257723534333
  100.00       1.3181371084578
  150.00       1.3080715170787
  200.00       1.2964058301575
  250.00       1.2835455316303
  300.00       1.2697315759953
  350.00       1.2551238273765
  400.00       1.2398361611843
  450.00       1.2239538377463
  500.00       1.2075430950403
  550.00       1.1906568811912
  600.00       1.1733384922832
  650.00       1.1556239927107
  700.00       1.1375438883049
  750.00       1.1191243200597
  800.00       1.1003879387484
  850.00       1.0813545604186
  900.00       1.0620416673638
  950.00       1.0424647975828
 1000.00       1.0226378521267
 1050.00       1.0025733408940
 1100.00       0.9822825815524
 1150.00       0.9617758622534
 1200.00       0.9410625760207
 1250.00       0.9201513327200
 1300.00       0.8990500530994
 1350.00       0.8777660483505
 1400.00       0.8563060878743
 1450.00       0.8346764573601
 1500.00       0.8128830088489
 1550.00       0.7909312041170
 1600.00       0.7688261524599
 1650.00       0.7465726437499
 1700.00       0.7241751774855
 1750.00       0.7016379884211
 1800.00       0.6789650692672
 1850.00       0.6561601908665
 1900.00       0.6332269201888
 1950.00       0.6101686364302
 2000.00       0.5869885454615
 2050.00       0.5636896928304
 2100.00       0.5402749754953
 2150.00       0.5167471524416
 2200.00       0.4931088543092
 2250.00       0.4693625921455
 2300.00       0.4455107653795
 2350.00       0.4215556691031
 2400.00       0.3974995007316
 2450.00       0.3733443661096
 2500.00       0.3490922851186
 2550.00       0.3247451968354
 2600.00       0.3003049642860
 2650.00       0.2757733788338
 2700.00       0.2511521642365
 2750.00       0.2264429804027
 2800.00       0.2016474268749
 2850.00       0.1767670460635
 2900.00       0.1518033262546
 2950.00       0.1267577044097
 3000.00       0.1016315687755
 3050.00       0.0764262613203
 3100.00       0.0511430800096
 3150.00       0.0257832809364
 3200.00       0.0003480803144
 3250.00      -0.0251613436519
 3300.00      -0.0507438490129
 3350.00      -0.0763983284260
 3400.00      -0.1021237076056
 3450.00      -0.1279189438648
 3500.00      -0.1537830247412
 3550.00      -0.1797149667019
 3600.00      -0.2057138139205
 3650.00      -0.2317786371228
 3700.00      -0.2579085324958
 3750.00      -0.2841026206549
 3800.00      -0.3103600456671
 3850.00      -0.3366799741251
 3900.00      -0.3630615942696
 3950.00      -0.3895041151565
 4000.00      -0.4160067658666
 4050.00      -0.4425687947547
 4100.00      -0.4691894687354
 4150.00      -0.4958680726042
 4200.00      -0.5226039083912
 4250.00      -0.5493962947456
 4300.00      -0.5762445663489
 4350.00      -0.6031480733558
 4400.00      -0.6301061808604
 4450.00      -0.6571182683873
 4500.00      -0.6841837294046
 4550.00      -0.7113019708596
 4600.00      -0.7384724127339
 4650.00      -0.7656944876189
 4700.00      -0.7929676403086
 4750.00      -0.8202913274103
 4800.00      -0.8476650169716
 4850.00      -0.8750881881226
 4900.00      -0.9025603307334
 4950.00      -0.9300809450855
 5000.00      -0.9576495415555
# V= 272.5656000000000
    0.00       1.4075506700997
   50.00       1.4047377707615
  100.00       1.3971476064972
  150.00       1.3871282675121
  200.00       1.3755091355222
  250.00       1.3626955139269
  300.00       1.3489282964298
  350.00       1.3343673209853
  400.00       1.3191264498883
  450.00       1.3032909361695
  500.00       1.2869270134246
  550.00       1.2700876269881
  600.00       1.2528160710829
  650.00       1.2351484088147
  700.00       1.2171151450935
  750.00       1.1987424202377
  800.00       1.1800528845139
  850.00       1.1610663535821
  900.00       1.1418003094344
  950.00       1.1222702898316
 1000.00       1.1024901956341
 1050.00       1.0824725365864
 1100.00       1.0622286302300
 1150.00       1.0417687646121
 1200.00       1.0211023326695
 1250.00       1.0002379441950
 1300.00       0.9791835198750
 1350.00       0.9579463708482
 1400.00       0.9365332664708
 1450.00       0.9149504923931
 1500.00       0.8932039006223
 1550.00       0.8712989529056
 1600.00       0.8492407585125
 1650.00       0.8270341072930
 1700.00       0.8046834987255
 1750.00       0.7821931675468
 1800.00       0.7595671064517
 1850.00       0.7368090862690
 1900.00       0.7139226739558
 1950.00       0.6909112486971
 2000.00       0.6677780163535
 2050.00       0.6445260224636
 2100.00       0.6211581639776
 2150.00       0.5976771998733
 2200.00       0.5740857607839
 2250.00       0.5503863577505
 2300.00       0.5265813901965
 2350.00       0.5026731532086
 2400.00       0.4786638441972
 2450.00       0.4545555690028
 2500.00       0.4303503475027
 2550.00       0.4060501187700
 2600.00       0.3816567458273
 2650.00       0.3571720200348
 2700.00       0.3325976651474
 2750.00       0.3079353410709
 2800.00       0.2831866473452
 2850.00       0.2583531263786
 2900.00       0.2334362664548
 2950.00       0.2084375045333
 3000.00       0.1833582288589
 3050.00       0.1581997813981
 3100.00       0.1329634601149
 3150.00       0.1076505211006
 3200.00       0.0822621805674
 3250.00       0.0567996167185
 3300.00       0.0312639715022
 3350.00       0.0056563522600
 3400.00      -0.0200221667238
 3450.00      -0.0457705427633
 3500.00      -0.0715877633973
 3550.00      -0.0974728450935
 3600.00      -0.1234248320265
 3650.00      -0.1494427949232
 3700.00      -0.1755258299712
 3750.00      -0.2016730577867
 3800.00      -0.2278836224375
 3850.00      -0.2541566905169
 3900.00      -0.2804914502661
 3950.00      -0.3068871107420
 4000.00      -0.3333429010257
 4050.00      -0.3598580694727
 4100.00      -0.3864318829980
 4150.00      -0.4130636263977
 4200.00      -0.4397526017024
 4250.00      -0.4664981275616
 4300.00      -0.4932995386574
 4350.00      -0.5201561851449
 4400.00      -0.5470674321186
 4450.00      -0.5740326591035
 4500.00      -0.6010512595679
 4550.00      -0.6281226404596
 4600.00      -0.6552462217606
 4650.00      -0.6824214360624
 4700.00      -0.7096477281595
 4750.00      -0.7369245546594
 4800.00      -0.7642513836100
 4850.00      -0.7916276941417
 4900.00      -0.8190529761249
 4950.00      -0.8465267298411
 5000.00      -0.8740484656674
